/*--------------------------------*- C++ -*----------------------------------*\
  =========                 |
  \\      /  F ield         | OpenFOAM: The Open Source CFD Toolbox
   \\    /   O peration     | Website:  https://openfoam.org
    \\  /    A nd           | Version:  14
     \\/     M anipulation  |
\*---------------------------------------------------------------------------*/
FoamFile
{
    format      ascii;
    class       faceList;
    location    "constant/polyMesh";
    object      faces;
}
// * * * * * * * * * * * * * * * * * * * * * * * * * * * * * * * * * * * * * //


857
(
4(12 33 91 72)
4(13 73 90 34)
4(34 90 91 33)
4(14 74 87 37)
4(13 36 88 73)
4(36 37 87 88)
4(15 75 86 38)
4(38 86 87 37)
4(16 76 83 41)
4(15 40 84 75)
4(40 41 83 84)
4(17 77 82 42)
4(42 82 83 41)
4(18 78 79 45)
4(17 44 80 77)
4(44 45 79 80)
4(3 9 6 0)
4(33 91 9 3)
4(4 1 7 8)
4(45 4 8 79)
4(19 46 111 92)
4(20 93 110 47)
4(47 110 111 46)
4(21 94 107 50)
4(20 49 108 93)
4(49 50 107 108)
4(22 95 106 51)
4(51 106 107 50)
4(23 96 103 54)
4(22 53 104 95)
4(53 54 103 104)
4(24 97 102 55)
4(55 102 103 54)
4(25 98 99 58)
4(24 57 100 97)
4(57 58 99 100)
4(46 111 8 4)
4(5 2 10 11)
4(58 5 11 99)
4(26 59 131 112)
4(27 113 130 60)
4(60 130 131 59)
4(28 114 127 63)
4(27 62 128 113)
4(62 63 127 128)
4(29 115 126 64)
4(64 126 127 63)
4(30 116 123 67)
4(29 66 124 115)
4(66 67 123 124)
4(31 117 122 68)
4(68 122 123 67)
4(32 118 119 71)
4(31 70 120 117)
4(70 71 119 120)
4(71 3 9 119)
4(59 131 11 5)
4(39 15 75 85)
4(38 39 85 86)
4(40 84 85 39)
4(35 13 73 89)
4(34 35 89 90)
4(36 88 89 35)
4(17 43 81 77)
4(44 80 81 43)
4(42 43 81 82)
4(52 22 95 105)
4(51 52 105 106)
4(53 104 105 52)
4(48 20 93 109)
4(47 48 109 110)
4(49 108 109 48)
4(24 56 101 97)
4(57 100 101 56)
4(55 56 101 102)
4(65 29 115 125)
4(64 65 125 126)
4(66 124 125 65)
4(61 27 113 129)
4(60 61 129 130)
4(62 128 129 61)
4(31 69 121 117)
4(70 120 121 69)
4(68 69 121 122)
4(45 46 111 79)
4(59 131 99 58)
4(71 33 91 119)
4(206 208 286 284)
4(187 265 286 208)
4(187 206 284 265)
4(184 133 211 262)
4(184 262 271 193)
4(133 193 271 211)
4(167 183 261 245)
4(160 238 261 183)
4(160 167 245 238)
4(167 182 260 245)
4(182 183 261 260)
4(162 240 261 183)
4(162 160 238 240)
4(167 185 263 245)
4(182 260 263 185)
4(183 261 262 184)
4(183 133 211 261)
4(136 168 246 214)
4(136 214 248 170)
4(168 170 248 246)
4(168 246 263 185)
4(136 185 263 214)
4(188 198 276 266)
4(179 188 266 257)
4(179 257 276 198)
4(136 214 252 174)
4(170 174 252 248)
4(56 101 252 174)
4(55 174 252 102)
4(167 168 246 245)
4(184 208 286 262)
4(206 184 262 284)
4(165 243 282 204)
4(201 204 282 279)
4(165 201 279 243)
4(137 198 276 215)
4(188 137 215 266)
4(171 249 277 199)
4(142 199 277 220)
4(171 142 220 249)
4(189 196 274 267)
4(144 189 267 222)
4(144 222 274 196)
4(205 209 287 283)
4(169 205 283 247)
4(169 247 287 209)
4(162 240 262 184)
4(145 56 101 223)
4(145 223 252 174)
4(197 145 223 275)
4(197 275 277 199)
4(145 199 277 223)
4(55 136 214 102)
4(173 251 281 203)
4(202 203 281 280)
4(173 202 280 251)
4(141 196 274 219)
4(189 141 219 267)
4(54 103 263 185)
4(53 185 263 104)
4(47 110 268 190)
4(47 147 225 110)
4(147 190 268 225)
4(59 146 224 131)
4(60 130 224 146)
4(48 109 268 190)
4(46 147 225 111)
4(170 171 249 248)
4(170 248 277 199)
4(136 54 103 214)
4(58 146 224 99)
4(45 147 225 79)
4(186 264 265 187)
4(186 155 233 264)
4(155 187 265 233)
4(164 203 281 242)
4(156 164 242 234)
4(156 234 281 203)
4(164 173 251 242)
4(33 148 226 91)
4(34 90 226 148)
4(178 186 264 256)
4(178 256 265 187)
4(71 148 226 119)
4(140 218 227 149)
4(41 149 227 83)
4(140 41 83 218)
4(172 132 210 250)
4(172 250 251 173)
4(132 173 251 210)
4(53 182 260 104)
4(66 132 210 124)
4(66 124 250 172)
4(65 132 210 125)
4(179 190 268 257)
4(143 179 257 221)
4(143 221 268 190)
4(178 188 266 256)
4(179 178 256 257)
4(39 134 212 85)
4(40 84 212 134)
4(176 166 244 254)
4(166 202 280 244)
4(176 254 280 202)
4(140 186 264 218)
4(178 140 218 256)
4(190 268 276 198)
4(149 186 264 227)
4(150 228 264 186)
4(150 155 233 228)
4(149 150 228 227)
4(65 175 253 125)
4(132 210 253 175)
4(188 187 265 266)
4(188 266 286 208)
4(164 242 282 204)
4(164 165 243 242)
4(173 251 282 204)
4(39 180 258 85)
4(134 212 258 180)
4(201 135 213 279)
4(135 204 282 213)
4(177 140 218 255)
4(177 255 256 178)
4(67 172 250 123)
4(135 67 123 213)
4(135 213 250 172)
4(64 175 253 126)
4(134 150 228 212)
4(149 134 212 227)
4(138 175 253 216)
4(64 138 216 126)
4(144 222 259 181)
4(144 69 121 222)
4(69 181 259 121)
4(143 147 225 221)
4(44 143 221 80)
4(44 80 225 147)
4(38 180 258 86)
4(42 140 218 82)
4(42 82 255 177)
4(139 180 258 217)
4(38 139 217 86)
4(177 179 257 255)
4(143 177 255 221)
4(57 100 224 146)
4(57 145 223 100)
4(145 146 224 223)
4(176 205 283 254)
4(166 244 283 205)
4(70 144 222 120)
4(144 148 226 222)
4(70 120 226 148)
4(193 208 286 271)
4(40 149 227 84)
4(151 195 273 229)
4(153 231 273 195)
4(153 151 229 231)
4(181 189 267 259)
4(151 180 258 229)
4(180 195 273 258)
4(166 203 281 244)
4(143 43 81 221)
4(43 177 255 81)
4(134 151 229 212)
4(150 228 229 151)
4(68 135 213 122)
4(68 122 259 181)
4(135 181 259 213)
4(175 253 254 176)
4(138 176 254 216)
4(139 195 273 217)
4(148 226 274 196)
4(146 224 275 197)
4(170 169 247 248)
4(169 171 249 247)
4(142 197 275 220)
4(152 230 269 191)
4(154 191 269 232)
4(152 154 232 230)
4(155 152 230 233)
4(155 233 269 191)
4(154 232 235 157)
4(154 156 234 232)
4(156 157 235 234)
4(163 194 272 241)
4(165 163 241 243)
4(165 243 272 194)
4(150 228 230 152)
4(151 152 230 229)
4(154 232 236 158)
4(157 158 236 235)
4(52 182 260 105)
4(154 153 231 232)
4(153 156 234 231)
4(163 153 231 241)
4(163 241 273 195)
4(159 157 235 237)
4(159 237 244 166)
4(157 166 244 235)
4(158 236 240 162)
4(158 160 238 236)
4(158 191 269 236)
4(162 191 269 240)
4(194 195 273 272)
4(139 194 272 217)
4(152 153 231 230)
4(61 142 220 129)
4(62 128 220 142)
4(158 236 237 159)
4(159 160 238 237)
4(156 234 241 163)
4(168 246 247 169)
4(168 161 239 246)
4(161 169 247 239)
4(51 133 211 106)
4(52 105 211 133)
4(51 106 271 193)
4(50 193 271 107)
4(164 163 241 242)
4(36 88 219 141)
4(35 141 219 89)
4(37 139 217 87)
4(36 192 270 88)
4(37 87 270 192)
4(63 138 216 127)
4(50 107 215 137)
4(49 137 215 108)
4(160 238 239 161)
4(159 161 239 237)
4(165 200 278 243)
4(200 201 279 278)
4(139 192 270 217)
4(192 194 272 270)
4(137 193 271 215)
4(141 192 270 219)
4(161 167 245 239)
4(182 133 211 260)
4(60 130 275 197)
4(174 199 277 252)
4(176 209 287 254)
4(34 90 274 196)
4(61 129 275 197)
4(35 89 274 196)
4(48 109 276 198)
4(172 250 282 204)
4(49 108 276 198)
4(155 206 284 233)
4(142 220 285 207)
4(171 207 285 249)
4(132 202 280 210)
4(175 253 280 202)
4(181 259 279 201)
4(162 240 284 206)
4(138 207 285 216)
4(207 209 287 285)
4(138 216 287 209)
4(189 200 278 267)
4(141 219 278 200)
4(194 200 278 272)
4(189 201 279 267)
4(157 235 281 203)
4(192 270 278 200)
4(191 269 284 206)
4(159 237 283 205)
4(161 205 283 239)
4(63 207 285 127)
4(62 128 285 207)
4(137 215 286 208)
4(171 209 287 249)
4(13 12 72 73)
4(13 73 74 14)
4(15 14 74 75)
4(15 75 76 16)
4(17 16 76 77)
4(17 77 78 18)
4(12 0 6 72)
4(18 78 7 1)
4(20 19 92 93)
4(20 93 94 21)
4(22 21 94 95)
4(22 95 96 23)
4(24 23 96 97)
4(24 97 98 25)
4(19 1 7 92)
4(25 98 10 2)
4(27 26 112 113)
4(27 113 114 28)
4(29 28 114 115)
4(29 115 116 30)
4(31 30 116 117)
4(31 117 118 32)
4(32 118 6 0)
4(26 2 10 112)
4(13 34 33 12)
4(13 14 37 36)
4(15 38 37 14)
4(15 16 41 40)
4(17 42 41 16)
4(17 18 45 44)
4(33 3 0 12)
4(45 18 1 4)
4(20 47 46 19)
4(20 21 50 49)
4(22 51 50 21)
4(22 23 54 53)
4(24 55 54 23)
4(24 25 58 57)
4(46 4 1 19)
4(58 25 2 5)
4(27 60 59 26)
4(27 28 63 62)
4(29 64 63 28)
4(29 30 67 66)
4(31 68 67 30)
4(31 32 71 70)
4(71 32 0 3)
4(59 5 2 26)
3(38 15 39)
3(40 39 15)
3(34 13 35)
3(36 35 13)
3(44 43 17)
3(42 17 43)
3(51 22 52)
3(53 52 22)
3(47 20 48)
3(49 48 20)
3(57 56 24)
3(55 24 56)
3(64 29 65)
3(66 65 29)
3(60 27 61)
3(62 61 27)
3(70 69 31)
3(68 31 69)
3(4 46 45)
3(59 58 5)
3(71 3 33)
3(187 208 206)
3(184 193 133)
3(160 183 167)
3(167 183 182)
3(162 183 160)
3(182 185 167)
3(183 184 133)
3(136 170 168)
3(168 185 136)
3(179 198 188)
3(136 174 170)
3(56 174 55)
3(167 185 168)
3(206 208 184)
3(165 204 201)
3(188 198 137)
3(171 199 142)
3(144 196 189)
3(169 209 205)
3(162 184 183)
3(145 174 56)
3(197 199 145)
3(55 174 136)
3(173 203 202)
3(189 196 141)
3(54 185 53)
3(47 190 147)
3(60 146 59)
3(48 190 47)
3(47 147 46)
3(170 199 171)
3(136 185 54)
3(59 146 58)
3(46 147 45)
3(186 187 155)
3(156 203 164)
3(164 203 173)
3(34 148 33)
3(178 187 186)
3(33 148 71)
3(140 149 41)
3(172 173 132)
3(53 185 182)
3(66 172 132)
3(66 132 65)
3(143 190 179)
3(179 188 178)
3(40 134 39)
3(176 202 166)
3(178 186 140)
3(190 198 179)
3(140 186 149)
3(150 186 155)
3(149 186 150)
3(132 175 65)
3(188 208 187)
3(164 204 165)
3(173 204 164)
3(134 180 39)
3(201 204 135)
3(177 178 140)
3(135 172 67)
3(65 175 64)
3(149 150 134)
3(64 175 138)
3(144 181 69)
3(44 147 143)
3(39 180 38)
3(42 177 140)
3(67 172 66)
3(38 180 139)
3(143 179 177)
3(147 190 143)
3(57 146 145)
3(166 205 176)
3(178 188 187)
3(70 148 144)
3(184 208 193)
3(41 149 40)
3(153 195 151)
3(144 189 181)
3(177 179 178)
3(151 195 180)
3(202 203 166)
3(143 177 43)
3(44 143 43)
3(58 146 57)
3(150 151 134)
3(151 180 134)
3(68 181 135)
3(175 176 138)
3(40 149 134)
3(180 195 139)
3(45 147 44)
3(70 144 69)
3(57 145 56)
3(148 196 144)
3(68 135 67)
3(71 148 70)
3(55 136 54)
3(69 181 68)
3(146 197 145)
3(170 171 169)
3(42 140 41)
3(142 199 197)
3(43 177 42)
3(152 191 154)
3(155 191 152)
3(154 157 156)
3(165 194 163)
3(150 152 151)
3(154 158 157)
3(53 182 52)
3(154 156 153)
3(163 195 153)
3(159 166 157)
3(158 162 160)
3(150 155 152)
3(154 191 158)
3(158 191 162)
3(139 195 194)
3(152 154 153)
3(62 142 61)
3(158 159 157)
3(158 160 159)
3(156 163 153)
3(168 169 161)
3(168 170 169)
3(52 133 51)
3(51 193 50)
3(194 195 163)
3(152 153 151)
3(164 165 163)
3(156 164 163)
3(36 141 35)
3(38 139 37)
3(37 192 36)
3(64 138 63)
3(50 137 49)
3(160 161 159)
3(165 201 200)
3(133 193 51)
3(139 194 192)
3(50 193 137)
3(36 192 141)
3(139 192 37)
3(160 167 161)
3(182 183 133)
3(167 168 161)
3(60 197 146)
3(52 182 133)
3(145 199 174)
3(205 209 176)
3(34 196 148)
3(61 197 60)
3(35 196 34)
3(48 198 190)
3(172 204 173)
3(49 198 48)
3(187 206 155)
3(142 207 171)
3(173 202 132)
3(175 202 176)
3(142 197 61)
3(141 196 35)
3(181 201 135)
3(162 206 184)
3(138 209 207)
3(141 200 189)
3(165 200 194)
3(174 199 170)
3(200 201 189)
3(137 198 49)
3(157 203 156)
3(192 200 141)
3(191 206 162)
3(159 205 166)
3(169 205 161)
3(138 207 63)
3(62 207 142)
3(194 200 192)
3(137 208 188)
3(132 202 175)
3(189 201 181)
3(193 208 137)
3(135 204 172)
3(166 203 157)
3(207 209 171)
3(155 206 191)
3(171 209 169)
3(161 205 159)
3(63 207 62)
3(176 209 138)
4(73 72 91 90)
4(73 88 87 74)
4(75 74 87 86)
4(75 84 83 76)
4(77 76 83 82)
4(77 80 79 78)
4(91 72 6 9)
4(79 8 7 78)
4(93 92 111 110)
4(93 108 107 94)
4(95 94 107 106)
4(95 104 103 96)
4(97 96 103 102)
4(97 100 99 98)
4(111 92 7 8)
4(99 11 10 98)
4(113 112 131 130)
4(113 128 127 114)
4(115 114 127 126)
4(115 124 123 116)
4(117 116 123 122)
4(117 120 119 118)
4(119 9 6 118)
4(131 112 10 11)
3(86 85 75)
3(84 75 85)
3(90 89 73)
3(88 73 89)
3(80 77 81)
3(82 81 77)
3(106 105 95)
3(104 95 105)
3(110 109 93)
3(108 93 109)
3(100 97 101)
3(102 101 97)
3(126 125 115)
3(124 115 125)
3(130 129 113)
3(128 113 129)
3(120 117 121)
3(122 121 117)
3(8 79 111)
3(131 11 99)
3(119 91 9)
3(265 284 286)
3(262 211 271)
3(238 245 261)
3(245 260 261)
3(240 238 261)
3(260 245 263)
3(261 211 262)
3(214 246 248)
3(246 214 263)
3(257 266 276)
3(214 248 252)
3(101 102 252)
3(245 246 263)
3(284 262 286)
3(243 279 282)
3(266 215 276)
3(249 220 277)
3(222 267 274)
3(247 283 287)
3(240 261 262)
3(223 101 252)
3(275 223 277)
3(102 214 252)
3(251 280 281)
3(267 219 274)
3(103 104 263)
3(110 225 268)
3(130 131 224)
3(109 110 268)
3(110 111 225)
3(248 249 277)
3(214 103 263)
3(131 99 224)
3(111 79 225)
3(264 233 265)
3(234 242 281)
3(242 251 281)
3(90 91 226)
3(256 264 265)
3(91 119 226)
3(218 83 227)
3(250 210 251)
3(104 260 263)
3(124 210 250)
3(124 125 210)
3(221 257 268)
3(257 256 266)
3(84 85 212)
3(254 244 280)
3(256 218 264)
3(268 257 276)
3(218 227 264)
3(228 233 264)
3(227 228 264)
3(210 125 253)
3(266 265 286)
3(242 243 282)
3(251 242 282)
3(212 85 258)
3(279 213 282)
3(255 218 256)
3(213 123 250)
3(125 126 253)
3(227 212 228)
3(126 216 253)
3(222 121 259)
3(80 221 225)
3(85 86 258)
3(82 218 255)
3(123 124 250)
3(86 217 258)
3(221 255 257)
3(225 221 268)
3(100 223 224)
3(244 254 283)
3(256 265 266)
3(120 222 226)
3(262 271 286)
3(83 84 227)
3(231 229 273)
3(222 259 267)
3(255 256 257)
3(229 258 273)
3(280 244 281)
3(221 81 255)
3(80 81 221)
3(99 100 224)
3(228 212 229)
3(229 212 258)
3(122 213 259)
3(253 216 254)
3(84 212 227)
3(258 217 273)
3(79 80 225)
3(120 121 222)
3(100 101 223)
3(226 222 274)
3(122 123 213)
3(119 120 226)
3(102 103 214)
3(121 122 259)
3(224 223 275)
3(248 247 249)
3(82 83 218)
3(220 275 277)
3(81 82 255)
3(230 232 269)
3(233 230 269)
3(232 234 235)
3(243 241 272)
3(228 229 230)
3(232 235 236)
3(104 105 260)
3(232 231 234)
3(241 231 273)
3(237 235 244)
3(236 238 240)
3(228 230 233)
3(232 236 269)
3(236 240 269)
3(217 272 273)
3(230 231 232)
3(128 129 220)
3(236 235 237)
3(236 237 238)
3(234 231 241)
3(246 239 247)
3(246 247 248)
3(105 106 211)
3(106 107 271)
3(272 241 273)
3(230 229 231)
3(242 241 243)
3(234 241 242)
3(88 89 219)
3(86 87 217)
3(87 88 270)
3(126 127 216)
3(107 108 215)
3(238 237 239)
3(243 278 279)
3(211 106 271)
3(217 270 272)
3(107 215 271)
3(88 219 270)
3(217 87 270)
3(238 239 245)
3(260 211 261)
3(245 239 246)
3(130 224 275)
3(105 211 260)
3(223 252 277)
3(283 254 287)
3(90 226 274)
3(129 130 275)
3(89 90 274)
3(109 268 276)
3(250 251 282)
3(108 109 276)
3(265 233 284)
3(220 249 285)
3(251 210 280)
3(253 254 280)
3(220 129 275)
3(219 89 274)
3(259 213 279)
3(240 262 284)
3(216 285 287)
3(219 267 278)
3(243 272 278)
3(252 248 277)
3(278 267 279)
3(215 108 276)
3(235 234 281)
3(270 219 278)
3(269 240 284)
3(237 244 283)
3(247 239 283)
3(216 127 285)
3(128 220 285)
3(272 270 278)
3(215 266 286)
3(210 253 280)
3(267 259 279)
3(271 215 286)
3(213 250 282)
3(244 235 281)
3(285 249 287)
3(233 269 284)
3(249 247 287)
3(239 237 283)
3(127 128 285)
3(254 216 287)
)


// ************************************************************************* //
