/*--------------------------------*- C++ -*----------------------------------*\
  =========                 |
  \\      /  F ield         | OpenFOAM: The Open Source CFD Toolbox
   \\    /   O peration     | Website:  https://openfoam.org
    \\  /    A nd           | Version:  14
     \\/     M anipulation  |
\*---------------------------------------------------------------------------*/
FoamFile
{
    format      ascii;
    class       vectorField;
    location    "constant/polyMesh";
    object      points;
}
// * * * * * * * * * * * * * * * * * * * * * * * * * * * * * * * * * * * * * //


288
(
(-1.73205080756888 0 0)
(1.73205080756888 0 0)
(0 -3 0)
(-1.55884572681199 -0.1 0)
(1.55884572681199 -0.1 0)
(0 -2.8 0)
(-1.73205080756888 0 0.1)
(1.73205080756888 0 0.1)
(1.55884572681199 -0.1 0.1)
(-1.55884572681199 -0.1 0.1)
(0 -3 0.1)
(0 -2.8 0.1)
(-1.29903810567732 0 0)
(-0.866025403786543 0 0)
(-0.433012701895549 0 0)
(-4.596767411158e-12 0 0)
(0.433012701888826 0 0)
(0.866025403782205 0 0)
(1.29903810567559 0 0)
(1.51554445662358 -0.3749999999986 0)
(1.29903810567833 -0.749999999997108 0)
(1.08253175473293 -1.12499999999588 0)
(0.866025403787512 -1.49999999999468 0)
(0.649519052840641 -1.874999999996 0)
(0.433012701893757 -2.24999999999734 0)
(0.216506350946873 -2.62499999999868 0)
(-0.216506350945221 -2.62500000000154 0)
(-0.433012701890834 -2.2500000000024 0)
(-0.649519052836834 -1.87500000000259 0)
(-0.866025403782059 -1.50000000000412 0)
(-1.08253175472876 -1.1250000000031 0)
(-1.29903810567547 -0.750000000002063 0)
(-1.51554445662218 -0.375000000001022 0)
(-1.33615348012501 -0.1 0)
(-1.11346123343808 -0.1 0)
(-0.890768986751264 -0.1 0)
(-0.668076740064456 -0.1 0)
(-0.445384493377692 -0.1 0)
(-0.222692246690884 -0.1 0)
(-4.03366229306812e-12 -0.1 0)
(0.22269224668392 -0.1 0)
(0.445384493372023 -0.1 0)
(0.668076740059889 -0.1 0)
(0.890768986747763 -0.1 0)
(1.11346123343566 -0.1 0)
(1.33615348012369 -0.1 0)
(1.44749960346852 -0.292857142856729 0)
(1.33615348012503 -0.485714285713481 0)
(1.22480735678164 -0.678571428570058 0)
(1.11346123343823 -0.871428571426674 0)
(1.00211511009484 -1.06428571428325 0)
(0.890768986751419 -1.25714285713989 0)
(0.779422863407989 -1.44999999999655 0)
(0.668076740063997 -1.64285714285417 0)
(0.556730616719986 -1.83571428571183 0)
(0.445384493375999 -2.02857142856945 0)
(0.334038370032006 -2.22142857142707 0)
(0.222692246688053 -2.41428571428463 0)
(0.111346123344035 -2.6071428571423 0)
(-0.111346123343389 -2.60714285714342 0)
(-0.222692246686893 -2.41428571428664 0)
(-0.334038370030219 -2.22142857143017 0)
(-0.44538449337368 -2.02857142857346 0)
(-0.556730616717167 -1.83571428571671 0)
(-0.668076740060553 -1.64285714286014 0)
(-0.779422863403957 -1.45000000000353 0)
(-0.890768986747958 -1.25714285714589 0)
(-1.00211511009196 -1.06428571428824 0)
(-1.11346123343597 -0.871428571430593 0)
(-1.22480735677994 -0.678571428573002 0)
(-1.33615348012391 -0.485714285715419 0)
(-1.44749960346794 -0.292857142857724 0)
(-1.29903810567732 0 0.1)
(-0.866025403786543 0 0.1)
(-0.433012701895549 0 0.1)
(-4.596767411158e-12 0 0.1)
(0.433012701888826 0 0.1)
(0.866025403782205 0 0.1)
(1.29903810567559 0 0.1)
(1.33615348012369 -0.1 0.1)
(1.11346123343566 -0.1 0.1)
(0.890768986747763 -0.1 0.1)
(0.668076740059889 -0.1 0.1)
(0.445384493372023 -0.1 0.1)
(0.22269224668392 -0.1 0.1)
(-4.03366229306812e-12 -0.1 0.1)
(-0.222692246690884 -0.1 0.1)
(-0.445384493377692 -0.1 0.1)
(-0.668076740064456 -0.1 0.1)
(-0.890768986751264 -0.1 0.1)
(-1.11346123343808 -0.1 0.1)
(-1.33615348012501 -0.1 0.1)
(1.51554445662358 -0.3749999999986 0.1)
(1.29903810567833 -0.749999999997108 0.1)
(1.08253175473293 -1.12499999999588 0.1)
(0.866025403787512 -1.49999999999468 0.1)
(0.649519052840641 -1.874999999996 0.1)
(0.433012701893757 -2.24999999999734 0.1)
(0.216506350946873 -2.62499999999868 0.1)
(0.111346123344035 -2.6071428571423 0.1)
(0.222692246688053 -2.41428571428463 0.1)
(0.334038370032006 -2.22142857142707 0.1)
(0.445384493375999 -2.02857142856945 0.1)
(0.556730616719986 -1.83571428571183 0.1)
(0.668076740063997 -1.64285714285417 0.1)
(0.779422863407989 -1.44999999999655 0.1)
(0.890768986751419 -1.25714285713989 0.1)
(1.00211511009484 -1.06428571428325 0.1)
(1.11346123343823 -0.871428571426674 0.1)
(1.22480735678164 -0.678571428570058 0.1)
(1.33615348012503 -0.485714285713481 0.1)
(1.44749960346852 -0.292857142856729 0.1)
(-0.216506350945221 -2.62500000000154 0.1)
(-0.433012701890834 -2.2500000000024 0.1)
(-0.649519052836834 -1.87500000000259 0.1)
(-0.866025403782059 -1.50000000000412 0.1)
(-1.08253175472876 -1.1250000000031 0.1)
(-1.29903810567547 -0.750000000002063 0.1)
(-1.51554445662218 -0.375000000001022 0.1)
(-1.44749960346794 -0.292857142857724 0.1)
(-1.33615348012391 -0.485714285715419 0.1)
(-1.22480735677994 -0.678571428573002 0.1)
(-1.11346123343597 -0.871428571430593 0.1)
(-1.00211511009196 -1.06428571428824 0.1)
(-0.890768986747958 -1.25714285714589 0.1)
(-0.779422863403957 -1.45000000000353 0.1)
(-0.668076740060553 -1.64285714286014 0.1)
(-0.556730616717167 -1.83571428571671 0.1)
(-0.44538449337368 -2.02857142857346 0.1)
(-0.334038370030219 -2.22142857143017 0.1)
(-0.222692246686893 -2.41428571428664 0.1)
(-0.111346123343389 -2.60714285714342 0.1)
(-0.668076740060892 -1.2571428571462 0)
(0.668076740063375 -1.25714285713906 0)
(0.111346123339943 -0.292857142857121 0)
(-0.890768986748902 -0.871428571430652 0)
(0.334038370030362 -1.83571428571167 0)
(0.890768986750671 -0.871428571427703 0)
(-0.445384493374667 -1.64285714285999 0)
(-0.334038370034199 -0.292857142856777 0)
(0.556730616715956 -0.292857142857524 0)
(-0.779422863407067 -0.292857142856828 0)
(-0.222692246688328 -2.02857142857225 0)
(1.00211511009179 -0.292857142857261 0)
(-1.11346123343647 -0.485714285715259 0)
(0.111346123343967 -2.22142857142717 0)
(2.91253132722602e-13 -2.41428571428565 0)
(1.22480735678012 -0.292857142856938 0)
(-1.22480735678093 -0.292857142857451 0)
(0.334038370027687 -0.292857142857198 0)
(0.222692246683732 -0.485714285713998 0)
(-3.55454554679113e-12 -0.485714285713841 0)
(0.11134612333993 -0.678571428570713 0)
(-0.111346123347142 -0.67857142857054 0)
(-3.71423262516638e-12 -0.871428571427416 0)
(0.334038370026915 -0.678571428570733 0)
(-0.222692246690337 -0.871428571427466 0)
(-0.11134612334689 -1.06428571428435 0)
(0.111346123339734 -1.0642857142843 0)
(-3.4949890204139e-12 -1.25714285714077 0)
(0.222692246684365 -1.25714285714084 0)
(0.111346123340044 -1.4499999999976 0)
(0.33403837002782 -1.06428571428284 0)
(-0.334038370034083 -0.67857142857038 0)
(-0.445384493376212 -0.871428571429101 0)
(-0.556730616720079 -0.678571428571507 0)
(-0.222692246688887 -1.25714285714295 0)
(0.334038370030114 -1.44999999999718 0)
(0.222692246684969 -1.64285714285442 0)
(-4.28854849884357e-12 -1.64285714285481 0)
(0.111346123341238 -1.8357142857118 0)
(-0.111346123346655 -1.83571428571354 0)
(-0.779422863404887 -1.06428571428872 0)
(-0.55673061671876 -1.06428571428817 0)
(0.222692246687155 -2.02857142856955 0)
(-0.556730616717616 -1.45000000000349 0)
(-0.334038370032108 -1.45000000000143 0)
(0.779422863403834 -0.292857142857402 0)
(0.668076740059461 -0.485714285714689 0)
(0.890768986748104 -0.485714285714513 0)
(-0.111346123347149 -0.292857142857003 0)
(-1.00211511009271 -0.678571428572795 0)
(0.556730616719653 -1.44999999999667 0)
(0.445384493374456 -1.25714285713932 0)
(0.556730616714341 -1.06428571427837 0)
(0.445384493374847 -1.64285714285432 0)
(0.445384493371489 -0.485714285714251 0)
(0.556730616715624 -0.678571428571311 0)
(0.779422863405689 -0.678571428571452 0)
(-0.890768986749227 -0.485714285714928 0)
(1.11346123343692 -0.485714285713882 0)
(0.222692246683137 -0.871428571427201 0)
(-0.556730616721074 -0.292857142856593 0)
(0.77942286340668 -1.06428571428296 0)
(-0.44538449337721 -0.485714285713539 0)
(-0.222692246690556 -0.48571428571368 0)
(-1.00211511009384 -0.292857142857411 0)
(-0.111346123343637 -2.22142857142868 0)
(1.00211511009354 -0.678571428570714 0)
(-9.28908405221984e-13 -2.0285714285704 0)
(-0.6680767400634 -0.485714285713647 0)
(-0.779422863406198 -0.678571428572629 0)
(-0.445384493375048 -1.25714285714458 0)
(-0.334038370032689 -1.0642857142861 0)
(-0.668076740062506 -0.871428571430131 0)
(-0.111346123345924 -1.44999999999782 0)
(0.445384493372211 -0.871428571426652 0)
(-0.334038370031835 -1.83571428571572 0)
(0.668076740062173 -0.871428571427278 0)
(-0.222692246690053 -1.64285714285794 0)
(-0.668076740060892 -1.2571428571462 0.1)
(0.668076740063375 -1.25714285713906 0.1)
(0.111346123339943 -0.292857142857121 0.1)
(-0.890768986748902 -0.871428571430652 0.1)
(0.334038370030362 -1.83571428571167 0.1)
(0.890768986750671 -0.871428571427703 0.1)
(-0.445384493374667 -1.64285714285999 0.1)
(-0.334038370034199 -0.292857142856777 0.1)
(0.556730616715956 -0.292857142857524 0.1)
(-0.779422863407067 -0.292857142856828 0.1)
(-0.222692246688328 -2.02857142857225 0.1)
(1.00211511009179 -0.292857142857261 0.1)
(-1.11346123343647 -0.485714285715259 0.1)
(0.111346123343967 -2.22142857142717 0.1)
(2.91253132722602e-13 -2.41428571428565 0.1)
(1.22480735678012 -0.292857142856938 0.1)
(-1.22480735678093 -0.292857142857451 0.1)
(0.334038370027687 -0.292857142857198 0.1)
(0.222692246683732 -0.485714285713998 0.1)
(-3.55454554679113e-12 -0.485714285713841 0.1)
(0.11134612333993 -0.678571428570713 0.1)
(-0.111346123347142 -0.67857142857054 0.1)
(-3.71423262516638e-12 -0.871428571427416 0.1)
(0.334038370026915 -0.678571428570733 0.1)
(-0.222692246690337 -0.871428571427466 0.1)
(-0.11134612334689 -1.06428571428435 0.1)
(0.111346123339734 -1.0642857142843 0.1)
(-3.4949890204139e-12 -1.25714285714077 0.1)
(0.222692246684365 -1.25714285714084 0.1)
(0.111346123340044 -1.4499999999976 0.1)
(0.33403837002782 -1.06428571428284 0.1)
(-0.334038370034083 -0.67857142857038 0.1)
(-0.445384493376212 -0.871428571429101 0.1)
(-0.556730616720079 -0.678571428571507 0.1)
(-0.222692246688887 -1.25714285714295 0.1)
(0.334038370030114 -1.44999999999718 0.1)
(0.222692246684969 -1.64285714285442 0.1)
(-4.28854849884357e-12 -1.64285714285481 0.1)
(0.111346123341238 -1.8357142857118 0.1)
(-0.111346123346655 -1.83571428571354 0.1)
(-0.779422863404887 -1.06428571428872 0.1)
(-0.55673061671876 -1.06428571428817 0.1)
(0.222692246687155 -2.02857142856955 0.1)
(-0.556730616717616 -1.45000000000349 0.1)
(-0.334038370032108 -1.45000000000143 0.1)
(0.779422863403834 -0.292857142857402 0.1)
(0.668076740059461 -0.485714285714689 0.1)
(0.890768986748104 -0.485714285714513 0.1)
(-0.111346123347149 -0.292857142857003 0.1)
(-1.00211511009271 -0.678571428572795 0.1)
(0.556730616719653 -1.44999999999667 0.1)
(0.445384493374456 -1.25714285713932 0.1)
(0.556730616714341 -1.06428571427837 0.1)
(0.445384493374847 -1.64285714285432 0.1)
(0.445384493371489 -0.485714285714251 0.1)
(0.556730616715624 -0.678571428571311 0.1)
(0.779422863405689 -0.678571428571452 0.1)
(-0.890768986749227 -0.485714285714928 0.1)
(1.11346123343692 -0.485714285713882 0.1)
(0.222692246683137 -0.871428571427201 0.1)
(-0.556730616721074 -0.292857142856593 0.1)
(0.77942286340668 -1.06428571428296 0.1)
(-0.44538449337721 -0.485714285713539 0.1)
(-0.222692246690556 -0.48571428571368 0.1)
(-1.00211511009384 -0.292857142857411 0.1)
(-0.111346123343637 -2.22142857142868 0.1)
(1.00211511009354 -0.678571428570714 0.1)
(-9.28908405221984e-13 -2.0285714285704 0.1)
(-0.6680767400634 -0.485714285713647 0.1)
(-0.779422863406198 -0.678571428572629 0.1)
(-0.445384493375048 -1.25714285714458 0.1)
(-0.334038370032689 -1.0642857142861 0.1)
(-0.668076740062506 -0.871428571430131 0.1)
(-0.111346123345924 -1.44999999999782 0.1)
(0.445384493372211 -0.871428571426652 0.1)
(-0.334038370031835 -1.83571428571572 0.1)
(0.668076740062173 -0.871428571427278 0.1)
(-0.222692246690053 -1.64285714285794 0.1)
)


// ************************************************************************* //
