/*--------------------------------*- C++ -*----------------------------------*\
  =========                 |
  \\      /  F ield         | OpenFOAM: The Open Source CFD Toolbox
   \\    /   O peration     | Website:  https://openfoam.org
    \\  /    A nd           | Version:  14
     \\/     M anipulation  |
\*---------------------------------------------------------------------------*/
FoamFile
{
    format      ascii;
    class       volScalarField;
    location    "65.999999999951";
    object      p;
}
// * * * * * * * * * * * * * * * * * * * * * * * * * * * * * * * * * * * * * //

dimensions      [0 2 -2 0 0 0 0];

internalField   nonuniform List<scalar> 
2646
(
-7.72143909814e-11
0.000173934734653
0.000359176290921
0.000631213664489
-0.000118539594467
0.0161770059321
0.000932738560042
-0.0127526785392
-0.00732076131991
-0.0211525129056
-0.00312241081082
-0.0103867265071
-0.0298256889333
-0.0169479881861
-0.0198985042682
0.00759137855719
-0.000599573396045
-0.000206489486338
-0.00644191121789
-0.00304929773341
-0.0025929226891
-0.00114240796234
-0.00217352114208
-0.00434430679114
0.00977603866831
0.00336465222252
-0.00925497948604
-0.00823697298279
-0.0160249046859
-0.00463517045484
-0.00241707305721
-0.000580593422627
0.000491188758139
0.00708258846317
0.010826137442
0.00106338883564
-0.0103568879467
-0.0192349027881
-0.0333468319975
0.00104126750636
0.0143278002402
0.0086997536627
0.00711899570231
0.00675276751128
0.00751069131657
0.00725592925552
0.00776918090311
-0.00553920098525
0.00346033618861
-0.00191466517856
-0.0136706912811
-0.01957704133
-0.0215273296329
-0.0208151506889
-1.79917401634e-05
0.00161636755502
-0.0113594445009
-0.0302187342686
-0.0300961476631
-0.0255404829893
-0.0157728301929
-0.00461387417046
-0.0318869478749
0.00127102783968
-0.0205789918465
0.00235505035461
-0.00699629266719
0.00161871338385
-0.00424558691974
-0.00241893251098
-0.0116435864875
-0.000139144351362
-0.00349650931659
0.00173247894174
-0.00547124077081
-0.0250729074425
0.000452733820268
0.00128452641837
0.00452858426701
-0.00405723896919
0.00115361390152
-0.003292160692
-0.020419354187
-0.0210751227621
-0.00731403511804
-0.00769705466496
-0.00290126670817
0.00843979021404
-0.033576860653
-0.0262256298672
-0.0591515820349
-0.000697743755138
-0.0558667889248
-0.0543188672828
-0.0589660415084
-0.0388107502736
-0.0263974002391
-0.0574183524593
-0.00114888828718
-0.0450244534887
-0.00277416963886
-0.041376255168
0.00293398558498
-0.0413286749171
-0.0681266871815
-0.0402345846834
0.0135695348228
-0.0512302053339
-0.0102993114908
-0.0407324036177
-0.0248106423392
-0.00362893354351
0.00694577013076
0.00737118658519
0.0141912300468
0.00824479864566
-0.0193421802877
-0.0514821552074
-0.0603227161268
-0.0364841549945
-0.00718123878943
-0.0341131777679
-0.0157924088089
-0.00346472515117
-0.017188064173
-0.00102191363233
7.42962022765e-05
0.0253108043503
-0.033275168342
0.00354658752887
-0.0530452597543
-0.0365439457163
-0.0563909627057
-0.063154975073
-0.0284245851566
0.00484719846757
0.000250219367501
-0.0497806070063
-0.0408326032179
-0.0479685518871
-0.0585456224863
-0.0436821066331
-0.0237928987559
-0.0570390154364
-0.00367930225129
-0.0488337250876
0.00702424619516
-0.060435314881
0.0175074549481
-0.0476280804676
-0.0232096239908
-0.0658254240094
-0.00689164384597
-0.0207209390903
-0.0111164171026
-0.00018993964813
-0.0357763903708
0.00095443825419
-0.0136660290785
0.0154539400171
0.0543937752571
0.00712573594252
-0.019602300378
-0.0677618737245
-0.0507427358393
-0.0375145949701
-0.0271563861752
0.227610005765
0.0612865539102
0.0677011479252
0.0526789856637
0.0557211483459
-0.0224721765702
-0.0269944139968
-0.000343190896181
-0.00197875891493
-0.00837857219895
-0.0138970395622
0.00045918071884
-0.000267507351827
-0.0179572315848
-0.000130506646842
-0.013891780244
-0.00821219955942
0.00516864237223
0.000408745861856
0.0102877021213
0.0076531053614
-0.0312513458722
-0.0211386362786
-0.00223087884226
-0.000741610613027
-0.0174343020639
-0.0175796433417
0.000110489977404
0.000783140025165
-0.00193560464229
-0.0103917431411
-0.00946025459442
-0.0207960477002
-0.00814926709896
0.00343198189243
0.00431985393892
0.00468817317194
-0.0323239167864
-0.00975908816655
-0.000410758014408
-0.0615234834916
-0.000154665700302
0.00336172925246
0.00726114202158
-0.0676289273591
-0.0436933843629
-0.0617652529562
-0.0653610408443
-0.0290959374629
-0.000258558925181
-0.00201838625151
-0.00650989699107
-0.0538843804984
-0.0581455782911
-0.0383537150571
-0.0251345385786
-0.0402626763552
-0.0343059612806
-0.0107940852836
-0.0066888928103
-0.0160408284511
-0.00404706689436
-0.0402168653057
-0.0320290947833
-0.019920970794
-0.0687423792963
-0.0388490420779
-0.00165311752198
-0.0102565495102
-0.0434856567913
-0.0168299066779
-0.0112769147502
-0.0699237183384
-0.0078778778253
-0.0606345202796
-0.0695405120389
-0.00434827731677
-0.0028612277277
-0.0520278614597
-0.0497376176057
-0.0225230228014
-0.0239812526859
-0.0608650496718
-0.0608908114888
-0.0547773446659
-0.0753121857382
-0.0691809293886
-0.052276964907
-0.0521376537556
-0.0436163512711
-0.042211645898
-0.0682177354784
-0.0140040747916
-0.0132406852819
0.000515666676443
-0.0733532064038
-0.0722455953815
-0.0563422814955
-0.0481727598618
-0.0501587887711
-0.068680246506
-0.0536687074341
-0.0742122940707
-0.0674951150787
-0.0591562389967
-0.0272366676203
0.000806997367453
-0.00871446521167
-0.0445209808522
-0.0660667823686
-0.0633163994496
-0.0258195750985
-0.00210191222309
-0.0371435278927
-0.0609705006281
-0.0339114963083
-0.0660019293975
-0.0391331761557
-0.0203287248205
-0.0159812511997
-0.0135332214101
-0.0110146246936
-0.0293971959032
-0.0620865475199
-0.0392402564072
-0.0428006654322
-0.0180470382985
-0.0418455699454
-0.0124838115279
-0.032828783629
-0.0490768171605
-0.015051038262
-0.065698264937
-0.032687140722
0.000138502719663
0.00675163121174
-0.00513400803587
-0.0011307738733
-0.0341540195803
-0.0350554484967
0.00151631727306
-0.000359724936438
-0.00485035361422
-0.0385868703437
-0.0110580569661
-0.0266450881319
-0.0656993336093
-0.0371798017082
-0.0350802553395
-0.0180139534225
-0.0347650311126
-0.0167347441646
-0.0338518858463
-0.0160748304908
-0.0171714250832
-0.0490043752094
-0.0412941273936
-0.0256867673895
-0.00104490182594
-0.00249130161621
0.00105519365909
-0.0542774276691
-0.0639506156795
-0.0682007928889
-0.0711488203278
-0.0289740666303
-0.0573314395734
-0.00972705110464
-0.0635134948022
-0.00758040606572
-0.0113796838519
-0.00630484373154
-0.0666690118788
-0.0895092173344
-0.0951607750408
-0.0992752547671
-0.0235613398007
-0.0614251386666
-0.101934339695
-0.0319958173705
-0.0603166822638
-0.0970293945534
-0.0104104439443
-0.07672746649
-0.0655496161551
-0.0446771491433
-0.10322241689
-0.048414752355
-0.0956208182882
-0.0940943925816
-0.099520662766
-0.103208734335
-0.100363180073
-0.096129645053
-0.0968548197324
-0.0350162931999
-0.0322005530113
-0.036262585545
-0.0965540002772
-0.0885614697349
-0.0652311876153
-0.0656338602508
-0.0460052921474
-0.0410964343117
-0.0945274832511
-0.037206813141
-0.040531303954
-0.0611404644987
-0.0989240826687
-0.0920047150543
-0.057954030758
-0.0663822199229
-0.0904299260498
-0.0995840821597
-0.0565315371351
-0.0564559290781
-0.0993797682374
-0.0919320586791
-0.0686552553478
-0.0665114671768
-0.100738870523
-0.0379898306881
-0.0617034674112
-0.100291314668
0.00726318640654
-0.101846835085
-0.0409822726226
-0.0647413079953
-0.0280321214804
-0.0784853110761
-0.0414621204408
-0.0906764023471
-0.0876348976313
-0.0990507223495
-0.075744470476
-0.0994707056569
-0.0478386356594
-0.0976374347689
-0.0902776584006
-0.0955367807688
-0.0882908842616
0.00387619808904
-0.103381526134
-0.101571371868
-0.0988670734996
-0.0990755156498
0.00383454611199
-0.0954558559352
-0.0990202249824
-0.0336414326838
-0.0996998847679
-0.0992681417683
-0.0457843736228
-0.036679096244
-0.0584705055254
-0.00511663861448
-0.0400726224502
-0.0976251848516
-0.100615223755
-0.0370087379813
-0.0974630917192
-0.101179567997
-0.0225058387279
-0.0961172781196
-0.0822840234516
-0.0336009976383
-0.0330705381302
-0.0358699737909
-0.0595321602127
-0.0644933339408
-0.097725226578
-0.0949667363968
-0.0357945997501
-0.0391798850442
-0.00645401233619
-0.016408435836
-0.0966651838828
-0.00286458694088
-0.0919236487381
-0.000618717626836
-0.0321919073202
-0.0973848464693
-0.0320586366249
-0.098798403342
-0.0302487037466
-0.090679528481
-0.00205448022179
-0.0911900323409
-0.0958633538087
-0.0922560901468
0.00796263293181
-0.0992637551033
-0.0986788684851
-0.099352168498
-0.0113281083596
-0.0883536659266
-0.0969324062416
-0.100906024071
-0.0910264238338
-0.0937641516171
-0.00171341518953
-0.0952175218754
-0.0650293692016
-0.0994325731934
-0.019376668306
-0.0255747305878
-0.027435006345
-0.0634276213925
-0.0365176116315
-0.0715815840665
-0.08130306328
-0.0911303781625
-0.0773224074825
-0.0362684042328
-0.0635902174041
-0.0632618085193
-0.103596518728
-0.0429935006872
-0.0352599506464
-0.0462079279504
-0.0433854891901
-0.078828505822
-0.0526717168915
-0.0758200476752
-0.0500356950222
-0.0578756652515
-0.0524968424096
-0.0937842459773
-0.0567028188781
-0.0586617943841
-0.057576427407
-0.0479237459741
-0.0607027159286
-0.0220999112982
-0.036782896598
-0.0320505392538
-0.0980373036104
-0.0684921350438
-0.0294398231645
-0.100704256327
-0.0363742580142
-0.0924095789777
-0.0986094259097
-0.0861900165109
0.0108553509696
-0.010116611337
-0.0728156518649
-0.0628112985601
-0.0327530905467
-0.0649652964881
-0.0484435393541
-0.0423695409451
-0.0408405731948
-0.0183491492571
-0.0300065642208
-0.0987108738026
-0.0853845282696
-0.0987060417948
-0.0998625271566
0.00326862562359
-0.0983245092608
-0.0594852398704
-0.0567856883513
-0.0968124933186
-0.0548594749802
-0.0929083734174
-0.00378964245512
-0.0789193409456
-0.0880977235281
-0.0975124034789
-0.0837017220927
-0.0911196062708
-0.0283177318424
-0.0916584613133
-0.00783550266399
-0.00976085582868
-0.10077290126
-0.0898387026214
-0.0995702909896
-0.100495604849
-0.0424339179427
-0.0661291830199
-0.0129270416434
-0.0980792016688
-0.0295213153031
-0.0980024449635
-0.0939353874232
-0.0598521149395
-0.0665727092178
-0.0646865595519
-0.000559414398345
-0.096851831393
-0.096470897394
-0.0560500943875
-0.0927279333334
-0.09734429923
-0.0695721598789
0.00591012430681
-0.0696197733333
-0.0333527642391
-0.10052360767
-0.0856672377828
-0.0609768656967
-0.061130067663
-0.0883344114054
-0.0665875374772
-0.0888752611216
-0.0339300710672
-0.0343792102367
-0.0647067964589
-0.00217771065078
-0.0822671200497
-0.0355965186538
-0.0283036938198
-0.0702903040747
-0.0949961087806
-0.0847747686527
-0.0675683203728
-0.0781627020271
-0.00971214748727
-0.0891776366625
-0.043854275367
-0.00743136343197
-0.0633260708516
-0.0880197481766
-0.0361684600779
-0.0753135645724
-0.0912750522991
-0.00931849243135
0.00262282622777
-0.0138374049769
-0.0104058803207
-0.0228960380287
-0.0364092236594
-0.0133306725485
-0.10276397914
-0.0191224919217
-0.0473934464351
-0.10099376067
-0.00160022652517
-0.0886211631403
-0.0405783256841
-0.0665817874272
-0.0665264796213
-0.00857831062727
-0.0323498816574
-0.0663949412104
-0.0924635194616
-0.0366233388227
-0.0437607458897
-0.0167887766883
-0.00632648600563
-0.0230561202819
-0.036200387239
-0.0345376737443
-0.0786267681722
-0.0439830427532
-0.0323292615095
-0.0606911123371
-0.00327123577676
-0.0535564950473
-0.0165988433396
-0.00779317834672
-0.0398863768112
-0.0192821321123
-0.0272053341828
-0.0424905890858
-0.0591469938537
-0.0923239587363
-0.083989588441
-0.0476150185518
-0.0314977329864
-0.0873396090623
-0.0527034879958
-0.0810483444491
-0.0615904372762
-0.0484596426873
-0.0904561787063
-0.089474259264
-0.00795401906649
-0.0543000944195
-0.0433849106491
-0.0560239140595
-0.00948837985459
-0.0798618576814
-0.0383917712737
-0.0808468240648
-0.066100239646
-0.0314050013322
-0.0993858523536
-0.0895942197073
-0.0898885834171
-0.00189964450785
-0.0379566257036
-0.0599804357263
-0.0896603273123
0.00157421872369
-0.00443239607225
-0.0879758627228
-0.0429425615412
-0.0344256724663
-0.00651179743538
-0.0920357511826
-0.00220581856301
-0.0185423052562
-0.0666621088208
-0.0656768514648
-0.0896244706708
-0.0711961195566
-0.0909529353187
-0.0866672335124
-0.0817201764307
-0.103645527878
-0.0889711925464
-0.000963777407864
-0.0980192309616
-0.0377881439278
-0.0746278758485
-0.0374436130705
-0.0466834705407
-0.0698642527712
-0.00028028799021
-0.0526432378302
-0.085120716522
-0.0340544017562
-0.0635499796024
-0.0659125914502
-0.0233300382194
-0.0146546280276
-0.068644086676
-0.0203274365042
-0.00964043756994
-0.051544493564
-0.0848869757428
-0.0174633402827
-0.0696857044479
-0.0606091601907
-0.0381925167344
-0.0551350111245
-0.0537208338372
-0.0877937766767
-0.0382570979174
-0.0298924484197
-0.00296539556567
-0.0905586150427
-0.0853214466231
-0.0434813427101
-0.00443960313831
-0.0169822411466
-0.0824085139439
-0.0434157702514
-0.0703917396445
-0.0887935825828
-0.0202358603517
0.00972500082516
-0.0242216965807
-0.0180430354745
-0.0748027710513
-0.000461981152562
0.0064133649113
-0.0223278968101
-0.0647880005271
-0.0282598862529
-0.0914210956992
-0.0893218687097
-0.0548932440573
-0.0714518325971
-0.070471200597
-0.0627906869119
-0.089275411926
-0.0861808889947
-0.027862363965
-0.0258984730861
-0.0676409638002
-0.0363351258336
-0.0872733966226
-0.0894305101603
-0.0048127246391
-0.0271333947867
-0.0699096349796
-0.0274533838561
-0.0119538011541
-0.087954089536
-0.0965473105921
-0.087486509616
-0.0976376087069
-0.0700244959122
-0.020799117212
-0.0231784653599
-0.0032730865943
-0.0740694254395
-0.0404233837405
-0.0663210824037
-0.0239678008201
-0.0542744952042
-0.00305799563635
-0.0879648641196
-0.0599722199787
-0.071756315645
-0.0201432297252
-0.0836108445029
-0.0284365844936
-0.0725991411389
-0.0824137349974
-0.0989834684299
-0.0424114587897
-0.0632481294389
-0.0622037590061
-0.0347338616245
-0.0818288475665
-0.0374929507063
-0.0653940942856
-0.0462541144305
-0.0690801885756
-0.046930331422
-0.064281825292
-0.0816776326226
-0.0994833507942
-0.0686945528142
-0.0810656286141
-0.0499238578296
-0.0839273880671
-0.102819318787
-0.0850968422549
-0.0330450868669
-0.0642243020553
-0.0813441733298
-0.0197111992234
-0.0456236933864
-0.0662918390978
-0.0789253841766
-0.0818668662346
-0.0804422910254
-0.0840741490829
-0.0426650301544
-0.0575048403738
-0.0869791188384
-0.064795022504
-0.0828259263732
-0.047479551399
-0.0677198815261
-0.0235642791477
-0.0592333706827
-0.0850075917682
-0.075079504213
-0.0636309632148
-0.00313742296155
-0.064190839244
-0.084881770768
-0.0350637945264
-0.0293234855965
-0.078740265274
-0.0620611455172
0.00764488084202
-0.077297325518
-0.08783966452
-0.0471412724826
-0.00540792567159
-0.00159196269642
-0.0923608975944
-0.0738909599877
-0.0486597869936
-0.0803138038951
-0.0450809454625
-0.0531749956307
-0.100167735458
-0.0503210973937
-0.0596091272182
-0.0622300154626
-0.0539417386187
-0.0786057657779
-0.0775370699497
-0.0588624312985
-0.0724916571268
-0.0811377930098
-0.090680421432
-0.0804102528731
-0.0831259193939
-0.082370610149
-0.000158540260147
-0.000692653406403
-0.0258520555702
-0.0610204258967
-0.0561039416148
-0.062825708703
-0.0507664472836
-0.0706486931239
-0.0902534420292
-0.0922904350253
-0.0965273381832
-0.00259247422003
-0.0260504180687
-0.103253220507
-0.0222614801585
-0.057789728362
-0.0589461810595
-0.0742540949328
-0.0764596415678
-0.0744270024974
-0.059689383866
-0.0982034820543
-0.0679531630232
-0.0293876491088
-0.000730802903313
-0.0186079449766
-0.0914737871077
-0.0803089265261
-0.0403772203889
-0.0682107476344
-0.0664852793515
-0.0204154198694
-0.07806284078
-0.0593721260884
-0.0836849295424
-0.0858834298546
-0.0063891667626
-0.00397575846206
-0.00963956759517
-0.0533352625726
-0.091238850597
-0.0570046581204
-0.0576607529821
-0.069834013608
-0.0790699030517
-0.0572562147212
-0.0824939438334
-0.0710068240641
-0.0876878312
-0.0776719135325
-0.0152992863381
-0.0748373302846
-0.0578669110946
-0.0910952979036
-0.0730732340224
-0.0794290723596
-0.000255188546941
-0.0442041910052
-0.0487068881536
-0.0943854866109
-0.0631400438954
-0.039869630283
-0.0562807053371
-0.0852323990233
-0.0752399190707
-0.0505807553728
-0.0987726643518
-0.0728765898014
-0.000557934642397
-0.0588109370588
-0.0864136709653
-0.095179858695
-0.0398954776483
-0.0197338752325
-0.0594645759418
-0.0948914892018
-0.0254392993212
-0.0672163229962
-0.0951591178917
-0.0729127715952
-0.0588943754548
-0.0436289615565
-0.0133605467015
-0.0346054542249
-0.0775763253834
-0.0840227975178
-0.0317788196457
-0.0846424073884
-0.0791320872586
-0.0732938033027
-0.0263669932417
-0.0808168366308
-0.00996811718598
-0.0538528520869
-0.0509699782362
-0.0770105193903
-0.0859700347577
-0.0750005619841
-0.0863138090197
-0.0829677931824
-0.0805290583213
-0.0740039235475
-0.0878056527456
-0.0806472426961
-0.0980168533768
-0.0567557150099
-0.00407563583438
-0.0500871892844
-0.0522969671139
-0.0973493415425
-0.0494343926346
-0.0938921905248
-0.0999539340212
-0.054004671784
-0.0852797255433
-0.0830115401058
-0.0206378310879
-0.0818988327044
-0.0953205726196
-0.0430209248809
-0.0914246660659
-0.092553197601
-0.0814536810879
-0.0811753172618
-0.0793746711581
-0.0801589467579
-0.101068224817
-0.0119595581483
-0.103318248298
-0.063297665874
-0.069376296107
-0.0975562912528
-0.049185415741
-0.0755252088979
-0.0947817956821
-0.011694644577
-0.101490941254
-0.0154631711731
-0.0420818618984
-0.0694612987457
-0.0954592006139
-0.0907266931682
-0.0643547638715
-0.0899049285279
-0.0757891645278
-0.0747842791526
-0.077658878948
-0.0482482189719
-0.0932002529427
-0.0770520335245
-0.09483654388
-0.0502030705202
-0.0788886625485
-0.0942512821086
-0.0487988797029
-0.101678720559
-0.093617021998
-0.0921457523511
-0.10060245732
-0.0809023554277
-0.0325660380252
-0.0830155766576
-0.0876934305358
-0.0452654943964
-0.103232629991
-0.0712605648967
-0.0930929948629
-0.0779830476871
-0.00657456519417
-0.0760157569642
-0.0945871784758
-0.0852252053087
-0.0953940265738
-0.0724658305494
-0.0269934558164
-0.0679550393061
-0.0806305980946
-0.0500485393557
-0.059527761918
-0.0780061460075
-0.0564420634375
-0.0934737513737
-0.0546984407833
-0.0672368767385
-0.0461921000395
0.00564464789116
-0.0890420187227
-0.0425729036349
-0.0525793498767
-0.0987038797255
-0.0882314417155
-0.0935141102932
-0.075959164751
-0.077656386616
-0.0631054511503
-0.062958222347
-0.0723475108492
-0.0618513125105
-0.0939355791244
-0.0992144755557
-0.0633620855115
-0.0571322475452
-0.0800929382289
-0.0866021096544
-0.0971969049359
-0.0868451555141
-0.0968717770233
-0.0738675734686
-0.092101595947
-0.103231008561
-0.0778556778998
-0.0978787988978
-0.0958382995914
-0.0832096269499
-0.103490970534
-0.095265635604
-0.0691978653545
-0.0214411813139
-0.0244968065598
-0.0900051042081
-0.0676353373382
-0.0521260101753
-0.097671673196
-0.0861989303265
-0.0700616603749
-0.0691442657204
-0.0484104708919
-0.0728302332479
-0.0762083964279
-0.0868969133207
-0.0606243451085
-0.0861239468624
-0.0942658232662
-0.0699688406038
-0.0103189119315
-0.0952541132984
-0.0545461238795
-0.0609705380808
-0.088771144366
-0.0658168483575
-0.0632185948232
-0.0772123716629
-0.0954422991119
-0.0733709279502
-0.0934029660913
-0.0272663810865
-0.00446769724388
-0.0799574207837
-0.0964185512147
-0.0835356894077
-0.0526313354643
-0.0584392151935
-0.0429737833043
-0.0514771210124
-0.0413895138176
-0.0656675344942
-0.0327893009284
-0.0730800620929
-0.0314354430001
-0.0454391781542
-0.0950669455786
-0.0103301509242
-0.0856956385399
-0.0866470563605
-0.0522071968024
-0.0978009899948
-0.0953875168914
-0.0826004796211
-0.0514477543148
-0.0899383369802
-0.0832150961717
-0.077003633823
-0.0785851324068
-0.0179778173736
-0.0512773171051
-0.0835318131265
-0.0506429310147
-0.0418346454849
-0.0741341813108
-0.0977574792844
-0.0794514616863
-0.053129172638
-0.0627342132338
-0.0785878450254
-0.0969960987674
-0.0963632141416
-0.0920974165199
-0.0935207559952
-0.0840028302974
-0.0754567273874
-0.0801235764986
-0.0448299785719
-0.0949839940281
-0.0622142534322
-0.081376260811
-0.0903970982091
-0.0990983517322
-0.0889427752577
-0.064787618
-0.0255994027653
-0.087317533749
-0.0481556455965
-0.077276889313
-0.0565361151988
-0.0905742378697
-0.0318508843381
-0.0272323348994
-0.0380365205413
-0.0999039481963
-0.0436252334217
-0.0436063097444
-0.065002148032
-0.0156614423798
-0.0165925465224
-0.0320948917454
-0.0560011576918
-0.0873567505131
-0.081794607629
-0.0513702500628
-0.0800149751911
-0.0735497030758
-0.099054885444
-0.0120684402707
-0.0609910176001
-0.0597588482109
-0.0715600739594
-0.0695258426662
-0.0892003476243
-0.100104505833
-0.0525582244887
-0.0241478594435
-0.0342894658992
-0.0751602329283
-0.0888293216456
-0.0766771492871
-0.0845833127032
-0.0862516126524
-0.0822759592906
-0.0544907376338
-0.0148992326485
-0.00661009219636
-0.0470627158236
-0.0938792024119
-0.053816752032
-0.0921845800277
-0.0238841017083
-0.0142027521505
-0.0312142748926
-0.0859281295681
-0.0823840568284
-0.053543410148
-0.0479346320512
-0.0701521194671
-0.0752701052713
-0.0736731722163
-0.102696281731
-0.0368206932361
-0.0814435218028
-0.0397542622958
-0.09651964556
-0.0503331259152
-0.0836303743507
-0.0703167990782
-0.0659305097366
-0.0637016083971
-0.0728026278506
-0.0789937607924
-0.083438832691
-0.102589231714
0.000147747964961
-0.0839306582734
-0.0829711182481
-0.0682142110915
-0.10068084834
-0.0448028085711
-0.0964530692434
-0.0362018034628
-0.0610000973912
-0.09729808061
-0.01633627027
-0.0836563385624
-0.0843892546357
-0.0670903881601
-0.0501157977238
-0.071620853746
-0.0904887252763
-0.0897665684911
-0.0627600356763
-0.019133899652
-0.0417258832036
-0.0940140861252
-0.0796640595665
-0.09724765852
-0.0591963209284
-0.0284144724165
-0.063575231813
-0.0874131333648
-0.0224456231634
-0.0640644515232
-0.0941430494851
-0.0976870385694
-0.093970084291
-0.0908433537174
-0.0353617226972
-0.0942951768451
-0.0925439715331
-0.0623627958626
-0.0446112302728
-0.0966533678126
-0.084581766012
-0.0883089840339
-0.0980903372677
-0.0908286328312
-0.0838385268866
-0.0892783656549
0.00108591394315
-0.0841586671555
-0.0259810170884
-0.0872344166307
-0.0797585370389
-0.0849162060751
-0.0918527466986
-0.0249492287049
-0.00462589605779
-0.0975106967444
-0.0888105823512
-0.0940403159727
-0.0793503535043
-0.0473226283128
-0.0691074531879
-0.0594131341194
-0.0372281920382
-0.0868458452491
-0.0589761627354
-0.0885537621541
-0.0729653135639
-0.0670516397097
-0.0960240044212
-0.0496180232937
-0.096902166174
-0.0748920184256
-0.0500481970419
-0.08684615718
-0.0311247291251
-0.021456170827
-0.0171912280127
-0.0618529775787
-0.0119151669062
-0.0618707896269
-0.0620872548629
-0.0303989234492
-0.0992291088309
-0.0819508092056
-0.0848789758039
-0.0830707262083
-0.0563489345484
-0.0270282076654
-0.0784822787446
-0.013543957513
-0.0777997168358
-0.0888675793205
-0.0672753991381
-0.0933952702805
-0.0694698234613
-0.077225165277
-0.0897632295026
-0.0588678754484
-0.020261351661
-0.0824366175176
-0.0616251529132
-0.0654032698132
-0.0432015483771
-0.084471190141
-0.0860700752464
-0.0672108861155
-0.0520520508431
-0.0965364155333
-0.0453364619491
-0.0984261512933
-0.0868460722281
-0.0749376147652
-0.0988266527785
-0.094310930968
-0.0783838229615
-0.0745001111982
-0.0701382044004
-0.0974796191432
-0.0656431481299
-0.0963959235854
-0.0890156696609
-0.098566988678
-0.0934923830647
-0.0968552157581
-0.0784545759163
-0.0971039990007
-0.0883609372084
-0.0682454631469
-0.0718657254636
-0.0269378230716
-0.0534188743751
-0.0864805977014
-0.0732760720985
-0.0826881741867
-0.0258579074884
-0.0799961564232
-0.0399405701275
-0.0781002249443
-0.0770325463525
-0.0760276632263
-0.0924898921409
-0.0843852834696
-0.0677642808451
-0.0706135925769
-0.0564767589299
-0.0533694090342
-0.091243890817
-0.0716568043992
-0.066460313729
0.00830516207339
-0.102623723435
-0.0925952715819
-0.0709529578294
-0.08238348628
-0.0370275062188
-0.0504295153661
-0.0779793372741
-0.0575947391368
-0.0750446560005
-0.0911999519648
-0.0115336923279
-0.0593276060331
-0.100602008153
-0.0783574935559
-0.0242360871415
-0.0522846814198
-0.0729532525002
-0.00599440438673
-0.0720049305295
-0.0973148433486
-0.0948308208685
-0.0934977658053
-0.0763967368625
-0.0758908522825
-0.0678591197468
-0.0951012218584
-0.00697996497688
-0.079622821406
-0.080777177998
-0.0739702407914
-0.0952294761608
-0.0854270255434
-0.0793590875382
-0.085888730639
-0.068312321667
-0.0892159172663
-0.0782908106828
-0.0605868606406
-0.0927607351256
-0.0272134172308
-0.0356711374479
-0.0814304199289
-0.0983041957662
-0.0338569026224
-0.098888115683
-0.0728540110557
-0.100638215659
-0.0796315745434
-0.0917317943776
-0.0978901718776
-0.0714907986522
-0.061721440952
-0.0930746260789
-0.0222808705313
-0.0512456274306
-0.101574533648
-0.0846392420435
-0.100009493223
-0.0745640257435
-0.0509586351587
-0.051808162227
-0.053848920975
-0.0750958358562
-0.0238166445448
-0.102060931934
-0.0986823662266
-0.0702383898075
-0.0990031439422
-0.021877617298
-0.0609971235966
-0.0980309873767
-0.100286090618
-0.0494465474502
-0.0714910583967
-0.076375859972
-0.101457541289
-0.102818870339
-0.0459028954366
-0.0900383144903
-0.0057330185059
-0.102401144183
-0.0665979923998
-0.0934906509867
-0.0314937336508
-0.0872850097059
-0.0856604126404
-0.0907246099191
-0.0237493066929
-0.0488801027925
-0.0161009514628
-0.0559546463277
-0.0820227022581
-0.0908212830079
-0.0966858456526
-0.0295824373844
-0.06775924801
-0.0311927767496
-0.0758102031521
-0.00308032174189
-0.000635288103279
-0.0643764869327
-0.0951531558239
-0.100169642159
-0.0710662475911
-0.0826859550291
-0.0495869898174
-0.0495935696113
-0.056607377418
-0.095742648865
-0.079359321105
-0.027544315862
-0.090306549237
-0.0348537631739
-0.0833766078297
-0.0128878606965
-0.0948425718885
-0.0554641531641
-0.0828260284887
-0.0216009857529
-0.0220026898459
-0.0663817342783
-0.102347958292
-0.101983027131
-0.0656903224801
-0.0705183818414
-0.0854250738734
-0.0868832890206
-0.10258766684
-0.0310630435413
-0.0960209432473
-0.0984317237145
-0.0999790149082
-0.0686111679047
-0.0925065613106
-0.0987470056623
-0.0413364956029
-0.0452088020596
-0.0460979999031
-0.0963542988389
-0.102188857719
-0.028181207203
-0.101246107381
-0.102467493736
-0.0472959995012
-0.0574039872516
-0.0749051049217
-0.0790636313613
-0.102556736471
-0.0486569084827
-0.088217311311
-0.070184725781
-0.0783543924874
-0.0759395467627
-0.0509971628038
-0.101946572945
-0.089295683994
-0.0517383331655
-0.0976325043142
-0.0972033802718
-0.0939141212351
-0.100665234724
-0.0914114667564
-0.0816615427634
-0.058429768196
-0.0430684158271
-0.0904794373774
-0.0394116788126
-0.101490629374
-0.0366517381238
-0.051878394797
-0.0548639291058
-0.0590116287637
-0.081195565389
-0.101602508375
-0.068088126343
-0.0678571471425
-0.0517503841971
-0.0801044139342
-0.0721754851544
-0.00837983146771
-0.100010261757
-0.07599383967
-0.0481738076938
-0.056951345755
-0.0863989560625
-0.0869774930843
-0.0893387306424
-0.0922455866335
-0.10183339554
-0.0940067713953
-0.0803858065578
-0.0441531815031
-0.0819943007191
-0.0946678375875
-0.0946549713676
-0.103274488491
-0.0840782190102
-0.0862772462
-0.088545012379
-0.100458160134
-0.0723248579657
-0.0796640150384
-0.0929870029582
-0.0925001452711
-0.0804536655629
-0.10195012768
-0.0860290518591
-0.0730937608227
-0.091023430372
-0.0947298789575
-0.0830439662526
-0.100872422023
-0.10085962696
-0.103154366809
-0.0937202520968
-0.0897698298182
-0.0883050230406
-0.0724010840039
-0.100603402746
-0.101885055822
-0.0944249775302
-0.100227131188
-0.102565089939
-0.0874395335468
-0.0602298312311
-0.0968526553979
-0.0734307419535
-0.0865753565711
-0.0810365629675
-0.0475684679589
-0.0765379913948
-0.0741137591302
-0.0390720183533
-0.0818899157477
-0.102915281393
-0.0474587078806
-0.0412084796796
-0.102959784466
-0.0583186101954
-0.0894121451863
-0.0594781671471
-0.0454210944855
-0.102448432583
-0.0586985273885
-0.0634608543432
-0.0782460392471
-0.0920107610115
-0.0879421531456
-0.0881980685725
-0.0714696922631
-0.0743573381271
-0.0758782829359
-0.0997700531484
-0.0507024575608
-0.0850491517325
-0.0785880352688
-0.0931607743685
-0.04614764401
-0.0949283395595
-0.0970003342173
-0.100711608384
-0.101708432441
-0.0959848153003
-0.0932249377663
-0.0714078001743
-0.0956961987285
-0.101995153279
-0.0663807655731
-0.0923817515146
-0.102730893526
-0.0393659802245
-0.0306190232252
-0.0952782727049
-0.025480742804
-0.0997068094393
-0.0919344989931
-0.0961949728927
-0.0877722007417
-0.101343386176
-0.0770710147679
-0.0933935183831
-0.0890852361466
-0.0952094896591
-0.0542005972005
-0.0585663033876
-0.00629668277762
-0.0840449781932
-0.0843612627111
-0.0337954009537
-0.0763642035192
-0.0963496608977
-0.0913541594253
-0.08122107371
-0.0551244910119
-0.103020498845
-0.0880430378646
-0.0979787731039
-0.0790373513737
-0.0965210053237
-0.0539956542139
-0.0746539090749
-0.0779763492349
-0.0916509698058
-0.0773794264935
-0.0270187389585
-0.0937921819896
-0.0784397145098
-0.0571444648812
-0.085586346724
-0.0870617975794
-0.0501319543542
0.00328304382626
-0.0455453088831
-0.0562121568189
-0.0997759039258
-0.0628792050152
-0.0368022883082
-0.0302214555415
-0.0939485278978
-0.033984581747
-0.0826235354771
-0.0388379639632
-0.0380526451441
-0.0786183838956
-0.0480413008687
-0.0054000122565
-0.0431227194405
-0.0729456622274
-0.100042165057
-0.0945979788104
0.00403663622922
0.00569519821673
-0.021677932522
-0.0930701645631
-0.091026541158
-0.102521501709
-0.0809461793575
-0.0422331261585
-0.094229949795
-0.0468972737607
-0.0986126535093
-0.0953096097183
-0.0697259377144
-0.102002075067
-0.0674990399824
-0.0781523293011
-0.0926341995242
-0.0172540675774
-0.0624838541376
-0.0942154515545
-0.101537503399
-0.0715889187212
-0.103080818753
-0.0615330226223
-0.0912886347553
-0.100651946083
-0.101238181049
-0.0687266339556
-0.0404508636854
-0.0713229712666
-0.0547426885016
-0.070250087
-0.0736465626906
-0.0958590205056
-0.0644950141638
-0.072136886395
-0.0872142799553
-0.102570619771
-0.0943876643115
-0.0683790421224
-0.0655739482072
-0.0413213437788
-0.0928721031347
-0.0727662714882
-0.0743299768311
-0.0675820023637
-0.0768008291685
-0.00600573653035
-0.0644727667003
-0.038183664567
-0.0854386926607
-0.0928569921229
-0.0991588469923
-0.0685209312052
-0.0689612235103
-0.0411504002623
-0.0791553240176
-0.0925035316646
-0.0577806663922
-0.0520773570154
-0.0675499822383
-0.0892813831254
-0.0772397084285
-0.0664113606333
-0.0673358734723
-0.0803127637972
-0.0830015083946
-0.0943889038252
-0.0936042869098
-0.0759915671099
-0.044669466428
-0.0567845404665
-0.085912606799
-0.0573865361789
-0.0589986061193
-0.0612655058562
-0.0827289717556
-0.0607949860143
-0.0563852409171
-0.0708921061773
-0.0310635896492
-0.100109694485
0.000882130549341
-0.102687474165
-0.0826326368645
-0.0552078867833
-0.0974711390117
-0.0537365768604
-0.0944782900171
-0.0406623884082
-0.0673478508892
-0.0565643824069
-0.0620958405202
-0.0653858399448
-0.0760130672237
-0.00378561031477
-0.0774190643402
-0.0452797510704
-0.0894177168449
-0.0878942394787
-0.0468731864228
0.00498552211137
-0.0856605671152
-0.0796685430322
-0.0686963403742
-0.0567712354861
-0.0953968945064
-0.0725274023823
-0.0746536984917
-0.0518924450474
-0.0822460595365
-0.0551455270991
-0.0857721920454
-0.101383308928
-0.0763737695922
-0.0733818595659
-0.0643572201388
-0.0958868779181
-0.0658479597636
-0.0583735581407
-0.0390458816619
-0.0716044918569
-0.0819456752745
-0.0753715538565
-0.101773977483
-0.101582880918
-0.0608865946121
-0.0905184853994
-0.0782206992883
-0.0896289188233
-0.0806261519131
-0.09238835112
-0.0755220155617
-0.0689892099814
-0.0504751500401
-0.0649891565202
-0.0764372969881
-0.0153223902674
-0.0298949417708
-0.0581805687019
-0.0816645207966
-0.0346509382628
-0.0644250847027
-0.0637320605
-0.101909615563
-0.0580545892642
-0.102551106594
-0.0747054714567
-0.0843470045909
-0.0663012493146
-0.0472164721499
-0.102763334562
-0.0572087994439
-0.0814974338144
-0.0599912930361
-0.0559285320919
-0.0650902620138
-0.058785314727
-0.0533574481667
-0.0408526570994
-0.0638974951644
-0.092128687031
-0.0717192094443
-0.0818387242039
-0.0779734375114
-0.0917805438896
-0.0404435867386
-0.0313615473541
-0.0682545212913
-0.069285264203
-0.0633325339824
-0.0966623134467
-0.088337828062
-0.0909883358097
-0.0854753997023
-0.10133384219
-0.0273674071559
-0.079830231872
-0.0631228536692
-0.067406529367
-0.0956724669084
-0.0501154466231
-0.100417939271
-0.0865267922589
0.00280366266909
-0.00219383024504
-0.00148638189575
-0.0575742658347
-0.102170124099
-0.0897527106985
-0.0561489373231
-0.0656259019147
-0.0792273204706
-0.049275952118
-0.0703731630808
-0.0938754189794
-0.0498058667988
-0.0624061137251
-0.0700522685832
-0.05226915082
-0.0326331151706
-0.0703459509339
-0.0845646860203
-0.0659747675081
-0.0308071812902
-0.101589586815
-0.0551849424797
-0.0661039344946
-0.0721944977292
-0.0645049239554
-0.075770152476
-0.0530023716649
-0.0606034306593
-0.0965777023713
-0.0461562677429
-0.0828080571096
-0.0845263474036
-0.0857803099182
-0.0850752330961
-0.0673320020917
-0.101972967465
-0.0852788999823
-0.0733337586944
-0.0817209513458
-0.0773961261796
-0.0715802522655
-0.0718847692148
-0.0288463268577
-0.0913000892068
-0.029941434912
-0.0288175884971
-0.0326829107124
-0.0626894177058
-0.0563344865814
-0.0617046891412
-0.0189384328235
-0.00387375185864
-0.0918336193553
-0.0875143475844
-0.0513008263017
-0.0790078985321
-0.0287324108523
-0.0308038500312
-0.0723513096204
-0.0890101296607
-0.0494913080685
0.000807631933866
-0.0887378069259
-0.0746683879439
-0.0822803595251
-0.0198914444202
-0.0538418020693
-0.0663097539964
-0.0880521934312
-0.075031723562
-0.0758401412865
-0.0456520748713
-0.0743592872651
-0.0890763806415
-0.101798836939
-0.0863912731002
-0.01304592389
-0.026660742175
-0.0895855215455
-0.0569186336875
-0.0786813937887
-0.0362412214091
-0.0134741013712
-0.0861104314333
-0.0525454912188
-0.0616646576627
-0.0910641284134
-0.0376371906037
-0.0743795639357
-0.029868835088
-0.0797297125239
-0.0896160415179
-0.0540329313463
-0.0819274707109
-0.048136677482
-0.0954833470258
-0.0920171578216
-0.0654697373943
-0.0739974527278
-0.0631165472756
-0.0974943638139
-0.0707546851156
-0.0595542551212
-0.0800938491501
-0.0357563163958
-0.040963338981
-0.0772535995497
-0.0848642945543
-0.0596890424552
-0.0783916564881
-0.0823978626555
-0.0874278671301
-0.0543259019842
-0.0433954467519
-0.026183519876
-0.0734602122274
-0.0727786121665
-0.0733557006535
-0.0502598326922
-0.0916850526232
-0.0787091795024
-0.00203379536969
-0.0530385727644
-0.0855943159462
-0.0542183229785
-0.0543606001861
-0.0864993013739
-0.0798783284986
-0.00683089628095
-0.101908514223
-0.0926440879777
-0.0772634600761
-0.0681214369814
-0.0767934744763
-0.0834139064158
-0.088471484447
-0.0998888080553
-0.0550697982894
-0.00742959944411
-0.0172636698805
-0.0776139564666
-0.0101988771525
-0.0551817825874
-0.051974840447
-0.0809315165767
-0.0685589686198
-0.0646916781555
-0.0503693138849
-0.0927036064153
-0.0689230715418
-0.0499137263104
-0.0414197218415
-0.0366172345745
-0.014160296902
-0.0449762266663
-0.092009535061
-0.0256474877381
-0.0523934832639
-0.0268877547463
-0.0332373373002
-0.0539816130098
-0.0476547444665
-0.0727662166584
-0.0892028206174
-0.0841619619601
-0.0290710711523
-0.0859758585114
-0.0841922433926
-0.0612244449525
-0.0926589436749
-0.0297878832042
-0.0387163501361
-0.0251114941061
-0.0732623051128
-0.07402932939
-0.0593733713487
-0.0561192629211
-0.0643595086288
-0.100846552425
-0.00198673083571
-0.0850279963912
-0.0452405230312
-0.0862183109371
-0.0141299337801
-0.0249213036354
-0.0619725977271
-0.0168810295761
-0.0608796776443
-0.0662748378635
-0.0231800265162
-0.049165357287
-0.0852526240568
-0.0929025620654
-0.0393754273492
-0.0924389079493
-0.0903706171339
-0.0848615944773
-0.0123664005465
-0.0857979029475
-0.0834856317615
-0.0754929460767
-0.0642316422822
-0.0710444133846
-0.0176682874717
-0.0566292413239
-0.0992298848004
-0.0774996005007
-0.0865528163207
-0.0686423995736
-0.0320702828262
-0.0742124865944
-0.0898210408841
-0.0395411364315
-0.0346648069343
-0.10092080185
-0.0684416336848
-0.060072697375
-0.0629208983986
-0.092849565225
-0.0679901379375
-0.0392722053278
-0.102791391126
-0.0797299116205
-0.0611851383485
-0.0818535108578
-0.08812441192
-0.0576149279833
-0.0883741593897
-0.0759966730071
-0.0816522918865
-0.0761678829211
-0.060302737993
-0.0700774464835
-0.0548396742141
-0.100934143615
-0.0769486590368
-0.0630920475303
-0.0151737845744
-0.0175587731005
-0.080957501987
-0.0123945843211
-0.0979068467885
-0.00240187673598
-0.00762824675972
-0.053890617052
-0.0191720669032
-0.0613346999133
-0.0803369406869
-0.0839698369818
-0.0759305017411
-0.00841962016724
-0.0590667575287
-0.0654858892191
-0.099932111164
-0.0822759939667
-0.00734968679527
0.000139727913298
-0.0866574099977
-0.0698872406305
-0.0834630973574
-0.0729151082339
-0.0612323118689
-0.0586456861189
0.000652465519414
-0.0219101109086
-0.0551711969331
-0.0857566554225
-0.0707475785218
-0.00694339049047
-0.0120255305691
-0.100488424727
-0.0699486075318
-0.00860705534524
-0.062769004582
-0.0984986526158
-0.0971257013115
-0.0864598081826
-0.0669163399059
-0.0826474685311
-0.0812575483783
-0.0668353023343
-0.072382285751
-0.0179174999234
-0.0291222761984
-0.0834820341097
-0.0500961456208
-0.00230768854274
-0.0700979322948
-0.0725644273846
-0.103409156529
-0.00119171421738
-0.0628865100182
-0.0645806873065
-0.0766013714374
-0.0987517375494
-0.100491804076
-0.0629648791547
-0.0968615632422
-0.102694001058
-0.0398414537578
-0.0206809336885
-0.0144253214347
-0.0775315394538
-0.0917057628061
-0.0787283594471
-0.0875409742864
-0.0899649004322
-0.0747925260477
-0.0791484994622
-0.0138341306432
-0.103548257281
-0.0654592724716
-0.0384515309095
-0.0842245890449
-0.0849415845215
-0.0659300600153
-0.083618678759
-0.0518966297239
-0.0688506766709
-0.0125220729754
-0.0793994729985
-0.0834384142324
-0.0786984554607
-0.0985375494127
-0.0898190130394
-0.076853626886
-0.080970422414
-0.0772891812752
-0.101441761056
-0.0744781637756
-0.0989210743587
-0.064966150691
-0.0859750298826
-0.0747068281939
-0.0807005608302
-0.0111085176248
-0.0899530547936
-0.0395250525912
-0.0675282624523
-0.000570517834349
-0.0545636026063
-0.0950331423453
-0.0824468764748
-0.082829243059
-0.0704431207769
-0.100649208544
-0.0860778581604
-0.00367455742941
-0.071840035009
-0.0960799442051
-0.0133791365545
-0.0640447574669
-0.0464260092731
-0.071338125079
-0.0454804173202
-0.0471234822236
-0.06904564055
-0.0716035344367
-0.0777387953389
-0.0608332844315
-0.0527533845056
-0.0480217922527
-0.0473823911833
-0.0783649142041
-0.0455888529314
-0.103192635059
-0.101933698047
-0.103164571141
-0.0993126241169
-0.0593504299522
-0.103117173796
-0.0952402255801
-0.102500984651
-0.0828640885107
-0.0529541216392
-0.0896228669295
-0.0154103378011
-0.0738248630836
-0.100896402868
-0.102215600972
-0.0551105390758
-0.022646555715
-0.0707875878518
-0.0823861418286
-0.0858233652623
-0.0189342402044
-0.00180220488792
-0.0815730633345
-0.0447166196945
-0.101423727995
-0.045664305278
-0.031608382874
-0.0805941792261
-0.0329251508986
-0.0386115354897
-0.0337591573739
-0.0678114304965
-0.031453111757
0.000157626359298
-0.0344688242182
-0.0557027945243
-0.0282792230754
-0.0541854083229
-0.0475763372604
-0.0390474752345
-0.0493434955319
-0.0396974045098
-0.0423194571579
-0.0433652092676
-0.0408649666649
-0.0419518065831
-0.0436918494224
-0.0701773485864
-0.0369930495811
-0.0682581215098
-0.0329083408954
-0.0229788027922
-0.0405277251386
-0.0352870813093
-0.0283992433092
-0.0413433169974
-0.0272336517143
-0.0260629442361
-0.0223834345404
-0.0199414851988
-0.0136159659903
-0.0153245218995
-0.0172373781637
-0.0308656657893
-0.00820492695455
-0.0110880682839
-0.0541904333612
-0.0388322111175
-0.00687927995731
-0.00117462436668
-0.0373141585824
-0.072061048984
-0.0678827629316
-0.0493946060532
-0.0441587874903
-0.0668034291328
-0.0683799168825
-0.0402612650512
-0.0249162536259
0.0182028234718
0.00795472847625
-0.000688172643788
0.00340500116193
0.00586301946609
-0.00183940029166
-0.0759697760727
-0.0606891790004
-0.00561173300341
-0.0273968660321
-0.0380103158387
-0.0623909627617
-0.0257491140131
-0.0361642482803
-0.00330878779516
-0.0442085777396
-0.0421663383778
-0.00076637036021
-0.058082241769
-0.0748136038358
-0.0534828109947
-0.0570333245776
-0.0428177313309
-0.0469660218115
-0.0648742851559
-0.0456912717478
-0.0354912863736
-0.0530672683506
-0.0642144749079
-0.0233725013406
-0.0096371426737
-0.065330841817
-0.00546256639925
-0.0119445718284
-0.0314512187077
0.00174060528563
0.00412871176554
-0.0569059898855
-0.0777024724697
-0.0766243216192
-0.0703999445521
-0.0504209388483
-0.0449692563128
-0.0594374495565
-0.0533001514879
-0.0731633894092
-0.0184870574448
-0.073879878009
-0.0396909343884
-0.0599502580601
-0.0710434233159
-0.0726358434611
-0.0763374257108
-0.0221123035366
-0.017385275473
-0.0328525185371
-0.0207547514974
-0.0182871387998
-0.0159735126533
-0.0688372122754
-0.00962313878328
-0.00466205309498
-0.0598124316487
-0.0562189845284
-0.0619515077114
-0.0702402444143
-0.0682836237635
-0.0555529783535
-0.0095999650551
-0.0650470636394
-0.0267498376583
-0.0502128283499
-0.0455619061027
-0.0251595231219
0.00340784966841
0.00519654739887
0.000714579361983
0.000550110720046
-0.0157553342153
-0.0757642073817
-0.00523521270569
-0.0468061993942
-0.044303310079
-0.0287660523128
-0.0310920756774
-0.0115905707305
-0.0529158587694
-0.0111211109253
-0.0402319197308
-0.0163266427786
-0.00513542469374
-0.00300605829458
-0.00167207807356
-0.0469225830781
-0.0173033019177
-0.0292042530952
-0.0043950483342
-0.0240160434135
-0.0178179815781
-0.0370746273474
-0.0566341296569
-0.0227287374215
-0.0522405379179
-0.0540925443675
-0.0522506941425
-0.0386598210093
-0.00137132643863
0.00310050401721
0.0041432096896
-0.00297623701668
0.020998485699
0.0187806518443
-0.000144655573583
-0.000705899922883
-0.00597032297105
-0.0123966730684
-0.0363886336625
-0.0617526736332
-0.0164769254083
-0.0254060220073
-0.070351444268
-0.0429512279222
-0.0071635092607
-0.0456207999475
-0.0601995743108
-0.025988180589
-0.0403330004667
-0.0392227486562
-0.0595217893503
-0.0379071696101
-0.048191425895
-0.0487367819861
-0.0515058682263
-0.0491894761906
-0.0685368456539
-0.0748533875755
-0.00575242888777
-0.0427205446291
-0.0149083066269
-0.0160956801801
-0.0364537101011
-0.0135140986251
0.00221359380996
-0.0666264875584
-0.0790457752804
-0.0660846706936
-0.0478571446351
-0.0393619122506
-0.0591517631002
-0.0270651472276
-0.0725701863402
-0.0420153319588
-0.0718997013193
-0.0627463227736
-0.00444686533548
-0.0728496967843
-0.0452235244845
-0.0751030193688
-0.000801425202682
-0.0769160157873
-0.0716710615867
-0.0687598231525
-0.0715885891139
-0.0739105319178
-0.0564623737955
-0.0627366848508
-0.0228069195642
-0.021815796385
-0.0226977309035
-0.0258642472825
-0.0210965468108
-0.019324097421
-0.065446916393
-0.00661791388745
-0.0345428858341
-0.0559105523523
-0.0523347851488
-0.0352793952444
-0.0159061357119
-0.00320207573246
-0.0618549750951
-0.0295843108209
-0.0713191477899
-0.0197156921505
-0.0441046232832
-0.0354843449679
-0.027520009608
-0.0623032414472
-0.0269599546029
-0.0209494935597
-0.048261878044
-0.0723285394975
-0.0065296005572
-0.00851263395153
-0.0366992207561
-0.0456274200666
-0.0474379345072
-0.0275386200999
-0.0363002552671
-0.0198926917301
-0.0460539419284
-0.00498563451225
-0.0394261305256
-0.0417504289441
-0.0263512726819
0.000574288291839
-0.0676393600611
-0.0667097438959
-0.0216634585498
-0.027937586387
-0.0383534050927
-0.00962602497724
-0.0368074128163
-0.0022566902876
-0.0029154322992
-0.00557893283916
-0.0498093691166
-0.0472090942992
-0.0244870197962
-0.0733133452928
-0.0593707686046
-0.00380936465864
-0.0313399951009
-0.0438290930522
-0.0558937975627
-0.0452102309716
-0.0276715607832
0.0113925827353
-0.000256927992729
0.0019391263598
0.00653931736382
-0.0663364661167
-0.0495405706803
-0.0437137531246
-0.0567123116507
-0.0750819038253
-0.0364196315901
-0.0355874653726
0.00652988428815
0.000429010671434
0.00812134230614
-0.000288212230848
-0.0134931869014
-0.043260774159
-0.0642861652349
-0.0132842995212
-0.0654871517592
-0.0682357330458
-0.0297438455692
-0.0380650533113
-0.016121648459
-0.065535286253
-0.0624023107933
-0.0618891745522
-0.0437665060879
-0.0128636654835
-0.0168200600312
-0.0129898283716
-0.0206670238558
-0.017326291242
-0.0680523775001
-0.0509143378961
-0.0701216722604
-0.0720986268408
-0.071931693262
-0.0606113333712
-0.0406255518783
-0.0195089673573
-0.00126109266738
-0.0701117690984
-0.0681316755787
0.00556017857896
-0.0287865418488
-0.0211204166853
-0.0349046341211
0.00371025779038
-0.000293407469242
0.000962252851434
0.00604965836707
-0.0275823316203
-0.0688142797886
-0.06321941278
-0.054569509743
-0.0475317195899
-0.0303326919337
-0.0730490863166
-0.000381746410542
0.00201320138282
-0.0118729234498
-0.0402640068414
-0.0619617561432
-0.0591016658496
0.000927888537566
-0.00156781828289
-0.0567633417884
-0.0508202199192
0.00747494575186
0.00711504829419
-0.0300094120136
-0.0134094105667
-0.0373755593198
-0.0378531142712
-0.0343599495199
-0.0102799431702
0.0232311007798
-0.00801311933125
-0.0616831976083
-0.0570697665397
-0.00589117753674
-0.0036238832087
-0.0464596333681
-0.0449935606759
0.0075572267344
0.00375301737873
-0.0255418293203
-0.0288794614812
-0.0416704278232
-0.0434930261622
-0.0309288231727
-0.0209000085919
-0.0249744277388
-0.0170970905235
)
;

boundaryField
{
    bottomWall
    {
        type            zeroGradient;
    }
    leftWall
    {
        type            zeroGradient;
    }
    rightWall
    {
        type            zeroGradient;
    }
    movingTop
    {
        type            zeroGradient;
    }
    front
    {
        type            empty;
    }
    back
    {
        type            empty;
    }
}


// ************************************************************************* //
