/*--------------------------------*- C++ -*----------------------------------*\
  =========                 |
  \\      /  F ield         | OpenFOAM: The Open Source CFD Toolbox
   \\    /   O peration     | Website:  https://openfoam.org
    \\  /    A nd           | Version:  14
     \\/     M anipulation  |
\*---------------------------------------------------------------------------*/
FoamFile
{
    format      ascii;
    class       volScalarField;
    location    "72.999999999985";
    object      p;
}
// * * * * * * * * * * * * * * * * * * * * * * * * * * * * * * * * * * * * * //

dimensions      [0 2 -2 0 0 0 0];

internalField   nonuniform List<scalar> 
2646
(
-6.54103431629e-10
0.000175629097248
0.00036191759981
0.000638304380009
-0.000125533841543
0.0163402603965
0.000994284105317
-0.0128006779648
-0.00732628945388
-0.0212228781443
-0.00312761645735
-0.0103384103508
-0.0300441623926
-0.0169754793449
-0.020037945505
0.00762260569915
-0.000419545885503
-0.000182381196689
-0.0063596394774
-0.00305347602354
-0.00254902391567
-0.00113772284364
-0.00203795531258
-0.00416656525261
0.009912078692
0.00343506522159
-0.00917663447102
-0.00822921310279
-0.0160870027205
-0.00464194430405
-0.00237976684026
-0.000578483897193
0.000511358730873
0.00695655560817
0.0106789637744
0.00108348680656
-0.010394805995
-0.0193616119183
-0.0335978607568
0.00114150473913
0.0141640460647
0.0087700497796
0.00698015332942
0.00659280531104
0.00738975732307
0.00714717581393
0.00763013292803
-0.00551727072315
0.00349135468649
-0.00189917930462
-0.0137821256783
-0.0197598184822
-0.0217018210169
-0.0209921120322
-3.1530294632e-05
0.00163025052709
-0.0114292954354
-0.0305315797889
-0.0303829438922
-0.0257558292547
-0.0159075231618
-0.00457089579103
-0.0321583666629
0.00126591828422
-0.020755687926
0.00235155439524
-0.00699666652193
0.00161838968047
-0.00420334542304
-0.00246004067383
-0.0117050130377
-2.68129553559e-05
-0.00352258730441
0.0017468465434
-0.00542581094022
-0.0252953626708
0.000447502704712
0.00128270223323
0.0046775132311
-0.00398099197126
0.00114653950486
-0.00333917391338
-0.0205903301123
-0.0212988436105
-0.00731181852525
-0.00768668615637
-0.00278826331861
0.00841278120464
-0.033909171349
-0.0263974159776
-0.0599865489613
-0.000788866922671
-0.0564838621418
-0.0552384179267
-0.0597580036644
-0.0393850234888
-0.0263589392486
-0.0579042347154
-0.00117816519574
-0.0453865375988
-0.00284529940081
-0.0418170742571
0.00284668865339
-0.0417441068993
-0.0687620215461
-0.0403248213251
0.0135918263257
-0.0518161594031
-0.0105290600854
-0.0411946890116
-0.0248651105761
-0.00365703553194
0.00678124803876
0.00726370032728
0.0148181417105
0.00814486588851
-0.0195013994803
-0.0521158603731
-0.0612481831748
-0.0365536774261
-0.0067316951283
-0.0337060309122
-0.0157999253061
-0.00335109072632
-0.0170591112253
-0.000912879196889
0.000168897761761
0.0254088845869
-0.0334109115801
0.0035173346295
-0.0534563982702
-0.0369658177292
-0.0569667531213
-0.0638558925712
-0.0287826900514
0.00490626751062
0.000252219250932
-0.0500566933614
-0.0414689746083
-0.0486436799101
-0.0592304283087
-0.0442001412562
-0.0237620298058
-0.0577148814474
-0.00373882464647
-0.0492906619553
0.00710475480289
-0.0608781371246
0.017658247196
-0.0476186337627
-0.0235660639383
-0.066458218451
-0.00676800716506
-0.020876350365
-0.0112512823005
0.000114588315143
-0.0363465260592
0.00104716830294
-0.013068106975
0.0156111316947
0.054903184718
0.00723564337527
-0.0198095878119
-0.0684570880559
-0.051348116397
-0.037654320911
-0.0270073689848
0.228143144289
0.0618163572251
0.0683156460017
0.0533421779686
0.0563874674729
-0.0225644197752
-0.0271709838121
-0.000331805245086
-0.00197374567526
-0.00831783991738
-0.0138797923785
0.000466312754462
-0.00026063001658
-0.0180654684554
-0.000125620735042
-0.0139904753949
-0.00824108307177
0.00512441178118
0.000356680361411
0.0101277235628
0.00753434700605
-0.031532237797
-0.021355632892
-0.00226748520177
-0.000771862713143
-0.0175780184823
-0.0177123804512
9.45959758811e-05
0.000770517619482
-0.00199024952271
-0.0104964139225
-0.00957551248336
-0.020969127658
-0.00815469068452
0.00356339352144
0.00444774609309
0.00482695173563
-0.0325620346122
-0.00984057332831
-0.00041898679856
-0.0623054800256
-0.000117142014163
0.00323711808047
0.00717179685106
-0.0685303016448
-0.0440113657593
-0.0625672446606
-0.0661969186801
-0.029298471602
-0.000263430810094
-0.00199297965777
-0.00657801558759
-0.0548156397031
-0.0590496064837
-0.0387084853825
-0.0254598942779
-0.0406471033106
-0.0347260357403
-0.0108588461634
-0.00677418551641
-0.0161416657616
-0.00409820329659
-0.0404522325471
-0.0320837661023
-0.0201510761711
-0.0696621158514
-0.0391935981235
-0.00122494750239
-0.0103616340363
-0.0438188555553
-0.0169619497076
-0.0113516705905
-0.0708700694586
-0.00793484144407
-0.0614119950997
-0.0704943721645
-0.00442977215651
-0.00292119125966
-0.0527218407107
-0.0503210763402
-0.0226708643981
-0.024164155952
-0.0618096880622
-0.0618825068312
-0.0553737547466
-0.0766891359709
-0.0704890617066
-0.0530670034734
-0.0529220364673
-0.0442580615978
-0.04278591758
-0.0693316538746
-0.0141153624301
-0.0134173093377
0.000409900218742
-0.0746515514205
-0.0734879338571
-0.0570080646437
-0.048586152858
-0.0506338638522
-0.0699391431726
-0.0542409448734
-0.0755467488659
-0.0686946428887
-0.0598819858608
-0.0272544442148
0.000673268658734
-0.00873566382276
-0.044971940897
-0.0669058167099
-0.0641600975662
-0.026105205143
-0.0016844656737
-0.0375239003784
-0.0617505916318
-0.0342553969495
-0.0669129028191
-0.0394601751418
-0.0205635970281
-0.0157583016966
-0.0136190360444
-0.0111435144762
-0.029599536001
-0.0628708898719
-0.0394741723221
-0.0431999821279
-0.0179111719655
-0.0421928025684
-0.0125712566477
-0.0329520927895
-0.0495854419164
-0.0152107409947
-0.0665480465403
-0.0330104311336
0.000202187265827
0.00661127345315
-0.00516347056696
-0.00114295341939
-0.0342311538097
-0.0351647566568
0.0020325765875
-0.000368332219126
-0.00488223371178
-0.0389071856015
-0.0111843819429
-0.0267902605668
-0.0665317391703
-0.037522215698
-0.0354876264736
-0.0181269108005
-0.0349449846781
-0.0168345898439
-0.0342453375028
-0.016172653099
-0.0172679691087
-0.0494557304319
-0.0416665655233
-0.0256454174067
-0.00105202941567
-0.00250818822136
0.00109571311855
-0.054959229014
-0.0647656596929
-0.0691121300242
-0.0721754805136
-0.0290136708701
-0.0579684865828
-0.00948090499768
-0.0643411220063
-0.0076024985946
-0.0114701116653
-0.00632747507068
-0.0673165464671
-0.090579808444
-0.096458492522
-0.100819340182
-0.0238134303102
-0.06200494643
-0.103730794966
-0.0323133880921
-0.0608746591154
-0.0991801389807
-0.0104773644032
-0.0775279261504
-0.0664536014286
-0.0453042537933
-0.105258292875
-0.048941602805
-0.097813788231
-0.0956524925489
-0.101657882558
-0.105448831585
-0.10217458105
-0.0978552319188
-0.0986643687683
-0.0353445462353
-0.0324767484975
-0.0365541113706
-0.0984016689765
-0.0895805618551
-0.0660689542634
-0.0662567978284
-0.0466268429833
-0.0414156767356
-0.0957652421966
-0.0375217097773
-0.0409148383646
-0.0616404545405
-0.100406375023
-0.0934573041729
-0.0589479019895
-0.0672936003579
-0.0917943772831
-0.101940935682
-0.057534116189
-0.0573954297268
-0.101566984388
-0.0932693700596
-0.0695816839942
-0.0674364035304
-0.10284492891
-0.0384419801683
-0.0621905296075
-0.102766246269
0.00713836268553
-0.103585642215
-0.0414292197671
-0.0656366681429
-0.0283654589522
-0.0797524816969
-0.0418509974614
-0.0917209294382
-0.0885869676178
-0.101072491744
-0.0765160538054
-0.101938291335
-0.0482779008889
-0.10010943818
-0.0913111145818
-0.0968159665303
-0.0892528577861
0.00376887799867
-0.105371061415
-0.103997106891
-0.100405370428
-0.100593879218
0.00367971663329
-0.0967185193411
-0.101388983977
-0.0339617740724
-0.101326202922
-0.100912943263
-0.0463281505673
-0.0370057056948
-0.0595497823099
-0.00517305202815
-0.0404206283384
-0.100006885907
-0.102655383514
-0.037323758002
-0.0997593116314
-0.103073542092
-0.0227072866516
-0.0983006425244
-0.0841861161348
-0.0339006607794
-0.0333315206142
-0.0362094271054
-0.0603496812214
-0.0655398891035
-0.0995678435043
-0.0966580231723
-0.0361048269648
-0.039499667368
-0.00647781134995
-0.0164685888306
-0.0988416526558
-0.00291030575781
-0.0942602987011
-0.000552105741215
-0.0324706844082
-0.0991564745911
-0.0323368648969
-0.100749889362
-0.0305160578135
-0.0929593446243
-0.00201707590447
-0.0934389026199
-0.0976851951391
-0.0945534632202
0.00780461518232
-0.101022583466
-0.10043609558
-0.101187974367
-0.0113852851321
-0.0896737345717
-0.0988532032886
-0.103341812172
-0.0933701420411
-0.0954695832162
-0.00167100164189
-0.0968643710103
-0.066300884149
-0.101544129876
-0.0194299686777
-0.0258170961757
-0.0275832665956
-0.0642658421398
-0.0368593370544
-0.0722043182648
-0.0822825242885
-0.092504700993
-0.0780382759524
-0.0365566948868
-0.0644130284362
-0.0643034921131
-0.105809783011
-0.0433473051622
-0.0355848863397
-0.046697186681
-0.0438933876322
-0.0797526151461
-0.0530988281709
-0.0767088850522
-0.050419287378
-0.0583251610527
-0.0530375474526
-0.095569950572
-0.0574766403521
-0.0596252632962
-0.0583505737274
-0.0483833110068
-0.0616378924393
-0.0222907540407
-0.0370758634906
-0.0323206618593
-0.100548241642
-0.0690587818593
-0.0297240444598
-0.103099701482
-0.0367079523064
-0.0935299969237
-0.101105865796
-0.087314386091
0.0106876145728
-0.0101468350766
-0.0736617942336
-0.063526087753
-0.0330641273344
-0.0655048773886
-0.0491586500893
-0.0427588540759
-0.0413105466779
-0.0183924197578
-0.0302941969957
-0.100560289104
-0.0862693256666
-0.101160979214
-0.101596039297
0.00321451742158
-0.100712096038
-0.0601639226493
-0.0574380218452
-0.0981753263869
-0.0554513123673
-0.0953336990024
-0.0037500629294
-0.0802036899501
-0.0901186747823
-0.0992854554461
-0.0847724656962
-0.0933076825801
-0.028533574364
-0.0927951549853
-0.00764785400749
-0.00936205541927
-0.102578424891
-0.0911246792958
-0.10140812099
-0.102404856048
-0.0427574458207
-0.0668742400769
-0.0129362489829
-0.100362589218
-0.0298052034262
-0.0994346737278
-0.0951177824267
-0.0605800053799
-0.0679636965147
-0.0655972158711
-6.09936366435e-05
-0.0982207726032
-0.098252681977
-0.0566557321381
-0.0951101477842
-0.0994828384432
-0.0705076132385
0.00578007738381
-0.0703945235079
-0.0335919085097
-0.102142840403
-0.0868271519679
-0.0618088334804
-0.061870813598
-0.0900896696715
-0.067661488154
-0.0905530409938
-0.0341900262582
-0.0347050330681
-0.0655374597314
-0.0021577694135
-0.0831364603953
-0.0359308521199
-0.0286051088936
-0.0709846969532
-0.0966971008742
-0.0863780832845
-0.0686020331515
-0.0791247564461
-0.00980882877982
-0.091164841987
-0.044307306149
-0.00744537022821
-0.064160498552
-0.0892305150921
-0.0364707115495
-0.0762315783284
-0.0934038574129
-0.00934537244035
0.00270060240856
-0.0139354581258
-0.01044817681
-0.0229651867958
-0.0367447221117
-0.0133429994065
-0.104635147558
-0.0192860825458
-0.0477547639145
-0.103134690165
-0.00154352098278
-0.0903719191841
-0.0409174726283
-0.0674395981849
-0.0673919408827
-0.00860206215086
-0.0327029846252
-0.0672565321639
-0.0939813638263
-0.0370143480981
-0.0440480345454
-0.0169295224251
-0.00635421990691
-0.0232149602307
-0.0363484836058
-0.034617843319
-0.0795817123195
-0.0441911219765
-0.0324329807035
-0.0612055239215
-0.00328411755529
-0.0539799047512
-0.0167283559873
-0.00775789849982
-0.0402515654825
-0.0193271819181
-0.0274570451627
-0.0428696451035
-0.0602459643442
-0.0941044187535
-0.0855620443454
-0.0480139288037
-0.0318348377193
-0.0891927906367
-0.0533278771099
-0.0828858901199
-0.0626549207592
-0.0491548124809
-0.0925567685632
-0.0916155188606
-0.00803396909049
-0.0549080548298
-0.0436735934835
-0.0565124394268
-0.00951976574491
-0.0812734316366
-0.0385526660756
-0.0818830826399
-0.0670254419276
-0.0316592315763
-0.101436268827
-0.0918747559728
-0.0918944598166
-0.00193481325569
-0.0383847708627
-0.0611131970027
-0.0914199108753
0.00149883904576
-0.00401067849315
-0.0902263738422
-0.0433315344671
-0.0347589078573
-0.00614164868306
-0.0942624169735
-0.00215715644123
-0.0187035280125
-0.0673712910436
-0.0665947877813
-0.0919427537166
-0.0719177686071
-0.0924567776013
-0.0883820349969
-0.082930793027
-0.105750988031
-0.0910253673756
-0.000965089788714
-0.100489104183
-0.0380761259761
-0.0752840342395
-0.037622599762
-0.0470883500954
-0.0710460730236
-0.000274985777644
-0.0535103984595
-0.0862822253599
-0.034431926099
-0.0648054643234
-0.0670484823643
-0.0235782848357
-0.0147890381992
-0.0693330814813
-0.0204301154696
-0.00973768861448
-0.0523324811143
-0.0865895809655
-0.017657054476
-0.0711525534062
-0.0614273503678
-0.0386435517318
-0.0557097145971
-0.0542210626677
-0.0897340236008
-0.0386983836844
-0.0301832787123
-0.00298944553533
-0.092255082719
-0.0871128805679
-0.0440366122551
-0.0044582195416
-0.0171824017236
-0.0836875324031
-0.0437966070705
-0.0719224285467
-0.0902831700683
-0.0204416324882
0.0096110448264
-0.0243746997582
-0.0181732716358
-0.0757880677696
-0.000392731638344
0.00624612885966
-0.0225658244993
-0.0654614924202
-0.0284138549291
-0.0937890789365
-0.0907948842154
-0.0554917542537
-0.0720669636708
-0.0719395369333
-0.0634744720425
-0.0910259526024
-0.087956698765
-0.0281120288949
-0.0260506126205
-0.0689811802873
-0.0367120754297
-0.0891818387928
-0.0907222775639
-0.00483741454961
-0.027371546758
-0.0706516852713
-0.0277336985325
-0.0120640044081
-0.0898168703103
-0.0982343860926
-0.0888827684329
-0.0997192522597
-0.0706456075783
-0.020968674826
-0.0233961474605
-0.00331629418208
-0.0752710190154
-0.0407157500928
-0.0670278843257
-0.0242368735147
-0.0547958026231
-0.00306306501698
-0.0898296059891
-0.0605566072872
-0.0724286413712
-0.0203014829382
-0.0852601653909
-0.0287459328859
-0.0732844188413
-0.0839840489909
-0.101463988242
-0.0427832757646
-0.0638327705612
-0.0628452074668
-0.0350878248982
-0.0835573553054
-0.0379465545049
-0.0662570618243
-0.0469146361002
-0.0697991098265
-0.047298091788
-0.0649111559528
-0.0831010020557
-0.101913803565
-0.0693987206888
-0.0823159730819
-0.050437194277
-0.0849625563685
-0.104847296989
-0.0864698247041
-0.0333208179359
-0.0648446295823
-0.0823500105731
-0.0198702667636
-0.0460036213953
-0.0669645090308
-0.0804094180465
-0.083697679895
-0.0820659826821
-0.0854326858784
-0.0432227254897
-0.0581715814504
-0.0888965762531
-0.0654440983372
-0.0845691937206
-0.0480213147968
-0.0691164923812
-0.0237707001219
-0.0597914528003
-0.0868655829022
-0.0758818147154
-0.0644623933422
-0.00318635069403
-0.0649337293288
-0.085871760021
-0.0353021849818
-0.0296300318841
-0.0802374609887
-0.0626127168986
0.0075307256638
-0.0785697098186
-0.0892159292843
-0.0475676658201
-0.00547047633185
-0.00162835937682
-0.0939884628036
-0.0745588150611
-0.0490764578554
-0.0814304483128
-0.0456915335757
-0.0538106946556
-0.1025955945
-0.0509062083089
-0.0602195893681
-0.0628389022419
-0.0548499078972
-0.080252058993
-0.0787932111582
-0.0594857180807
-0.0732550895103
-0.0827651104091
-0.0917615827209
-0.0818111688575
-0.0849520122067
-0.0841653300937
-0.000154764762114
-0.000710648640715
-0.0261507904334
-0.0621811157456
-0.0569250952709
-0.0637240983781
-0.0513938709486
-0.0712806000462
-0.0917689480752
-0.0934830520569
-0.0981560862539
-0.00252883700719
-0.0263009183299
-0.105242873925
-0.0224696482918
-0.0586489091078
-0.0596425938364
-0.0749281883312
-0.0776937968817
-0.0752000866313
-0.0606428916993
-0.100123788867
-0.0693026553045
-0.0296459125319
-0.000812253570172
-0.0187874150569
-0.0934572038568
-0.081202173806
-0.0408458996189
-0.0689916431436
-0.0678627648363
-0.0206287997404
-0.0789203142467
-0.0604527440931
-0.0854076631091
-0.0872270944209
-0.00640911245609
-0.0040200554173
-0.00928373657098
-0.0541514146205
-0.092843120876
-0.0574909847595
-0.0585584896601
-0.070609203537
-0.0799287463898
-0.0579447060882
-0.083816357724
-0.072514578262
-0.0899470883288
-0.0790779291342
-0.0154547935147
-0.0760296201488
-0.0583168131454
-0.09224814909
-0.0738880088096
-0.0811089980496
-0.000256073702805
-0.0447888494268
-0.0492849906787
-0.0961914289852
-0.0642682344626
-0.0403842702614
-0.0572277454486
-0.0868224450822
-0.0767543533193
-0.0513802449735
-0.100330563766
-0.0745252049553
-0.000558972732757
-0.0598388162065
-0.0879489294242
-0.0964883578374
-0.0403747741132
-0.0199319674822
-0.0600522125221
-0.0967155284298
-0.0256920432343
-0.0681120167546
-0.0970489809681
-0.0740190636485
-0.0599786851089
-0.0441308888299
-0.0134753772213
-0.0349854719699
-0.0787420043573
-0.085268209972
-0.0321183302577
-0.086273295418
-0.0808441556907
-0.0744103939611
-0.0265694754772
-0.0820719118916
-0.0100560627642
-0.0542957715123
-0.0514928380174
-0.0781361604911
-0.0877726707392
-0.0763272758792
-0.0877707997116
-0.0848488919147
-0.08239255889
-0.0747466593987
-0.0892905649733
-0.0823355776285
-0.0995203088043
-0.0576835953701
-0.0040949069163
-0.0506966732028
-0.052814072514
-0.0992933748721
-0.049865550407
-0.0956232164535
-0.102450878383
-0.0548685415271
-0.0866611433577
-0.0846594905617
-0.0208292347817
-0.0835309925693
-0.0973350890745
-0.0433730297705
-0.0926308950467
-0.0936860533315
-0.0830291310605
-0.0826114499726
-0.0809266852342
-0.0813882801284
-0.102812387808
-0.0120235009728
-0.105407456184
-0.0639440059627
-0.0704195447965
-0.0996542000998
-0.0496178322423
-0.0767806315672
-0.0968324951003
-0.0118046929853
-0.103292122957
-0.0155464025373
-0.0424356817647
-0.0704014365833
-0.0974193386135
-0.0917970883791
-0.0649113362198
-0.0914929057166
-0.0770316720625
-0.0758447188932
-0.0794413162188
-0.0486306969455
-0.0952031983951
-0.0785167136539
-0.0961603200969
-0.050725857794
-0.0802527224466
-0.0955100600344
-0.0492558339698
-0.103428237036
-0.0955535111255
-0.0933040400316
-0.102279848463
-0.0824810614474
-0.0328395576743
-0.0839688716807
-0.0887909777354
-0.0456694888478
-0.105371258281
-0.0723349410016
-0.0948032459874
-0.0794095868508
-0.00626749309963
-0.0773760982708
-0.0959038521587
-0.0873927550033
-0.0972987327859
-0.0736503470744
-0.0271689960234
-0.0689735459608
-0.0826054222713
-0.0507941015983
-0.0605574700073
-0.0792605670816
-0.0570660223108
-0.0947415042831
-0.0552913815531
-0.0686357808515
-0.0465571820436
0.00561297244461
-0.0905477705966
-0.042935772813
-0.0533888482638
-0.10020375904
-0.0892719139086
-0.0948360910545
-0.0768325309912
-0.0788449426706
-0.0637248276504
-0.0635466677273
-0.0733598666284
-0.0626235199925
-0.095161972936
-0.100963945765
-0.0641285456465
-0.0577550922875
-0.0814148154334
-0.0881357635572
-0.0986261844848
-0.0884403521553
-0.0991706238754
-0.0747009886784
-0.0939557723539
-0.105529805477
-0.079197268787
-0.100318439752
-0.0972458153515
-0.0849721157787
-0.105690078786
-0.0966888629953
-0.0700761635735
-0.0216313793145
-0.0247191301356
-0.0911621681155
-0.0685322328224
-0.0526199150254
-0.0996998879616
-0.0872516011605
-0.0714657305712
-0.0700604817764
-0.0488236139805
-0.0737509380238
-0.0779473695665
-0.087941931861
-0.0613082262567
-0.0881890717126
-0.0959790950903
-0.0708081386141
-0.0104239143208
-0.0969952623628
-0.0550036988555
-0.0614757561212
-0.0909933508098
-0.0663619239589
-0.0644029125087
-0.0779983767865
-0.0974135106759
-0.0743891527323
-0.0950289495379
-0.0274956262274
-0.00449481720001
-0.0811862031409
-0.097857808075
-0.0848195341643
-0.0530560663427
-0.059087616238
-0.0433231233749
-0.0519900647947
-0.0417011295838
-0.0669669546641
-0.0330681882782
-0.0746567361714
-0.0316416923336
-0.0458248334552
-0.097088258574
-0.0104165054084
-0.0870630063968
-0.0880453879629
-0.0528106924948
-0.0993575084033
-0.096769561913
-0.0835865134292
-0.0518612500081
-0.0918365428859
-0.0845532668121
-0.0781704292529
-0.0804569089649
-0.0181128518265
-0.0517023398575
-0.0845191187408
-0.0511333597278
-0.04212249263
-0.0757904084318
-0.0996987240482
-0.0805645563415
-0.053599466658
-0.0634005015611
-0.0801794368305
-0.0994943816969
-0.0977454971053
-0.0936939580081
-0.0948663100848
-0.085274404152
-0.0771951980719
-0.0816137976346
-0.0452356973664
-0.0972928062712
-0.0628928962484
-0.0825602804088
-0.0922332460031
-0.101435667635
-0.090714361464
-0.0655008345859
-0.0257631976184
-0.0887903529344
-0.0484966284248
-0.0784100606491
-0.0569824017794
-0.0921914452511
-0.0320961106904
-0.0274700645839
-0.038351324424
-0.101583196947
-0.044137567839
-0.0441509639332
-0.0655242771883
-0.0158420118719
-0.0166834747728
-0.0324156037144
-0.0565582288816
-0.0884080705689
-0.0830719635484
-0.0517643820728
-0.0807890728494
-0.0744300739512
-0.101280104743
-0.0121642589051
-0.0614786189044
-0.0602546798712
-0.0725083050219
-0.0705625185873
-0.091513117722
-0.101730924416
-0.0531137658753
-0.024325595976
-0.0345892255569
-0.0760837190642
-0.0908287868502
-0.0777473822281
-0.0864134967923
-0.0882028338217
-0.083401287159
-0.0550494731493
-0.0150009917571
-0.00667625577148
-0.0474617569134
-0.0959464167355
-0.0546221258717
-0.0934479768858
-0.0240960660112
-0.0143289579528
-0.0315660768451
-0.086978163173
-0.0832051633285
-0.0539533070145
-0.0483254337263
-0.0708942139333
-0.0761341745343
-0.0744537898932
-0.1046679999
-0.0371054335267
-0.0834496435859
-0.040098794942
-0.0988534260834
-0.0507800179642
-0.0848368021768
-0.0711097074363
-0.0667506460453
-0.0642155532952
-0.073596754292
-0.0801650649858
-0.0850178709363
-0.104509936645
0.000149652702159
-0.0856513457271
-0.0841858223794
-0.0688744000961
-0.102954087731
-0.0451708334214
-0.0986774731847
-0.0364714737038
-0.061501435554
-0.098780862306
-0.0164869600582
-0.0847984589455
-0.0857363486142
-0.0678918473456
-0.0506734421668
-0.0731955687658
-0.0916789472786
-0.0908686898408
-0.0634087550451
-0.0193031276343
-0.0420552975063
-0.0963524987409
-0.0805920036882
-0.0995279989759
-0.0598777216887
-0.0286569928838
-0.0641031441811
-0.0885417104551
-0.022645102554
-0.0646071386704
-0.0963943072436
-0.0991527767475
-0.0955720542286
-0.0932009207967
-0.0356537164485
-0.096347374749
-0.0938088732913
-0.0628900995172
-0.0450079944409
-0.0980332365178
-0.0860177808348
-0.0893368500875
-0.099660279429
-0.0924336000085
-0.084903321607
-0.0903921910255
0.00100053426973
-0.0850539538417
-0.0261928390952
-0.0894848709395
-0.0807558532462
-0.0864715772443
-0.0930240656909
-0.0251646467373
-0.00468079710659
-0.0995188524704
-0.089798233703
-0.0952526980777
-0.0804144051514
-0.0477055960792
-0.0697083924106
-0.060454556411
-0.0375344353331
-0.0877852671717
-0.0594519795012
-0.0895719300469
-0.0736911514543
-0.0676204323866
-0.0975316753957
-0.0500531710754
-0.0993811006459
-0.0756950126121
-0.0504267915035
-0.0877925575355
-0.0313860839327
-0.0216472040246
-0.0173323903004
-0.062893838848
-0.0116013961334
-0.0626357160386
-0.0626170611337
-0.0306227905748
-0.100847260444
-0.0827629225811
-0.0857496853332
-0.085163905665
-0.0568097917233
-0.027246878289
-0.0793950756713
-0.0136423196841
-0.0788274666944
-0.0899577247218
-0.0678492984078
-0.0956481893905
-0.0701589816005
-0.0779374519892
-0.0909655831537
-0.0593462689013
-0.0204053795189
-0.0839728932063
-0.0621661069633
-0.0666745196151
-0.043683684455
-0.0853476123373
-0.0869921539076
-0.0678263619767
-0.0526518839949
-0.0984016748294
-0.0456748711315
-0.100237544179
-0.0877631372003
-0.0756201159328
-0.100762408557
-0.0955171472634
-0.0793574870099
-0.075475978522
-0.0707287819383
-0.0990654835345
-0.0662138519073
-0.0977029384215
-0.0900117946551
-0.100861388794
-0.0958594819314
-0.0983472999633
-0.0795776913752
-0.0994785819442
-0.0893498240266
-0.0688826254773
-0.0724890721256
-0.0271696378172
-0.0540953072988
-0.0876145351387
-0.0739245033133
-0.0837462337828
-0.0260687510187
-0.0814846670341
-0.0402336456358
-0.0789496405027
-0.0787801363468
-0.076741253444
-0.0936221811308
-0.0852756471818
-0.0683371999963
-0.0712445902854
-0.0569200360304
-0.053784210711
-0.0923188157442
-0.0726979827245
-0.0670483560636
0.00883658983865
-0.10473724976
-0.0950044959865
-0.0724379423922
-0.0832068927829
-0.0374128292094
-0.0512150676334
-0.0787228089453
-0.0581452723645
-0.0762350419223
-0.09267313341
-0.0116169603408
-0.0598270179299
-0.10239087746
-0.0799445419257
-0.0243927021353
-0.0530108810071
-0.0736064997332
-0.00610160248066
-0.0730784803218
-0.0986862824185
-0.0960588593697
-0.0958904994374
-0.0781801813992
-0.0765687091034
-0.0684159130139
-0.0970455495223
-0.00703978985724
-0.0804826286695
-0.0815832809139
-0.0746116646458
-0.096751694887
-0.0863993192926
-0.0812459736955
-0.0868539495276
-0.0688889703204
-0.09021992671
-0.0801797489879
-0.0612515311231
-0.0941203705219
-0.0274059890571
-0.0360920661387
-0.082271887366
-0.100472004533
-0.034099983894
-0.100366925546
-0.0739494116501
-0.10226786271
-0.0804074283524
-0.0940813348446
-0.0994840991374
-0.0721476526776
-0.0629203215964
-0.0943250701597
-0.0224324452535
-0.0516906496617
-0.10328776879
-0.0855056528113
-0.101572589515
-0.0761622675862
-0.0513755132463
-0.0523217040106
-0.0543009327436
-0.0761949758017
-0.02401592179
-0.104106926787
-0.100134439225
-0.0712623849707
-0.100894080955
-0.0220645997878
-0.0614789553501
-0.0997042299505
-0.102167745236
-0.049863153486
-0.0720952407037
-0.0771067380642
-0.103910465484
-0.10503496135
-0.0462516795034
-0.0912442546124
-0.00580093970364
-0.104269707518
-0.067407924414
-0.094931931987
-0.0317568896349
-0.0885766003731
-0.0869644735312
-0.0920053366172
-0.0239048358478
-0.049264145321
-0.0162368364742
-0.056497687041
-0.0829357507409
-0.0928537887095
-0.0990761022909
-0.029786762811
-0.0690658646652
-0.0314062229131
-0.07653515779
-0.003095255532
-0.000658595193276
-0.064911337248
-0.096587168292
-0.102398252249
-0.0716791464949
-0.0840775910531
-0.0500159063241
-0.0499965713321
-0.0570701664784
-0.0973493511831
-0.0801343301392
-0.0277826815435
-0.0926325038785
-0.03514231749
-0.0843676962151
-0.0126513414415
-0.097034907387
-0.0559327709077
-0.0839825221888
-0.0217219437944
-0.0221850821514
-0.0672589614298
-0.104287451634
-0.103984349489
-0.0662725196317
-0.0719340987095
-0.0874012556919
-0.0883965128972
-0.104893964965
-0.0313216702471
-0.0983240126397
-0.100827652988
-0.101567155911
-0.0700920730644
-0.0939592810916
-0.100411422677
-0.0416738984554
-0.0457465528511
-0.0466565959462
-0.0978930151574
-0.104016713947
-0.028419220264
-0.103032019163
-0.104570570333
-0.0479873474768
-0.0580719605866
-0.075946414275
-0.0802618894667
-0.104446824083
-0.0490227434067
-0.0903584467477
-0.0712732898377
-0.0796408467253
-0.0776028410287
-0.051455418574
-0.10432733564
-0.0906706127297
-0.0524552616971
-0.099655227196
-0.0988900608635
-0.0952814014345
-0.102661744392
-0.0930914049101
-0.0827594315079
-0.0590740950823
-0.0433847334865
-0.0918505632823
-0.0396374924178
-0.103233005781
-0.0369125342462
-0.052364549116
-0.0555284729967
-0.0595252184505
-0.0823644085706
-0.103451144818
-0.0686878608362
-0.0686388707859
-0.0522520622228
-0.0811367532439
-0.0730161545435
-0.00845586507423
-0.101732451985
-0.0773771999186
-0.048563587173
-0.0574601857896
-0.0876299059422
-0.0882739013587
-0.0915385547825
-0.0945485327936
-0.103793645115
-0.0964415087938
-0.0816496231135
-0.0446474392199
-0.0839667469483
-0.0970289511215
-0.0970361039649
-0.105482336375
-0.0859545390186
-0.0874903608865
-0.0900796566966
-0.102760830093
-0.0733721623473
-0.0813671306508
-0.0945218712769
-0.0940670071844
-0.0818668977945
-0.103860811041
-0.087401893131
-0.0747093403608
-0.0924493235897
-0.0963474678403
-0.0847577128095
-0.102754738662
-0.102534524358
-0.105286349298
-0.0960439270569
-0.0910604159847
-0.0905773830799
-0.0734028993173
-0.102301122596
-0.10373838301
-0.0959289767648
-0.102573861832
-0.104619178449
-0.0886529120676
-0.060764853539
-0.0993042319501
-0.0741101803023
-0.0887851858634
-0.0823208171351
-0.0479598250323
-0.0772780691679
-0.0752424272254
-0.0395390036657
-0.0831292388086
-0.105181801337
-0.0480307507979
-0.0415006271077
-0.105125108582
-0.0590441779843
-0.0908495213282
-0.0602415291779
-0.0457798506471
-0.104803021554
-0.0592927425335
-0.0643453339141
-0.0794482516156
-0.0936326854839
-0.0899660932553
-0.0903149191407
-0.0727660279132
-0.0752624794218
-0.0767208223497
-0.101699661714
-0.0513677764902
-0.0863000982383
-0.0800032128957
-0.0952221773715
-0.04667907994
-0.0971349232979
-0.0991604654536
-0.102667077353
-0.103643818388
-0.0980773441762
-0.095399710449
-0.0723730548646
-0.0981848784804
-0.104166508615
-0.0669835409164
-0.094604436071
-0.104730770759
-0.0395698155798
-0.0308928104293
-0.097145197768
-0.0257487085237
-0.101796371224
-0.0932465128055
-0.0986088505947
-0.089112927015
-0.103403615349
-0.0783818225944
-0.0948059925999
-0.0904705728544
-0.096674745131
-0.0546156992205
-0.0591882374939
-0.00635756199684
-0.085231926287
-0.0857685319134
-0.034186394146
-0.0777019251286
-0.0983699174071
-0.0935937607084
-0.0821665633519
-0.0557079278109
-0.105102622194
-0.0895890995283
-0.0993902316676
-0.0800930754495
-0.099005631423
-0.0546274418405
-0.076393616023
-0.0787690675152
-0.0935762942065
-0.0783681499234
-0.0272563194781
-0.0952896403586
-0.0793287340494
-0.0576788190534
-0.0868722022232
-0.0888021597142
-0.0505868033679
0.00333303563639
-0.0458843912765
-0.0567012151103
-0.101781592327
-0.0636600661452
-0.0369409377155
-0.0302488247519
-0.0963662266191
-0.0341247478037
-0.0841016372553
-0.0391152913205
-0.0383672747808
-0.0804463830429
-0.0484927000635
-0.0054630927372
-0.0434931297254
-0.0740831167926
-0.102373776997
-0.0970109784358
0.00410709319243
0.00558058919888
-0.0218445418695
-0.0944928454887
-0.0933270146116
-0.104705413242
-0.0817882538763
-0.0425092191866
-0.0964164641176
-0.0473690840509
-0.100703661877
-0.097598884148
-0.0706849880622
-0.104113990643
-0.0688771360748
-0.0789219206338
-0.094696577423
-0.0174063864529
-0.0630349963764
-0.0964961255168
-0.103875818212
-0.0731975741548
-0.105053069878
-0.0626948232145
-0.0934368134991
-0.102928015872
-0.103613568568
-0.0694735777181
-0.0407675864836
-0.0721924279197
-0.0556711187817
-0.0713742293527
-0.0748925341229
-0.0982265065051
-0.0657465677885
-0.073288287034
-0.0884582495042
-0.10487242524
-0.0968306667574
-0.0693496720743
-0.0664251481879
-0.0416275216446
-0.0952862052021
-0.0743312758962
-0.0756947361073
-0.0689739800008
-0.078413566625
-0.00605556139288
-0.0656656388737
-0.0385647566208
-0.0872906485639
-0.0947338987749
-0.101652596693
-0.0694820543144
-0.0697686251866
-0.0415670163102
-0.0807499911602
-0.0946593888785
-0.0584360882689
-0.0525844144485
-0.0684006245438
-0.0913944834471
-0.0790690747541
-0.0674233714618
-0.0683167969082
-0.0821081311109
-0.0844231762718
-0.0968524708868
-0.0947706770656
-0.0777936555172
-0.045038491026
-0.0574821017193
-0.0879809000662
-0.0579644063997
-0.0597039365582
-0.0623862958215
-0.0836412461912
-0.0615334238664
-0.0570352212278
-0.0719658114626
-0.0313679738271
-0.102112856667
0.00086807160993
-0.104915782856
-0.0840167898826
-0.0557997527207
-0.0991823124874
-0.0543291854924
-0.0965586853802
-0.0410495430007
-0.0682807518042
-0.0572846724376
-0.0629125486789
-0.066631507102
-0.0774709761573
-0.00382220940659
-0.0791294103724
-0.0456338056816
-0.0916157312558
-0.089660434607
-0.047331201671
0.0048392351262
-0.087636444106
-0.0808334521561
-0.0695846751947
-0.0574378637537
-0.0978417569569
-0.0737565702876
-0.0763576925535
-0.0524116091177
-0.0842898184699
-0.0557110809751
-0.0879020170714
-0.103383869017
-0.0776954210604
-0.075037137797
-0.0651147425543
-0.0983064803422
-0.0667550585995
-0.0589353474106
-0.0394613501028
-0.0724952340904
-0.0838505312938
-0.0768278155937
-0.103970382292
-0.103650937516
-0.0616445339702
-0.0924391553852
-0.0795923828788
-0.0915289213659
-0.0821092703447
-0.0941484571084
-0.077116901506
-0.0704469640185
-0.0510121097745
-0.0655173584489
-0.0771972650233
-0.015469498347
-0.0301912133697
-0.0588468266588
-0.0829172455923
-0.0349927991213
-0.06529595601
-0.0645429270596
-0.104211957749
-0.0586692584062
-0.104936127744
-0.0757215867773
-0.0864911907826
-0.0669176987331
-0.0478679429219
-0.10509170818
-0.0576721276607
-0.0833055649933
-0.0607131542861
-0.0566946281509
-0.0660118507631
-0.0594695706784
-0.0539588764782
-0.0412057376792
-0.0651857194691
-0.0942429543381
-0.0723963424022
-0.0833791630447
-0.0796402728065
-0.0933207313027
-0.0408872644366
-0.0314361751065
-0.068875723872
-0.0704306644916
-0.0641441748168
-0.0979906253883
-0.0897888189113
-0.092902603488
-0.0871800479325
-0.103477696077
-0.0275688707599
-0.0817948970855
-0.0639609954388
-0.0683568751928
-0.0981331748994
-0.0506988101105
-0.102567924741
-0.0882694195627
0.00284676974321
-0.00223028696358
-0.00149626512699
-0.0581004160659
-0.104383549069
-0.0912102170187
-0.0566285761417
-0.0665046619763
-0.0810339437935
-0.0497204384226
-0.0714645908856
-0.0960127381136
-0.0503561023572
-0.0629748138048
-0.0711451951346
-0.0527864243059
-0.032855046972
-0.0719054118474
-0.0866012617918
-0.0669469157774
-0.0311331283755
-0.103863486397
-0.0556374658724
-0.0670074160873
-0.0733905658073
-0.0653237494886
-0.0772652253005
-0.0538143894187
-0.0611535044537
-0.0990142907493
-0.0466674731136
-0.0841903574682
-0.0864955184468
-0.0879683645335
-0.0864931898342
-0.0686632697836
-0.104235562792
-0.0871945466056
-0.0740343518994
-0.0830521961446
-0.0785237740803
-0.0728543607024
-0.0728630839996
-0.0288486621273
-0.0936846838399
-0.0301472978698
-0.0290709902957
-0.0327516809484
-0.0634637922635
-0.0571796966615
-0.062844908821
-0.0190814426936
-0.00391276761051
-0.0929241954086
-0.0897284051327
-0.0518218558256
-0.0802245562544
-0.0289696750398
-0.031106350604
-0.0738430781821
-0.0912646428055
-0.0501021243392
0.00085165089983
-0.0902935892197
-0.0761727850662
-0.0836199771781
-0.0200864882584
-0.0545035492585
-0.0671186792479
-0.0902340737972
-0.0762771252377
-0.0774999596615
-0.0461469782156
-0.0754548079803
-0.09097297461
-0.104110237702
-0.0873018769091
-0.0131280836111
-0.0268899548533
-0.0919099131552
-0.0575599514048
-0.0805693842514
-0.0366289076144
-0.0136016976501
-0.0875925703862
-0.0532177791269
-0.0623681962669
-0.0930997812545
-0.0380825913403
-0.0756426786159
-0.0301312322285
-0.0808739192971
-0.0912436528265
-0.0547633298394
-0.0827268420367
-0.04861078727
-0.0979420840352
-0.0937103506622
-0.0661936562645
-0.0752798426285
-0.0640007860004
-0.098900254087
-0.0721941363298
-0.0605867256016
-0.0808511924557
-0.0361479520002
-0.0414336369815
-0.0779665728068
-0.086867775553
-0.0604442897892
-0.0796232227348
-0.0831989721735
-0.0895848548519
-0.0548146102249
-0.0438257177943
-0.0264167305934
-0.0745525618035
-0.0739493992141
-0.0747512562585
-0.0509271416916
-0.0937314524405
-0.0797810286608
-0.00206096357572
-0.0537115869048
-0.0870712157168
-0.0548825035358
-0.0549239393017
-0.0885259129912
-0.0806360929636
-0.00686851244919
-0.104309105436
-0.0938112121702
-0.0783717034913
-0.0687047738796
-0.0778703561394
-0.0854902089634
-0.0905670005403
-0.102325972835
-0.0556023903157
-0.00750896899545
-0.017354686443
-0.0786363263766
-0.010302055186
-0.0561074966196
-0.0524823373053
-0.0829359191717
-0.0695049719411
-0.0654545438841
-0.0508517458163
-0.0944734777594
-0.0698715279633
-0.0504874303351
-0.0419002342323
-0.0370075290329
-0.014274826529
-0.04551397224
-0.0939159670039
-0.0259130221795
-0.0529170648832
-0.0272144582894
-0.0334677009033
-0.0546842384366
-0.0483551183969
-0.0743768733161
-0.0908245231113
-0.0850058969383
-0.0293561986031
-0.0870671206889
-0.0862655598702
-0.0620136474998
-0.0945373599539
-0.0301276551185
-0.0391264392835
-0.0253909690653
-0.0741917947518
-0.0750107111557
-0.0601789427466
-0.0566238006117
-0.0652778899873
-0.102506723761
-0.00198958097496
-0.0870974450854
-0.0458370798963
-0.0871718454535
-0.0142588346811
-0.0251360772708
-0.0627224193038
-0.0170335503295
-0.0616805608283
-0.0672042224363
-0.0234021665073
-0.0496673117473
-0.0874088916081
-0.0947348247195
-0.0398591434313
-0.0943493734987
-0.0916152822913
-0.0857946365273
-0.012503233797
-0.0874093461599
-0.0855737241419
-0.0772136397661
-0.065477868087
-0.0719896341683
-0.0178318077944
-0.0573863154694
-0.10143921415
-0.0793231135885
-0.0881221865681
-0.0696449076596
-0.0324464678063
-0.0753218334291
-0.0915042400962
-0.0400172767831
-0.0349544406849
-0.103117898559
-0.0693013735466
-0.060910480929
-0.0637804586948
-0.0946756839856
-0.0690208456097
-0.0396560735629
-0.104704626444
-0.081642712341
-0.0619471789512
-0.0838131134775
-0.0893150112106
-0.0583597636918
-0.0895221067342
-0.0770318877737
-0.0836590576715
-0.0771340950399
-0.061153811871
-0.0715731455868
-0.0555017248183
-0.103163650197
-0.078779210061
-0.064046018665
-0.0152970973131
-0.0177039111815
-0.0817334340474
-0.0125171946521
-0.100372679976
-0.00243421351473
-0.00764982942205
-0.0547899295596
-0.0193447994664
-0.0624285395205
-0.0822408811813
-0.086058642054
-0.0776371430303
-0.00850711752829
-0.0599321452797
-0.0668400481919
-0.102379565835
-0.0837250055852
-0.00743029070418
0.000118602356546
-0.0882339706281
-0.0707249334417
-0.0843025924937
-0.0738536147702
-0.0621933959107
-0.0596009889165
0.000640098580448
-0.0220888437765
-0.0557946809847
-0.087923486774
-0.0722522952686
-0.00701375506101
-0.0121335334322
-0.102865751167
-0.0708543450489
-0.00869495971025
-0.0638189498628
-0.100182269844
-0.0987580518135
-0.08806235645
-0.0679599737307
-0.083761988333
-0.0832301690292
-0.068098600604
-0.0740084012951
-0.0180827485647
-0.0293948500283
-0.0855220066959
-0.050657111031
-0.00234083984244
-0.0714682249289
-0.0732793264299
-0.105553471826
-0.00122017004692
-0.0640808335045
-0.0656556357531
-0.0782551926276
-0.101172700258
-0.102089342832
-0.0639380671333
-0.0982047879677
-0.104551094219
-0.0402329966518
-0.0208420506579
-0.014528248854
-0.0792336091529
-0.0928158393598
-0.0799870118886
-0.0897523759914
-0.0916945674964
-0.0759089339858
-0.0804183477971
-0.0139672711351
-0.105650770313
-0.066526546822
-0.0388257738076
-0.0851732158999
-0.0858499043184
-0.067105698742
-0.0856161571437
-0.0526804596674
-0.0700195451551
-0.0126366081748
-0.0801365264392
-0.0845241113704
-0.0794366918977
-0.100801225
-0.0915453594479
-0.0775539929825
-0.0818028451367
-0.0779860903998
-0.103821938873
-0.0751397899461
-0.101166325406
-0.0661649149184
-0.0881137519245
-0.0758386105086
-0.0825812750336
-0.0111692601661
-0.091637919953
-0.0400087741775
-0.0687099769961
-0.000588129750871
-0.0554243063916
-0.0966163493437
-0.0838724743755
-0.0842408090961
-0.0717313783101
-0.103102013405
-0.0876662136521
-0.00371444653881
-0.0732956188991
-0.0976335833319
-0.0135082059431
-0.0651757129129
-0.0468650753814
-0.0720283052348
-0.0460706666792
-0.047787519167
-0.0703294273406
-0.0730017833793
-0.0785279743846
-0.0618688553444
-0.0535214321417
-0.048718539468
-0.0478416294736
-0.0795958402043
-0.0461619536547
-0.105218500387
-0.103709814286
-0.105407892877
-0.100829540915
-0.0603539361252
-0.105427713406
-0.0965075315682
-0.104830517984
-0.0843071806348
-0.0537502901054
-0.0906638746764
-0.015528265048
-0.0749336560994
-0.103352904603
-0.104608938281
-0.0560135065439
-0.0228529916617
-0.0717842316604
-0.0832300559351
-0.0868002828419
-0.0190966982245
-0.00182246147302
-0.0824593290457
-0.0451459402516
-0.103822712462
-0.0461414809357
-0.0319344329785
-0.0814451236191
-0.0332405489929
-0.0389866843955
-0.0340913683398
-0.0684494274816
-0.0317576689643
0.000145258802061
-0.0348137133626
-0.0562202667214
-0.0285516128141
-0.0546825240453
-0.04801957944
-0.0394290713731
-0.0497990475512
-0.0400884941424
-0.0427284420248
-0.0438018668103
-0.0412476087493
-0.0423499316399
-0.0441187780973
-0.0711636527369
-0.0373774438764
-0.0692162928247
-0.0332307661453
-0.0231946929165
-0.0409425926928
-0.0356342206033
-0.0286805381693
-0.0417830517097
-0.0275086272529
-0.0263123334815
-0.0225973990706
-0.0201197181661
-0.0137218501114
-0.015450536546
-0.0173880911919
-0.0311668614833
-0.00826406844676
-0.0111877735835
-0.0547567177358
-0.0392180902178
-0.00693426446101
-0.00117030582254
-0.0376486276138
-0.0734164679608
-0.0689713392775
-0.0498664786333
-0.0445594890054
-0.0677203280713
-0.0693370514743
-0.0407460331604
-0.025055587407
0.0189192000398
0.00845371819602
-0.000702745061291
0.00347846383974
0.00571615964544
-0.00185988747577
-0.0770741285827
-0.0614014105392
-0.00572379155171
-0.0276505574634
-0.0384607975177
-0.0631408487559
-0.0258441443226
-0.0364250092189
-0.00334419075418
-0.0447081241078
-0.0425925750568
-0.000879216269475
-0.0587573461472
-0.0763017397746
-0.0543189169311
-0.057972889478
-0.0434363189418
-0.0476638218409
-0.0660665258334
-0.0462762282603
-0.035845869452
-0.0539542161071
-0.0652346405968
-0.0235717381373
-0.00973834709353
-0.066322884313
-0.005506683443
-0.0120393018194
-0.0317405934965
0.00166280451337
0.00397843059395
-0.0575059380309
-0.0792362432194
-0.0780337654826
-0.0715414041067
-0.0508655249402
-0.0453105335814
-0.0601889662901
-0.0538655668561
-0.0746255537766
-0.0186068916158
-0.0749477276871
-0.0399017137665
-0.0607095956571
-0.0720576368514
-0.0736729774497
-0.0774693061589
-0.0220385480282
-0.0174874636947
-0.0332276343137
-0.0206455824119
-0.0184330743169
-0.0161092896861
-0.0698019988423
-0.00968630094952
-0.00469128613506
-0.0605459794021
-0.0569253187866
-0.0627540058427
-0.0715458836087
-0.0694488019914
-0.0561646624227
-0.00970493710899
-0.0658335953485
-0.0269365043058
-0.0507201931136
-0.0461079983871
-0.0253580867737
0.00393516636401
0.00506479929276
0.000769031947268
0.000540672527454
-0.0158246974564
-0.0768908988201
-0.00529840185951
-0.0472672287629
-0.0447185027829
-0.0291127775284
-0.0311413109666
-0.0117021605219
-0.0534540359337
-0.0112271813836
-0.0405797316272
-0.0160499333479
-0.00472976771669
-0.00299576922006
-0.00169334944524
-0.047402131261
-0.0171406901516
-0.0291990110253
-0.00442452835869
-0.0242941123313
-0.017926303047
-0.0374366471428
-0.0573127896068
-0.0228402640485
-0.0527755074423
-0.0546831321939
-0.0527984988835
-0.0388956435382
-0.00130797680927
0.00296577022726
0.0040047908228
-0.00293235512331
0.0217044247126
0.0195468779142
-0.000145796025729
-0.000712505473547
-0.0060515255357
-0.01241741265
-0.0366575612046
-0.0627824744564
-0.016167623651
-0.0253316455097
-0.0714867810887
-0.0432497200343
-0.00723763546486
-0.0462004205062
-0.0608920164704
-0.0261294060103
-0.0407268314208
-0.039759484636
-0.0604926985559
-0.0383737906638
-0.048886863455
-0.0494285772654
-0.0521773726249
-0.0498810296551
-0.0697994312329
-0.0763702556375
-0.00581954138566
-0.0432349884542
-0.0149623433949
-0.016235488472
-0.03688634947
-0.0136692458038
0.00213332508582
-0.0675787974558
-0.0805781465036
-0.0670944578328
-0.0482920088471
-0.0395706972153
-0.0598517811981
-0.0270087559036
-0.073586952332
-0.0423149422869
-0.0729212561183
-0.0635408982252
-0.00441720555568
-0.0739129264227
-0.0456592375689
-0.076183401892
-0.000875245001481
-0.0780770768784
-0.0729269636375
-0.0699088421888
-0.0728431920283
-0.0753076422332
-0.0571342340185
-0.0635518140926
-0.0226799024701
-0.0216786706505
-0.0226237764483
-0.0257994664661
-0.0212512287079
-0.0191551607552
-0.0664082611613
-0.0066554859243
-0.0348204375316
-0.0566195227383
-0.0529768889671
-0.0355469475047
-0.0160884153132
-0.00328171856135
-0.0629099597169
-0.0294586150289
-0.0724993485444
-0.0195816643086
-0.0444297957747
-0.035640918625
-0.027758027647
-0.0631039315584
-0.0271323282045
-0.0211086615871
-0.0486610147705
-0.073333944474
-0.00657712717011
-0.00857054201124
-0.0370221490596
-0.0461647207024
-0.0480036038045
-0.0277426070639
-0.0367036216189
-0.0200317085245
-0.0465201313904
-0.00502566665597
-0.0398889099634
-0.0422487239307
-0.026544948812
0.000501500603978
-0.0689068701145
-0.0677076547352
-0.021495599957
-0.0279288210183
-0.0385449759383
-0.0097168715395
-0.0371325585091
-0.00191856217943
-0.00293984136491
-0.00560570216205
-0.0502896296805
-0.0477076036856
-0.0244417365292
-0.0743285108372
-0.0600641527911
-0.00383378913262
-0.031635374493
-0.0442183254599
-0.0565779851995
-0.0457502133843
-0.0278491978892
0.0120821256609
-0.000269537231363
0.00200438554226
0.00637913302258
-0.0671996567527
-0.0500049844229
-0.0441754647304
-0.0573767665705
-0.0761940869813
-0.036574032375
-0.0359052093366
0.00638264263361
0.00051155775396
0.00870393375007
-0.000289756506972
-0.013572292764
-0.0435890781116
-0.0651103548259
-0.0129916874138
-0.0666486590719
-0.0692998613572
-0.0297791258697
-0.0382364511089
-0.0158436411754
-0.0664685182192
-0.0631850774062
-0.0626329204407
-0.0441432559388
-0.0125718998886
-0.0165841563664
-0.0127422103193
-0.0205311263973
-0.01716183579
-0.06911844816
-0.0514062839621
-0.0713036992634
-0.0733394463944
-0.0732132985179
-0.0614072745543
-0.0411077860056
-0.0196505624284
-0.00133523806024
-0.0710972085937
-0.0690721007732
0.00544884418243
-0.0289998628906
-0.0212042689217
-0.0351901621794
0.00423276408988
-0.000299106916202
0.00102696646249
0.00591164962064
-0.0276009375177
-0.0697890837806
-0.0640459398402
-0.0552471854237
-0.0481127969082
-0.0305519390682
-0.0740843670847
-0.000476338835723
0.00190032122602
-0.0119956490522
-0.04060008594
-0.0627781282024
-0.0600090660495
0.00085428428072
-0.00160794651154
-0.0572899209049
-0.0513030629056
0.00732338564714
0.00694825085655
-0.0304265649406
-0.0134569148771
-0.0378321445067
-0.038130602645
-0.0342282296053
-0.0101202360831
0.0239596744281
-0.00758930778868
-0.0624398517336
-0.0577437302583
-0.00596378225645
-0.0036906409962
-0.0469186400956
-0.0454146644995
0.00764536974347
0.00382597096188
-0.0258722990867
-0.0292290938021
-0.0421435907585
-0.0439901103834
-0.0309357479424
-0.0206572742178
-0.0245145791822
-0.0167114090556
)
;

boundaryField
{
    bottomWall
    {
        type            zeroGradient;
    }
    leftWall
    {
        type            zeroGradient;
    }
    rightWall
    {
        type            zeroGradient;
    }
    movingTop
    {
        type            zeroGradient;
    }
    front
    {
        type            empty;
    }
    back
    {
        type            empty;
    }
}


// ************************************************************************* //
