/*--------------------------------*- C++ -*----------------------------------*\
  =========                 |
  \\      /  F ield         | OpenFOAM: The Open Source CFD Toolbox
   \\    /   O peration     | Website:  https://openfoam.org
    \\  /    A nd           | Version:  14
     \\/     M anipulation  |
\*---------------------------------------------------------------------------*/
FoamFile
{
    format      ascii;
    class       volScalarField;
    location    "60.999999999949";
    object      p;
}
// * * * * * * * * * * * * * * * * * * * * * * * * * * * * * * * * * * * * * //

dimensions      [0 2 -2 0 0 0 0];

internalField   nonuniform List<scalar> 
2646
(
-1.09135169179e-09
0.00017430377891
0.000358590979737
0.000631509423836
-0.000137170948923
0.016497418512
0.00102943645787
-0.0124118217985
-0.00698879226257
-0.0207700438722
-0.00300740830687
-0.0100523235249
-0.0294129071019
-0.0166530552572
-0.0195325289494
0.00786320236985
-0.00032995651981
-5.65190608945e-05
-0.00617424582659
-0.00294749872855
-0.00232554292464
-0.00108025431118
-0.00191945769152
-0.00401694532965
0.0101257621224
0.00341368166673
-0.00895451637167
-0.00791599751649
-0.0155719933693
-0.00449855327436
-0.00225678186867
-0.000568752503095
0.000533265538501
0.00724192907147
0.0110712093158
0.00108245346894
-0.0101093202171
-0.018809461914
-0.0329737203171
0.00133618736258
0.0145672336869
0.00892907526439
0.00727460422894
0.00689460009719
0.00767851683397
0.00743400729973
0.00792190319543
-0.0053050329672
0.00354159395606
-0.00163241564001
-0.0132315204727
-0.019224792275
-0.020974826175
-0.0204960811634
-1.09973404004e-05
0.00171157353573
-0.0110847715951
-0.0296849205882
-0.0294671046239
-0.0249580425818
-0.0153507219389
-0.0044112699258
-0.031192672126
0.00131871947395
-0.0202261004598
0.0022934229751
-0.00671210771872
0.00157974243961
-0.00401377156782
-0.00221917051533
-0.0111620850225
4.25580889092e-05
-0.00331080428172
0.00183765128846
-0.00527025146404
-0.0245954907188
0.000431695507064
0.00124232028685
0.00470266015888
-0.00388852500726
0.00108909857625
-0.00319392003923
-0.0198575373531
-0.020724744733
-0.00705615981001
-0.00748351510469
-0.00267912895599
0.00863222251607
-0.0332478820633
-0.0259455300924
-0.0587274467211
-0.000500493691429
-0.0554023101112
-0.0539092497612
-0.0585030065023
-0.0384942089589
-0.0260522592194
-0.0569500677735
-0.000961272252102
-0.0445483302243
-0.00257945958433
-0.0409493919618
0.00311604926234
-0.0408988073282
-0.0676509581297
-0.039895438189
0.013736572206
-0.05078528562
-0.0100483424492
-0.0404011808492
-0.0245058252389
-0.00336372204539
0.00709156489294
0.00754113314904
0.0141250986648
0.00839279941152
-0.0190687758339
-0.0511222267945
-0.0598006163608
-0.0361020624046
-0.00704752607797
-0.0340037495803
-0.0154570875936
-0.00330411505229
-0.0170147891773
-0.000880193496168
0.000226802930002
0.0254395102093
-0.0329647668929
0.00364509194586
-0.0525991512973
-0.0361044349315
-0.0558456295994
-0.0625527360534
-0.0279717000028
0.00494588334287
0.000323081597798
-0.0493970941564
-0.0402791927008
-0.0473363828094
-0.0579356370784
-0.0431554540126
-0.023525377152
-0.0564514251583
-0.00353606141317
-0.0483401011773
0.00708117764573
-0.0599182061713
0.0175891066758
-0.0473511129411
-0.0228778783358
-0.0652274486707
-0.00668193060039
-0.0204670120719
-0.0109041163407
-8.36119335667e-05
-0.0352174761846
0.00107483133114
-0.0137064844335
0.0155319240457
0.0543670326941
0.00721977290345
-0.0193491762595
-0.0670801244004
-0.0501580943088
-0.0371709616592
-0.0269365355827
0.227346392143
0.0610587434879
0.067467349343
0.0526584178327
0.055555351374
-0.0221526253003
-0.0266088810014
-0.000296170665331
-0.00185283902547
-0.00804587748492
-0.0136049621098
0.00045411203333
-0.000256585198454
-0.0175338179804
3.93200378891e-05
-0.0135123689188
-0.00799722455848
0.00543154287392
0.000649677227055
0.0104480374828
0.00787539902177
-0.0305317928237
-0.0207270231592
-0.00218487626471
-0.000724926840566
-0.017025622906
-0.0171913805007
5.83080903273e-05
0.000731781295828
-0.00180687626617
-0.0101245695566
-0.00923254576252
-0.0202933748792
-0.00789904983841
0.00358864906978
0.004475688422
0.00485929913898
-0.0319765238018
-0.00952002876943
-0.000409979163853
-0.0608959117129
-9.3124162269e-06
0.0034908711563
0.00740172283042
-0.0667769471781
-0.0432486114777
-0.0609347659754
-0.0647206719834
-0.02875656157
-0.000261638436071
-0.00187072310763
-0.00632581234371
-0.0535731726625
-0.0578010669974
-0.0380735657433
-0.0249059958476
-0.039966142823
-0.0340530633525
-0.0105841946093
-0.00650637245588
-0.0156495078771
-0.00381589796447
-0.0397999145777
-0.0316948953305
-0.0196292703294
-0.0680473703052
-0.0384359524589
-0.00154963193014
-0.0100863392947
-0.0430324923456
-0.0164417452846
-0.011003269689
-0.06918871932
-0.00768363973683
-0.0598531231968
-0.0686739267256
-0.00416737457883
-0.00268770233573
-0.0517136022108
-0.0494122711408
-0.0222708081316
-0.0237315708793
-0.0605127227679
-0.0605227304179
-0.054234309412
-0.0747449158348
-0.0687691171615
-0.0519710889887
-0.0518320331332
-0.0433540317106
-0.0419392702999
-0.0677663077459
-0.0137876550322
-0.0130349745386
0.000659255299612
-0.0727632937139
-0.0716446714396
-0.0558034881074
-0.0476638703416
-0.04964189303
-0.0682766391364
-0.053135851774
-0.073649808278
-0.0670326866814
-0.0586017565487
-0.0269264991229
0.000947683783893
-0.00845470335922
-0.0438142698244
-0.0654055750374
-0.0624897862119
-0.0254718146039
-0.0020051041011
-0.0367476552289
-0.0602147822083
-0.0336135299927
-0.0653055947077
-0.0387192560072
-0.0200673547992
-0.0157774066813
-0.0132679530875
-0.0108522967819
-0.0290432772962
-0.0614367326266
-0.0388227075265
-0.0422265304611
-0.0178082959891
-0.0409562419642
-0.0122159339438
-0.0324560620947
-0.0483410971541
-0.0148348280857
-0.0650347801522
-0.0323669877351
0.00029374520523
0.00687892640985
-0.00496475002025
-0.0010885472691
-0.0337708215425
-0.0346554230229
0.00157423741559
-0.000371958553199
-0.00469395232056
-0.0378483811414
-0.0108559679002
-0.0263012303953
-0.0650342138104
-0.0366503822921
-0.0346049245981
-0.0175874901549
-0.0343901729133
-0.016465071646
-0.0334156627479
-0.0156628619921
-0.0168882610088
-0.0481462535664
-0.0406562806088
-0.0253938373587
-0.00100950106959
-0.00243771674161
0.00118196597148
-0.0535384021295
-0.0633127920506
-0.0673890340423
-0.0703890138532
-0.0286463227368
-0.0567612818331
-0.00953574378649
-0.0628894696167
-0.00735338688337
-0.0112019330476
-0.00610241580989
-0.0647648032729
-0.0866128489662
-0.0922715634533
-0.09654683752
-0.0232204315574
-0.0597092165736
-0.0994794695869
-0.0313925614375
-0.0586657102425
-0.0960415860889
-0.0102359376238
-0.0744080686184
-0.0647637161679
-0.0444345363841
-0.101111705942
-0.0476298054274
-0.0946759709494
-0.0924561329002
-0.0983126922539
-0.101474306636
-0.0984398404934
-0.0946675762831
-0.0953787149509
-0.0342180715269
-0.0318178403904
-0.0353957358317
-0.0952846418189
-0.0855923901575
-0.0645314597824
-0.0637667361896
-0.0457431052989
-0.0400559500032
-0.0915195392395
-0.0361118886826
-0.0396600492568
-0.059131857836
-0.0960556989818
-0.090197605966
-0.0577233761616
-0.0656690042099
-0.0886591990379
-0.0985557831041
-0.0563289461498
-0.0562246971458
-0.0981594116391
-0.0898242763991
-0.0678741795423
-0.0657767111048
-0.0992744111236
-0.0375053011461
-0.0596783968231
-0.0992490924553
0.00741433493435
-0.0992493668167
-0.0403700648372
-0.064004219556
-0.0276991021094
-0.0777315739272
-0.04047213547
-0.0873983060489
-0.0844662918674
-0.0976777520419
-0.0734135190406
-0.0984155269017
-0.0466744349238
-0.0967413266263
-0.0870181747493
-0.0923289941963
-0.0850646182506
0.0040398138439
-0.101144148276
-0.100361221992
-0.0959021216249
-0.0960599674611
0.00396872368864
-0.0922228650188
-0.0979671318402
-0.0329358701763
-0.0968266516879
-0.0964692018213
-0.0451492159689
-0.0357097549939
-0.0582846310156
-0.00500993250391
-0.0390932561524
-0.0966863863766
-0.099152323714
-0.0361062649064
-0.0965555800866
-0.0987271795559
-0.0218481239192
-0.0952140844757
-0.0818594127361
-0.0327112582387
-0.0326207347299
-0.0350983879873
-0.0588376494912
-0.0640778837555
-0.0963036670427
-0.0934630963774
-0.0347839740133
-0.0382042226092
-0.00629476210193
-0.0161267402436
-0.0956443172823
-0.00282837453807
-0.0913810686621
-0.00044337593207
-0.0314332500566
-0.0957445369172
-0.0311373627891
-0.097433708156
-0.0294338934081
-0.0901183224494
-0.0018693692153
-0.0905655711817
-0.0945351472658
-0.0916631207795
0.00812717108323
-0.0972853355862
-0.0969067348877
-0.0975685773891
-0.0110397855092
-0.0865927864276
-0.0956481485112
-0.0996907063356
-0.0905369214334
-0.0916423595509
-0.00156229270241
-0.0935568906237
-0.0647842147054
-0.0981308037826
-0.0190835506361
-0.0251049363482
-0.0270345839663
-0.0627352760543
-0.0357491532564
-0.0690685445347
-0.0791707234961
-0.0891775807144
-0.0745053690769
-0.0357459863737
-0.0628542356481
-0.0628339807864
-0.101768174643
-0.041702710067
-0.0344832298951
-0.0454548461468
-0.0427738615699
-0.0767942880027
-0.0510236879593
-0.0740014594488
-0.0486140926572
-0.0560471488072
-0.0519674861298
-0.0917922266118
-0.0560272939759
-0.0582903811385
-0.0568580985072
-0.0467687619881
-0.0603129772893
-0.0216339620838
-0.0361941103807
-0.0315326143638
-0.097184355852
-0.0660769573197
-0.0290243611521
-0.0995094778696
-0.0355383689548
-0.0891184604517
-0.0977312976329
-0.0840515575338
0.0110447198151
-0.00991477781986
-0.0711211534331
-0.0616253916607
-0.0320222546963
-0.0627904663422
-0.0482046664555
-0.0413911126681
-0.0402560978695
-0.0180673478099
-0.0295105203149
-0.0963731720816
-0.082268093373
-0.0978107611125
-0.0971782426747
0.00346982914881
-0.0974195741686
-0.0588880616381
-0.0562682241049
-0.0936433253074
-0.0543123286753
-0.0923614600199
-0.00361081028967
-0.0781119524294
-0.0874414326747
-0.0951080674312
-0.0816248945285
-0.090441003897
-0.0277363616567
-0.0887229860699
-0.00763272312447
-0.0096083536706
-0.0981802944687
-0.0877502984822
-0.0971183917962
-0.0981229894776
-0.0414558892724
-0.0646870617898
-0.0126501688516
-0.0970393399914
-0.0290984480376
-0.0949188693781
-0.0906867636205
-0.0593278288037
-0.0664023255339
-0.0641631039152
-0.000472507691118
-0.0939742027353
-0.0942184182453
-0.0554921570871
-0.0921207750084
-0.096249177428
-0.0688164314311
0.00609872436694
-0.0680116476555
-0.0325861052432
-0.0978520894235
-0.0836762615455
-0.0604388713663
-0.0601050987636
-0.0875229591609
-0.0660820067048
-0.0872403210306
-0.0334908589465
-0.0336039582268
-0.0639913887161
-0.00192759754818
-0.0795418184474
-0.0353295410679
-0.0280713238306
-0.0682484237816
-0.0926894716302
-0.083930574431
-0.0670212409389
-0.0763816571364
-0.0094771131131
-0.0884207944748
-0.043148315932
-0.00726410752208
-0.062796290332
-0.0859859490483
-0.0354034110809
-0.0736332601011
-0.0905959309219
-0.00907723787609
0.00286516565545
-0.0135973642867
-0.010176394099
-0.0225171035233
-0.0356356750419
-0.0130401283343
-0.100401919533
-0.0187363935763
-0.0461978900204
-0.0996211848096
-0.00140508562444
-0.0871157855776
-0.039562017705
-0.0659026525777
-0.0660407354593
-0.0083333144835
-0.0318897445424
-0.0656622923601
-0.0908051791531
-0.0363709664482
-0.0433421604844
-0.0164510201288
-0.00612237667246
-0.0227722738249
-0.0358401853879
-0.0342046254344
-0.0767195190043
-0.0435972549676
-0.0319421631154
-0.0589461887824
-0.00313538862858
-0.0521162212092
-0.0162543006354
-0.00749435485449
-0.038909740276
-0.0189666183486
-0.0266513073997
-0.0414638971297
-0.0589016755355
-0.0905235361749
-0.0832260747036
-0.0463464522689
-0.0312592207239
-0.0865599949605
-0.0518894407276
-0.0806343100893
-0.0613127417013
-0.048217963173
-0.089732983898
-0.0888994117774
-0.00781318905218
-0.0537366652195
-0.0429284234588
-0.0544881517182
-0.00927697157913
-0.0790672122634
-0.0379812161286
-0.078990613617
-0.0655493472977
-0.030688887891
-0.0980930394662
-0.0891039433146
-0.0891790269057
-0.00186012858468
-0.0374012025901
-0.0598027606015
-0.0887259919929
0.00176259379872
-0.00429261998819
-0.0875609496254
-0.0418887664945
-0.0338627318045
-0.00634790897817
-0.091396794795
-0.00193310130243
-0.0182871976959
-0.0650864556911
-0.0651573736345
-0.0891876679505
-0.0691569808515
-0.0895985496795
-0.0853505465028
-0.0804085924355
-0.101657616559
-0.0883477627977
-0.000910847712927
-0.0970176649532
-0.0371374862349
-0.0718777810911
-0.0370321711636
-0.046195640353
-0.0693147726826
-0.0002365839305
-0.0524424211295
-0.0832921760259
-0.0338094453997
-0.0633288960316
-0.0655014083745
-0.0231049157057
-0.0142317969555
-0.0667647638582
-0.019859589099
-0.00931441261845
-0.0513022084115
-0.0840972049315
-0.0172209160599
-0.0694532034132
-0.0600871754729
-0.0377231958702
-0.0545982832992
-0.0524006758486
-0.0871307008376
-0.0380143089562
-0.0296478457477
-0.0027454008472
-0.0887242335256
-0.0845901544248
-0.0432325715956
-0.00422989685898
-0.0167684393964
-0.0813800409865
-0.0424366979515
-0.0701800367008
-0.0875371136537
-0.0199726638197
0.00989457680289
-0.0237442246421
-0.0178182364657
-0.0734294536888
-0.000299970307208
0.00653232335984
-0.0220127865762
-0.0631446811855
-0.027934833034
-0.0908855477629
-0.0879473661957
-0.053916483372
-0.0689066146834
-0.0701963694817
-0.0614001163357
-0.0884239774526
-0.0849878320062
-0.0276145134071
-0.0253805173118
-0.0673815352556
-0.0360487316981
-0.0862334833483
-0.0875221901239
-0.00465990142743
-0.0263445049173
-0.0681272216655
-0.0270952683339
-0.0117463928034
-0.0872236371119
-0.0949224021705
-0.0862531357657
-0.0964722632136
-0.0676776934873
-0.0205691617442
-0.0229477101203
-0.00320411456668
-0.0733250986912
-0.039439346094
-0.0647049905465
-0.0236499585705
-0.0529013401023
-0.00291770599304
-0.0868098350515
-0.0584040894499
-0.0694093512277
-0.0196779562213
-0.0829010475774
-0.0280298701495
-0.0701954158853
-0.0812531306256
-0.0979462495695
-0.0412360791468
-0.0614468357031
-0.0606843212208
-0.0342478548629
-0.081239354476
-0.037249292856
-0.0645924328284
-0.0460351779332
-0.0672457974314
-0.0464757108759
-0.0625407773565
-0.0809112018835
-0.0984242037126
-0.0668155316501
-0.0800183687797
-0.0490287985927
-0.0817147193316
-0.100831038765
-0.0839489093221
-0.0322636696361
-0.0624971832192
-0.0793482317078
-0.0193065491904
-0.0444102224109
-0.0645946877589
-0.0782711061321
-0.0813903799556
-0.0798146804391
-0.0830169277853
-0.0424205646649
-0.0569330431695
-0.0862805260108
-0.0630740311092
-0.0822350978185
-0.0467227051521
-0.0674800504701
-0.0229526011068
-0.0576986085703
-0.0841410796351
-0.0729601626527
-0.0630098911799
-0.00307831122857
-0.0628236793177
-0.0823226073149
-0.0344279348735
-0.0289251469977
-0.0780735916879
-0.0603308278982
0.00784312274778
-0.07651837412
-0.086490793102
-0.0459320916325
-0.00525498663815
-0.00157536100136
-0.0911503383964
-0.0712723217609
-0.0472349821047
-0.0788203426266
-0.0448477122421
-0.0523832384787
-0.0991285670795
-0.0495297232427
-0.0583084068986
-0.060662558799
-0.053749147697
-0.07812523662
-0.0768035477558
-0.0575549908693
-0.0705109271821
-0.0805113177995
-0.0874490946161
-0.079666948809
-0.0825900773225
-0.0818311216409
-0.000142539646936
-0.000717593803819
-0.0255233574642
-0.0608397333864
-0.0556591415654
-0.0623218233979
-0.0501676824222
-0.0682713225582
-0.0890239103874
-0.0894661841148
-0.0947306521158
-0.0023204661186
-0.0257346288777
-0.101132550442
-0.0217734237852
-0.0573547223489
-0.0579292126615
-0.0716345550248
-0.0757430789308
-0.0722613373689
-0.0593198997452
-0.096771563169
-0.0676585320956
-0.0291378329687
-0.000562804985257
-0.0183713566265
-0.0901794908463
-0.0779473762953
-0.0401123208845
-0.0666326227028
-0.0662898726293
-0.0201301074468
-0.0758293012009
-0.0590808950199
-0.0830270752728
-0.0845287947529
-0.00618998310972
-0.00377237090246
-0.00947200430399
-0.0530557917309
-0.0899890654904
-0.0552495257969
-0.0572527062566
-0.0681598432604
-0.0764677382561
-0.0566556194271
-0.0815185736467
-0.0707360313089
-0.0873021852159
-0.0766673568621
-0.015062537478
-0.0741379641197
-0.0560819456201
-0.0883361353645
-0.0712519160689
-0.0789282292571
-0.000253720444793
-0.0439520115787
-0.0481000002047
-0.0931865964175
-0.062802091411
-0.0396302716436
-0.0560295633806
-0.0844399857022
-0.0747653166155
-0.0503644452924
-0.0962174549334
-0.0726872131478
-0.000538372540822
-0.0585716650381
-0.0854737138259
-0.0920027272656
-0.0393979609714
-0.0195176330363
-0.0580755317219
-0.0937551117201
-0.025123244409
-0.066317946034
-0.0940011119685
-0.0717519750565
-0.0586767297181
-0.0429998856168
-0.0131465114913
-0.0340813879301
-0.0766353808176
-0.0827002611902
-0.0313376765561
-0.0833088648372
-0.0786826379552
-0.0725542333387
-0.025784775888
-0.0798705760442
-0.00977196916561
-0.0522713373121
-0.0504219250142
-0.0760514399522
-0.0852778438486
-0.073989293529
-0.085261000792
-0.0824874506414
-0.080057840977
-0.0716275377695
-0.0866568323707
-0.0798896940818
-0.0954886844583
-0.0564946801264
-0.00393383088852
-0.0494212498407
-0.0517781687391
-0.0961358957646
-0.0481105033835
-0.0927131794658
-0.0989178156199
-0.0537659794336
-0.0842499736257
-0.0822614119571
-0.0200342196607
-0.0808516416473
-0.0942655623006
-0.0418977270736
-0.0887956499832
-0.0892824973608
-0.080771575839
-0.0803605994321
-0.0784858012365
-0.079186960285
-0.098773554382
-0.0116940448474
-0.101435007665
-0.0617945601234
-0.0682706007487
-0.0964860856305
-0.0486757668467
-0.0744283092342
-0.0937847584918
-0.0114149499459
-0.0991882333252
-0.0151450969977
-0.0408423226949
-0.0685283180185
-0.0943497755043
-0.0874429485703
-0.0622746186852
-0.0887666678123
-0.0750264510658
-0.0738032787096
-0.0773216547559
-0.046896002075
-0.0917284539605
-0.0761365493956
-0.0917527338089
-0.0494473740411
-0.0781653906923
-0.0914093145158
-0.0482737390442
-0.0992259282544
-0.0919974550062
-0.0889102887666
-0.0980796081882
-0.0801941704432
-0.0316326531523
-0.0805642856565
-0.0851825398403
-0.0440544701355
-0.101359721559
-0.070540019484
-0.0918629212834
-0.0772631681713
-0.00638945573746
-0.0753324758565
-0.0918822183652
-0.0848866989795
-0.0943097698324
-0.0713863331456
-0.0265005364798
-0.0673353084775
-0.0803603070992
-0.0498095916557
-0.0592858598848
-0.0766414835844
-0.0554731663588
-0.0908194430421
-0.0536014376671
-0.0670451301708
-0.0457041439309
0.00586788265766
-0.0879256164588
-0.0415616741292
-0.0523254067819
-0.0959971521508
-0.0854192900714
-0.0910091723065
-0.0740343137898
-0.0768205631093
-0.0615172974937
-0.0612828423896
-0.0713807537743
-0.0608136520891
-0.0907304254636
-0.0966260420173
-0.0621650198447
-0.056571488
-0.0785558631834
-0.085720008795
-0.0944590161394
-0.0851965337771
-0.0959261712495
-0.0718291240988
-0.0904379331532
-0.101640564649
-0.0765957091637
-0.0969556148627
-0.0928041900349
-0.0822934495408
-0.101742660851
-0.0923561800217
-0.0677143476329
-0.020960117801
-0.0242542038834
-0.087442600901
-0.06634773663
-0.0509267523348
-0.0965254320071
-0.0833656608832
-0.0697232982542
-0.0681658209436
-0.0471197173321
-0.07118496381
-0.0759289155504
-0.083914095751
-0.0594366023061
-0.0856577483644
-0.0929065672383
-0.0682986338282
-0.0100330559962
-0.0939416149188
-0.0528599591237
-0.0590243590732
-0.0883056590212
-0.0635737609791
-0.0629740006462
-0.0746256999037
-0.0944176688543
-0.0718128365497
-0.0920616369231
-0.0267013704373
-0.00434199537244
-0.0783139959429
-0.0938687617097
-0.0824150108784
-0.0510145687925
-0.057272982661
-0.0417036939822
-0.0505000416002
-0.0403483070158
-0.0654434157696
-0.0318319384164
-0.0727766015002
-0.0308345603937
-0.0441011441387
-0.0941073047864
-0.010099140406
-0.0844482792702
-0.0855210854779
-0.0514841203572
-0.0954308996016
-0.0928772214614
-0.0799972042004
-0.0499591470686
-0.0885985178227
-0.082274850345
-0.075427346512
-0.0783199161871
-0.0175937081273
-0.0497002157791
-0.0807738454684
-0.0501415945385
-0.0413969837851
-0.0738868504152
-0.0957044875049
-0.0781787078319
-0.0516373875674
-0.0613689463289
-0.0777834537001
-0.0961771880571
-0.0936615157013
-0.0907222014205
-0.0905640198259
-0.0827836214596
-0.075219489313
-0.0789581878854
-0.0439705546792
-0.0939447281365
-0.0608958899045
-0.0794575052823
-0.088924747694
-0.0977121744201
-0.0880430052081
-0.0632715929636
-0.025007533251
-0.0863016913407
-0.0477183257062
-0.0762511954884
-0.0547753606193
-0.0886172750333
-0.0311220871108
-0.0265080168405
-0.0369177041778
-0.0975509694935
-0.0430844255293
-0.0430330359686
-0.0627680417976
-0.0154395289808
-0.016349953452
-0.0316695508289
-0.0548012191761
-0.0847285002824
-0.0799689367092
-0.0499847345606
-0.0771475112241
-0.0716944517914
-0.0974474128159
-0.0118099926831
-0.0590732553828
-0.0578249235341
-0.0701385354506
-0.0688182313587
-0.0887551576843
-0.0975959901887
-0.0516103772278
-0.0236102440682
-0.0340116350714
-0.0731699377042
-0.0878425376581
-0.0750090167396
-0.0839394427104
-0.0856754277178
-0.0800976217732
-0.0534024196861
-0.0145272396486
-0.00646402280109
-0.0465606664827
-0.0929422013135
-0.0535147742892
-0.0897320378275
-0.0234097677674
-0.0138688208377
-0.0307908832331
-0.0835023015473
-0.0793246751766
-0.0520070051683
-0.0474737355952
-0.0681833092009
-0.0731057257735
-0.0714860503423
-0.100703643865
-0.0359356894102
-0.0811811017482
-0.038638032694
-0.0953789328754
-0.0492547994809
-0.0822012491597
-0.0684798820574
-0.0647303417512
-0.0615475199929
-0.0709001797872
-0.0779793471569
-0.0826223139417
-0.100367866597
0.000145436136202
-0.0829116869604
-0.0808617464058
-0.0662335764038
-0.0994061890728
-0.0435675404152
-0.0950971937213
-0.0353359673226
-0.0590388428766
-0.0943315367025
-0.0159278394253
-0.081287430173
-0.0825205861431
-0.0656923234578
-0.0495022463852
-0.0714019365894
-0.0874789656824
-0.0866237165483
-0.0612953678403
-0.018669118107
-0.0407611245991
-0.0931292738194
-0.0771852471846
-0.0959256526788
-0.058171604638
-0.0276257613139
-0.0615684424274
-0.0845842473845
-0.0218106167674
-0.0620080251185
-0.0930722257677
-0.0946353712118
-0.0924852279088
-0.0903122111307
-0.0346349905762
-0.0934029612315
-0.0895504922033
-0.060335471668
-0.043688244307
-0.0935403890988
-0.0828225702066
-0.0851800814642
-0.0952080424564
-0.0897338186503
-0.0812492981513
-0.086263522901
0.00129113340225
-0.0811167410367
-0.0253963849291
-0.0868573707554
-0.0774551135675
-0.0834566541307
-0.0887122306416
-0.0243077101399
-0.00454909417142
-0.09628152023
-0.0855410402458
-0.0907769009949
-0.0772659898951
-0.0459276088805
-0.0667552610471
-0.0591541051834
-0.0361675419074
-0.0836282419162
-0.0571015015922
-0.0853411064884
-0.0706728659202
-0.0647715172653
-0.0931864577177
-0.0491320828161
-0.0960471161439
-0.072596598975
-0.0486529973564
-0.0836624915607
-0.0302778983278
-0.020892591037
-0.0167899878993
-0.0615338256165
-0.0117463707178
-0.0609301495492
-0.0601247314434
-0.0296972431863
-0.0968952691208
-0.0789984665247
-0.0817027476612
-0.0828009217905
-0.0546214145288
-0.0264400842117
-0.0761483439659
-0.0132340083391
-0.0758849697618
-0.0861540063895
-0.0650008446526
-0.0926326242655
-0.0674089025664
-0.0744334261545
-0.0869175565044
-0.0571519510173
-0.0198022595103
-0.0816994290263
-0.059804878627
-0.0651236749757
-0.042563482026
-0.0814510702903
-0.0830333952687
-0.0651729525449
-0.0512477989616
-0.0944264843186
-0.0441550327281
-0.0968357155547
-0.0836135587265
-0.0722980088268
-0.0966435276706
-0.0911665090389
-0.0762435341721
-0.0727158981371
-0.0676324291104
-0.0947082224348
-0.0635957987971
-0.0932435083495
-0.0857530972357
-0.0971519576006
-0.0928232012329
-0.0945155958019
-0.0766176656225
-0.0959811690882
-0.0852698180793
-0.0661382867041
-0.0693118176842
-0.0261933491358
-0.0527546077171
-0.0838320302044
-0.0706794013169
-0.0802780153431
-0.025287677645
-0.0792411297769
-0.0389546854061
-0.0756150058994
-0.0767377019319
-0.0733980577516
-0.0893531448143
-0.0812864525512
-0.0654734079503
-0.068236083101
-0.0548316214173
-0.0517713470588
-0.0880491854064
-0.0703268910791
-0.064354586652
0.00832916302871
-0.10086027522
-0.092003689277
-0.0706221695663
-0.0793277226665
-0.0364886831821
-0.0501767970869
-0.0752408624204
-0.0561967196736
-0.0737264588129
-0.0897114091021
-0.0113294133355
-0.057531776857
-0.0984601782944
-0.0778165288346
-0.023646474273
-0.0519297447047
-0.0704101333947
-0.00580276913419
-0.0713211961657
-0.0942653118961
-0.0916595259338
-0.0927751756869
-0.0761737697842
-0.0731014523689
-0.0654599636831
-0.0933074305089
-0.00681363173304
-0.0772015979812
-0.0779587196092
-0.0712442756586
-0.092542834463
-0.0824607151176
-0.0790862507264
-0.0828151786038
-0.0659538413004
-0.0860534344513
-0.0780811359055
-0.0594040397044
-0.0899661628692
-0.0265837209229
-0.0352126260758
-0.0785173635705
-0.0966527219186
-0.0330507330588
-0.0958852462963
-0.0721588137448
-0.0978271744555
-0.0767362520168
-0.0910937479947
-0.0957365639129
-0.0691358876441
-0.0615280196921
-0.0899489990944
-0.0217599071504
-0.0497646886852
-0.0988527253201
-0.0814805937926
-0.0970755209396
-0.0742418539952
-0.0494755442232
-0.0512909512764
-0.0523185137103
-0.0736837121645
-0.0232613077789
-0.0998609244745
-0.0956767435542
-0.069572746099
-0.0974036804004
-0.0213588382674
-0.0589855664528
-0.0953662177433
-0.0985619880995
-0.0482862012784
-0.0688910175365
-0.0737035032692
-0.100231019529
-0.101170119948
-0.0446759942644
-0.0876179169717
-0.00563634993478
-0.100177843547
-0.0653631559258
-0.0907564567799
-0.0307769308514
-0.0856903673115
-0.0841944047592
-0.0879070915675
-0.0231911907646
-0.0476712584316
-0.0157369828959
-0.0547137571454
-0.0792733630085
-0.0896590745878
-0.0958982662246
-0.0288811627549
-0.0674478537047
-0.0304405741187
-0.0731778504625
-0.00297367005153
-0.000645861469109
-0.0622143115875
-0.0928012316637
-0.0984776643749
-0.0685647651834
-0.0811141636758
-0.0483221715766
-0.0483936422898
-0.0547999175505
-0.0931504142241
-0.0764865712859
-0.0267498322282
-0.089768961848
-0.0339227835937
-0.0810253298563
-0.0126806912527
-0.0940216979094
-0.0538355538087
-0.0812929251193
-0.0211297081613
-0.0213946956847
-0.0654509145616
-0.0999362302242
-0.100124440742
-0.0636031010944
-0.0701828495213
-0.0848895026563
-0.0851124263985
-0.1010710766
-0.0303073329557
-0.0952129244489
-0.0972414066963
-0.0970690659372
-0.0684379753973
-0.0899571999966
-0.0965705091585
-0.0401720555781
-0.0446498519766
-0.0457885208999
-0.0941741220457
-0.0996023575442
-0.0274723226351
-0.0985906404425
-0.100355290293
-0.0470842724783
-0.0565422122471
-0.0738548994597
-0.0781534363634
-0.100091332703
-0.0473589979647
-0.0876774054183
-0.0692598938664
-0.0775602046746
-0.0755131140497
-0.049771936203
-0.100575804546
-0.0869270473982
-0.0513836145924
-0.0957451805346
-0.0946721404259
-0.0916038629746
-0.098453380189
-0.09029403193
-0.0800303460362
-0.0573309707235
-0.0419856467499
-0.0879063365373
-0.0389709012748
-0.0987908925566
-0.0357616574392
-0.0507192943002
-0.0541747817478
-0.0572222024178
-0.0797912395163
-0.0995271328931
-0.0658366434975
-0.0664642476557
-0.0506712916884
-0.0783884521635
-0.0705712362704
-0.00819303624676
-0.0978809864999
-0.0753726036753
-0.0467050147482
-0.0555568069657
-0.0846829080501
-0.0846170885588
-0.0886652664362
-0.0914706799944
-0.0994741315261
-0.09341111008
-0.0794828213404
-0.0434397721849
-0.0816073952399
-0.0939857549899
-0.0937863911325
-0.101380383554
-0.0832970810261
-0.0838579756499
-0.0865720915318
-0.0993069993189
-0.0715827885707
-0.0789755529205
-0.0905219305801
-0.0909875585531
-0.0791744184557
-0.0998717175406
-0.0839605965116
-0.0728444485156
-0.0893945889212
-0.0923086144015
-0.0823621108688
-0.0989413553381
-0.0980427673703
-0.101099627561
-0.0929990664735
-0.0871420538595
-0.087859391398
-0.0713721638818
-0.0978308655316
-0.099336604732
-0.0924339105245
-0.098779778665
-0.100794810812
-0.0848211493822
-0.0584475415411
-0.09609238616
-0.070952557413
-0.086179647068
-0.0801687430002
-0.0461187839007
-0.073966977235
-0.0733654378797
-0.0388358053366
-0.0806701698813
-0.101391063272
-0.0468134002963
-0.0407455336872
-0.101302044038
-0.0574908265127
-0.0879112777178
-0.0586037380176
-0.0449486687747
-0.101075089777
-0.0573581644088
-0.0628541156572
-0.0774398678716
-0.0898504694423
-0.0870589431283
-0.0874658867813
-0.0709776769193
-0.0727864699713
-0.0738470533596
-0.0982339238158
-0.0503215283156
-0.0834713378273
-0.0778961853887
-0.0923347698876
-0.0456849492704
-0.0937004453801
-0.0954674086663
-0.0989841252501
-0.0998490302122
-0.0944071798587
-0.0924798108955
-0.0706725422915
-0.0950091056516
-0.100437975988
-0.0643273965471
-0.0914461448003
-0.100425616487
-0.0389391061951
-0.030011318289
-0.093333949027
-0.0251540449621
-0.0977654224237
-0.0896372114085
-0.0952509605628
-0.0863011497736
-0.0992078141291
-0.0763661502585
-0.0912423863648
-0.0874536538155
-0.0930624135775
-0.0525849056879
-0.0573495166868
-0.00617305618115
-0.0823608524743
-0.083391210973
-0.0333525008413
-0.075694674016
-0.0946053641976
-0.090541357068
-0.0789739735434
-0.0545747263427
-0.100866754457
-0.0870021620165
-0.0948697215507
-0.0774642305267
-0.0957942686507
-0.0532596036299
-0.0744777169691
-0.0753091752947
-0.0907289132072
-0.0757417875765
-0.0263642163929
-0.0919953162851
-0.0762907408598
-0.0558240195479
-0.0834308332231
-0.0862878687706
-0.04962774306
0.0034003495056
-0.0443920986861
-0.0545807923742
-0.0976585516107
-0.0618628894633
-0.0363970702525
-0.0298606463467
-0.0932239918961
-0.0335879810424
-0.0811717931512
-0.0378886720412
-0.0370623351565
-0.0783000885344
-0.047526037624
-0.00527551084468
-0.0423950925791
-0.0722620910519
-0.0988760037803
-0.0939568821654
0.00416186171299
0.00583013884021
-0.0214372282379
-0.0911142489314
-0.0903647272785
-0.10058176157
-0.0781053274812
-0.0417845406937
-0.0933611628435
-0.0460790764315
-0.0967786977238
-0.0944572001486
-0.068529094864
-0.100440489391
-0.067269032787
-0.0755156505332
-0.0917577331147
-0.0169125427712
-0.0605611225083
-0.0934981478193
-0.100211966709
-0.0714217858483
-0.100743748886
-0.0613370266877
-0.0903055780334
-0.0990065322187
-0.100053949414
-0.066987342812
-0.0397573509924
-0.0698679754166
-0.0545498646246
-0.0696012801648
-0.0730045702028
-0.0950321098834
-0.0642256238082
-0.0714135395658
-0.0853312672235
-0.10088710554
-0.0937028176436
-0.067726321728
-0.0646089285547
-0.0403286806153
-0.0922591769406
-0.0724606169176
-0.073567777304
-0.0673680965361
-0.0762561996452
-0.00587583955451
-0.0641863111532
-0.03762010319
-0.0848138911709
-0.0918447762336
-0.0981399617133
-0.0678311050018
-0.0674984840773
-0.0405094443008
-0.0786096814645
-0.0917091829113
-0.0572123785758
-0.0515478894274
-0.0664614713614
-0.0884584132624
-0.0769988987685
-0.0655085207915
-0.0666476618492
-0.079737575757
-0.0821317434001
-0.0937470260347
-0.0903624506333
-0.0758113103051
-0.0441793809756
-0.0559519792879
-0.0853361291334
-0.0560010510717
-0.0583960765274
-0.0610408904668
-0.0798617652192
-0.0601978696622
-0.0553920172422
-0.0702232586646
-0.0308085819763
-0.0985696754805
0.00111473435055
-0.100824362244
-0.0817483833532
-0.0546479746558
-0.095654039584
-0.053165582955
-0.0930531844763
-0.0398863318992
-0.0666686247479
-0.0558391434724
-0.06145279022
-0.0650586550057
-0.0754858480695
-0.00371129571054
-0.0769844345513
-0.0440689358649
-0.0888964104074
-0.0870299650882
-0.0457997526654
0.0051485109497
-0.0849452271645
-0.078570250922
-0.0676546542472
-0.0561780261182
-0.0946523320042
-0.071674854794
-0.0744080837424
-0.050884239016
-0.081948065811
-0.0540498735846
-0.0853140843098
-0.0997299640067
-0.0756275980369
-0.073158689074
-0.0631221241601
-0.0950953066586
-0.0647620383771
-0.0569380893212
-0.0384665980417
-0.0702834212896
-0.0814496696517
-0.0748816223867
-0.0998837335996
-0.0999314325803
-0.0603097456495
-0.0896434308608
-0.0774488690202
-0.0888547551734
-0.0799124687031
-0.0912996802116
-0.0750057762841
-0.0687713595337
-0.0494667714768
-0.062807517225
-0.0739688677237
-0.0149828034244
-0.0296514715841
-0.0576006467703
-0.0805337272809
-0.0341738883378
-0.0637652111762
-0.0627125331934
-0.100586021333
-0.0569002558567
-0.101136954613
-0.073582045539
-0.0840439818263
-0.0643250645293
-0.0469500647843
-0.101185696243
-0.0553856495686
-0.0808747668743
-0.0590392703853
-0.0554213529863
-0.0644237739635
-0.0578067927272
-0.0524045625262
-0.0404770802442
-0.0637228617727
-0.0910169091838
-0.0694327063978
-0.081051514343
-0.0775502247515
-0.0895140952373
-0.0397782353664
-0.0309848820265
-0.0660778152409
-0.0684179436757
-0.0627178689096
-0.0935092869117
-0.0862591290052
-0.0901654253781
-0.0847354901414
-0.0993764493293
-0.0270707872724
-0.0796152587942
-0.0625254826597
-0.0664242402519
-0.0948745437375
-0.0495028206791
-0.0985355500955
-0.0856991059955
0.00293145673165
-0.00209500785226
-0.00130258416572
-0.0560716017849
-0.100719421107
-0.0874656954607
-0.0547018992154
-0.0649949457896
-0.0788775221996
-0.0479828712889
-0.0697297758801
-0.0926051341847
-0.0489091061297
-0.0605616284004
-0.0693538218572
-0.0510351385774
-0.0318506884227
-0.070183699715
-0.0840346473996
-0.0653333485112
-0.0303147209725
-0.0998885315424
-0.0537237507728
-0.065465891753
-0.071511268789
-0.0635052238783
-0.0751130702264
-0.0527304502056
-0.0588717184378
-0.095632239213
-0.0457271870834
-0.08197351646
-0.0838762830035
-0.0854414476167
-0.0841468936591
-0.0670505504084
-0.100525623747
-0.0846865778273
-0.0709649023734
-0.0808251542429
-0.0763033448539
-0.0707802059666
-0.0708005402396
-0.0285034626101
-0.0908040424971
-0.0293954717198
-0.0280595975951
-0.0323152445591
-0.0620070420902
-0.0559746505133
-0.0614807024543
-0.0186910693014
-0.00379370426565
-0.088599909631
-0.0870321170138
-0.0507650945956
-0.0781332143461
-0.028220115779
-0.0305592215174
-0.0719649817894
-0.0884645916776
-0.0490911776312
0.000938329143637
-0.0877443314511
-0.0740547501141
-0.0814257005711
-0.019581071785
-0.0532367702615
-0.0651752425488
-0.0874562542329
-0.074344661634
-0.0754932597969
-0.0448254069324
-0.0735810264365
-0.0882488280438
-0.100149580995
-0.0831978103765
-0.0126980585709
-0.0263902275765
-0.0891284425395
-0.055933816755
-0.0784157597743
-0.0356278837373
-0.0130471927804
-0.0852028271467
-0.0519825203079
-0.0604518250574
-0.0902478666856
-0.0371577310991
-0.0736624272093
-0.0291539642725
-0.0785477826452
-0.0886515836865
-0.053561751934
-0.0788887200255
-0.047241348277
-0.0947079970094
-0.0909543202054
-0.0640752697785
-0.0733552959335
-0.0622125316578
-0.0945865470636
-0.0703560987969
-0.0592658810335
-0.0770876103873
-0.0354982087767
-0.0406167310854
-0.0744112362377
-0.0843939618799
-0.0590653428807
-0.0775634045059
-0.0792918993716
-0.0869561775009
-0.0528521452279
-0.0426742648511
-0.0259263049477
-0.0727233276802
-0.0721116760848
-0.0726442592687
-0.0498526097
-0.0909207920268
-0.0773489796025
-0.00203205203054
-0.0525507066601
-0.0846377908056
-0.0535578516749
-0.0531615664528
-0.085976155743
-0.0769197788272
-0.00654088101397
-0.100503113982
-0.0896470773262
-0.0760974054694
-0.0658216896031
-0.0755536822982
-0.0830634315818
-0.0878691647615
-0.0986691143281
-0.0538309416079
-0.00724043501169
-0.0168820170899
-0.0761715179127
-0.00989689041385
-0.0549774030573
-0.050903122897
-0.080687167884
-0.0678823272663
-0.0635247631595
-0.0492954021351
-0.091680255312
-0.0682136641014
-0.0494126316605
-0.0410316883757
-0.0363448595012
-0.013798039014
-0.044659082863
-0.0911346277522
-0.0252524067613
-0.0518558594555
-0.0266246204621
-0.0324453067242
-0.0533234393729
-0.0474426831898
-0.0725271453087
-0.0881813235254
-0.0810203291429
-0.0287094394741
-0.0836793035081
-0.0837635797683
-0.0603819790847
-0.0917316743382
-0.0294153048715
-0.0384358446293
-0.0248233544055
-0.0718387392654
-0.0728323403106
-0.0586486139441
-0.0545403691719
-0.0635704311813
-0.0981678423025
-0.00186617441614
-0.0846201737655
-0.0449758348369
-0.0833072523048
-0.0138822779121
-0.0243765856985
-0.061249224282
-0.0166649396784
-0.0602664680059
-0.0656423755993
-0.0229033596239
-0.0480968330914
-0.0848868078984
-0.0919250550993
-0.0391441969594
-0.0914709853258
-0.0881270411213
-0.0820594863017
-0.0121432699859
-0.0849276306983
-0.0831756957479
-0.075205449353
-0.064006907159
-0.0699094700782
-0.0171871537818
-0.0560359950231
-0.0981170848993
-0.0772394607338
-0.0856999555823
-0.0679899221555
-0.0316684885744
-0.0734842626363
-0.0888249207741
-0.0392995871397
-0.0338884321276
-0.0995457828651
-0.0672258109702
-0.0593414695203
-0.0622791151594
-0.09179666475
-0.0673192098331
-0.0386204422486
-0.100438027231
-0.0794168145631
-0.0605824423681
-0.0815188680713
-0.0859185116171
-0.0569201222694
-0.0860209878399
-0.0746854217426
-0.0813505822903
-0.0746532868036
-0.0596746071011
-0.0698387488877
-0.0540108099831
-0.0996666803655
-0.0767411923527
-0.0623670883559
-0.014868800535
-0.017328191622
-0.0779644237283
-0.0121410872827
-0.0969182083127
-0.00237852790828
-0.00745935052959
-0.0536642572723
-0.0186161120321
-0.0610717636092
-0.0799546871118
-0.0836427265512
-0.0755820537547
-0.00825016485152
-0.058491986331
-0.0653204214293
-0.0987188365882
-0.0814407410757
-0.00712057587303
0.000109455378161
-0.0857385847394
-0.0685211995288
-0.0804051957508
-0.071654294058
-0.0606865734801
-0.0582781670679
0.000606130571527
-0.0214528746525
-0.0545949756055
-0.0853998957349
-0.0704709015466
-0.00669318700948
-0.0117995829878
-0.0990695310112
-0.0687671477019
-0.00845007379928
-0.0622690224273
-0.0965368592368
-0.095126584521
-0.085564029306
-0.0661947684715
-0.0808681295803
-0.0809526872977
-0.0664923258651
-0.0721900577042
-0.0173894434419
-0.0284978903241
-0.0831277340207
-0.0493015002245
-0.00227161226438
-0.0696222551018
-0.0703461498609
-0.101436609611
-0.00118938342072
-0.0626683141042
-0.0640971747846
-0.0762307028763
-0.0975708151002
-0.0976757998478
-0.0624096408173
-0.0938308764982
-0.100208427272
-0.0389709866049
-0.0202441052778
-0.0142130075889
-0.0771382646951
-0.0886221872966
-0.0779573295727
-0.0871311805344
-0.0889981673243
-0.0740225264117
-0.0783268773398
-0.0134302160395
-0.101467451098
-0.0647705373342
-0.0377193774763
-0.0815855235795
-0.0820094270895
-0.0655190058759
-0.0832170791007
-0.051644990291
-0.0682062488437
-0.0122746434912
-0.0764241731836
-0.0815138390621
-0.075835341477
-0.0975267063543
-0.0889276661306
-0.0740517128335
-0.0782485059939
-0.0743942834812
-0.099986382911
-0.0717948015542
-0.0977886600408
-0.064582979431
-0.0855761223254
-0.073945801311
-0.080331794418
-0.0108543316262
-0.0890233022493
-0.0392893682866
-0.0668986655661
-0.000592823966377
-0.0543039725465
-0.093207859568
-0.0816579491213
-0.082017129929
-0.0698811044227
-0.0994260639088
-0.0852555456829
-0.00362027698771
-0.0714660972716
-0.0941068541186
-0.0130321192003
-0.0636009536214
-0.04542031451
-0.0691572729062
-0.0451998843783
-0.046882217721
-0.0684902102965
-0.0711294714258
-0.0752448268119
-0.0605220698792
-0.0524308340086
-0.0477986160247
-0.0464591950945
-0.0775797036381
-0.0452865346507
-0.100973319369
-0.0993431806686
-0.101355517601
-0.0964315321412
-0.0590236771706
-0.10147229719
-0.0921920797287
-0.10087686785
-0.0820110510807
-0.0526589611495
-0.0865735452842
-0.0151031085162
-0.0731112196833
-0.0996656502588
-0.100772696116
-0.0548850671546
-0.0223727621765
-0.0700690337702
-0.0795261324974
-0.0830748436246
-0.0185682302787
-0.00178830614626
-0.0790171211615
-0.0438223758889
-0.100000254258
-0.0447590218359
-0.0310493954126
-0.0780071212437
-0.0322824544333
-0.0379350648473
-0.0332346426522
-0.0657531777475
-0.0308877588227
0.000137278230003
-0.0337777009842
-0.0542068388716
-0.0279352652322
-0.0527808944457
-0.0464760741732
-0.038215515706
-0.0480823320515
-0.0390792590567
-0.0415422544282
-0.0424384303172
-0.0400129512548
-0.0409782583414
-0.0429240610505
-0.0694721778976
-0.0363169460434
-0.0675899864965
-0.032221919359
-0.022542949727
-0.0397241747381
-0.0347741421139
-0.0278801866385
-0.0405909020423
-0.0267655363546
-0.0257555644927
-0.0220009367252
-0.0197004454481
-0.0133569498144
-0.015119278868
-0.0169318066995
-0.0304727832403
-0.00801229243737
-0.0109057184542
-0.0536480401641
-0.0383653297418
-0.0066673361042
-0.00104143516705
-0.0365982965824
-0.0716021441256
-0.0674013522342
-0.0488962054948
-0.0436623068056
-0.0661590301302
-0.0677194223377
-0.0397602701828
-0.0243815566262
0.018126444449
0.00802764333919
-0.000711558573887
0.00353985190562
0.00597915521212
-0.00183368963655
-0.0750795667412
-0.0600882018974
-0.00542457152187
-0.0271485268584
-0.0377510813608
-0.0617728401583
-0.0254210817982
-0.0354630583194
-0.00317220962295
-0.0438613239743
-0.04178745972
-0.000590561219496
-0.0575013510504
-0.074370717691
-0.0532092114013
-0.0567429975874
-0.0425407893736
-0.0467006412031
-0.0645514941898
-0.0453678215581
-0.0351937654384
-0.0527309543479
-0.0637540241009
-0.0231324590212
-0.00942512872748
-0.0648272772677
-0.00527707528366
-0.0117188183939
-0.0311937046586
0.00190879442959
0.00427891785805
-0.0563890094377
-0.077123164875
-0.0760031944
-0.0698407829461
-0.0499244153761
-0.0445036771663
-0.0588472358219
-0.0527518617345
-0.072776085161
-0.0180310526008
-0.0729589630352
-0.0392966423281
-0.059134108108
-0.0702487363063
-0.0718696575504
-0.075498744365
-0.021828135046
-0.0169882137888
-0.0324244611356
-0.0205042417489
-0.0180228320624
-0.0157374111041
-0.0681447399057
-0.00933999829568
-0.00451573713912
-0.0592226906235
-0.0554735159784
-0.0612102229923
-0.0698188371099
-0.0677956586282
-0.0550226730312
-0.00939965193068
-0.0643965522067
-0.0263780064815
-0.0493794828541
-0.0450002838075
-0.024614663859
0.00348393137736
0.00533992912406
0.000855828824385
0.00051023692384
-0.0154877858321
-0.0748955292745
-0.00503455609938
-0.0459023876796
-0.0438627926889
-0.0284270851461
-0.0307471239037
-0.0113828251313
-0.0523831841907
-0.0109262494285
-0.0396683361539
-0.0161635212929
-0.0050355771883
-0.00283929578551
-0.00165290493879
-0.0463709482773
-0.0170820163992
-0.0289087361649
-0.00429158871158
-0.023693308626
-0.017469959763
-0.0367652124946
-0.0560378463947
-0.022406872462
-0.0513645376375
-0.0531016635157
-0.0513847826024
-0.0382293154574
-0.0012150992494
0.00319601765612
0.00424628094273
-0.00281886020693
0.0209054820396
0.0186477147912
-0.00014326981429
-0.000704025032798
-0.00577098817027
-0.0121331781044
-0.0359453905591
-0.0613667046481
-0.0162587800898
-0.025080945996
-0.069738862557
-0.0424860593141
-0.00702401987562
-0.0453183639857
-0.0596061714
-0.0256869028737
-0.040044407508
-0.0389791219168
-0.0592196919149
-0.037613637861
-0.047836334394
-0.0484206529662
-0.0511597985413
-0.0489221507083
-0.0681515659353
-0.0744231004084
-0.0055474590118
-0.0424367664904
-0.0146784847023
-0.0158818645909
-0.0362049672689
-0.0133111713292
0.00236958425268
-0.0661567835816
-0.0784380923976
-0.0655135439198
-0.047365339585
-0.038926178789
-0.0585646771802
-0.026738785064
-0.0716434613155
-0.0415828713183
-0.0710851149444
-0.0618501357057
-0.004202715283
-0.0719818046064
-0.0445147095488
-0.0742590094672
-0.000637047887429
-0.0760973040992
-0.0711557223224
-0.0683232375438
-0.0710937620194
-0.073379236236
-0.0559041839587
-0.0621911341294
-0.0225253860997
-0.021529111706
-0.0223926731152
-0.0255618510452
-0.020856514181
-0.0190544214153
-0.0648655513722
-0.00644186367722
-0.0337957179545
-0.0552380577943
-0.0516508344612
-0.0345059059657
-0.0156876739211
-0.00302832950498
-0.0614840603774
-0.0292739361792
-0.0707233708706
-0.0194252953968
-0.0436359941684
-0.0351015437872
-0.0272451865611
-0.0616317624635
-0.0266035399561
-0.0206954611432
-0.0477817175864
-0.0715035428733
-0.00638143191229
-0.008230763046
-0.0363740489367
-0.0451125247071
-0.0467747268968
-0.0269408437603
-0.0357867795609
-0.0194602828434
-0.0454374738874
-0.00486371197014
-0.0391535899742
-0.0412386934955
-0.0257495148862
0.000754555452552
-0.0672746527788
-0.0661253647593
-0.021383405809
-0.0275897033897
-0.0379255143208
-0.00944007393184
-0.0362000574263
-0.00212726459972
-0.00286238132226
-0.00543126357116
-0.0493113383965
-0.0465786185139
-0.0242152929665
-0.0724281114094
-0.0587784007766
-0.00367945075867
-0.0310599748301
-0.0430508305267
-0.0550831162362
-0.0445862797219
-0.0270719399888
0.0113479197445
-0.000280527841285
0.00208854825725
0.0066556217888
-0.0656701993474
-0.0485111335367
-0.043176643566
-0.0558827670111
-0.0742591425509
-0.0360226718649
-0.0352488449638
0.00665514819342
0.000590206166624
0.00811559853878
-0.000293770545918
-0.0132688106361
-0.0427990156209
-0.063640473507
-0.0130684304956
-0.0650828035997
-0.0676266881704
-0.0293809670078
-0.0376452272168
-0.0159006244785
-0.0649373924428
-0.0617943665525
-0.0612770592474
-0.0429297635769
-0.0126588309874
-0.0165987177103
-0.012763879024
-0.0204034063484
-0.0170730981222
-0.0675411023489
-0.0503957158924
-0.06960204437
-0.07154472734
-0.0714709821138
-0.0600511074298
-0.0401123316242
-0.0190359502933
-0.001065684084
-0.0693394361449
-0.0673350076347
0.00569831008571
-0.0284907772192
-0.0208232169733
-0.034440067584
0.00375686471095
-0.000302733246894
0.00111170766395
0.00617694796012
-0.0272462270427
-0.0679666254299
-0.0625920036931
-0.0538564256249
-0.0469130023042
-0.0297347327624
-0.0722743979817
-0.00022126621377
0.00216071793669
-0.0116352720333
-0.0397368486524
-0.0614898166773
-0.0586402375035
0.00111766066274
-0.00136521174816
-0.0562885961735
-0.0503290546144
0.00762412656558
0.00727020914083
-0.0297410555405
-0.0131504194417
-0.0370790904309
-0.0375151410444
-0.0340338350381
-0.0100043561126
0.0231701697295
-0.00784339122334
-0.0610034411487
-0.0564495267603
-0.00574914298383
-0.00349898373575
-0.0459582226359
-0.04450350801
0.00768095915807
0.00386889142347
-0.0252157162117
-0.0285169690882
-0.0411869713157
-0.0429530709868
-0.0306436878555
-0.0207220245155
-0.0249143005892
-0.0170076728888
)
;

boundaryField
{
    bottomWall
    {
        type            zeroGradient;
    }
    leftWall
    {
        type            zeroGradient;
    }
    rightWall
    {
        type            zeroGradient;
    }
    movingTop
    {
        type            zeroGradient;
    }
    front
    {
        type            empty;
    }
    back
    {
        type            empty;
    }
}


// ************************************************************************* //
