/*--------------------------------*- C++ -*----------------------------------*\
  =========                 |
  \\      /  F ield         | OpenFOAM: The Open Source CFD Toolbox
   \\    /    O peration     | M anipulation
\*---------------------------------------------------------------------------*/
FoamFile
{
    format      ascii;
    class       volScalarField;
    location    "0";
    object      phi;
}

dimensions      [0 0 0 0 0 0 0];

internalField   nonuniform List<scalar>
1600
(
    2.2774057196530822e-21
    2.4484418922035998e-20
    2.3230169883901573e-19
    1.9450383106968908e-18
    1.4371997192308632e-17
    9.3717194088936809e-17
    5.3930521589194417e-16
    2.7388178752361631e-15
    1.2274530137092433e-14
    4.8546708430001407e-14
    1.6944466187660881e-13
    5.2192630247154929e-13
    1.4187427838032316e-12
    3.4033870125596761e-12
    7.2049703621281956e-12
    1.3460656752464976e-11
    2.2192871105382318e-11
    3.2290436924059623e-11
    4.1461741726444892e-11
    4.6982308498777311e-11
    4.6982308498777311e-11
    4.1461741726444892e-11
    3.2290436924059623e-11
    2.2192871105382318e-11
    1.3460656752464976e-11
    7.2049703621281956e-12
    3.4033870125596761e-12
    1.4187427838032316e-12
    5.2192630247154929e-13
    1.6944466187660881e-13
    4.8546708430001407e-14
    1.2274530137092433e-14
    2.7388178752361631e-15
    5.3930521589194417e-16
    9.3717194088936809e-17
    1.4371997192308632e-17
    1.9450383106968908e-18
    2.3230169883901573e-19
    2.4484418922035998e-20
    2.2774057196530822e-21
    2.4484418922035998e-20
    2.6323231068422640e-19
    2.4974786273661962e-18
    2.0911132525725953e-17
    1.5451353132476244e-16
    1.0075547894122368e-15
    5.7980774873740479e-15
    2.9445067090925618e-14
    1.3196363535677236e-13
    5.2192630247154929e-13
    1.8217017941456708e-12
    5.6112365600317018e-12
    1.5252922376319218e-11
    3.6589858649350089e-11
    7.7460731368529563e-11
    1.4471569823899869e-10
    2.3859584989085823e-10
    3.4715491315473181e-10
    4.4575573201870122e-10
    5.0510741818266208e-10
    5.0510741818266208e-10
    4.4575573201870122e-10
    3.4715491315473181e-10
    2.3859584989085823e-10
    1.4471569823899869e-10
    7.7460731368529563e-11
    3.6589858649350089e-11
    1.5252922376319218e-11
    5.6112365600317018e-12
    1.8217017941456708e-12
    5.2192630247154929e-13
    1.3196363535677236e-13
    2.9445067090925618e-14
    5.7980774873740479e-15
    1.0075547894122368e-15
    1.5451353132476244e-16
    2.0911132525725953e-17
    2.4974786273661962e-18
    2.6323231068422640e-19
    2.4484418922035998e-20
    2.3230169883901573e-19
    2.4974786273661962e-18
    2.3695417473401759e-17
    1.9839930144317249e-16
    1.4659835683522543e-15
    9.5594136826011464e-15
    5.5010627558942350e-14
    2.7936701824255604e-13
    1.2520361122705981e-12
    4.9518988838974177e-12
    1.7283825395474503e-11
    5.3237930196897920e-11
    1.4471569823899869e-10
    3.4715491315473181e-10
    7.3492695691573887e-10
    1.3730243162657943e-09
    2.2637343954159149e-09
    3.2937141103060809e-09
    4.2292126329360590e-09
    4.7923257527021753e-09
    4.7923257527021753e-09
    4.2292126329360590e-09
    3.2937141103060809e-09
    2.2637343954159149e-09
    1.3730243162657943e-09
    7.3492695691573887e-10
    3.4715491315473181e-10
    1.4471569823899869e-10
    5.3237930196897920e-11
    1.7283825395474503e-11
    4.9518988838974177e-12
    1.2520361122705981e-12
    2.7936701824255604e-13
    5.5010627558942350e-14
    9.5594136826011464e-15
    1.4659835683522543e-15
    1.9839930144317249e-16
    2.3695417473401759e-17
    2.4974786273661962e-18
    2.3230169883901573e-19
    1.9450383106968908e-18
    2.0911132525725953e-17
    1.9839930144317249e-16
    1.6611770126997430e-15
    1.2274530137092433e-14
    8.0039990811020545e-14
    4.6059834530857289e-13
    2.3391114053087011e-12
    1.0483170019475118e-11
    4.1461741726444892e-11
    1.4471569823899869e-10
    4.4575573201870122e-10
    1.2116897062778954e-09
    2.9066925003442928e-09
    6.1534680715168050e-09
    1.1496191848799524e-08
    1.8954016033165205e-08
    2.7577930600791114e-08
    3.5410763831066428e-08
    4.0125652257087641e-08
    4.0125652257087641e-08
    3.5410763831066428e-08
    2.7577930600791114e-08
    1.8954016033165205e-08
    1.1496191848799524e-08
    6.1534680715168050e-09
    2.9066925003442928e-09
    1.2116897062778954e-09
    4.4575573201870122e-10
    1.4471569823899869e-10
    4.1461741726444892e-11
    1.0483170019475118e-11
    2.3391114053087011e-12
    4.6059834530857289e-13
    8.0039990811020545e-14
    1.2274530137092433e-14
    1.6611770126997430e-15
    1.9839930144317249e-16
    2.0911132525725953e-17
    1.9450383106968908e-18
    1.4371997192308632e-17
    1.5451353132476244e-16
    1.4659835683522543e-15
    1.2274530137092433e-14
    9.0697191770990923e-14
    5.9141998226052452e-13
    3.4033870125596761e-12
    1.7283825395474503e-11
    7.7460731368529563e-11
    3.0636313557607507e-10
    1.0693124126838808e-09
    3.2937141103060809e-09
    8.9532432141841711e-09
    2.1477713947384977e-08
    4.5468320783416270e-08
    8.4946006494848950e-08
    1.4005228776908871e-07
    2.0377487630166179e-07
    2.6165212045373425e-07
    2.9649069553380388e-07
    2.9649069553380388e-07
    2.6165212045373425e-07
    2.0377487630166179e-07
    1.4005228776908871e-07
    8.4946006494848950e-08
    4.5468320783416270e-08
    2.1477713947384977e-08
    8.9532432141841711e-09
    3.2937141103060809e-09
    1.0693124126838808e-09
    3.0636313557607507e-10
    7.7460731368529563e-11
    1.7283825395474503e-11
    3.4033870125596761e-12
    5.9141998226052452e-13
    9.0697191770990923e-14
    1.2274530137092433e-14
    1.4659835683522543e-15
    1.5451353132476244e-16
    1.4371997192308632e-17
    9.3717194088936809e-17
    1.0075547894122368e-15
    9.5594136826011464e-15
    8.0039990811020545e-14
    5.9141998226052452e-13
    3.8565427284697242e-12
    2.2192871105382318e-11
    1.1270469911125731e-10
    5.0510741818266208e-10
    1.9977385922287566e-09
    6.9727928262353739e-09
    2.1477713947384977e-08
    5.8382479540017978e-08
    1.4005228776908871e-07
    2.9649069553380388e-07
    5.5391754334729696e-07
    9.1325563593064877e-07
    1.3287791096307797e-06
    1.7061861499296281e-06
    1.9333621964368023e-06
    1.9333621964368023e-06
    1.7061861499296281e-06
    1.3287791096307797e-06
    9.1325563593064877e-07
    5.5391754334729696e-07
    2.9649069553380388e-07
    1.4005228776908871e-07
    5.8382479540017978e-08
    2.1477713947384977e-08
    6.9727928262353739e-09
    1.9977385922287566e-09
    5.0510741818266208e-10
    1.1270469911125731e-10
    2.2192871105382318e-11
    3.8565427284697242e-12
    5.9141998226052452e-13
    8.0039990811020545e-14
    9.5594136826011464e-15
    1.0075547894122368e-15
    9.3717194088936809e-17
    5.3930521589194417e-16
    5.7980774873740479e-15
    5.5010627558942350e-14
    4.6059834530857289e-13
    3.4033870125596761e-12
    2.2192871105382318e-11
    1.2771115545128334e-10
    6.4857076310406198e-10
    2.9066925003442928e-09
    1.1496191848799524e-08
    4.0125652257087641e-08
    1.2359571015610719e-07
    3.3596797299283724e-07
    8.0594526997672246e-07
    1.7061861499296281e-06
    3.1875753772328753e-06
    5.2554233264038262e-06
    7.6465958201017975e-06
    9.8184233841489524e-06
    1.1125731269303538e-05
    1.1125731269303538e-05
    9.8184233841489524e-06
    7.6465958201017975e-06
    5.2554233264038262e-06
    3.1875753772328753e-06
    1.7061861499296281e-06
    8.0594526997672246e-07
    3.3596797299283724e-07
    1.2359571015610719e-07
    4.0125652257087641e-08
    1.1496191848799524e-08
    2.9066925003442928e-09
    6.4857076310406198e-10
    1.2771115545128334e-10
    2.2192871105382318e-11
    3.4033870125596761e-12
    4.6059834530857289e-13
    5.5010627558942350e-14
    5.7980774873740479e-15
    5.3930521589194417e-16
    2.7388178752361631e-15
    2.9445067090925618e-14
    2.7936701824255604e-13
    2.3391114053087011e-12
    1.7283825395474503e-11
    1.1270469911125731e-10
    6.4857076310406198e-10
    3.2937141103060809e-09
    1.4761402528977027e-08
    5.8382479540017978e-08
    2.0377487630166179e-07
    6.2767080737056624e-07
    1.7061861499296281e-06
    4.0929278019750279e-06
    8.6647282247756104e-06
    1.6187843478185913e-05
    2.6689241869249460e-05
    3.8832617782426598e-05
    4.9862068229156115e-05
    5.6501125480580801e-05
    5.6501125480580801e-05
    4.9862068229156115e-05
    3.8832617782426598e-05
    2.6689241869249460e-05
    1.6187843478185913e-05
    8.6647282247756104e-06
    4.0929278019750279e-06
    1.7061861499296281e-06
    6.2767080737056624e-07
    2.0377487630166179e-07
    5.8382479540017978e-08
    1.4761402528977027e-08
    3.2937141103060809e-09
    6.4857076310406198e-10
    1.1270469911125731e-10
    1.7283825395474503e-11
    2.3391114053087011e-12
    2.7936701824255604e-13
    2.9445067090925618e-14
    2.7388178752361631e-15
    1.2274530137092433e-14
    1.3196363535677236e-13
    1.2520361122705981e-12
    1.0483170019475118e-11
    7.7460731368529563e-11
    5.0510741818266208e-10
    2.9066925003442928e-09
    1.4761402528977027e-08
    6.6156016376977008e-08
    2.6165212045373425e-07
    9.1325563593064877e-07
    2.8130253971629358e-06
    7.6465958201017975e-06
    1.8343229795794281e-05
    3.8832617782426598e-05
    7.2548881188529125e-05
    1.1961288358102437e-04
    1.7403571868811687e-04
    2.2346628620705983e-04
    2.5322047652811852e-04
    2.5322047652811852e-04
    2.2346628620705983e-04
    1.7403571868811687e-04
    1.1961288358102437e-04
    7.2548881188529125e-05
    3.8832617782426598e-05
    1.8343229795794281e-05
    7.6465958201017975e-06
    2.8130253971629358e-06
    9.1325563593064877e-07
    2.6165212045373425e-07
    6.6156016376977008e-08
    1.4761402528977027e-08
    2.9066925003442928e-09
    5.0510741818266208e-10
    7.7460731368529563e-11
    1.0483170019475118e-11
    1.2520361122705981e-12
    1.3196363535677236e-13
    1.2274530137092433e-14
    4.8546708430001407e-14
    5.2192630247154929e-13
    4.9518988838974177e-12
    4.1461741726444892e-11
    3.0636313557607507e-10
    1.9977385922287566e-09
    1.1496191848799524e-08
    5.8382479540017978e-08
    2.6165212045373425e-07
    1.0348542111093753e-06
    3.6119961077453380e-06
    1.1125731269303538e-05
    3.0242873137666396e-05
    7.2548881188529125e-05
    1.5358598268134713e-04
    2.8693639126268209e-04
    4.7307813161271838e-04
    6.8832461994012477e-04
    8.8382630693504996e-04
    1.0015064124832178e-03
    1.0015064124832178e-03
    8.8382630693504996e-04
    6.8832461994012477e-04
    4.7307813161271838e-04
    2.8693639126268209e-04
    1.5358598268134713e-04
    7.2548881188529125e-05
    3.0242873137666396e-05
    1.1125731269303538e-05
    3.6119961077453380e-06
    1.0348542111093753e-06
    2.6165212045373425e-07
    5.8382479540017978e-08
    1.1496191848799524e-08
    1.9977385922287566e-09
    3.0636313557607507e-10
    4.1461741726444892e-11
    4.9518988838974177e-12
    5.2192630247154929e-13
    4.8546708430001407e-14
    1.6944466187660881e-13
    1.8217017941456708e-12
    1.7283825395474503e-11
    1.4471569823899869e-10
    1.0693124126838808e-09
    6.9727928262353739e-09
    4.0125652257087641e-08
    2.0377487630166179e-07
    9.1325563593064877e-07
    3.6119961077453380e-06
    1.2607105177048523e-05
    3.8832617782426598e-05
    1.0555799926946580e-04
    2.5322047652811852e-04
    5.3606775301669630e-04
    1.0015064124832178e-03
    1.6512049250036575e-03
    2.4024889896556130e-03
    3.0848569260302594e-03
    3.4956008536636734e-03
    3.4956008536636734e-03
    3.0848569260302594e-03
    2.4024889896556130e-03
    1.6512049250036575e-03
    1.0015064124832178e-03
    5.3606775301669630e-04
    2.5322047652811852e-04
    1.0555799926946580e-04
    3.8832617782426598e-05
    1.2607105177048523e-05
    3.6119961077453380e-06
    9.1325563593064877e-07
    2.0377487630166179e-07
    4.0125652257087641e-08
    6.9727928262353739e-09
    1.0693124126838808e-09
    1.4471569823899869e-10
    1.7283825395474503e-11
    1.8217017941456708e-12
    1.6944466187660881e-13
    5.2192630247154929e-13
    5.6112365600317018e-12
    5.3237930196897920e-11
    4.4575573201870122e-10
    3.2937141103060809e-09
    2.1477713947384977e-08
    1.2359571015610719e-07
    6.2767080737056624e-07
    2.8130253971629358e-06
    1.1125731269303538e-05
    3.8832617782426598e-05
    1.1961288358102437e-04
    3.2514152788788584e-04
    7.7997397829296345e-04
    1.6512049250036575e-03
    3.0848569260302594e-03
    5.0860692310127006e-03
    7.4001870652772766e-03
    9.5020282800598894e-03
    1.0767208646547101e-02
    1.0767208646547101e-02
    9.5020282800598894e-03
    7.4001870652772766e-03
    5.0860692310127006e-03
    3.0848569260302594e-03
    1.6512049250036575e-03
    7.7997397829296345e-04
    3.2514152788788584e-04
    1.1961288358102437e-04
    3.8832617782426598e-05
    1.1125731269303538e-05
    2.8130253971629358e-06
    6.2767080737056624e-07
    1.2359571015610719e-07
    2.1477713947384977e-08
    3.2937141103060809e-09
    4.4575573201870122e-10
    5.3237930196897920e-11
    5.6112365600317018e-12
    5.2192630247154929e-13
    1.4187427838032316e-12
    1.5252922376319218e-11
    1.4471569823899869e-10
    1.2116897062778954e-09
    8.9532432141841711e-09
    5.8382479540017978e-08
    3.3596797299283724e-07
    1.7061861499296281e-06
    7.6465958201017975e-06
    3.0242873137666396e-05
    1.0555799926946580e-04
    3.2514152788788584e-04
    8.8382630693504996e-04
    2.1201890918646723e-03
    4.4884403426995231e-03
    8.3855105254240832e-03
    1.3825369568946493e-02
    2.0115794026740890e-02
    2.5829190807190754e-02
    2.9268307607136092e-02
    2.9268307607136092e-02
    2.5829190807190754e-02
    2.0115794026740890e-02
    1.3825369568946493e-02
    8.3855105254240832e-03
    4.4884403426995231e-03
    2.1201890918646723e-03
    8.8382630693504996e-04
    3.2514152788788584e-04
    1.0555799926946580e-04
    3.0242873137666396e-05
    7.6465958201017975e-06
    1.7061861499296281e-06
    3.3596797299283724e-07
    5.8382479540017978e-08
    8.9532432141841711e-09
    1.2116897062778954e-09
    1.4471569823899869e-10
    1.5252922376319218e-11
    1.4187427838032316e-12
    3.4033870125596761e-12
    3.6589858649350089e-11
    3.4715491315473181e-10
    2.9066925003442928e-09
    2.1477713947384977e-08
    1.4005228776908871e-07
    8.0594526997672246e-07
    4.0929278019750279e-06
    1.8343229795794281e-05
    7.2548881188529125e-05
    2.5322047652811852e-04
    7.7997397829296345e-04
    2.1201890918646723e-03
    5.0860692310127006e-03
    1.0767208646547101e-02
    2.0115794026740890e-02
    3.3165337488910290e-02
    4.8255281309279648e-02
    6.1961007690531984e-02
    7.0211020014988038e-02
    7.0211020014988038e-02
    6.1961007690531984e-02
    4.8255281309279648e-02
    3.3165337488910290e-02
    2.0115794026740890e-02
    1.0767208646547101e-02
    5.0860692310127006e-03
    2.1201890918646723e-03
    7.7997397829296345e-04
    2.5322047652811852e-04
    7.2548881188529125e-05
    1.8343229795794281e-05
    4.0929278019750279e-06
    8.0594526997672246e-07
    1.4005228776908871e-07
    2.1477713947384977e-08
    2.9066925003442928e-09
    3.4715491315473181e-10
    3.6589858649350089e-11
    3.4033870125596761e-12
    7.2049703621281956e-12
    7.7460731368529563e-11
    7.3492695691573887e-10
    6.1534680715168050e-09
    4.5468320783416270e-08
    2.9649069553380388e-07
    1.7061861499296281e-06
    8.6647282247756104e-06
    3.8832617782426598e-05
    1.5358598268134713e-04
    5.3606775301669630e-04
    1.6512049250036575e-03
    4.4884403426995231e-03
    1.0767208646547101e-02
    2.2794180883612344e-02
    4.2585136288787608e-02
    7.0211020014988038e-02
    1.0215643133339430e-01
    1.3117145431019428e-01
    1.4863673053812251e-01
    1.4863673053812251e-01
    1.3117145431019428e-01
    1.0215643133339430e-01
    7.0211020014988038e-02
    4.2585136288787608e-02
    2.2794180883612344e-02
    1.0767208646547101e-02
    4.4884403426995231e-03
    1.6512049250036575e-03
    5.3606775301669630e-04
    1.5358598268134713e-04
    3.8832617782426598e-05
    8.6647282247756104e-06
    1.7061861499296281e-06
    2.9649069553380388e-07
    4.5468320783416270e-08
    6.1534680715168050e-09
    7.3492695691573887e-10
    7.7460731368529563e-11
    7.2049703621281956e-12
    1.3460656752464976e-11
    1.4471569823899869e-10
    1.3730243162657943e-09
    1.1496191848799524e-08
    8.4946006494848950e-08
    5.5391754334729696e-07
    3.1875753772328753e-06
    1.6187843478185913e-05
    7.2548881188529125e-05
    2.8693639126268209e-04
    1.0015064124832178e-03
    3.0848569260302594e-03
    8.3855105254240832e-03
    2.0115794026740890e-02
    4.2585136288787608e-02
    7.9559508718227687e-02
    1.3117145431019428e-01
    1.9085333986431632e-01
    2.4506053924552590e-01
    2.7768997095378994e-01
    2.7768997095378994e-01
    2.4506053924552590e-01
    1.9085333986431632e-01
    1.3117145431019428e-01
    7.9559508718227687e-02
    4.2585136288787608e-02
    2.0115794026740890e-02
    8.3855105254240832e-03
    3.0848569260302594e-03
    1.0015064124832178e-03
    2.8693639126268209e-04
    7.2548881188529125e-05
    1.6187843478185913e-05
    3.1875753772328753e-06
    5.5391754334729696e-07
    8.4946006494848950e-08
    1.1496191848799524e-08
    1.3730243162657943e-09
    1.4471569823899869e-10
    1.3460656752464976e-11
    2.2192871105382318e-11
    2.3859584989085823e-10
    2.2637343954159149e-09
    1.8954016033165205e-08
    1.4005228776908871e-07
    9.1325563593064877e-07
    5.2554233264038262e-06
    2.6689241869249460e-05
    1.1961288358102437e-04
    4.7307813161271838e-04
    1.6512049250036575e-03
    5.0860692310127006e-03
    1.3825369568946493e-02
    3.3165337488910290e-02
    7.0211020014988038e-02
    1.3117145431019428e-01
    2.1626516682988731e-01
    3.1466396101845900e-01
    4.0403652366334208e-01
    4.5783336177161427e-01
    4.5783336177161427e-01
    4.0403652366334208e-01
    3.1466396101845900e-01
    2.1626516682988731e-01
    1.3117145431019428e-01
    7.0211020014988038e-02
    3.3165337488910290e-02
    1.3825369568946493e-02
    5.0860692310127006e-03
    1.6512049250036575e-03
    4.7307813161271838e-04
    1.1961288358102437e-04
    2.6689241869249460e-05
    5.2554233264038262e-06
    9.1325563593064877e-07
    1.4005228776908871e-07
    1.8954016033165205e-08
    2.2637343954159149e-09
    2.3859584989085823e-10
    2.2192871105382318e-11
    3.2290436924059623e-11
    3.4715491315473181e-10
    3.2937141103060809e-09
    2.7577930600791114e-08
    2.0377487630166179e-07
    1.3287791096307797e-06
    7.6465958201017975e-06
    3.8832617782426598e-05
    1.7403571868811687e-04
    6.8832461994012477e-04
    2.4024889896556130e-03
    7.4001870652772766e-03
    2.0115794026740890e-02
    4.8255281309279648e-02
    1.0215643133339430e-01
    1.9085333986431632e-01
    3.1466396101845900e-01
    4.5783336177161427e-01
    5.8786967312234650e-01
    6.6614361070348782e-01
    6.6614361070348782e-01
    5.8786967312234650e-01
    4.5783336177161427e-01
    3.1466396101845900e-01
    1.9085333986431632e-01
    1.0215643133339430e-01
    4.8255281309279648e-02
    2.0115794026740890e-02
    7.4001870652772766e-03
    2.4024889896556130e-03
    6.8832461994012477e-04
    1.7403571868811687e-04
    3.8832617782426598e-05
    7.6465958201017975e-06
    1.3287791096307797e-06
    2.0377487630166179e-07
    2.7577930600791114e-08
    3.2937141103060809e-09
    3.4715491315473181e-10
    3.2290436924059623e-11
    4.1461741726444892e-11
    4.4575573201870122e-10
    4.2292126329360590e-09
    3.5410763831066428e-08
    2.6165212045373425e-07
    1.7061861499296281e-06
    9.8184233841489524e-06
    4.9862068229156115e-05
    2.2346628620705983e-04
    8.8382630693504996e-04
    3.0848569260302594e-03
    9.5020282800598894e-03
    2.5829190807190754e-02
    6.1961007690531984e-02
    1.3117145431019428e-01
    2.4506053924552590e-01
    4.0403652366334208e-01
    5.8786967312234650e-01
    7.5483960198900735e-01
    8.5534532730742252e-01
    8.5534532730742252e-01
    7.5483960198900735e-01
    5.8786967312234650e-01
    4.0403652366334208e-01
    2.4506053924552590e-01
    1.3117145431019428e-01
    6.1961007690531984e-02
    2.5829190807190754e-02
    9.5020282800598894e-03
    3.0848569260302594e-03
    8.8382630693504996e-04
    2.2346628620705983e-04
    4.9862068229156115e-05
    9.8184233841489524e-06
    1.7061861499296281e-06
    2.6165212045373425e-07
    3.5410763831066428e-08
    4.2292126329360590e-09
    4.4575573201870122e-10
    4.1461741726444892e-11
    4.6982308498777311e-11
    5.0510741818266208e-10
    4.7923257527021753e-09
    4.0125652257087641e-08
    2.9649069553380388e-07
    1.9333621964368023e-06
    1.1125731269303538e-05
    5.6501125480580801e-05
    2.5322047652811852e-04
    1.0015064124832178e-03
    3.4956008536636734e-03
    1.0767208646547101e-02
    2.9268307607136092e-02
    7.0211020014988038e-02
    1.4863673053812251e-01
    2.7768997095378994e-01
    4.5783336177161427e-01
    6.6614361070348782e-01
    8.5534532730742252e-01
    9.6923323447634413e-01
    9.6923323447634413e-01
    8.5534532730742252e-01
    6.6614361070348782e-01
    4.5783336177161427e-01
    2.7768997095378994e-01
    1.4863673053812251e-01
    7.0211020014988038e-02
    2.9268307607136092e-02
    1.0767208646547101e-02
    3.4956008536636734e-03
    1.0015064124832178e-03
    2.5322047652811852e-04
    5.6501125480580801e-05
    1.1125731269303538e-05
    1.9333621964368023e-06
    2.9649069553380388e-07
    4.0125652257087641e-08
    4.7923257527021753e-09
    5.0510741818266208e-10
    4.6982308498777311e-11
    4.6982308498777311e-11
    5.0510741818266208e-10
    4.7923257527021753e-09
    4.0125652257087641e-08
    2.9649069553380388e-07
    1.9333621964368023e-06
    1.1125731269303538e-05
    5.6501125480580801e-05
    2.5322047652811852e-04
    1.0015064124832178e-03
    3.4956008536636734e-03
    1.0767208646547101e-02
    2.9268307607136092e-02
    7.0211020014988038e-02
    1.4863673053812251e-01
    2.7768997095378994e-01
    4.5783336177161427e-01
    6.6614361070348782e-01
    8.5534532730742252e-01
    9.6923323447634413e-01
    9.6923323447634413e-01
    8.5534532730742252e-01
    6.6614361070348782e-01
    4.5783336177161427e-01
    2.7768997095378994e-01
    1.4863673053812251e-01
    7.0211020014988038e-02
    2.9268307607136092e-02
    1.0767208646547101e-02
    3.4956008536636734e-03
    1.0015064124832178e-03
    2.5322047652811852e-04
    5.6501125480580801e-05
    1.1125731269303538e-05
    1.9333621964368023e-06
    2.9649069553380388e-07
    4.0125652257087641e-08
    4.7923257527021753e-09
    5.0510741818266208e-10
    4.6982308498777311e-11
    4.1461741726444892e-11
    4.4575573201870122e-10
    4.2292126329360590e-09
    3.5410763831066428e-08
    2.6165212045373425e-07
    1.7061861499296281e-06
    9.8184233841489524e-06
    4.9862068229156115e-05
    2.2346628620705983e-04
    8.8382630693504996e-04
    3.0848569260302594e-03
    9.5020282800598894e-03
    2.5829190807190754e-02
    6.1961007690531984e-02
    1.3117145431019428e-01
    2.4506053924552590e-01
    4.0403652366334208e-01
    5.8786967312234650e-01
    7.5483960198900735e-01
    8.5534532730742252e-01
    8.5534532730742252e-01
    7.5483960198900735e-01
    5.8786967312234650e-01
    4.0403652366334208e-01
    2.4506053924552590e-01
    1.3117145431019428e-01
    6.1961007690531984e-02
    2.5829190807190754e-02
    9.5020282800598894e-03
    3.0848569260302594e-03
    8.8382630693504996e-04
    2.2346628620705983e-04
    4.9862068229156115e-05
    9.8184233841489524e-06
    1.7061861499296281e-06
    2.6165212045373425e-07
    3.5410763831066428e-08
    4.2292126329360590e-09
    4.4575573201870122e-10
    4.1461741726444892e-11
    3.2290436924059623e-11
    3.4715491315473181e-10
    3.2937141103060809e-09
    2.7577930600791114e-08
    2.0377487630166179e-07
    1.3287791096307797e-06
    7.6465958201017975e-06
    3.8832617782426598e-05
    1.7403571868811687e-04
    6.8832461994012477e-04
    2.4024889896556130e-03
    7.4001870652772766e-03
    2.0115794026740890e-02
    4.8255281309279648e-02
    1.0215643133339430e-01
    1.9085333986431632e-01
    3.1466396101845900e-01
    4.5783336177161427e-01
    5.8786967312234650e-01
    6.6614361070348782e-01
    6.6614361070348782e-01
    5.8786967312234650e-01
    4.5783336177161427e-01
    3.1466396101845900e-01
    1.9085333986431632e-01
    1.0215643133339430e-01
    4.8255281309279648e-02
    2.0115794026740890e-02
    7.4001870652772766e-03
    2.4024889896556130e-03
    6.8832461994012477e-04
    1.7403571868811687e-04
    3.8832617782426598e-05
    7.6465958201017975e-06
    1.3287791096307797e-06
    2.0377487630166179e-07
    2.7577930600791114e-08
    3.2937141103060809e-09
    3.4715491315473181e-10
    3.2290436924059623e-11
    2.2192871105382318e-11
    2.3859584989085823e-10
    2.2637343954159149e-09
    1.8954016033165205e-08
    1.4005228776908871e-07
    9.1325563593064877e-07
    5.2554233264038262e-06
    2.6689241869249460e-05
    1.1961288358102437e-04
    4.7307813161271838e-04
    1.6512049250036575e-03
    5.0860692310127006e-03
    1.3825369568946493e-02
    3.3165337488910290e-02
    7.0211020014988038e-02
    1.3117145431019428e-01
    2.1626516682988731e-01
    3.1466396101845900e-01
    4.0403652366334208e-01
    4.5783336177161427e-01
    4.5783336177161427e-01
    4.0403652366334208e-01
    3.1466396101845900e-01
    2.1626516682988731e-01
    1.3117145431019428e-01
    7.0211020014988038e-02
    3.3165337488910290e-02
    1.3825369568946493e-02
    5.0860692310127006e-03
    1.6512049250036575e-03
    4.7307813161271838e-04
    1.1961288358102437e-04
    2.6689241869249460e-05
    5.2554233264038262e-06
    9.1325563593064877e-07
    1.4005228776908871e-07
    1.8954016033165205e-08
    2.2637343954159149e-09
    2.3859584989085823e-10
    2.2192871105382318e-11
    1.3460656752464976e-11
    1.4471569823899869e-10
    1.3730243162657943e-09
    1.1496191848799524e-08
    8.4946006494848950e-08
    5.5391754334729696e-07
    3.1875753772328753e-06
    1.6187843478185913e-05
    7.2548881188529125e-05
    2.8693639126268209e-04
    1.0015064124832178e-03
    3.0848569260302594e-03
    8.3855105254240832e-03
    2.0115794026740890e-02
    4.2585136288787608e-02
    7.9559508718227687e-02
    1.3117145431019428e-01
    1.9085333986431632e-01
    2.4506053924552590e-01
    2.7768997095378994e-01
    2.7768997095378994e-01
    2.4506053924552590e-01
    1.9085333986431632e-01
    1.3117145431019428e-01
    7.9559508718227687e-02
    4.2585136288787608e-02
    2.0115794026740890e-02
    8.3855105254240832e-03
    3.0848569260302594e-03
    1.0015064124832178e-03
    2.8693639126268209e-04
    7.2548881188529125e-05
    1.6187843478185913e-05
    3.1875753772328753e-06
    5.5391754334729696e-07
    8.4946006494848950e-08
    1.1496191848799524e-08
    1.3730243162657943e-09
    1.4471569823899869e-10
    1.3460656752464976e-11
    7.2049703621281956e-12
    7.7460731368529563e-11
    7.3492695691573887e-10
    6.1534680715168050e-09
    4.5468320783416270e-08
    2.9649069553380388e-07
    1.7061861499296281e-06
    8.6647282247756104e-06
    3.8832617782426598e-05
    1.5358598268134713e-04
    5.3606775301669630e-04
    1.6512049250036575e-03
    4.4884403426995231e-03
    1.0767208646547101e-02
    2.2794180883612344e-02
    4.2585136288787608e-02
    7.0211020014988038e-02
    1.0215643133339430e-01
    1.3117145431019428e-01
    1.4863673053812251e-01
    1.4863673053812251e-01
    1.3117145431019428e-01
    1.0215643133339430e-01
    7.0211020014988038e-02
    4.2585136288787608e-02
    2.2794180883612344e-02
    1.0767208646547101e-02
    4.4884403426995231e-03
    1.6512049250036575e-03
    5.3606775301669630e-04
    1.5358598268134713e-04
    3.8832617782426598e-05
    8.6647282247756104e-06
    1.7061861499296281e-06
    2.9649069553380388e-07
    4.5468320783416270e-08
    6.1534680715168050e-09
    7.3492695691573887e-10
    7.7460731368529563e-11
    7.2049703621281956e-12
    3.4033870125596761e-12
    3.6589858649350089e-11
    3.4715491315473181e-10
    2.9066925003442928e-09
    2.1477713947384977e-08
    1.4005228776908871e-07
    8.0594526997672246e-07
    4.0929278019750279e-06
    1.8343229795794281e-05
    7.2548881188529125e-05
    2.5322047652811852e-04
    7.7997397829296345e-04
    2.1201890918646723e-03
    5.0860692310127006e-03
    1.0767208646547101e-02
    2.0115794026740890e-02
    3.3165337488910290e-02
    4.8255281309279648e-02
    6.1961007690531984e-02
    7.0211020014988038e-02
    7.0211020014988038e-02
    6.1961007690531984e-02
    4.8255281309279648e-02
    3.3165337488910290e-02
    2.0115794026740890e-02
    1.0767208646547101e-02
    5.0860692310127006e-03
    2.1201890918646723e-03
    7.7997397829296345e-04
    2.5322047652811852e-04
    7.2548881188529125e-05
    1.8343229795794281e-05
    4.0929278019750279e-06
    8.0594526997672246e-07
    1.4005228776908871e-07
    2.1477713947384977e-08
    2.9066925003442928e-09
    3.4715491315473181e-10
    3.6589858649350089e-11
    3.4033870125596761e-12
    1.4187427838032316e-12
    1.5252922376319218e-11
    1.4471569823899869e-10
    1.2116897062778954e-09
    8.9532432141841711e-09
    5.8382479540017978e-08
    3.3596797299283724e-07
    1.7061861499296281e-06
    7.6465958201017975e-06
    3.0242873137666396e-05
    1.0555799926946580e-04
    3.2514152788788584e-04
    8.8382630693504996e-04
    2.1201890918646723e-03
    4.4884403426995231e-03
    8.3855105254240832e-03
    1.3825369568946493e-02
    2.0115794026740890e-02
    2.5829190807190754e-02
    2.9268307607136092e-02
    2.9268307607136092e-02
    2.5829190807190754e-02
    2.0115794026740890e-02
    1.3825369568946493e-02
    8.3855105254240832e-03
    4.4884403426995231e-03
    2.1201890918646723e-03
    8.8382630693504996e-04
    3.2514152788788584e-04
    1.0555799926946580e-04
    3.0242873137666396e-05
    7.6465958201017975e-06
    1.7061861499296281e-06
    3.3596797299283724e-07
    5.8382479540017978e-08
    8.9532432141841711e-09
    1.2116897062778954e-09
    1.4471569823899869e-10
    1.5252922376319218e-11
    1.4187427838032316e-12
    5.2192630247154929e-13
    5.6112365600317018e-12
    5.3237930196897920e-11
    4.4575573201870122e-10
    3.2937141103060809e-09
    2.1477713947384977e-08
    1.2359571015610719e-07
    6.2767080737056624e-07
    2.8130253971629358e-06
    1.1125731269303538e-05
    3.8832617782426598e-05
    1.1961288358102437e-04
    3.2514152788788584e-04
    7.7997397829296345e-04
    1.6512049250036575e-03
    3.0848569260302594e-03
    5.0860692310127006e-03
    7.4001870652772766e-03
    9.5020282800598894e-03
    1.0767208646547101e-02
    1.0767208646547101e-02
    9.5020282800598894e-03
    7.4001870652772766e-03
    5.0860692310127006e-03
    3.0848569260302594e-03
    1.6512049250036575e-03
    7.7997397829296345e-04
    3.2514152788788584e-04
    1.1961288358102437e-04
    3.8832617782426598e-05
    1.1125731269303538e-05
    2.8130253971629358e-06
    6.2767080737056624e-07
    1.2359571015610719e-07
    2.1477713947384977e-08
    3.2937141103060809e-09
    4.4575573201870122e-10
    5.3237930196897920e-11
    5.6112365600317018e-12
    5.2192630247154929e-13
    1.6944466187660881e-13
    1.8217017941456708e-12
    1.7283825395474503e-11
    1.4471569823899869e-10
    1.0693124126838808e-09
    6.9727928262353739e-09
    4.0125652257087641e-08
    2.0377487630166179e-07
    9.1325563593064877e-07
    3.6119961077453380e-06
    1.2607105177048523e-05
    3.8832617782426598e-05
    1.0555799926946580e-04
    2.5322047652811852e-04
    5.3606775301669630e-04
    1.0015064124832178e-03
    1.6512049250036575e-03
    2.4024889896556130e-03
    3.0848569260302594e-03
    3.4956008536636734e-03
    3.4956008536636734e-03
    3.0848569260302594e-03
    2.4024889896556130e-03
    1.6512049250036575e-03
    1.0015064124832178e-03
    5.3606775301669630e-04
    2.5322047652811852e-04
    1.0555799926946580e-04
    3.8832617782426598e-05
    1.2607105177048523e-05
    3.6119961077453380e-06
    9.1325563593064877e-07
    2.0377487630166179e-07
    4.0125652257087641e-08
    6.9727928262353739e-09
    1.0693124126838808e-09
    1.4471569823899869e-10
    1.7283825395474503e-11
    1.8217017941456708e-12
    1.6944466187660881e-13
    4.8546708430001407e-14
    5.2192630247154929e-13
    4.9518988838974177e-12
    4.1461741726444892e-11
    3.0636313557607507e-10
    1.9977385922287566e-09
    1.1496191848799524e-08
    5.8382479540017978e-08
    2.6165212045373425e-07
    1.0348542111093753e-06
    3.6119961077453380e-06
    1.1125731269303538e-05
    3.0242873137666396e-05
    7.2548881188529125e-05
    1.5358598268134713e-04
    2.8693639126268209e-04
    4.7307813161271838e-04
    6.8832461994012477e-04
    8.8382630693504996e-04
    1.0015064124832178e-03
    1.0015064124832178e-03
    8.8382630693504996e-04
    6.8832461994012477e-04
    4.7307813161271838e-04
    2.8693639126268209e-04
    1.5358598268134713e-04
    7.2548881188529125e-05
    3.0242873137666396e-05
    1.1125731269303538e-05
    3.6119961077453380e-06
    1.0348542111093753e-06
    2.6165212045373425e-07
    5.8382479540017978e-08
    1.1496191848799524e-08
    1.9977385922287566e-09
    3.0636313557607507e-10
    4.1461741726444892e-11
    4.9518988838974177e-12
    5.2192630247154929e-13
    4.8546708430001407e-14
    1.2274530137092433e-14
    1.3196363535677236e-13
    1.2520361122705981e-12
    1.0483170019475118e-11
    7.7460731368529563e-11
    5.0510741818266208e-10
    2.9066925003442928e-09
    1.4761402528977027e-08
    6.6156016376977008e-08
    2.6165212045373425e-07
    9.1325563593064877e-07
    2.8130253971629358e-06
    7.6465958201017975e-06
    1.8343229795794281e-05
    3.8832617782426598e-05
    7.2548881188529125e-05
    1.1961288358102437e-04
    1.7403571868811687e-04
    2.2346628620705983e-04
    2.5322047652811852e-04
    2.5322047652811852e-04
    2.2346628620705983e-04
    1.7403571868811687e-04
    1.1961288358102437e-04
    7.2548881188529125e-05
    3.8832617782426598e-05
    1.8343229795794281e-05
    7.6465958201017975e-06
    2.8130253971629358e-06
    9.1325563593064877e-07
    2.6165212045373425e-07
    6.6156016376977008e-08
    1.4761402528977027e-08
    2.9066925003442928e-09
    5.0510741818266208e-10
    7.7460731368529563e-11
    1.0483170019475118e-11
    1.2520361122705981e-12
    1.3196363535677236e-13
    1.2274530137092433e-14
    2.7388178752361631e-15
    2.9445067090925618e-14
    2.7936701824255604e-13
    2.3391114053087011e-12
    1.7283825395474503e-11
    1.1270469911125731e-10
    6.4857076310406198e-10
    3.2937141103060809e-09
    1.4761402528977027e-08
    5.8382479540017978e-08
    2.0377487630166179e-07
    6.2767080737056624e-07
    1.7061861499296281e-06
    4.0929278019750279e-06
    8.6647282247756104e-06
    1.6187843478185913e-05
    2.6689241869249460e-05
    3.8832617782426598e-05
    4.9862068229156115e-05
    5.6501125480580801e-05
    5.6501125480580801e-05
    4.9862068229156115e-05
    3.8832617782426598e-05
    2.6689241869249460e-05
    1.6187843478185913e-05
    8.6647282247756104e-06
    4.0929278019750279e-06
    1.7061861499296281e-06
    6.2767080737056624e-07
    2.0377487630166179e-07
    5.8382479540017978e-08
    1.4761402528977027e-08
    3.2937141103060809e-09
    6.4857076310406198e-10
    1.1270469911125731e-10
    1.7283825395474503e-11
    2.3391114053087011e-12
    2.7936701824255604e-13
    2.9445067090925618e-14
    2.7388178752361631e-15
    5.3930521589194417e-16
    5.7980774873740479e-15
    5.5010627558942350e-14
    4.6059834530857289e-13
    3.4033870125596761e-12
    2.2192871105382318e-11
    1.2771115545128334e-10
    6.4857076310406198e-10
    2.9066925003442928e-09
    1.1496191848799524e-08
    4.0125652257087641e-08
    1.2359571015610719e-07
    3.3596797299283724e-07
    8.0594526997672246e-07
    1.7061861499296281e-06
    3.1875753772328753e-06
    5.2554233264038262e-06
    7.6465958201017975e-06
    9.8184233841489524e-06
    1.1125731269303538e-05
    1.1125731269303538e-05
    9.8184233841489524e-06
    7.6465958201017975e-06
    5.2554233264038262e-06
    3.1875753772328753e-06
    1.7061861499296281e-06
    8.0594526997672246e-07
    3.3596797299283724e-07
    1.2359571015610719e-07
    4.0125652257087641e-08
    1.1496191848799524e-08
    2.9066925003442928e-09
    6.4857076310406198e-10
    1.2771115545128334e-10
    2.2192871105382318e-11
    3.4033870125596761e-12
    4.6059834530857289e-13
    5.5010627558942350e-14
    5.7980774873740479e-15
    5.3930521589194417e-16
    9.3717194088936809e-17
    1.0075547894122368e-15
    9.5594136826011464e-15
    8.0039990811020545e-14
    5.9141998226052452e-13
    3.8565427284697242e-12
    2.2192871105382318e-11
    1.1270469911125731e-10
    5.0510741818266208e-10
    1.9977385922287566e-09
    6.9727928262353739e-09
    2.1477713947384977e-08
    5.8382479540017978e-08
    1.4005228776908871e-07
    2.9649069553380388e-07
    5.5391754334729696e-07
    9.1325563593064877e-07
    1.3287791096307797e-06
    1.7061861499296281e-06
    1.9333621964368023e-06
    1.9333621964368023e-06
    1.7061861499296281e-06
    1.3287791096307797e-06
    9.1325563593064877e-07
    5.5391754334729696e-07
    2.9649069553380388e-07
    1.4005228776908871e-07
    5.8382479540017978e-08
    2.1477713947384977e-08
    6.9727928262353739e-09
    1.9977385922287566e-09
    5.0510741818266208e-10
    1.1270469911125731e-10
    2.2192871105382318e-11
    3.8565427284697242e-12
    5.9141998226052452e-13
    8.0039990811020545e-14
    9.5594136826011464e-15
    1.0075547894122368e-15
    9.3717194088936809e-17
    1.4371997192308632e-17
    1.5451353132476244e-16
    1.4659835683522543e-15
    1.2274530137092433e-14
    9.0697191770990923e-14
    5.9141998226052452e-13
    3.4033870125596761e-12
    1.7283825395474503e-11
    7.7460731368529563e-11
    3.0636313557607507e-10
    1.0693124126838808e-09
    3.2937141103060809e-09
    8.9532432141841711e-09
    2.1477713947384977e-08
    4.5468320783416270e-08
    8.4946006494848950e-08
    1.4005228776908871e-07
    2.0377487630166179e-07
    2.6165212045373425e-07
    2.9649069553380388e-07
    2.9649069553380388e-07
    2.6165212045373425e-07
    2.0377487630166179e-07
    1.4005228776908871e-07
    8.4946006494848950e-08
    4.5468320783416270e-08
    2.1477713947384977e-08
    8.9532432141841711e-09
    3.2937141103060809e-09
    1.0693124126838808e-09
    3.0636313557607507e-10
    7.7460731368529563e-11
    1.7283825395474503e-11
    3.4033870125596761e-12
    5.9141998226052452e-13
    9.0697191770990923e-14
    1.2274530137092433e-14
    1.4659835683522543e-15
    1.5451353132476244e-16
    1.4371997192308632e-17
    1.9450383106968908e-18
    2.0911132525725953e-17
    1.9839930144317249e-16
    1.6611770126997430e-15
    1.2274530137092433e-14
    8.0039990811020545e-14
    4.6059834530857289e-13
    2.3391114053087011e-12
    1.0483170019475118e-11
    4.1461741726444892e-11
    1.4471569823899869e-10
    4.4575573201870122e-10
    1.2116897062778954e-09
    2.9066925003442928e-09
    6.1534680715168050e-09
    1.1496191848799524e-08
    1.8954016033165205e-08
    2.7577930600791114e-08
    3.5410763831066428e-08
    4.0125652257087641e-08
    4.0125652257087641e-08
    3.5410763831066428e-08
    2.7577930600791114e-08
    1.8954016033165205e-08
    1.1496191848799524e-08
    6.1534680715168050e-09
    2.9066925003442928e-09
    1.2116897062778954e-09
    4.4575573201870122e-10
    1.4471569823899869e-10
    4.1461741726444892e-11
    1.0483170019475118e-11
    2.3391114053087011e-12
    4.6059834530857289e-13
    8.0039990811020545e-14
    1.2274530137092433e-14
    1.6611770126997430e-15
    1.9839930144317249e-16
    2.0911132525725953e-17
    1.9450383106968908e-18
    2.3230169883901573e-19
    2.4974786273661962e-18
    2.3695417473401759e-17
    1.9839930144317249e-16
    1.4659835683522543e-15
    9.5594136826011464e-15
    5.5010627558942350e-14
    2.7936701824255604e-13
    1.2520361122705981e-12
    4.9518988838974177e-12
    1.7283825395474503e-11
    5.3237930196897920e-11
    1.4471569823899869e-10
    3.4715491315473181e-10
    7.3492695691573887e-10
    1.3730243162657943e-09
    2.2637343954159149e-09
    3.2937141103060809e-09
    4.2292126329360590e-09
    4.7923257527021753e-09
    4.7923257527021753e-09
    4.2292126329360590e-09
    3.2937141103060809e-09
    2.2637343954159149e-09
    1.3730243162657943e-09
    7.3492695691573887e-10
    3.4715491315473181e-10
    1.4471569823899869e-10
    5.3237930196897920e-11
    1.7283825395474503e-11
    4.9518988838974177e-12
    1.2520361122705981e-12
    2.7936701824255604e-13
    5.5010627558942350e-14
    9.5594136826011464e-15
    1.4659835683522543e-15
    1.9839930144317249e-16
    2.3695417473401759e-17
    2.4974786273661962e-18
    2.3230169883901573e-19
    2.4484418922035998e-20
    2.6323231068422640e-19
    2.4974786273661962e-18
    2.0911132525725953e-17
    1.5451353132476244e-16
    1.0075547894122368e-15
    5.7980774873740479e-15
    2.9445067090925618e-14
    1.3196363535677236e-13
    5.2192630247154929e-13
    1.8217017941456708e-12
    5.6112365600317018e-12
    1.5252922376319218e-11
    3.6589858649350089e-11
    7.7460731368529563e-11
    1.4471569823899869e-10
    2.3859584989085823e-10
    3.4715491315473181e-10
    4.4575573201870122e-10
    5.0510741818266208e-10
    5.0510741818266208e-10
    4.4575573201870122e-10
    3.4715491315473181e-10
    2.3859584989085823e-10
    1.4471569823899869e-10
    7.7460731368529563e-11
    3.6589858649350089e-11
    1.5252922376319218e-11
    5.6112365600317018e-12
    1.8217017941456708e-12
    5.2192630247154929e-13
    1.3196363535677236e-13
    2.9445067090925618e-14
    5.7980774873740479e-15
    1.0075547894122368e-15
    1.5451353132476244e-16
    2.0911132525725953e-17
    2.4974786273661962e-18
    2.6323231068422640e-19
    2.4484418922035998e-20
    2.2774057196530822e-21
    2.4484418922035998e-20
    2.3230169883901573e-19
    1.9450383106968908e-18
    1.4371997192308632e-17
    9.3717194088936809e-17
    5.3930521589194417e-16
    2.7388178752361631e-15
    1.2274530137092433e-14
    4.8546708430001407e-14
    1.6944466187660881e-13
    5.2192630247154929e-13
    1.4187427838032316e-12
    3.4033870125596761e-12
    7.2049703621281956e-12
    1.3460656752464976e-11
    2.2192871105382318e-11
    3.2290436924059623e-11
    4.1461741726444892e-11
    4.6982308498777311e-11
    4.6982308498777311e-11
    4.1461741726444892e-11
    3.2290436924059623e-11
    2.2192871105382318e-11
    1.3460656752464976e-11
    7.2049703621281956e-12
    3.4033870125596761e-12
    1.4187427838032316e-12
    5.2192630247154929e-13
    1.6944466187660881e-13
    4.8546708430001407e-14
    1.2274530137092433e-14
    2.7388178752361631e-15
    5.3930521589194417e-16
    9.3717194088936809e-17
    1.4371997192308632e-17
    1.9450383106968908e-18
    2.3230169883901573e-19
    2.4484418922035998e-20
    2.2774057196530822e-21
);

boundaryField
{
    xMin
    {
        type codedFixedValue;
        value uniform 0;
        name xMinGaussianDirichlet;
        code
        #{ 
            const scalar t = this->db().time().value();
            const scalar denom = 1.0 + 4.0*t;
            const scalar invDenom = 1.0/denom;
            const scalar mu = 1;
            const vectorField& Cf = patch().Cf();
            scalarField values(patch().size(), 0.0);
            forAll(Cf, i)
            {
                const scalar x = Cf[i].x();
                const scalar y = Cf[i].y();
                values[i] = invDenom*exp(-mu*(x*x + y*y)*invDenom);
            }
            operator==(values);
        #};
    }
    xMax
    {
        type codedFixedValue;
        value uniform 0;
        name xMaxGaussianDirichlet;
        code
        #{ 
            const scalar t = this->db().time().value();
            const scalar denom = 1.0 + 4.0*t;
            const scalar invDenom = 1.0/denom;
            const scalar mu = 1;
            const vectorField& Cf = patch().Cf();
            scalarField values(patch().size(), 0.0);
            forAll(Cf, i)
            {
                const scalar x = Cf[i].x();
                const scalar y = Cf[i].y();
                values[i] = invDenom*exp(-mu*(x*x + y*y)*invDenom);
            }
            operator==(values);
        #};
    }
    yMin
    {
        type codedFixedValue;
        value uniform 0;
        name yMinGaussianDirichlet;
        code
        #{ 
            const scalar t = this->db().time().value();
            const scalar denom = 1.0 + 4.0*t;
            const scalar invDenom = 1.0/denom;
            const scalar mu = 1;
            const vectorField& Cf = patch().Cf();
            scalarField values(patch().size(), 0.0);
            forAll(Cf, i)
            {
                const scalar x = Cf[i].x();
                const scalar y = Cf[i].y();
                values[i] = invDenom*exp(-mu*(x*x + y*y)*invDenom);
            }
            operator==(values);
        #};
    }
    yMax
    {
        type codedFixedValue;
        value uniform 0;
        name yMaxGaussianDirichlet;
        code
        #{ 
            const scalar t = this->db().time().value();
            const scalar denom = 1.0 + 4.0*t;
            const scalar invDenom = 1.0/denom;
            const scalar mu = 1;
            const vectorField& Cf = patch().Cf();
            scalarField values(patch().size(), 0.0);
            forAll(Cf, i)
            {
                const scalar x = Cf[i].x();
                const scalar y = Cf[i].y();
                values[i] = invDenom*exp(-mu*(x*x + y*y)*invDenom);
            }
            operator==(values);
        #};
    }
    zMin
    {
        type empty;
    }
    zMax
    {
        type empty;
    }
}
