/*--------------------------------*- C++ -*----------------------------------*\
  =========                 |
  \\      /  F ield         | OpenFOAM: The Open Source CFD Toolbox
   \\    /   O peration     | Website:  https://openfoam.org
    \\  /    A nd           | Version:  14
     \\/     M anipulation  |
\*---------------------------------------------------------------------------*/
FoamFile
{
    format      ascii;
    class       volScalarField;
    location    "6.2831853071795862";
    object      phi;
}
// * * * * * * * * * * * * * * * * * * * * * * * * * * * * * * * * * * * * * //

dimensions      [];

internalField   nonuniform List<scalar> 
3200
(
2.47092682232e-11
1.73133054906e-10
2.18826829173e-10
2.41103801437e-10
5.29586017197e-10
4.4638925113e-09
5.54338415006e-09
6.02776411813e-09
1.25982111252e-08
6.49631335916e-08
7.95391845931e-08
8.62170910471e-08
1.71043563334e-07
6.33074355602e-07
7.6757024178e-07
8.33957011586e-07
1.5660162602e-06
4.50708053786e-06
5.42557267829e-06
5.92967780147e-06
1.05060088757e-05
2.46715611458e-05
2.95349065235e-05
3.25492255373e-05
5.4216164903e-05
0.000107274349393
0.000127816620321
0.000142266308578
0.000221857438202
0.000378436790432
0.000448818808506
0.000504944397508
0.000733709338683
0.00109752145671
0.00129462740634
0.001472196816
0.00198212111077
0.00263448919422
0.00308547381752
0.00354309321102
0.00439093358142
0.00523939660439
0.00605337365386
0.00694813469745
0.00786481478304
0.00849897745313
0.00965777925545
0.0110990993334
0.0113822411591
0.0112251363796
0.0125456864078
0.0144053379872
0.0132488057382
0.011999384661
0.0130978802804
0.0147762367072
0.0120222970905
0.0100501143172
0.0105849564044
0.011254779666
0.00794337098442
0.00615253870065
0.00618612307956
0.00579234435301
0.00344200493455
0.00247634328378
0.00236555595484
0.00181119562885
0.000863888503753
0.000577479689533
0.00051812327609
0.000305044384138
0.000107242647539
6.6274231876e-05
5.28674439654e-05
2.2438606626e-05
4.74956341539e-06
2.63998327221e-06
1.39809567338e-06
2.96740265015e-07
4.67106139442e-10
3.01937582836e-10
4.98646000631e-10
7.03305142328e-09
9.12213800611e-09
1.02307017003e-08
1.80885798946e-08
1.1286657972e-07
1.44081091204e-07
1.61026338997e-07
2.78376802348e-07
1.11007220469e-06
1.39938695215e-06
1.56507755018e-06
2.59486558525e-06
7.56808041863e-06
9.43512760775e-06
1.0583491163e-05
1.66650439988e-05
3.81658646801e-05
4.70753686013e-05
5.30238491282e-05
7.87970131502e-05
0.00014821312253
0.000180798003249
0.000204557434631
0.000285796993455
0.00045640658538
0.000550000580154
0.000624767408427
0.000820392546662
0.00114561871667
0.00136157670273
0.0015509070265
0.00192484814728
0.00242598011645
0.00283952951077
0.00323834236555
0.0038515455971
0.00453957325688
0.00523380893609
0.00592354045977
0.00689000482266
0.00787707374446
0.0086369832057
0.00917249372703
0.0105400415248
0.0118263338063
0.012327295857
0.0119939140459
0.0136188129002
0.0150606882544
0.0150590483127
0.0130253883039
0.0146000220018
0.0159628616199
0.0154264297473
0.0112791960905
0.0124316571725
0.0134669093588
0.0126598964888
0.00715648393359
0.00767219538239
0.00824393311647
0.00760385138887
0.00296122045874
0.00301264309397
0.003212016686
0.00291664956757
0.000710524989755
0.000651690495797
0.000689203172016
0.000603116828158
8.64514458566e-05
6.35546456445e-05
6.65476178628e-05
5.10498912583e-05
4.051131539e-06
1.55629264696e-06
1.5913764656e-06
1.62276994144e-09
5.44223035759e-09
7.52979452812e-09
8.48806594167e-09
1.22239109552e-08
1.08482151538e-07
1.42461517806e-07
1.61249771622e-07
2.47118278615e-07
1.13258786457e-06
1.46507511637e-06
1.6574923858e-06
2.51189648352e-06
7.74420824838e-06
9.88032876163e-06
1.11960763241e-05
1.64084524502e-05
3.81375430764e-05
4.79926353447e-05
5.45146742347e-05
7.66275485406e-05
0.000143860795066
0.000178443237141
0.000203154974411
0.000273775796182
0.00043745146909
0.000534330535874
0.00060924190541
0.00079141189673
0.00112507649605
0.00135244789179
0.001543043808
0.0019461865287
0.0025477927442
0.00301477402543
0.00344136075619
0.00422272028926
0.00518721678872
0.00604614561416
0.00691124448981
0.00819468465863
0.0095512571319
0.0107987390179
0.0118884829923
0.0138705294435
0.0158275834897
0.0169536967358
0.0173275364902
0.0199724156806
0.0224055258548
0.0229891633307
0.0213607688183
0.0243069280017
0.0268912541928
0.0267186048015
0.0219658595932
0.0246312412134
0.0269354472178
0.0261110855727
0.0180229720762
0.0198108200515
0.0214468256733
0.0204032274827
0.0107194456064
0.0113910596856
0.0122180331346
0.0114848539935
0.00407594031632
0.00406091457879
0.00431683047624
0.00399815456952
0.000873638767978
0.000764904696614
0.000805548248235
0.000709033197983
8.94891220629e-05
5.83851392927e-05
6.07342083315e-05
2.45835151178e-05
3.26476692825e-06
9.06132399441e-09
6.37146919831e-09
9.01358140273e-09
6.96739923599e-08
1.00258191697e-07
1.13979201112e-07
1.51061984718e-07
8.69707243855e-07
1.15345568017e-06
1.31529022277e-06
1.83346272636e-06
6.21242358809e-06
8.10544308441e-06
9.24846567731e-06
1.28228885973e-05
3.11387905829e-05
3.99692248392e-05
4.56656153971e-05
6.19964689722e-05
0.000119772590328
0.000151164136909
0.000172879174305
0.000229513166026
0.000378939104761
0.000470042106545
0.000537696095876
0.000700714319315
0.00103898809773
0.00126680699501
0.00144886387857
0.00185542272082
0.00253919940276
0.00304477107779
0.00348275348893
0.00435940072348
0.00556609822864
0.00656661148132
0.00751854237291
0.0091177449474
0.0109181841373
0.0126754138903
0.0144182933426
0.0169754815521
0.0196004238318
0.021631325927
0.0231174181526
0.0268745092276
0.0304111993902
0.0319991427066
0.0314924976782
0.0361378611792
0.0402380853004
0.0408946919453
0.0363886801423
0.0411878407429
0.0452616996937
0.0449427914764
0.0352669407951
0.0392955682018
0.0427108256559
0.0417299633945
0.0272829558814
0.0297308680109
0.0320051437768
0.0309368508016
0.0151193142174
0.0158320942709
0.0168896161782
0.0162240571745
0.00524562923258
0.00507873619033
0.00536939126254
0.00507078564502
0.000992336977028
0.000816758493687
0.000855014742731
0.000553916280193
9.99129715126e-05
2.68404776129e-05
2.68630141158e-05
1.98604221533e-08
4.37998511636e-08
6.47012024091e-08
7.38025224447e-08
1.00639141158e-07
5.12192807222e-07
7.43430815573e-07
8.51285390268e-07
1.07792929819e-06
4.22094493148e-06
5.64193347091e-06
6.47610854394e-06
8.51280302543e-06
2.21807859927e-05
2.90947641458e-05
3.3414080036e-05
4.40386270519e-05
8.94589575511e-05
0.000115131773285
0.000132245586135
0.000173569809124
0.000301439125607
0.000380672132168
0.000437051371011
0.000571012773908
0.000892559630659
0.00110663847337
0.00126974129935
0.00164485830397
0.00236494331985
0.00288036004419
0.00330439704162
0.00420769904594
0.00560864178059
0.00671250716902
0.00770617611275
0.00954928867927
0.0118641875504
0.0139562010082
0.0160519355112
0.019168175906
0.022452764313
0.0255814036665
0.0283960829798
0.033309211548
0.0380842134887
0.0411377183126
0.0424835583687
0.0491630738215
0.0551529433385
0.0572164448563
0.053972114563
0.0615945292808
0.0680579702823
0.0687886700688
0.0583862896011
0.0656633018617
0.0716636290216
0.0713867184094
0.0533007332353
0.0589387712928
0.0636634500376
0.0629182231534
0.0388086911654
0.0418471047667
0.0447868934339
0.0441393960121
0.0199645423109
0.0205257023169
0.021772726585
0.0214175751375
0.00628143029536
0.00586401110014
0.00616348880351
0.00492044536627
0.00121454852709
0.000620727726406
0.000639402681296
0.000239946166416
5.21957760073e-05
6.11616609553e-08
4.60665639271e-08
6.23620637974e-08
2.81169945852e-07
4.46033043466e-07
5.12738877876e-07
6.74700372749e-07
2.36120875484e-06
3.44348877416e-06
3.96918747995e-06
4.90678539669e-06
1.41045093101e-05
1.89607147834e-05
2.18888299715e-05
2.79126699505e-05
6.0590415664e-05
7.97443916345e-05
9.20234599335e-05
0.000118906896943
0.0002195569385
0.000283081847674
0.000326362954029
0.000424965570054
0.000704400750892
0.000890368563495
0.00102546659226
0.00133531974649
0.00202374923777
0.00250885975171
0.0028878323024
0.00372075902374
0.00519213630506
0.00631409714275
0.00726850372884
0.0091661362353
0.0118498828491
0.0141381998347
0.0162923778569
0.0199047911684
0.0240014531935
0.0281024492331
0.0321987966189
0.0381465856466
0.0441788327785
0.049139683518
0.0529851703301
0.0618815944087
0.0700580325304
0.0743214873426
0.0737984778909
0.0849406536478
0.0944658309853
0.0970403917182
0.0873321205607
0.0990178235429
0.108567447176
0.109614204484
0.0884228426853
0.0986859049866
0.106959354335
0.107314410225
0.0759987044066
0.0832744226576
0.0893812273201
0.089685587828
0.0519489707633
0.055292205261
0.0588214093003
0.0593034335362
0.0246887603348
0.0248002068986
0.0261497537604
0.0233708000444
0.00791009095141
0.005561163066
0.00578541606068
0.0036053906028
0.00102178895981
0.000257246443716
0.000255025608113
1.02982235959e-07
1.62542173778e-07
2.4983422922e-07
2.87925572374e-07
3.95911243905e-07
1.24248883761e-06
1.97295756131e-06
2.2832055309e-06
2.94677517509e-06
7.65813368667e-06
1.1186049246e-05
1.29689689899e-05
1.58679576823e-05
3.73047047494e-05
5.03827174072e-05
5.84363531199e-05
7.37662432193e-05
0.000145941854367
0.000192746945032
0.000223275977882
0.000287568127451
0.000508384790933
0.00065715133474
0.000760236215631
0.000989071238879
0.00158957528108
0.00201174196783
0.00232507753279
0.00301989638394
0.00444206609098
0.00550512378033
0.00636040020595
0.00814951294081
0.0110386215683
0.0133994088899
0.0154906859403
0.019349224368
0.0242863758373
0.0288834722898
0.0334594038962
0.0402611804472
0.0474013762547
0.0544794957518
0.0610319870783
0.0720136929142
0.0824623315986
0.0897984768845
0.0935893938882
0.108738719423
0.121896443658
0.127551169203
0.121171279629
0.138570646772
0.152776504593
0.156177989338
0.133543030182
0.150238389697
0.163456027634
0.165638085906
0.126605168518
0.140016518632
0.150694499759
0.152913619879
0.102397251377
0.110968977894
0.118336525465
0.121017651127
0.0654889276987
0.0685764694481
0.0724970797509
0.0689795431158
0.0313337711122
0.0264908631804
0.0277106406469
0.0217519024832
0.00805326045851
0.00397601147975
0.00407560038007
0.0015409244723
0.000467979732181
2.01786221313e-07
1.62451002362e-07
2.18260430703e-07
6.14913765307e-07
1.06105216426e-06
1.23257968923e-06
1.66812046286e-06
3.93301948849e-06
6.22552845965e-06
7.24768919449e-06
9.27120923062e-06
1.98874627178e-05
2.91111320939e-05
3.39170430615e-05
4.14267668304e-05
8.82791368389e-05
0.000119890831164
0.000139628530226
0.000176230282733
0.000333698649725
0.00044273638837
0.000514828885191
0.00066361096466
0.00113586294038
0.00147261097496
0.00171017760944
0.00222274774434
0.00346015651935
0.00438377882646
0.00508675005384
0.00657925468742
0.0093683819232
0.0115996454776
0.0134585190038
0.0170991506493
0.0224152514787
0.0271283331999
0.0315095582646
0.0388307856599
0.0472038893633
0.0558584161364
0.064578186617
0.0770802462817
0.0895540056871
0.10054851024
0.10962141775
0.128723145488
0.145733701599
0.155966865508
0.156284827988
0.180461497943
0.200308424195
0.207811981811
0.187984141123
0.213323239659
0.2331521226
0.23847794974
0.193089293048
0.215211900425
0.232323724996
0.237450421228
0.1715902831
0.187702898704
0.200584608028
0.206716332053
0.130494780939
0.139520601451
0.147792736987
0.145104307261
0.0832442347376
0.0781146428469
0.0819964653042
0.0725626094632
0.03491161829
0.0241687164359
0.0250474012725
0.0159353678225
0.00620120923728
0.00163114722772
0.00161210562467
2.82140689428e-07
3.45368242072e-07
5.3613972034e-07
6.23961732829e-07
8.89059677991e-07
1.90802310892e-06
3.26502774775e-06
3.8164374658e-06
5.12307356384e-06
1.00478547155e-05
1.58911433749e-05
1.85966006765e-05
2.37582856854e-05
4.62773594161e-05
6.81917198292e-05
7.98075162286e-05
9.77360347425e-05
0.000198606706202
0.000271648630548
0.000317736501458
0.000401982592462
0.000735261075041
0.000980636411649
0.00114524962172
0.00147768836453
0.00244669244143
0.0031817244808
0.0037113222496
0.00481838325853
0.00726042005669
0.00920605386325
0.0107320718722
0.0138265673224
0.019069269327
0.0235806215872
0.0275032752933
0.0346596903182
0.0440221403288
0.0531051500894
0.0620811750234
0.0753954320492
0.0892878024461
0.103781511061
0.117712995905
0.139893032538
0.160389692975
0.176431601389
0.186207898231
0.21739033092
0.243331167858
0.257187837716
0.246430541702
0.282427381153
0.310399656298
0.321143383134
0.275470156938
0.30969190254
0.335522894145
0.345326742222
0.26410800974
0.291073625613
0.311741232119
0.322923668503
0.220315344825
0.237843800106
0.252325599588
0.251139598737
0.16598602877
0.163752734478
0.172242781014
0.161326430643
0.0967457793822
0.0806674119141
0.0840507786189
0.0671809860292
0.0333434547233
0.0173304342151
0.0177210590556
0.00711430222147
0.00278454037254
3.85551405656e-07
3.32053724284e-07
4.46980739885e-07
8.73273277451e-07
1.61093688468e-06
1.89044318494e-06
2.6727594035e-06
4.80289867915e-06
8.18181732083e-06
9.61677413864e-06
1.28966396095e-05
2.29631851074e-05
3.65750476623e-05
4.30130544556e-05
5.51789552411e-05
0.000102044606909
0.00015199490634
0.000178745845275
0.000219826194426
0.000429593207173
0.000592430006379
0.000696338548425
0.00088331499594
0.0015583233615
0.00209022254805
0.00245324482015
0.00316766167272
0.00506453611649
0.00660620424364
0.0077454187946
0.0100339060792
0.0146010390987
0.0185205118933
0.021708862504
0.0277853559102
0.0369997443677
0.0456420937868
0.0535615551857
0.0666787130316
0.081828503653
0.0981986398865
0.114903274761
0.138426491775
0.16135386112
0.183405793185
0.20314195717
0.240157760976
0.271699765495
0.294013460346
0.298602404707
0.346147636893
0.383059853456
0.402205740427
0.366577497786
0.416278473071
0.452976580089
0.470287994321
0.381251842231
0.423741442172
0.455028591832
0.473885717344
0.341886672467
0.371680151709
0.394875433069
0.396143049335
0.280754737307
0.282489361592
0.297441642325
0.284635694138
0.19621771539
0.178717388455
0.186680795878
0.165284568326
0.102004174301
0.0734222496797
0.0758602292026
0.0509791553932
0.025391689715
0.00746148447805
0.00738142517102
4.66878268237e-07
4.85444038898e-07
7.48303984694e-07
8.79338390429e-07
1.31371070643e-06
2.16770284461e-06
3.96529214832e-06
4.68115951351e-06
6.61249336564e-06
1.07691119504e-05
1.84633868965e-05
2.18187804949e-05
2.94302798106e-05
4.94889302689e-05
7.989390083e-05
9.44606638264e-05
0.000122025176311
0.000215620051002
0.00032531888269
0.000384691404279
0.000475389298977
0.000891205127645
0.00124037912122
0.00146619763063
0.00186498750178
0.00316678540484
0.00427397420661
0.00504543079966
0.0065195065815
0.0100546274694
0.0131552415327
0.0155179455998
0.020066268681
0.0282084255625
0.0357788879798
0.0422232234351
0.0537191526048
0.0691525018526
0.0850496075632
0.100639609612
0.123637394892
0.147406998155
0.173958692469
0.200835915775
0.240873790271
0.276344452124
0.308001311653
0.331206612436
0.389056643582
0.434320259641
0.464852927482
0.451402922847
0.51869141392
0.567473644088
0.595851440195
0.514170027908
0.577239164015
0.621840423362
0.651949828829
0.498409200043
0.546191083033
0.581240090406
0.588006230301
0.437146993656
0.444971784833
0.468847892926
0.453179407818
0.333983572293
0.313935064749
0.328148333201
0.300901572803
0.215096208959
0.180173409816
0.186892225795
0.153488166516
0.0955332171369
0.0547249799727
0.0558820000415
0.0248693081434
0.0119552854538
4.88164737e-07
4.50778924688e-07
6.10045907009e-07
9.23091887483e-07
1.80487994202e-06
2.1400720622e-06
3.1950880599e-06
4.76588845539e-06
8.75483407697e-06
1.03965762109e-05
1.47952039391e-05
2.26254384615e-05
3.93705691085e-05
4.68003788138e-05
6.37664240836e-05
0.000101792484324
0.000167035568902
0.000198708074192
0.000258829522599
0.000435449574825
0.000666516414983
0.000793234500014
0.000985500180622
0.00176618910142
0.00248385408753
0.00295559836241
0.00377010846009
0.00614843077493
0.00835409182344
0.00993034238917
0.0128347708606
0.0190537401951
0.0250018890449
0.0297112100567
0.0382740633395
0.0518200517105
0.0656560324029
0.0781337953994
0.0984416818822
0.122148913778
0.149465555693
0.177883886461
0.216899940223
0.253605250936
0.293080064076
0.332357207082
0.396462528796
0.447655116608
0.491263973651
0.509212396113
0.593356294562
0.653600610049
0.696559261545
0.642669809637
0.730261900376
0.789778821927
0.83513286582
0.679910594746
0.75237935242
0.802255710523
0.820032277297
0.640070711607
0.660066266495
0.696016641184
0.679732488065
0.522501456806
0.498374012797
0.520921097953
0.483364677048
0.370233476726
0.326278312829
0.338664961946
0.296673051684
0.217834857938
0.164937567164
0.169816112314
0.12256586264
0.0747959925589
0.0259024861648
0.0257139413718
5.25017873879e-07
5.00242714746e-07
7.72761076391e-07
9.17483864072e-07
1.45129476267e-06
1.987301641e-06
3.891740898e-06
4.64457411128e-06
6.99463180717e-06
9.74129767899e-06
1.81538701724e-05
2.16981598666e-05
3.12913195148e-05
4.51515169417e-05
8.00165085501e-05
9.5765273735e-05
0.000132093645547
0.000199334968374
0.000333052561592
0.000399062387808
0.000524718786369
0.000836491622925
0.00130124513561
0.0015604279529
0.00195025221842
0.00332857845617
0.00473694856565
0.0056815149277
0.00726923787967
0.0113647646292
0.015555664892
0.018646635367
0.0241206430038
0.0344746174479
0.0453579747026
0.054403849438
0.0699005691198
0.0912867684829
0.115430495187
0.13893380016
0.173245010934
0.208135229442
0.250943671105
0.297523378066
0.361328215467
0.414307414782
0.469729431933
0.519646038493
0.615689245817
0.684220875347
0.743811887972
0.737106138217
0.849975239178
0.92379730946
0.987828918265
0.861261476002
0.964588155829
1.03104528356
1.06770038263
0.87765566375
0.919603166453
0.970571667641
0.960042116409
0.769609793753
0.745854070647
0.779506543856
0.731546442899
0.582142858169
0.521880972823
0.541307897216
0.481280904898
0.382388707462
0.317039862065
0.326868267688
0.272155914005
0.20174267297
0.129864280239
0.132419161559
0.0680011188872
0.0388816911787
4.54417557572e-07
4.51513819515e-07
6.2236365496e-07
7.81815637576e-07
1.61882816815e-06
1.9417770815e-06
3.102970806e-06
3.94706652692e-06
7.82004706597e-06
9.39936484451e-06
1.43866095509e-05
1.8806413252e-05
3.56936785442e-05
4.29826846712e-05
6.30162087379e-05
8.54223894005e-05
0.00015439584188
0.000186265001159
0.000260578085884
0.000369580239191
0.000629834790516
0.000761137142779
0.00101166897101
0.00151973720686
0.00240778931768
0.00291386115161
0.00366657430396
0.00593484916535
0.00856262696581
0.0103702138527
0.0133116064616
0.0199128744065
0.0274778451205
0.033287415066
0.0430659031903
0.0591286235086
0.0779591599591
0.0946525226449
0.120995896487
0.152027642406
0.191454534179
0.233733281717
0.2898296106
0.339643592635
0.401527194666
0.472224161419
0.570778491603
0.641867199388
0.716806113145
0.766006823072
0.899473425927
0.983845421204
1.06788274875
1.00351454276
1.14106728269
1.22343410638
1.28827234881
1.11858226676
1.19532897335
1.26296464536
1.26937898442
1.06310022604
1.05052011918
1.09773976702
1.04478338067
0.862774573989
0.78707888401
0.815583598006
0.733166481213
0.603981336808
0.511409866967
0.526582818957
0.44844805797
0.368283839665
0.287308239954
0.294281613731
0.227144926014
0.164545330952
0.0704334392299
0.0702532387558
4.40840966897e-07
4.00035069698e-07
6.3235965596e-07
7.59862712537e-07
1.2891273264e-06
1.5046272978e-06
3.14349112889e-06
3.80026747192e-06
6.18556722303e-06
7.35629036185e-06
1.48075357863e-05
1.79448025243e-05
2.80353599589e-05
3.42682293586e-05
6.6280875869e-05
8.05232195121e-05
0.000120324234875
0.000152292408681
0.000280976361993
0.000342216933153
0.000486649993086
0.000644369631129
0.00112205429227
0.00137004455675
0.00184410752167
0.00259367055252
0.00419604589285
0.00513534376577
0.00651294403531
0.00995422044926
0.0145951124378
0.0178934303484
0.0230676968475
0.0330183648453
0.0459698148697
0.0564570807993
0.073238679661
0.09683140415
0.127808195815
0.157804555991
0.200883940333
0.243332740934
0.302852158669
0.374601301528
0.46372495275
0.530191737634
0.614407925029
0.709627348148
0.852405116821
0.940314421772
1.04181551748
1.06262544116
1.23207930705
1.32628448013
1.42739236583
1.31316636233
1.43848683557
1.52195817813
1.56105311339
1.36761723079
1.3839913895
1.44584607104
1.40050092897
1.20132384735
1.11948071785
1.15863748412
1.05741828382
0.900198400834
0.775518881464
0.797076455944
0.685823432214
0.584227453548
0.470025056553
0.480662740528
0.394525909057
0.331598725985
0.237316137083
0.241316985846
0.148446508482
0.0986722025567
3.27692233583e-07
3.52126850322e-07
5.04884101723e-07
5.42082132704e-07
1.17869837227e-06
1.43343910328e-06
2.48380408191e-06
2.70464041213e-06
5.71115625203e-06
6.96668673029e-06
1.16129169443e-05
1.28823555437e-05
2.63300381223e-05
3.22188981566e-05
5.15410305904e-05
5.85862230298e-05
0.000115365583259
0.000141637706511
0.000216355793488
0.000253958981083
0.000478311550504
0.000589310884079
0.000854329812206
0.00104805638471
0.0018677002183
0.00230965354225
0.00315601148502
0.00412537147707
0.00683614472266
0.00848575612786
0.0108644750846
0.0156200735123
0.0233503104155
0.02908708822
0.0377093369468
0.0516490288475
0.0726342686268
0.0909243703649
0.118407758454
0.150668226135
0.198784111079
0.252998410427
0.322173725759
0.377535663974
0.46048586649
0.573586787095
0.709112598731
0.79150247128
0.902905618416
1.006857331
1.19792334334
1.29643799399
1.4369249952
1.40390612279
1.58748994237
1.68254302325
1.77226069281
1.62525151897
1.69399917358
1.76906458094
1.75176009457
1.56133858703
1.49302181108
1.54285911574
1.43281446408
1.26227566718
1.11283884879
1.14132113875
0.995486581892
0.87369554283
0.714864546602
0.729109606948
0.598948387916
0.527665528751
0.408896024986
0.41560539782
0.332203250253
0.277607285085
0.152966606888
0.153293667294
2.89676913323e-07
2.52884623833e-07
4.15190199531e-07
5.06262806888e-07
9.31017208265e-07
9.36197361811e-07
2.05013197321e-06
2.51767104422e-06
4.47648562988e-06
4.54863504613e-06
9.68886317603e-06
1.19430189068e-05
2.0458590436e-05
2.10965329286e-05
4.36236855791e-05
5.3991755914e-05
8.87224417993e-05
9.33177903054e-05
0.000186501600037
0.000231859815764
0.000363350414105
0.000392972058283
0.000754270789092
0.00094235785946
0.00139802168964
0.00157642886322
0.00287676860985
0.00361400439703
0.00503087189234
0.00606624616969
0.0103337922485
0.0130631512609
0.016929300502
0.0228671982606
0.0350025774406
0.0445556040693
0.0584268729585
0.077071245742
0.109532508673
0.140992004272
0.18547677155
0.226265633388
0.296017574686
0.393053612675
0.504178124312
0.572497227879
0.681924287312
0.83625565777
1.0306517438
1.12385797506
1.29662379588
1.34721226174
1.58869362705
1.68773123009
1.84008691725
1.76608290269
1.91148724908
1.99513911195
2.03237151485
1.88092495853
1.85581762746
1.91386558801
1.81915706692
1.65669067837
1.49858531035
1.53265921814
1.36356518132
1.23365250738
1.03158498743
1.04887980751
0.876474772467
0.791359969826
0.616324661077
0.624026865269
0.494216266165
0.449690630166
0.341625979739
0.34546788829
0.26169907203
0.198800497986
1.8478599323e-07
2.16083150107e-07
3.29109365518e-07
3.0792511597e-07
6.86884212659e-07
8.49094586663e-07
1.60745324138e-06
1.51391137868e-06
3.31429618728e-06
4.11452511503e-06
7.53249566814e-06
7.14384982883e-06
1.52529281203e-05
1.90221147389e-05
3.35762961963e-05
3.21583544913e-05
6.68053879532e-05
8.37382041101e-05
0.000141811803024
0.000137768942707
0.000277555749436
0.000349933293259
0.000564931170332
0.000561084861732
0.00109144545735
0.00138547346333
0.00211394417577
0.00218027425499
0.00406523389677
0.00520322723497
0.00741900122471
0.00821768863726
0.0144386659432
0.0186764984598
0.0246190474345
0.0313967332931
0.0494975903125
0.0649930222228
0.0871028628288
0.111384168088
0.160086602672
0.219524444121
0.295075845966
0.34413625203
0.438614198779
0.592066664929
0.767490363937
0.846459302871
1.03674507441
1.1400381815
1.42108338923
1.51440108556
1.73500525113
1.73563050646
1.96872507716
2.0529755243
2.17238720794
2.08335843509
2.13645332619
2.1971093626
2.14743409372
2.02054554775
1.88873734874
1.92476836625
1.74658918889
1.62945275596
1.40341384477
1.42153294006
1.20502812065
1.1200368522
0.896445792418
0.904230882416
0.718449226666
0.667542785645
0.503108581925
0.506158943568
0.397155719628
0.369776619102
0.268087181564
0.269511415826
1.50060564265e-07
1.26132337189e-07
2.17646220764e-07
2.69860554921e-07
5.39363750221e-07
4.77204594793e-07
1.06087875129e-06
1.3250371835e-06
2.58243453805e-06
2.28999839796e-06
4.97485239375e-06
6.23985979725e-06
1.17805528169e-05
1.04890841593e-05
2.22399138004e-05
2.80207972341e-05
5.10563352863e-05
4.57498348396e-05
9.44755662987e-05
0.000119638603429
0.000209360535117
0.00018950634515
0.000380374237616
0.000484669876409
0.000809389568897
0.000745449437775
0.00145235367702
0.00186567637379
0.00294685906466
0.00280873490082
0.00530626318258
0.00689527121329
0.0101628969425
0.0104689577374
0.0189847979362
0.0251352982154
0.0341825331922
0.0425335265162
0.0694203651791
0.0952807175904
0.134684583758
0.164373311198
0.234279578823
0.343350992764
0.480893929802
0.540440325934
0.718830682035
0.830298755237
1.12296313923
1.20242291099
1.4638968268
1.51813013832
1.83787359813
1.9139369694
2.1212184941
2.09962769724
2.26208139099
2.31719438662
2.34974651661
2.27702968609
2.20972164906
2.24083658248
2.09625716775
2.01102634252
1.78275276961
1.79643928712
1.56334667853
1.49246758257
1.22315981801
1.22756201796
1.00025992966
0.952378426869
0.726295600327
0.726885966081
0.55572867058
0.531235267851
0.401283733401
0.401944980303
0.373963222814
0.320443278443
8.10487011492e-08
1.0359822108e-07
1.71920729899e-07
1.44742037565e-07
3.2072988405e-07
4.0204856665e-07
8.30639148864e-07
7.00891444285e-07
1.53426246279e-06
1.927180202e-06
3.87237823778e-06
3.27922839606e-06
7.02130394072e-06
8.82587532847e-06
1.72035899167e-05
1.46630356276e-05
3.06606407985e-05
3.85233546196e-05
7.25625355212e-05
6.24773617134e-05
0.000127343381723
0.000159800686802
0.000289537834539
0.000253087258025
0.000502263156745
0.000629675278412
0.00109183156078
0.000976888885259
0.00189168276479
0.00237524151493
0.00391752253928
0.00365423920208
0.0069609708393
0.00882130409943
0.0136940892423
0.0140428195482
0.02651854601
0.0347241957139
0.050333753162
0.0636876771
0.106290674114
0.155042959289
0.245339244083
0.285850939795
0.444873544794
0.512554817306
0.76518730602
0.824047621949
1.12292024629
1.17827144138
1.52965415272
1.58683163276
1.89763810499
1.91798917629
2.18223138285
2.22080914273
2.36903819221
2.35368367681
2.39210047589
2.40890671813
2.32994259823
2.29464570294
2.11948176007
2.1215628594
1.88628866167
1.84871440229
1.57363931876
1.56968605614
1.29690086102
1.26732291944
1.00389442689
0.999304567909
0.771378382581
0.75219921949
0.556386338913
0.553074018717
0.413034615919
0.408437563998
0.380046789321
0.382012949244
6.12155523081e-08
5.08607830289e-08
9.38944678469e-08
1.18906892732e-07
2.51920270844e-07
2.12756310191e-07
4.54861932998e-07
5.77179433521e-07
1.20459042371e-06
1.028822017e-06
2.15446487863e-06
2.71548870841e-06
5.52661398007e-06
4.80600444753e-06
9.84872925858e-06
1.2265230295e-05
2.42751370243e-05
2.16686383444e-05
4.33704289642e-05
5.30766379198e-05
0.000101765286158
9.40932263905e-05
0.000183504592932
0.000219716743063
0.000406391378092
0.000393133845549
0.000746083129547
0.000872878975622
0.00155342322212
0.00159168000789
0.00294655407274
0.00339060235127
0.00581707640131
0.00644044854617
0.0117175680474
0.0136634292701
0.0228323546693
0.0282413466876
0.0485079434228
0.0642143810815
0.108922454298
0.152325424865
0.224323630948
0.264132359281
0.470925981623
0.536155163864
0.740876456139
0.790998658432
1.15941493175
1.21978001424
1.51379498758
1.55935252557
1.92640498068
1.95814486585
2.1815026343
2.21101626538
2.38132920705
2.37955439325
2.40547937094
2.41685857503
2.32870834007
2.30583853996
2.14031211298
2.13901399756
1.87912283432
1.85135947083
1.59455475274
1.58787169577
1.28961592834
1.2670804768
1.02045152801
1.01343185463
0.766201515161
0.751532201463
0.56601847938
0.561359037625
0.410288287756
0.403059483785
0.431509988264
0.412844471669
3.01960136322e-08
4.16880629202e-08
7.39273988145e-08
6.41462491018e-08
1.39786278046e-07
1.78410797115e-07
3.59008878341e-07
3.19782043793e-07
7.02355885329e-07
8.79513078644e-07
1.72800355544e-06
1.5976792847e-06
3.48387129676e-06
4.23443560078e-06
8.10109410836e-06
7.87280970238e-06
1.70213788922e-05
1.99182516007e-05
3.69378811073e-05
3.81353407057e-05
8.13469598281e-05
9.1339616592e-05
0.000163236189166
0.000180310325649
0.00037659742669
0.000407430438549
0.000697935490278
0.000827469463636
0.00167731359159
0.00177653544597
0.00291060960575
0.00370266714383
0.00720345090976
0.00777670705792
0.012233462072
0.0165826807295
0.0296214779008
0.0363650612272
0.0548622115811
0.0769377953236
0.122058256284
0.151363220421
0.239582035927
0.346190707604
0.448355760176
0.505323069874
0.771185951059
0.885272303328
1.09655207104
1.16921382984
1.53369595798
1.60604313707
1.83634794156
1.9054598336
2.17396382355
2.17899687776
2.28883946276
2.33964280792
2.37379511298
2.32457568594
2.25458076144
2.28350793541
2.09985676234
2.02950728227
1.83086474001
1.84296937431
1.55906458861
1.49542565526
1.26360439173
1.26631978402
0.99569889792
0.950668962959
0.754539890754
0.753503128873
0.551273995344
0.524269864924
0.397960069643
0.400829702742
0.434444288714
0.436786895899
2.19603981991e-08
1.96383074772e-08
4.38103624921e-08
5.55098807651e-08
1.12443436889e-07
1.05284329848e-07
2.36034075834e-07
2.88127263179e-07
5.83638643338e-07
5.77734427722e-07
1.30690312293e-06
1.52218906453e-06
3.02842921324e-06
3.19937382135e-06
7.25824660988e-06
8.04324171837e-06
1.55974276528e-05
1.76234458353e-05
3.97032186632e-05
4.21317378498e-05
7.87497810557e-05
9.47450534579e-05
0.000209280494623
0.000215876482523
0.000384132075927
0.000488021416537
0.00104142304445
0.00107005964833
0.00179222406924
0.00237853567048
0.00479939474285
0.00512454420885
0.00801086492238
0.010935248183
0.0198024895727
0.0240649638766
0.0347844108375
0.04766047025
0.0764349616154
0.09875374004
0.144819508965
0.199979127596
0.275099396508
0.323923441975
0.455778839849
0.620101312508
0.742307792696
0.821380815874
1.10828804722
1.23700615475
1.42556339752
1.51815310567
1.82125252815
1.85927770181
2.00903369754
2.09278494449
2.2372760882
2.18167833578
2.19824599095
2.25880979003
2.18214914216
2.07442476682
1.95340574174
1.98904553878
1.76056467559
1.64913647622
1.4580515933
1.47510321329
1.20994545416
1.12349039412
0.936224611527
0.942532828261
0.720109071498
0.664443576453
0.519989647016
0.521672695782
0.379568625366
0.350307833812
0.400882006743
0.424734006
1.25713837715e-08
1.75786409972e-08
3.62685308384e-08
3.58900766088e-08
8.55137461214e-08
1.01153701038e-07
2.05508115551e-07
2.17522225719e-07
5.3204503383e-07
5.98154006819e-07
1.20249564774e-06
1.35923001851e-06
3.33375157475e-06
3.58840317286e-06
7.04539862829e-06
8.43206744659e-06
2.03756568845e-05
2.13309536778e-05
4.03373186483e-05
5.05147385934e-05
0.000118140217071
0.000122680011123
0.000220385177942
0.000285445524252
0.000633998390551
0.000669266271064
0.00112713035332
0.00149306594482
0.00306768745963
0.00341665609683
0.00532057686683
0.00711318468723
0.01281367032
0.0162142595715
0.0230042532968
0.0306410199894
0.0492151364068
0.0642924566229
0.0898504218657
0.118519089608
0.168195554971
0.208379662463
0.288615015689
0.385635736436
0.485562939215
0.556797696552
0.72423716456
0.905479489518
1.03139000571
1.12952265552
1.39827676282
1.48575974812
1.63171758672
1.73519724119
1.94692607475
1.90971485843
1.98454287255
2.07148189917
2.1055724093
1.97771658831
1.93528782845
1.99515972759
1.85446769759
1.69911256614
1.56714058509
1.60157257718
1.37542273918
1.24191674637
1.08267163702
1.09930156298
0.879010864407
0.786372509824
0.647544104883
0.654076460593
0.485601172454
0.430223970794
0.335955691828
0.342311256633
0.403729376182
0.412162663257
9.51319173969e-09
9.99761109229e-09
3.1181950236e-08
3.68307329102e-08
7.74903906033e-08
8.62337316669e-08
2.20195026051e-07
2.42500723022e-07
5.07056432298e-07
5.96220058104e-07
1.5221736301e-06
1.63042671931e-06
3.31034265576e-06
4.05782486655e-06
1.01302530549e-05
1.07479761475e-05
2.08440576755e-05
2.63174907288e-05
6.30876734385e-05
6.75946692451e-05
0.000123421834505
0.000158972907899
0.000358689337969
0.000397050331121
0.000673377348259
0.000877255764038
0.00180877942522
0.00214004453449
0.0033229944229
0.00433429508884
0.00771089522947
0.0104020354514
0.0145745607358
0.0189249513611
0.0303416725039
0.0409527135367
0.0561019696444
0.0722630339615
0.104080634664
0.135619048344
0.18524306784
0.238628802037
0.308632304168
0.366771721209
0.478793435211
0.596436218297
0.703140750408
0.792686299079
0.978532255594
1.11706682224
1.23065836421
1.33829579776
1.56086549538
1.56220361509
1.66002027945
1.76254128644
1.88336820144
1.75972113981
1.77954547149
1.85928557801
1.81944707838
1.63542752125
1.56781909265
1.61967271934
1.46176482753
1.28454529148
1.16782481216
1.19648561706
1.00370491142
0.870120651636
0.750499758756
0.763974090098
0.596765737136
0.511556310542
0.415307509533
0.420631031719
0.308028543854
0.262246608629
0.30606715783
0.356639926401
8.06597034977e-09
1.08747062804e-08
2.83469766117e-08
3.26701423998e-08
9.10447726653e-08
1.01074924782e-07
2.13589268076e-07
2.56208387029e-07
6.79857840982e-07
7.4132384278e-07
1.51690229118e-06
1.87198313054e-06
4.81074659329e-06
5.27519918236e-06
1.02732942096e-05
1.29174780906e-05
3.15610290959e-05
3.54026526988e-05
6.47413443851e-05
8.23578310748e-05
0.000187474722985
0.000219695268339
0.000372215944198
0.000476020479786
0.000978999233126
0.00123777525702
0.00191298105307
0.0024406393604
0.00427740543809
0.0061987342724
0.00859484280123
0.0109250857632
0.0174526985934
0.0247140612841
0.0336143356737
0.0424559164711
0.061671514371
0.0832264720255
0.112281677776
0.141393548922
0.187014984555
0.231846763565
0.304214586638
0.376867155977
0.456433163574
0.52931940609
0.66250123473
0.767434131754
0.864098469535
0.9623068191
1.14612169748
1.19609073447
1.2870439572
1.39199024305
1.55740792272
1.46210268605
1.51794969938
1.60901657367
1.65965894978
1.47055756173
1.45873121648
1.52452110547
1.45059300614
1.24315808978
1.17470082913
1.21507259365
1.07278725958
0.901480193448
0.811156542183
0.832455089561
0.684953526712
0.567863444878
0.484315465214
0.493836388903
0.375516217792
0.305469736404
0.245116966806
0.251833783901
0.308560661211
0.322062300382
6.45136199979e-09
7.8215940948e-09
3.30593056074e-08
3.94365324333e-08
8.78178078653e-08
1.06024389213e-07
2.88672741769e-07
3.240697491e-07
6.70682629565e-07
8.25127794254e-07
2.1457466737e-06
2.44549628779e-06
4.79367782611e-06
5.96988900465e-06
1.4687482923e-05
1.72929688583e-05
3.1690823788e-05
3.97465176788e-05
9.05763203105e-05
0.000112418229408
0.000190126538203
0.000238991219572
0.000488405036535
0.000659577985977
0.00101384234654
0.00126950845154
0.00219081757986
0.00341379162716
0.00468757186148
0.00585380642749
0.00930421684116
0.0139339844575
0.018888998078
0.0234749131881
0.0342722420583
0.0483007650943
0.0648072581305
0.080268502758
0.107951490807
0.140011705678
0.184452782766
0.2273093316
0.281338493183
0.336342653259
0.425510159174
0.498176845771
0.572151875088
0.65203175448
0.790353464024
0.849807950662
0.924467387871
1.01984024817
1.1840813048
1.13473280598
1.20006636533
1.29201007125
1.40359780839
1.23526367905
1.26102220748
1.33435953906
1.3417166671
1.12552655237
1.10112444903
1.15058842162
1.07267751767
0.875030989134
0.818404660905
0.847092075316
0.735512499173
0.589685038842
0.525646643773
0.539971309678
0.435272769444
0.342356777836
0.287072698015
0.293049829707
0.217545807591
0.166803555822
0.191818170534
0.244451769445
6.84804084923e-09
9.7819535519e-09
3.01732236471e-08
3.66804099343e-08
1.1300091533e-07
1.34571362635e-07
2.80538261074e-07
3.42939215382e-07
9.02505706428e-07
1.07400789782e-06
2.10076853102e-06
2.58853627537e-06
6.39598391733e-06
7.91553835592e-06
1.44597117972e-05
1.78932666051e-05
4.07167144411e-05
5.34915267603e-05
9.00633299144e-05
0.000111502881877
0.000226033515492
0.000325368620014
0.000497003318078
0.000612592091901
0.00104117172086
0.00174047614936
0.00236784738127
0.00291321737155
0.00460217330076
0.00731352661692
0.00988665215688
0.0121212139654
0.017747350436
0.0263049642782
0.0352819546325
0.0431178799314
0.0586147263483
0.0795880087978
0.105108517033
0.128606379491
0.162768871489
0.200917370778
0.256478316534
0.303665058773
0.3560826287
0.415723643814
0.511069832194
0.56398224621
0.622151251095
0.69977074685
0.827884160578
0.82861720152
0.878094543703
0.961280682342
1.09528211845
0.969163441894
1.01157574781
1.08475897131
1.15369074923
0.953114710498
0.960897693806
1.01498550954
1.00197566752
0.7958649974
0.770808280168
0.805043985222
0.739466560288
0.573867566163
0.532230015525
0.550978538806
0.47093749863
0.358198029016
0.315013836371
0.323697196285
0.253360367621
0.185360187964
0.152211344537
0.1572647552
0.192190484465
0.20432687244
5.33900449787e-09
6.78730536188e-09
3.45694248891e-08
4.65557184227e-08
1.06065053847e-07
1.28877136944e-07
3.5283721845e-07
4.43149736124e-07
8.675557161e-07
1.05767732526e-06
2.61400749255e-06
3.39584547284e-06
6.18344488153e-06
7.55803464557e-06
1.71238500197e-05
2.37533302526e-05
3.97983076256e-05
4.86218506399e-05
9.76595366365e-05
0.00014938294769
0.000226682457399
0.000275677703153
0.000461703538799
0.000825167597072
0.00111263978933
0.00135160161533
0.00212059398769
0.0035775662046
0.0048204611384
0.00584141670219
0.00856189917572
0.01339834487
0.0179841753952
0.021734575278
0.0297776828304
0.042502500859
0.0563535853912
0.0680807540044
0.0875624408397
0.112419857508
0.144527888813
0.17313541944
0.207776682989
0.248653390517
0.309143284628
0.349163118406
0.391887325766
0.449622491219
0.540055280211
0.561173876893
0.599533769276
0.667340271904
0.774699676427
0.724216289208
0.751845339832
0.817807560786
0.918517469459
0.754701186289
0.779690574781
0.833141622879
0.872398888331
0.678204572323
0.677314451551
0.714173481184
0.695718532691
0.523894808724
0.503402265539
0.525368336177
0.476557810042
0.350738074675
0.321758441436
0.332977896854
0.27825953054
0.197010804468
0.169466861165
0.174110325154
0.131443354835
0.0871275414015
0.0961681156223
0.133459958438
5.36243561671e-09
8.84877294908e-09
2.98668459896e-08
3.64192978166e-08
1.19383584208e-07
1.64933365264e-07
3.31085725593e-07
3.99913395768e-07
1.00106316129e-06
1.37204469944e-06
2.48725888394e-06
3.00682162987e-06
6.77659203096e-06
9.90470959992e-06
1.64973934756e-05
1.99220734033e-05
3.9624903069e-05
6.42032171278e-05
9.67585312586e-05
0.000116320132185
0.000192087345585
0.000365629869107
0.000488808556935
0.00058728418741
0.000914666459026
0.00163634989738
0.00219614133148
0.00263426105366
0.0038594011029
0.00638531981759
0.00857273478867
0.01026149318
0.0141388156637
0.0212848384615
0.0283515425589
0.0339017994328
0.0440563345476
0.0595485081467
0.0773526624069
0.0927713719977
0.113945720461
0.1396545327
0.174993826859
0.201624752454
0.230879720018
0.270222320018
0.328505080738
0.352695679044
0.381887351975
0.432290606419
0.509551241661
0.499343456484
0.519974417922
0.573860940619
0.656205182271
0.575208403302
0.58742872414
0.635469103233
0.705708828548
0.541367521756
0.554747204583
0.590881838746
0.611628427267
0.448855315882
0.444944307248
0.468322353749
0.451458544459
0.322078829683
0.306685275542
0.319724431893
0.285095776363
0.195495588455
0.176066802414
0.18204851822
0.146707555661
0.0925956359244
0.0775055285907
0.0803614072245
0.0944838982818
0.100365155102
3.92474489244e-09
5.02180249957e-09
2.87612012732e-08
4.63953952016e-08
1.06477157486e-07
1.27935069786e-07
3.45188818168e-07
5.12640806134e-07
9.35396795566e-07
1.11986198422e-06
2.52344431083e-06
3.89300960714e-06
6.44700693899e-06
7.70604085298e-06
1.51752312105e-05
2.59663481314e-05
3.88614442908e-05
4.62501367657e-05
7.53571880697e-05
0.000152176614592
0.000201784654665
0.000240105332635
0.000371101685514
0.000702628692223
0.000938722426838
0.0011158601284
0.0016321328545
0.00285433741407
0.00382913835067
0.00454477761707
0.00628637900482
0.0099971858928
0.0133661996081
0.0158462921876
0.0207626409204
0.029618298928
0.0388942279086
0.0461667146738
0.0575554922213
0.0730456332974
0.092152068009
0.108249267616
0.127040773481
0.151680597974
0.186192936741
0.205869290787
0.227034637771
0.261347488404
0.311901974385
0.318414680163
0.334843133442
0.374957118476
0.435177638927
0.403070429829
0.411039462579
0.450391335826
0.508733268186
0.419771018067
0.423015156953
0.455429643056
0.5011980866
0.360943053946
0.367416369425
0.390199310049
0.400260865564
0.277727380029
0.273212018457
0.287023302756
0.273067627908
0.181546444199
0.170293240048
0.177271603902
0.15350746294
0.0935099629835
0.0820362120073
0.0847250555
0.065384717716
0.0348391854415
0.0364415162607
0.0549150595084
3.28586975982e-09
6.5846372332e-09
2.32917785816e-08
2.81492335078e-08
9.56526866569e-08
1.62166809385e-07
3.12080104808e-07
3.70809051398e-07
8.62207451073e-07
1.43224991769e-06
2.3692898457e-06
2.80642710364e-06
5.4880063969e-06
9.9247850797e-06
1.47533415501e-05
1.74032649269e-05
2.79974541141e-05
5.97732056677e-05
7.86417722743e-05
9.27786804375e-05
0.000142282196248
0.000284410240954
0.000378088648947
0.00044581227737
0.000650388037375
0.00120082530093
0.00160801392296
0.00189408506837
0.00262613001138
0.00441230144999
0.00591295903438
0.00695798729803
0.0091758668354
0.0138352592703
0.0183274027876
0.0215718461452
0.0271417388288
0.0363672222619
0.0465797764262
0.0550244349076
0.0661218423027
0.0803858518132
0.0992703006968
0.112375501049
0.126474757339
0.147963549407
0.17828059881
0.188453564999
0.201121923165
0.228470358167
0.268409437043
0.260640242759
0.267465690055
0.296836688045
0.340086257129
0.298489121628
0.29918737138
0.325820287879
0.364311892825
0.284161012729
0.283252559105
0.303672830709
0.331663456581
0.225018851898
0.227639173509
0.24107622996
0.244764011287
0.158052950286
0.15366372573
0.161087684013
0.14979747002
0.0880729403116
0.0807770687978
0.0839396572475
0.0698845940061
0.0351313290455
0.0299400053762
0.0311139446163
0.0345627467417
0.0354188461149
2.24600165087e-09
2.8547040977e-09
1.74782858575e-08
3.55602656332e-08
8.10668216762e-08
9.60213608901e-08
2.49807113693e-07
4.68228099567e-07
7.91558752867e-07
9.30260801729e-07
1.83628125215e-06
3.57169151449e-06
5.28709056764e-06
6.18717962461e-06
9.84491921657e-06
2.22416077775e-05
2.90499108537e-05
3.40098030223e-05
5.17513882275e-05
0.000108962085194
0.000144094211546
0.000168667849214
0.000245252810582
0.000477200182283
0.000637302510558
0.000745518745039
0.00103480017676
0.001835218761
0.00246151900772
0.00287730816581
0.00381328456297
0.00607907871124
0.00810480784657
0.00947244722662
0.0120107645702
0.0170218324898
0.0221543626303
0.0259439531404
0.0316057002838
0.0396560954306
0.0492594710436
0.0570282540156
0.0658167298826
0.078256416513
0.0950418592511
0.10367771244
0.11285079844
0.130013637937
0.154267768669
0.156103341102
0.16218992453
0.182275200589
0.211317158117
0.195549735561
0.196630844343
0.216576591187
0.245446857639
0.204802117754
0.202381365311
0.219217260611
0.243010673627
0.179686922004
0.177375838492
0.189437840494
0.205309031734
0.129105810356
0.129505499623
0.13676134222
0.136564918821
0.0774714848788
0.0739343602367
0.0773285232017
0.0697100683608
0.0333962739393
0.0297882475816
0.0309014729997
0.0248065046637
0.00962214053276
0.00953754412693
0.0155977211015
1.45085068412e-09
3.72028035015e-09
1.33207509911e-08
1.58909978957e-08
5.37384611345e-08
1.1995320711e-07
2.19278018155e-07
2.56167036735e-07
5.33222014067e-07
1.16867237555e-06
1.74224638004e-06
2.02380557852e-06
3.20622706285e-06
7.81862909191e-06
1.01527453377e-05
1.18025412678e-05
1.78363909793e-05
3.96233712981e-05
5.21334293255e-05
6.06180227374e-05
8.78083828268e-05
0.000179763210178
0.000239281925994
0.000278148942293
0.000386106482481
0.000721735469235
0.000967635055127
0.00112424445614
0.00149536869204
0.00251881508492
0.00337248766485
0.0039173333254
0.00499891730913
0.00749779841444
0.00987809706363
0.0114850400268
0.0141032093977
0.018705031166
0.0236622561276
0.0276147417752
0.0326316092313
0.0393457858794
0.0479978112421
0.0536659469565
0.0596260039896
0.0696033540767
0.0832003584394
0.0871422237498
0.0920067490796
0.10466248281
0.12250989084
0.118625612606
0.120412635762
0.13410800929
0.153716347667
0.135881081594
0.134334705304
0.146996220867
0.165034138219
0.131186852617
0.128004945789
0.137992332625
0.151655436843
0.104665660314
0.101944262753
0.108487838836
0.116397715167
0.0636761630729
0.0629487450893
0.0662874546904
0.0647487117959
0.0295071229526
0.0274442622658
0.02864190404
0.0250657028407
0.00903431799081
0.00780041741226
0.00812303033636
0.0086117963494
0.00820495026214
9.2819866683e-10
1.16210025339e-09
7.16697467224e-09
1.9807704599e-08
4.36819218507e-08
5.09095725007e-08
1.20904851333e-07
3.17590174346e-07
4.90423781714e-07
5.65745160081e-07
9.08046595535e-07
2.5248570306e-06
3.27453541645e-06
3.78095840671e-06
5.70215638262e-06
1.36181475892e-05
1.78556588042e-05
2.0631376725e-05
2.97835959282e-05
6.4311650069e-05
8.53245580109e-05
9.86019895542e-05
0.000136777688081
0.000269188381171
0.000360416894088
0.000416410464581
0.000555250935299
0.000987017217432
0.00132471640656
0.00153021384601
0.00196284512567
0.00311478894275
0.00414025784222
0.00478473077208
0.00591654192818
0.0083081429903
0.0107214321132
0.0124190219273
0.0148603657475
0.018445567199
0.0226129384579
0.0258822525871
0.0294840606896
0.0348806084375
0.0419637478549
0.045355962143
0.0488838996412
0.0562712099894
0.0663930635468
0.0669067136649
0.0689168307853
0.0775879071197
0.0897785298045
0.083441506543
0.0831092167472
0.0918490744895
0.104236656826
0.0881306797454
0.0858068390827
0.0933549133657
0.103820840973
0.0772527629528
0.0740096853346
0.0794473161405
0.0863874204164
0.0525017988743
0.0498271687745
0.0528480229145
0.0560194245487
0.0242256918736
0.0233835771604
0.0245605098972
0.023497136796
0.00791958669544
0.00711671510091
0.00741437043927
0.00635465014764
0.00163505585519
0.00153184625026
0.00273057552738
4.19718849826e-10
1.49376759651e-09
5.18725587654e-09
6.08120094759e-09
1.88614567554e-08
6.24582117843e-08
1.05188238956e-07
1.20613765457e-07
2.0259711769e-07
6.95723537944e-07
9.10470876715e-07
1.04439182222e-06
1.59308448021e-06
4.30194725961e-06
5.64776244596e-06
6.48528962154e-06
9.3634763828e-06
2.17165131894e-05
2.87706559447e-05
3.3059204458e-05
4.58290421766e-05
9.52797489629e-05
0.000127394950168
0.000146409022717
0.000195538860233
0.00036664400516
0.000492633473984
0.000566142781744
0.000729175825092
0.00122328849445
0.00163616053313
0.00188079342156
0.00233958195435
0.00347937752893
0.00455822935174
0.00524690855758
0.00632132898083
0.00829663587097
0.0103796103279
0.0119912782728
0.0139803876929
0.0167232564204
0.0201847475228
0.0223592049353
0.0245966168759
0.0286201731256
0.033961531262
0.0353839067331
0.0370798258885
0.0421740262702
0.0491744653294
0.0477351652881
0.0481470193772
0.0537199875739
0.0615141162278
0.0548229107939
0.0536220242283
0.0588623219082
0.0661108375732
0.0522385068965
0.0496162810049
0.0537224580928
0.0590708574497
0.0387708420304
0.0357718583429
0.0382723268645
0.0411232832377
0.0202953750574
0.018394726606
0.0194529231516
0.0203885328587
0.00640841203815
0.00596250783489
0.00625015009687
0.00589078494711
0.00138684802398
0.00118781552913
0.00124053768324
0.0012905122484
0.00112201658556
2.5211312628e-10
3.0757193312e-10
1.7250393386e-09
7.44123421557e-09
1.50422411906e-08
1.71775583742e-08
3.18997977504e-08
1.46243973488e-07
1.96661359836e-07
2.24237395947e-07
3.54859310055e-07
1.16725949044e-06
1.54817687109e-06
1.76673941645e-06
2.57788246552e-06
6.72717641829e-06
8.94385434769e-06
1.02179412665e-05
1.41935036494e-05
3.17363392721e-05
4.2463427936e-05
4.85463962099e-05
6.49325157991e-05
0.000128982785773
0.000173481233853
0.000198392149232
0.000256344287386
0.000454783899612
0.000610970753318
0.000698901241932
0.000873746509194
0.00137613206176
0.00182333485739
0.00208758136029
0.00253054266156
0.00351801348162
0.00450337133898
0.0051686688141
0.00609584250269
0.00749158048439
0.00908002477582
0.0102970238865
0.0116091623347
0.0136601343185
0.016296321128
0.0175239403585
0.0187731320266
0.0215661472638
0.0253096613997
0.0255736620363
0.0262601309772
0.0295667994107
0.0341036885877
0.0317722176946
0.0313507420229
0.0347128216185
0.0392971081748
0.0324566984302
0.0306465891383
0.0334718812466
0.037145411571
0.025682568142
0.0231294950799
0.0249719396867
0.0271451622992
0.0146095111695
0.0126113404612
0.0134691556764
0.0143286646823
0.00541050663684
0.00456862795425
0.00482108535549
0.0050098856452
0.00108181306164
0.000951418649199
0.000996358897636
0.000931290772923
0.000148272784035
0.00012790182445
0.000253036377756
6.66020879986e-11
3.8624819183e-10
1.20727787158e-09
1.3793996425e-09
3.15278579411e-09
2.05873381886e-08
2.93716847244e-08
3.33347939327e-08
5.70680704369e-08
2.46155640045e-07
3.34482515875e-07
3.79475927609e-07
5.70905903541e-07
1.7954820421e-06
2.4149488573e-06
2.74292896313e-06
3.84923137291e-06
9.65988815116e-06
1.3000257635e-05
1.47841783334e-05
1.98463740271e-05
4.250826842e-05
5.73591266372e-05
6.52870085841e-05
8.46285440784e-05
0.000159592843217
0.000215290300827
0.000245201119874
0.000307930521263
0.000514112099431
0.000687180184664
0.000783320687099
0.000955058632036
0.00140727319091
0.0018336568526
0.00209401488176
0.00248555267703
0.0032291167768
0.00399977686641
0.00458498402129
0.00529371181031
0.00628379748764
0.00751580837309
0.00831252105462
0.00912857367745
0.0105752304885
0.0124636974438
0.0130450933285
0.0136769401705
0.0155235920415
0.0179928097763
0.0172877598321
0.0171748970722
0.0191767752272
0.0218345440743
0.0184429901324
0.0172087803657
0.0189705021797
0.021216725106
0.0150437021237
0.0131466790907
0.0143419528984
0.0157576393767
0.00891855803067
0.00733097191548
0.00792055949107
0.00854543300771
0.00361052250888
0.00282418856037
0.00301926585502
0.00319397960231
0.000898675197565
0.000685716397204
0.000723103896557
0.000747568240795
0.000106669297287
8.57039504729e-05
9.00328648849e-05
9.45684175667e-05
7.58090246156e-05
3.7671619393e-11
4.41022768636e-11
1.67788109287e-10
1.64313952475e-09
2.66416568485e-09
3.05510650967e-09
6.11007994633e-09
3.60858059241e-08
5.14037984678e-08
5.87073713228e-08
9.46826222331e-08
3.78172519435e-07
5.20165906016e-07
5.95107926852e-07
8.64819901051e-07
2.54345846983e-06
3.46516446645e-06
3.97676252629e-06
5.45280729042e-06
1.28167383582e-05
1.74029315311e-05
2.00236794148e-05
2.64171851405e-05
5.27228355318e-05
7.13330081718e-05
8.21804797374e-05
0.000105059775548
0.000183359529018
0.000245957054555
0.000283420967135
0.000351970579281
0.000541870698217
0.00071249651374
0.000820874549358
0.00099199501879
0.00135064663762
0.00170855517247
0.00196864785119
0.00232008148142
0.00281382003473
0.00337292542798
0.00385388496586
0.00439267099597
0.00512241993903
0.00604584752814
0.00648187530173
0.00690681131804
0.00789461313879
0.00916366917197
0.00880274031877
0.00862584137256
0.00972217004542
0.0111149929126
0.00925957895994
0.00832748746528
0.00929315327597
0.0104792351487
0.00736455846441
0.00610707278745
0.00676206261888
0.00752409351191
0.00432257340533
0.0033291305054
0.00365877225764
0.00401453247402
0.00180424881902
0.001301829399
0.00141836984687
0.00153194295344
0.000501757429398
0.000343008382544
0.000369345617203
0.00039140702369
8.15496520976e-05
5.3877113203e-05
5.69718735594e-05
5.88758963774e-05
5.37382458882e-06
3.86978904411e-06
9.20452436537e-06
1.69026174441e-10
6.45741787509e-11
1.44738205686e-10
6.6439275687e-10
1.18099524967e-08
5.31023873138e-09
6.66292513164e-09
1.70538129242e-08
1.29802203744e-07
9.22867814182e-08
1.08678114346e-07
2.33564206783e-07
1.05951233164e-06
9.08889307012e-07
1.03608831032e-06
1.99301491868e-06
6.30700943794e-06
5.99068987246e-06
6.73352427201e-06
1.18011756823e-05
2.84804191865e-05
2.92353836158e-05
3.29006003711e-05
5.27821092006e-05
0.000102597719726
0.00011250695487
0.000128185498971
0.000188176217677
0.00030535051022
0.000352091168598
0.000407947504034
0.000546453761137
0.000759026895135
0.000900193658186
0.00105720019798
0.00128658453726
0.00155851938385
0.00185079178627
0.00217500196446
0.00239127572304
0.00256485844402
0.00297961502279
0.00346356625583
0.00341445861107
0.00329001880148
0.00379182982678
0.00438741652127
0.00383827030615
0.0033577160603
0.00386019896477
0.00445455926773
0.00341279169352
0.0027337223713
0.00314322521609
0.00361776340436
0.00238591891295
0.00176235729805
0.00202728211255
0.0023240715733
0.00128938136806
0.000883453880767
0.00101513107803
0.00115619688315
0.000522500506802
0.000333769427691
0.000381836173262
0.000430543110443
0.000151024982547
9.03348117936e-05
0.000102354706116
0.000113700879145
2.85749501756e-05
1.60644515257e-05
1.78779201288e-05
1.94222372245e-05
2.98050721982e-06
1.57983823894e-06
1.70080018549e-06
1.83154080921e-06
8.65712995003e-07
)
;

boundaryField
{
    zMin
    {
        type            empty;
    }
    zMax
    {
        type            empty;
    }
    xMin
    {
        type            fixedValue;
        value           uniform 0;
    }
    xMax
    {
        type            fixedValue;
        value           uniform 0;
    }
    yMin
    {
        type            fixedValue;
        value           uniform 0;
    }
    yMax
    {
        type            fixedValue;
        value           uniform 0;
    }
}


// ************************************************************************* //
