/*--------------------------------*- C++ -*----------------------------------*\
  =========                 |
  \\      /  F ield         | OpenFOAM: The Open Source CFD Toolbox
   \\    /   O peration     | Website:  https://openfoam.org
    \\  /    A nd           | Version:  14
     \\/     M anipulation  |
\*---------------------------------------------------------------------------*/
FoamFile
{
    format      ascii;
    class       volScalarField;
    location    "39";
    object      p;
}
// * * * * * * * * * * * * * * * * * * * * * * * * * * * * * * * * * * * * * //

dimensions      [0 2 -2 0 0 0 0];

internalField   nonuniform List<scalar> 
2646
(
1.02838819016e-09
0.000145965382947
0.000317769590336
0.000558437976378
-4.10029491339e-05
0.014248373288
0.000353330355186
-0.0115766714319
-0.00666370826839
-0.0194105654984
-0.00282958212496
-0.00997450062255
-0.0266867726189
-0.0155740452614
-0.0179045756689
0.00713067319496
-0.00148887514745
-0.000292536049369
-0.00636084458943
-0.00280007672502
-0.00255821631405
-0.00110393792358
-0.00270500939668
-0.00503831602494
0.00841409165168
0.00257107778357
-0.00906740704511
-0.00791200141558
-0.0145095841089
-0.00417401540524
-0.0025878614976
-0.000550930461698
0.000300745748542
0.00773234042168
0.0114709438599
0.000879127297335
-0.00955018880424
-0.0170151889901
-0.0295738300321
0.000470235003586
0.0149021066481
0.00789508370495
0.00782185306494
0.00759140623441
0.00811584767184
0.00775722253329
0.00846473419567
-0.00603321476958
0.00270808106809
-0.00235035550639
-0.0121640267308
-0.0171140594001
-0.0192305615304
-0.0185051276906
-5.23320879862e-05
0.00112032334977
-0.0105385066779
-0.0258306520374
-0.0260980619786
-0.02259865136
-0.0138593750951
-0.00536321794301
-0.0282638330906
0.0010702335962
-0.0182665029835
0.00218175449255
-0.00719931623694
0.0014726579709
-0.00487755852549
-0.00193936939788
-0.0108570500829
-0.00186816223628
-0.00345240838967
0.00125405818969
-0.00615186660174
-0.0220036300119
0.000461882488288
0.00118147470246
0.00242831791149
-0.00519219850489
0.00114088244685
-0.00265849195818
-0.0181166435789
-0.0181592270925
-0.0075627969629
-0.00788540381671
-0.00329430031555
0.0082467854854
-0.0302054669442
-0.024071372563
-0.0518808950131
-3.04807246425e-05
-0.0498171885609
-0.0466755076397
-0.0518081391972
-0.0338931880022
-0.0251400666506
-0.0520853420813
-0.000771858092674
-0.0404108465117
-0.00219526975463
-0.0367614730089
0.00338669855161
-0.0366544371424
-0.0616346650832
-0.0384458615916
0.0128185631271
-0.0453807234112
-0.00842518710683
-0.036268671735
-0.0235713160153
-0.00331760224789
0.0078010162654
0.00778907165505
0.00792434800956
0.00853163215489
-0.0175540782713
-0.0457502455674
-0.0521210237426
-0.0342789033839
-0.0102791426784
-0.0372354798988
-0.0144452593928
-0.00508147365177
-0.018996163989
-0.00261328903205
-0.00131809710859
0.0238342459057
-0.0312442034156
0.00360896181961
-0.0484386897465
-0.0318064307543
-0.0498831041729
-0.0556684237872
-0.0240669409191
0.003811542776
-8.19166012403e-05
-0.0462443198892
-0.0340758737639
-0.0405479061529
-0.0511910300216
-0.037732253056
-0.0231023514205
-0.0497776693191
-0.00314102368782
-0.0433992416283
0.00574917185874
-0.0550617514978
0.0152708144633
-0.0467116389852
-0.019240670803
-0.0587779064494
-0.00724667178177
-0.0190205021726
-0.00965460359504
-0.00269878731423
-0.0293555283392
-0.000437015667841
-0.0195094401221
0.0131121034211
0.0495079258084
0.00544408851369
-0.0170073021583
-0.0602432856123
-0.0440695180699
-0.0351218488743
-0.0274479205366
0.220896187426
0.0547597891828
0.0603998170329
0.0464972594822
0.0485567582618
-0.0202618033546
-0.0241219373464
-0.00040648528758
-0.00188879340889
-0.0080653182778
-0.013003049448
0.000418732345057
-0.000271342855338
-0.0162393006082
7.08212532141e-05
-0.0122367543088
-0.00722573031598
0.00543301677104
0.000920233292519
0.0110323146591
0.00822027061483
-0.0274440023037
-0.0182121154149
-0.00175907120469
-0.000435077062548
-0.0156901840434
-0.0159107906855
0.000268807867567
0.00088259322988
-0.00126802550361
-0.00889645610186
-0.0079003965169
-0.0183146433107
-0.00820647935644
0.00147839865117
0.00249186806915
0.00269695279383
-0.0286130404331
-0.00847511252784
-0.000260870749207
-0.0533015270232
-0.000788842160172
0.00411040141712
0.00756802982184
-0.0580191938485
-0.0391496778076
-0.053044598426
-0.0565985752218
-0.0258967562479
-0.000166543418422
-0.00247685181047
-0.00576073645633
-0.0462871342745
-0.0506714178661
-0.03451649049
-0.0218749452595
-0.036132500097
-0.0301525132263
-0.00981563038208
-0.00570776513793
-0.0142238989897
-0.0032548006724
-0.0363954526412
-0.0300258221093
-0.0170610375027
-0.0593062465086
-0.0342910456997
-0.00486628173393
-0.00899356963825
-0.0387899497729
-0.0147189276841
-0.00989723579396
-0.0602022946733
-0.00672478081809
-0.0519725048103
-0.0597382664789
-0.00354808247725
-0.00229626046001
-0.0457500764976
-0.0441646175586
-0.0205432835922
-0.0216817440658
-0.0529130686478
-0.0526923859275
-0.0480791108415
-0.0642383129133
-0.0590782057872
-0.0455660550027
-0.045309053821
-0.0378787087279
-0.0370346312637
-0.0590314310338
-0.012515005811
-0.0114761788478
0.00128301119532
-0.0626591586853
-0.061928789505
-0.0494666376796
-0.0428271693891
-0.0443263490113
-0.0586126449153
-0.0472479941617
-0.0633619605298
-0.0578731116332
-0.0518035800757
-0.0257359640095
0.00175675301822
-0.00790988126988
-0.0393685521943
-0.0571073751888
-0.0543997329079
-0.0221969445371
-0.0052492000595
-0.0324729702941
-0.0522536730139
-0.0295656010299
-0.0568476287245
-0.0345518526652
-0.0173946052939
-0.016840636169
-0.012056650178
-0.00946412955791
-0.0261184672132
-0.0537703255951
-0.0353929950971
-0.0378433151627
-0.0181057911636
-0.0376570334064
-0.0109961024602
-0.030052352122
-0.0433878256941
-0.0130131246436
-0.0567129365147
-0.0285347803223
-0.000851234823383
0.00748681251108
-0.00488242680765
-0.000847457696383
-0.0316164079612
-0.032359341858
-0.00262709450479
-0.000231143746162
-0.00453849308537
-0.0344553752066
-0.00955340872411
-0.0239314026848
-0.0568753659802
-0.0329505937113
-0.0300881374137
-0.0160080012662
-0.0317493147017
-0.0149059468142
-0.0290269714137
-0.0143743074719
-0.0153515866667
-0.0438382411526
-0.0367316509373
-0.0246117916939
-0.00086686876721
-0.00215514222915
0.000355172981231
-0.0465665718991
-0.0552649631938
-0.0585474900883
-0.0610989233785
-0.0270995569298
-0.0500153356299
-0.010949710286
-0.0548749366277
-0.0074089638909
-0.0101779798093
-0.0061549044551
-0.0589824300981
-0.0807393580956
-0.0858843448812
-0.0893673876347
-0.0202582634779
-0.0542310946383
-0.0911828013441
-0.0278465151114
-0.0532482805569
-0.082486687948
-0.00953905631609
-0.0683070682939
-0.0561488492791
-0.0388549680343
-0.0914410657206
-0.0416210376362
-0.0811239266279
-0.0817798648478
-0.0853859730919
-0.0903190195216
-0.0881687637258
-0.0831843090929
-0.0837520624157
-0.0305889284354
-0.028389525928
-0.0320362404897
-0.083053532271
-0.0801466737104
-0.056456711121
-0.0580856268011
-0.0399367941863
-0.036618490274
-0.0857113540848
-0.0328992705813
-0.0352120038815
-0.0556333506471
-0.0894965730737
-0.0801786316956
-0.0492861451637
-0.0570777660957
-0.078787260084
-0.0848402344726
-0.0476184793095
-0.0482847655295
-0.0852711127295
-0.0808375776093
-0.0591278466771
-0.0569794791997
-0.0872378799082
-0.0323391498264
-0.0562359993132
-0.0855438092197
0.00789530276891
-0.0915390932606
-0.0351700761406
-0.0554915068497
-0.0238452341363
-0.0669092709579
-0.0362250712689
-0.0833573627208
-0.080204413354
-0.0854470818344
-0.067444211111
-0.0848240923762
-0.0418594168018
-0.0827292420192
-0.0829044791283
-0.0876567671973
-0.0809448149368
0.00455576232608
-0.0919761808821
-0.0872109875113
-0.0900751573858
-0.0903373330655
0.00483026339147
-0.0875680807819
-0.0844124588432
-0.0293788151137
-0.0905690047143
-0.0900364290116
-0.0390640400706
-0.0321090246485
-0.048975144072
-0.00445980635705
-0.0352373598292
-0.0828377643756
-0.0871419041411
-0.0325513894583
-0.0825886158597
-0.0907063057792
-0.0196615150227
-0.0814130112198
-0.0688923545877
-0.0293552003035
-0.029479381708
-0.0311197649583
-0.0508589264313
-0.05580191423
-0.0844782340632
-0.0821267178752
-0.031469152894
-0.0346541647893
-0.00620144311813
-0.0147984574333
-0.0822579615711
-0.00215143903141
-0.0768805404807
-0.00162354517958
-0.0281740886883
-0.0846437468488
-0.0281508057183
-0.0852559536646
-0.0264553169735
-0.0759230318215
-0.00269653313567
-0.0765355535076
-0.0824915362127
-0.0772908114917
0.0087827633787
-0.0872507016034
-0.0862205760363
-0.0868271164297
-0.0107261102546
-0.0768656597049
-0.0833142340261
-0.0866050010811
-0.0759841950396
-0.0835376805862
-0.0023822777064
-0.0827225637359
-0.0545013550163
-0.0855745925546
-0.0176803060868
-0.0224251573701
-0.0247223580328
-0.0546125746753
-0.0317639824275
-0.0658188361742
-0.0716688753112
-0.079733064363
-0.0712896639295
-0.0322736278588
-0.0548128196613
-0.0547221949664
-0.0909768894094
-0.0383480306571
-0.0307023412394
-0.0397524196625
-0.0370289203446
-0.0691827442856
-0.0475037298283
-0.0662017685481
-0.0450555075404
-0.0524946369195
-0.0462870552043
-0.0830336073632
-0.0484173496003
-0.0506394378549
-0.0491827645365
-0.0418681555781
-0.0528817683088
-0.019098309198
-0.0329170742263
-0.0283728286791
-0.0830055479921
-0.0626976010961
-0.0255265768207
-0.0863585892227
-0.0317926327986
-0.085017282026
-0.083558298092
-0.0757580272765
0.0116145905955
-0.00976524459419
-0.0635788667954
-0.0542332321869
-0.0283501546537
-0.0594565988182
-0.0415472736593
-0.0369640338642
-0.0348922325788
-0.0167851068012
-0.0260820992949
-0.0882805161333
-0.0779823604907
-0.0836703561898
-0.090217937442
0.00361962622235
-0.0833449174585
-0.0518819167521
-0.0501573691216
-0.0887292834304
-0.0480658316666
-0.0777109629129
-0.0044082374841
-0.0672145769455
-0.074176549003
-0.0874006798131
-0.0735689278695
-0.0766418243975
-0.0251538704249
-0.0827984779118
-0.00858934165753
-0.0123262842867
-0.0907575416487
-0.0789044867369
-0.0893070332996
-0.0898938993893
-0.0383600713222
-0.0574831097089
-0.0118890975761
-0.0835447078061
-0.0256429524858
-0.0895236247014
-0.0861718123636
-0.0527595631379
-0.0552308312007
-0.0564986206131
-0.00440679736373
-0.0874993643508
-0.0861601058129
-0.0491045203107
-0.0777136908596
-0.0830865012579
-0.0598994412045
0.00667099979376
-0.0606324974276
-0.0300810882584
-0.0904430108558
-0.0750518825733
-0.0531824326228
-0.0525143168406
-0.0746959598773
-0.0574408779168
-0.0780485670634
-0.0301744677922
-0.0299516697738
-0.0559626765233
-0.0020189257226
-0.0740191654303
-0.0316850892374
-0.0249346500703
-0.0622576842798
-0.0849855828092
-0.071866023267
-0.0585363022356
-0.0681108708773
-0.00842418046704
-0.0752657499642
-0.0377556089822
-0.00730400366395
-0.0555452278937
-0.0771613961503
-0.0322229468588
-0.0656281550277
-0.0766937565189
-0.0090472070109
0.00212094162064
-0.012583241917
-0.00993860011586
-0.0208879608932
-0.0317899355084
-0.0122650884805
-0.0917230086048
-0.0170936954653
-0.0429602667085
-0.0872043643135
-0.00248647171123
-0.0772845173322
-0.0363566429277
-0.0577047919389
-0.0586875088665
-0.00839919437843
-0.0277816448794
-0.0572567267803
-0.0802516813927
-0.0321616967109
-0.0398683115836
-0.0144024723541
-0.00575953840422
-0.0204812225962
-0.0335330683551
-0.0324798412434
-0.0688996511595
-0.040770183339
-0.0298822577547
-0.0553675699049
-0.00285569166678
-0.0487026803762
-0.0150127359729
-0.00739593724478
-0.0347915106307
-0.0175901192861
-0.0239214029346
-0.0372839956187
-0.0500131764845
-0.0813751279494
-0.0710643322839
-0.0429838699205
-0.0276809556007
-0.0738230958441
-0.0451208380954
-0.0679940730108
-0.0529474836922
-0.0419966834789
-0.0762206339877
-0.0749779172144
-0.00654774605056
-0.0475623912249
-0.0392220354539
-0.0509397682797
-0.00915590352017
-0.0678043634617
-0.0353019310066
-0.0706504014014
-0.0576301969659
-0.0275878672852
-0.0855471777285
-0.0748137949648
-0.0756288196886
-0.00158239677146
-0.0324877614514
-0.050075543056
-0.0761190317598
0.00214567819667
-0.00718436484178
-0.0732581710511
-0.037672649403
-0.0303260102086
-0.00881971297625
-0.0772260072446
-0.00223291012979
-0.0163913971597
-0.0581493480714
-0.0574656379417
-0.0746639271416
-0.06303458171
-0.0784670987866
-0.0752421534537
-0.0702975338802
-0.0914872046461
-0.0747003268295
-0.000820022903113
-0.0834183507668
-0.033919857043
-0.0685463439277
-0.0343668105502
-0.0417066164813
-0.0600797925271
-0.000276550588118
-0.0444499876579
-0.0742071841105
-0.0297864672721
-0.0533309605548
-0.0566531348002
-0.020560615586
-0.0127107148692
-0.0604930003678
-0.0184365211712
-0.00842969798266
-0.0441658583949
-0.0718566455074
-0.015059793706
-0.0585312007915
-0.0529670575422
-0.0329132711164
-0.0486012934494
-0.0470783027856
-0.0738421198422
-0.0332810898704
-0.0262702132633
-0.0024856186658
-0.0798930566365
-0.0721295077694
-0.0377255985703
-0.00401118400932
-0.0144921950143
-0.0706942846495
-0.0389250433609
-0.0586543636944
-0.0761986225062
-0.0174316771553
0.010157987728
-0.0217915889607
-0.0162031570414
-0.0645795037221
-0.00149742209061
0.0073898329326
-0.0193040900829
-0.0586942893155
-0.0253234148823
-0.0764170858923
-0.0768931509896
-0.0473165447252
-0.0656031430837
-0.0594262315565
-0.0546036072902
-0.0756353469528
-0.0742923643079
-0.0248379429232
-0.0233229917346
-0.0573043945146
-0.0316858680298
-0.0746697671121
-0.0781661222626
-0.00430648295672
-0.0237617052645
-0.0612549168602
-0.0236073485441
-0.0104746690262
-0.0741072616533
-0.0839366915433
-0.0752930829332
-0.0835702593398
-0.0642714290584
-0.0185160037975
-0.0204406684777
-0.00286670736435
-0.0630995392998
-0.0365344562098
-0.0580162342541
-0.0205601965914
-0.0475601089367
-0.00276327931277
-0.0757639527431
-0.0526776292644
-0.0658448828764
-0.017875258725
-0.0706041317027
-0.0244741553629
-0.0668033593685
-0.0713117164385
-0.0843503965645
-0.0373226609632
-0.0577418969757
-0.0543926057694
-0.0298672841531
-0.0691931818593
-0.0328848522968
-0.0562685432644
-0.039478471491
-0.0607944025364
-0.0420323392397
-0.0585079461744
-0.0693427956795
-0.0848424357714
-0.0624405665123
-0.0693552222085
-0.0431090184571
-0.0739405569555
-0.0906844492543
-0.0728670434909
-0.0293641086231
-0.056574086719
-0.0712439807906
-0.0173743332739
-0.040441245754
-0.0581423500451
-0.0669258161393
-0.0688449490883
-0.0681916730951
-0.0718660650515
-0.0370189218626
-0.0500398963356
-0.0733864399989
-0.0569940243361
-0.0698465827478
-0.0406856206734
-0.0567504612624
-0.020562037999
-0.0520750960527
-0.0724083995412
-0.0664402743663
-0.0548653635844
-0.00243481146762
-0.0574452434019
-0.075767965841
-0.0316650776812
-0.0251702552691
-0.0669252172329
-0.056549510871
0.00819807822701
-0.0657772489088
-0.0757806960987
-0.0413425767234
-0.00470856869912
-0.00108566046673
-0.0793652141117
-0.0679691003923
-0.0431683972909
-0.0694426798107
-0.0387742578923
-0.0456628484057
-0.0854051980262
-0.043094300325
-0.0518407097855
-0.0545760998752
-0.0453816056568
-0.0664578012702
-0.0660451417066
-0.0511757774272
-0.0638340259932
-0.0685932949878
-0.0836101918139
-0.0682228242238
-0.0699062073796
-0.0694479856758
-0.00014987525901
-0.000504245114075
-0.0220684244025
-0.050883067866
-0.0478697452229
-0.0548435866341
-0.0436736373684
-0.0650201182695
-0.0776306926471
-0.0830189933961
-0.084319163096
-0.00266291795449
-0.0226325776195
-0.0914843141834
-0.0191963584837
-0.0495084671338
-0.0506741146342
-0.0684447201526
-0.0651019614119
-0.0658935789212
-0.0507469020201
-0.0848506505791
-0.0573719233937
-0.0261038820211
-3.22164825765e-05
-0.016147455993
-0.0790656003561
-0.0713949180573
-0.0354235624698
-0.0613224711844
-0.0554791502318
-0.017571415883
-0.0690280719995
-0.0505279580381
-0.0706034310055
-0.0739085603569
-0.00577763814593
-0.00359270916347
-0.0116543763804
-0.0463786507485
-0.0782784618121
-0.050969938094
-0.0489609825517
-0.0610578365638
-0.0726350207846
-0.0496970606837
-0.0704419705101
-0.059508963874
-0.0729091708559
-0.0670411284127
-0.0133779318848
-0.0637413703473
-0.0526673014129
-0.081728939306
-0.0639242982563
-0.0669864035604
-0.000182213597552
-0.0382117291208
-0.0419682588011
-0.0808633619056
-0.0542708559673
-0.0347049448462
-0.0480081642671
-0.0721895365506
-0.0637591130753
-0.042965675347
-0.0883483444183
-0.0604848382134
-0.000456950474531
-0.0497888665015
-0.0735337330521
-0.0874049564972
-0.0339924573691
-0.0173378296181
-0.0519291874768
-0.0812639762701
-0.021941960524
-0.0576053829837
-0.0814129937058
-0.0638677928231
-0.0496474030128
-0.037454735911
-0.0117208478335
-0.0297244526114
-0.0665001744047
-0.0724614882486
-0.027255686568
-0.0735063406644
-0.0666098561763
-0.0625800171044
-0.0231186046958
-0.0692387995636
-0.00837636032268
-0.0480827303042
-0.0446150112881
-0.0659303549155
-0.0724459769914
-0.0646638279683
-0.0737129803798
-0.0696185147458
-0.0672912577184
-0.0679598794109
-0.0751464150235
-0.0685322984471
-0.0875710575157
-0.0489811413334
-0.00361271072804
-0.0427761437689
-0.0460418468496
-0.083557187206
-0.0436771086787
-0.0805640677808
-0.0852473556221
-0.0464773952361
-0.0730906169618
-0.0703107646433
-0.01791221545
-0.0703428795115
-0.0812218871833
-0.0381422174867
-0.0816785157341
-0.0851793777539
-0.068888273169
-0.0689174346235
-0.0679782540916
-0.0685317846416
-0.0898532313981
-0.0106291305199
-0.0908521861256
-0.0552722214771
-0.0605535453059
-0.0832331779598
-0.0433865128266
-0.0656863521475
-0.0805723810278
-0.0101502705624
-0.0902872346596
-0.0138796085351
-0.0373127179889
-0.0596922027422
-0.081519176399
-0.0836764176591
-0.0578963842939
-0.0768931476988
-0.0645047405205
-0.0642192624065
-0.0646509446561
-0.0431367453801
-0.0809274157143
-0.0659846151661
-0.0869780045407
-0.0444907754533
-0.0669333203872
-0.0849056486993
-0.0430338563484
-0.0909136330815
-0.0818596726113
-0.0849084073018
-0.0900536047077
-0.068617199446
-0.0288036285281
-0.0737517357892
-0.0780645046286
-0.0397585337717
-0.0907485648756
-0.0608761140115
-0.0798287200496
-0.066305365811
-0.00826825934671
-0.064790492583
-0.0847881964381
-0.0707439031453
-0.0814983433256
-0.0628834688808
-0.0243287507875
-0.0584918510649
-0.0668910611964
-0.0431060264448
-0.050970066152
-0.0684976926565
-0.0500714654341
-0.0836224746631
-0.0473016529753
-0.0558194127271
-0.0409967644212
0.00570727841653
-0.07638573458
-0.0381901588863
-0.0449035433669
-0.0887608724368
-0.0793228198805
-0.0832423227565
-0.0667124996855
-0.0663273666446
-0.0571644064543
-0.057224599679
-0.0619738965065
-0.054544596877
-0.086387238793
-0.0894288569371
-0.0562770171391
-0.0500448821089
-0.0704874385468
-0.0737523448425
-0.0873616604742
-0.0762925019899
-0.0822031388465
-0.0670780899865
-0.0806292077747
-0.0899079204401
-0.0677927145787
-0.0830146022552
-0.0876744889329
-0.0709609904524
-0.0906225253815
-0.0869638112389
-0.0617378626533
-0.0186045487358
-0.0215797148148
-0.0801833316927
-0.0598609187596
-0.0455117857237
-0.0836034990441
-0.0791508918241
-0.0594168863771
-0.0593977660691
-0.0428354091829
-0.0652414840095
-0.0636670786519
-0.0799756087647
-0.0540781624066
-0.0720107078648
-0.0811618993959
-0.0629188131646
-0.0089558948714
-0.0820619469947
-0.0488318252316
-0.0547497587863
-0.0740915044793
-0.0595198192898
-0.0537859869417
-0.070969187465
-0.0813117945687
-0.0652258827518
-0.0805449322653
-0.0242460988749
-0.00386129661017
-0.0709083624483
-0.0860712164418
-0.0717784160584
-0.0476690981531
-0.0505387688753
-0.0384843209426
-0.0459685975697
-0.0370489193178
-0.0554228006369
-0.0289154103998
-0.0614531128701
-0.0283480963561
-0.040308596
-0.0807453591493
-0.00904655265682
-0.0735480299256
-0.0744041138873
-0.045761564304
-0.0868933304672
-0.0850216300078
-0.0756206674001
-0.0460037704324
-0.0778252135475
-0.0712436828799
-0.0681447753931
-0.0653507447924
-0.0155992936432
-0.0459061328881
-0.0766735452155
-0.0447582652328
-0.0378894222564
-0.0618182430414
-0.0866226706138
-0.0684829268479
-0.0469737992887
-0.0545044525582
-0.0668452791731
-0.0820177199995
-0.0864866533095
-0.0793005686676
-0.0855203026003
-0.0723089183797
-0.0628252699076
-0.0693034845654
-0.0400329293723
-0.0810554018382
-0.0557419930573
-0.0728587615304
-0.0787688475302
-0.0856154280279
-0.0754123239158
-0.0583566822063
-0.0230498213367
-0.0747463019928
-0.0436565553146
-0.0661691770556
-0.0509533720096
-0.0804276681244
-0.0281121801661
-0.0237958977895
-0.0338036914328
-0.0888744276763
-0.0375620287761
-0.0373965844598
-0.0592647939636
-0.0135115184826
-0.015245254381
-0.0276465440657
-0.0487140117977
-0.0779975266671
-0.0727482613333
-0.0466495734006
-0.0728640913571
-0.0663724006236
-0.0863008923215
-0.0103045913684
-0.0556834844695
-0.0539642090135
-0.0636033382919
-0.0594361306421
-0.0743097630731
-0.089533211513
-0.0453476335516
-0.0212018073531
-0.0309593939356
-0.0679462004892
-0.0759036448467
-0.0683783253681
-0.071397472741
-0.0724432204657
-0.0743108803525
-0.048723490705
-0.0130751871499
-0.00574479777275
-0.0418388485226
-0.079619526004
-0.0457958355352
-0.0818880712088
-0.0210149835014
-0.0123734035954
-0.0267162637571
-0.0761977830841
-0.0760555466097
-0.0486256924625
-0.0431102290924
-0.0638831042659
-0.0685054927216
-0.0672403459341
-0.0905698148596
-0.0326783189295
-0.0675492112791
-0.0349984511054
-0.0826467673175
-0.0453196403728
-0.0722716057243
-0.063672975128
-0.0584808103279
-0.0577257593725
-0.0640365701173
-0.0678096643559
-0.0707212328607
-0.0911373603016
0.000148629378207
-0.0720543964469
-0.0745303497637
-0.0622362378857
-0.0865977043087
-0.040330707309
-0.0832765096134
-0.0322492018858
-0.0557255911886
-0.0887924084316
-0.0142040787034
-0.0758069656588
-0.0751363430275
-0.0599406920487
-0.0438718176855
-0.0597857037815
-0.0830737178136
-0.0827256215325
-0.056573910493
-0.0166962143606
-0.0377117019522
-0.0797099077167
-0.0728436294993
-0.0838606947747
-0.0525230690015
-0.0249519899947
-0.0581495557996
-0.0800701994066
-0.0196420022475
-0.0587231839614
-0.080418503203
-0.0892774841672
-0.0813454159642
-0.075937293913
-0.0315144214274
-0.079843212398
-0.0848668077394
-0.0562416868884
-0.0399442804671
-0.0885278035361
-0.0747977244034
-0.0814560275661
-0.0892241610094
-0.077809363669
-0.0765273182554
-0.0821321939251
0.00178772725746
-0.0776693816304
-0.0229374548899
-0.072509615398
-0.0724756988143
-0.0742900278614
-0.0845467307451
-0.0219072544055
-0.00367644751911
-0.0836602561108
-0.0818320218539
-0.0865203981508
-0.0715469525026
-0.0426611386431
-0.0626454178853
-0.0501724825948
-0.0331541301791
-0.0801850292721
-0.0530830883362
-0.0817612782325
-0.0668309434678
-0.0609352956644
-0.0873440384224
-0.0442781230218
-0.0819812550504
-0.0685219251343
-0.0452466576656
-0.080158520549
-0.0275317707812
-0.0187532633382
-0.0150348396572
-0.0534469534591
-0.013632163266
-0.0531823942546
-0.0555805124003
-0.026915566684
-0.0881925443142
-0.07451328242
-0.0782482223311
-0.0688234559567
-0.051303393165
-0.0236071903362
-0.0715764203511
-0.0117241235298
-0.0699701834128
-0.0796375898135
-0.0606569524363
-0.0787317118746
-0.0635339071028
-0.0701735007663
-0.0821964209112
-0.0536948611005
-0.017775574779
-0.0697369543912
-0.0563283735519
-0.054778795762
-0.0370914371387
-0.076950892429
-0.078226426183
-0.0614577163399
-0.0447124306537
-0.0856959453222
-0.0408536553434
-0.0855344630538
-0.0798928678791
-0.0681386601603
-0.0878688739388
-0.0860155591312
-0.0710339015714
-0.06681914778
-0.0637968341248
-0.0884684248985
-0.0600740959242
-0.0880657841898
-0.0820534507564
-0.0852677391404
-0.078537035931
-0.0859532063904
-0.0701072001414
-0.0830732489396
-0.0804490405467
-0.0625810688505
-0.0651896295195
-0.0236911726694
-0.0458970840888
-0.0789802977245
-0.066860300838
-0.0752469359341
-0.0228158662646
-0.0678989207214
-0.0358377971906
-0.0715682996771
-0.0643329010963
-0.0688243013502
-0.0842507641878
-0.0779634184577
-0.062124591205
-0.0637835746584
-0.0514377556896
-0.0480973969997
-0.0834106684519
-0.0631227015438
-0.0609936934497
0.00367762761128
-0.0898520777558
-0.0775847586986
-0.0592172212799
-0.0760035400253
-0.0318019131054
-0.0432687577558
-0.0705557347006
-0.0504337516809
-0.0657471882759
-0.0789321176147
-0.0103238883326
-0.0541817321631
-0.088967973102
-0.0664474102226
-0.021747150959
-0.0448158370702
-0.0659374707024
-0.00500694621104
-0.0615808570728
-0.0885388679465
-0.0866041238189
-0.0787554300508
-0.063437931566
-0.0691975661327
-0.0618308300288
-0.0835211978498
-0.00583505608607
-0.0708373663377
-0.0731838427631
-0.0676100736411
-0.0863662601709
-0.0787187175271
-0.0660003001249
-0.0792735436104
-0.062542138413
-0.081419683772
-0.0648284037237
-0.052383129257
-0.0845870118675
-0.0241172339838
-0.0303757887187
-0.0751766672345
-0.0857857143178
-0.0302188243019
-0.0899809537165
-0.0623166196364
-0.0910540446613
-0.073530905202
-0.0770314793017
-0.0864469086282
-0.0642978067426
-0.0516714045226
-0.0855209841901
-0.0197285062885
-0.0454170981786
-0.0917061987509
-0.0780127157508
-0.0908699666629
-0.0626060797656
-0.0461669353972
-0.045572136654
-0.0489269077887
-0.066366288985
-0.0209325207798
-0.0907386256225
-0.089753674891
-0.0601300612719
-0.0860236263016
-0.0191756237456
-0.0553291994813
-0.0885894001879
-0.0875682310784
-0.04472286246
-0.0654306238111
-0.0704451649748
-0.0871755537533
-0.0896962307832
-0.0412345265089
-0.0798911329337
-0.0046021421096
-0.0909456478676
-0.0574573864053
-0.0849244445151
-0.027611600294
-0.0756984849065
-0.073933001362
-0.0828148566096
-0.0211977475642
-0.044317288301
-0.0140633758738
-0.0503812268416
-0.0754113673762
-0.0779675322008
-0.081569336747
-0.0264078767825
-0.0577006082094
-0.0279893521821
-0.0697661263992
-0.00266198646025
-0.000544720107238
-0.0585801310626
-0.0843527714264
-0.0875241241556
-0.0649954666924
-0.072858681631
-0.044799877748
-0.0449357462548
-0.0511238901084
-0.0864366443807
-0.0731684691579
-0.0241972282427
-0.0755036764188
-0.0310004213345
-0.0739534658324
-0.0138530944749
-0.0800616669096
-0.04940015628
-0.0717258439207
-0.0194859583854
-0.0193978577703
-0.0568933538078
-0.0916072194669
-0.0895136987595
-0.0588983018651
-0.0596136336412
-0.0717590266576
-0.0768550512415
-0.089079082023
-0.0275268220781
-0.0810389923532
-0.0844394691132
-0.090823111634
-0.0569888693768
-0.0837330186389
-0.0872791872156
-0.0370372848687
-0.0391182352634
-0.0408214159013
-0.0850305543179
-0.0919372945364
-0.0248647115219
-0.0913292861239
-0.0908210638459
-0.0402028842972
-0.0506646072961
-0.0643912723136
-0.0675802774155
-0.091899064452
-0.0440545459701
-0.0739233821483
-0.0609779115388
-0.0666960831191
-0.0634575089001
-0.0460244702554
-0.0880361201448
-0.0805827435347
-0.0442289596419
-0.0859451519644
-0.0875811457863
-0.0831300700093
-0.0895485466606
-0.0781164909697
-0.070866395691
-0.0520647032578
-0.0388442846054
-0.0819708757492
-0.0356129720974
-0.0916002309545
-0.0329086509406
-0.046686796087
-0.0471676485123
-0.0526424813624
-0.0700203703132
-0.0897527300645
-0.0611553385832
-0.0587743929763
-0.0464203277444
-0.0696601387294
-0.0627448249546
-0.00730648999391
-0.0883830868001
-0.0646821563417
-0.0433258546702
-0.0516016595561
-0.0751291355216
-0.0784978755815
-0.0752397071743
-0.0779291286361
-0.0910038618407
-0.0787717260264
-0.0686169128651
-0.0378741324243
-0.0683183679668
-0.0795468668878
-0.080198292478
-0.0908948807943
-0.0712052735512
-0.0782342481645
-0.0786653190086
-0.0860123039378
-0.0620969012364
-0.0673200786189
-0.0837609652192
-0.0799592180315
-0.07014740009
-0.0900983730569
-0.0768945696896
-0.0611775240899
-0.079041464327
-0.0852136759444
-0.0702764913724
-0.0886534148662
-0.0913905113529
-0.0912525523186
-0.0788821723532
-0.0816709737567
-0.0736031033578
-0.0620681771852
-0.0910757552992
-0.0915760892765
-0.0827853303651
-0.0868089767874
-0.089809104462
-0.0795695848255
-0.0535706444185
-0.0816558581181
-0.0660769607138
-0.0719894623028
-0.0693407978357
-0.0425400085392
-0.0689315501829
-0.0633069004964
-0.0337859161958
-0.0702867768019
-0.089407749214
-0.0404975230894
-0.0367950350898
-0.0898505996076
-0.0499286256548
-0.0772341410215
-0.0520646724836
-0.0403454935463
-0.088514051812
-0.0529036611271
-0.0549731897979
-0.0669737575331
-0.0820685442891
-0.0746886089452
-0.0743916524423
-0.0610731532084
-0.0645227327322
-0.066716822166
-0.0865946372736
-0.0435070693996
-0.0736324453837
-0.0666532663761
-0.0786613840452
-0.0402612333513
-0.0816490244669
-0.0843492327993
-0.0879521607376
-0.0892559377093
-0.0835848606822
-0.0784782950393
-0.0613840689319
-0.0804868054757
-0.0886619863018
-0.0592815668448
-0.0785975214543
-0.091620894863
-0.0355627843627
-0.027132517941
-0.0842395423192
-0.0222222203808
-0.0878932750217
-0.0812742742634
-0.0817414356913
-0.0759190040278
-0.0899118715947
-0.0654566072924
-0.0822331829704
-0.0772254459022
-0.083933478147
-0.0491071750323
-0.0524782126919
-0.00518262625153
-0.072993121729
-0.0719420206827
-0.028820326102
-0.0649392544919
-0.0844926165616
-0.0772574931851
-0.071699950103
-0.0481294643605
-0.0914486069097
-0.0751171903452
-0.0895060258885
-0.0685237522659
-0.0812939984731
-0.047480558345
-0.061784958106
-0.0718386880663
-0.0777082972053
-0.067264390878
-0.0235981744979
-0.0818466970358
-0.0693074707119
-0.0516037312482
-0.0769444204803
-0.0735208425116
-0.0442348045562
0.00242073439588
-0.0412154608839
-0.049911191999
-0.0885141382826
-0.053978060382
-0.0336312479823
-0.0282882904096
-0.0791189804422
-0.0309410047209
-0.0722544093573
-0.0350112747532
-0.0339981119657
-0.0656462896672
-0.0422352979775
-0.00446648945775
-0.0385725764382
-0.0622077167343
-0.0856782828923
-0.0793896959883
0.00291028183325
0.00623877228882
-0.019297036641
-0.0815373145788
-0.0764951948346
-0.0903614660132
-0.0745965432452
-0.0378205752305
-0.0797207266162
-0.040512860393
-0.086652472651
-0.0805900925706
-0.0614890166703
-0.0886824414158
-0.0561775132117
-0.0703629487058
-0.0783988277317
-0.014761534169
-0.0557055126193
-0.0792471662393
-0.0875262323876
-0.0592261757448
-0.092024110663
-0.0513430779761
-0.0777619286785
-0.0877816150014
-0.086818738475
-0.062145144679
-0.0362641027262
-0.0618278455218
-0.0459780417243
-0.0602861789851
-0.0628607078079
-0.0809856105528
-0.0544364386938
-0.0615541752398
-0.0761441436338
-0.0896166085614
-0.0793281297613
-0.0586122916373
-0.0562113766531
-0.0373728670746
-0.0778534196183
-0.0606289582933
-0.0635880864358
-0.0566783879461
-0.0647166333947
-0.00527012975957
-0.0551240715655
-0.0329119512294
-0.0719124710238
-0.0790129910312
-0.0845136542419
-0.0590080941504
-0.0598787096919
-0.035451629843
-0.0669802785737
-0.0780766391389
-0.0502870854478
-0.0456700432594
-0.0581332593673
-0.0757133354003
-0.0641062227133
-0.0575043957345
-0.057680993536
-0.0674610805894
-0.0706097568662
-0.0792480651103
-0.0857919292342
-0.0628130785621
-0.0395393298021
-0.0486026676685
-0.0721437050146
-0.0501238138259
-0.0511089391825
-0.0520232504806
-0.0762246550323
-0.0526032871977
-0.0485002859285
-0.0605865213755
-0.0270974504289
-0.0868796848141
0.00110202849997
-0.0902522392385
-0.0703656895862
-0.0481725910989
-0.0851608241301
-0.046778465418
-0.0819332594027
-0.0361737957991
-0.057805205056
-0.0492528760036
-0.0534714487474
-0.0548298849176
-0.0645651398082
-0.00331023921618
-0.0648068023696
-0.0404513457521
-0.0747862192848
-0.0744477461384
-0.0408573614112
0.00584777647417
-0.0724204345245
-0.0684767290034
-0.0590791689865
-0.0492123053684
-0.0803524867578
-0.0625290588239
-0.0620003271026
-0.0449738043167
-0.0682006547111
-0.0477815753803
-0.0716145574713
-0.0883812495666
-0.064976833634
-0.0610369878575
-0.055589721855
-0.0809057974292
-0.0577689902681
-0.0528435429084
-0.0335207039418
-0.0618306520652
-0.0686605206065
-0.0641125332409
-0.0895297771382
-0.0885547846992
-0.0530676183108
-0.0766336511336
-0.0664575792532
-0.0755856348447
-0.0682589296187
-0.0788616935387
-0.0634057117368
-0.0576114963901
-0.043639126
-0.0594388414299
-0.0684562876433
-0.0130690575747
-0.026073797215
-0.0505290524442
-0.0699640412439
-0.0298953509644
-0.055357708459
-0.0562012589729
-0.0878650568827
-0.0502562807693
-0.0887446981612
-0.0642711623562
-0.0699357022466
-0.0589467589653
-0.0402932747866
-0.0894281576415
-0.051975017228
-0.0687423828387
-0.0515757923142
-0.0483102207079
-0.055920550566
-0.0505790417304
-0.0459133175086
-0.0358997152421
-0.0532404224617
-0.0789910795942
-0.0641876772333
-0.0693901970985
-0.065727564786
-0.0823355165143
-0.0347499354987
-0.0289413210063
-0.0610286756969
-0.0596195335033
-0.0546371183158
-0.0883673506944
-0.0789658109308
-0.0768653345148
-0.0721442981935
-0.0893639084565
-0.0242634877855
-0.0660287634951
-0.0546727491765
-0.0590081210113
-0.0807745991561
-0.0439069499417
-0.0883317956754
-0.0732472648173
0.00203297145385
-0.00188642630022
-0.00129458995811
-0.0522791107839
-0.0884996055722
-0.0805731362055
-0.0510084586653
-0.056503604315
-0.0663022541862
-0.0433698280634
-0.0603039717441
-0.0808403532345
-0.0428713504893
-0.0553888583889
-0.0599294792069
-0.0456020632809
-0.0293934553583
-0.0582657083798
-0.0707549050439
-0.0568674562655
-0.0266168245349
-0.0887997741367
-0.0501885700115
-0.0567973605186
-0.0617428908833
-0.0553355829313
-0.0643210859066
-0.0451694324507
-0.0537051294637
-0.0820320264988
-0.0400588585095
-0.0706250948919
-0.071123288507
-0.0712363129871
-0.0727286563547
-0.0562630587275
-0.0883067757489
-0.0718289654845
-0.0656623705368
-0.0696656595145
-0.066324332013
-0.0612018269487
-0.0616777614157
-0.0269990387974
-0.0762132937516
-0.0268849877424
-0.025224070299
-0.0301886127749
-0.0543436289248
-0.0491733286874
-0.0516119551947
-0.0167125602922
-0.00313669250647
-0.0840826297641
-0.0730171912703
-0.0449162235422
-0.0676907515916
-0.0255648298402
-0.0269792646028
-0.0606148470146
-0.0745235987425
-0.0426327519687
4.64055129188e-05
-0.0758397649017
-0.063039049015
-0.0702964493812
-0.0174309505251
-0.0467673359074
-0.0571180660796
-0.0738225035826
-0.0638540086437
-0.0637149428893
-0.0393230721617
-0.0636345760154
-0.0753308156565
-0.0887917169429
-0.0793948263816
-0.0116029447025
-0.0234719705391
-0.0746718870884
-0.0490123584397
-0.0652421648049
-0.0312366401132
-0.0117513953082
-0.0734804731336
-0.045682979447
-0.0533077661758
-0.0769409289592
-0.0323052809051
-0.063416564854
-0.0261651360533
-0.0686170819818
-0.0764375348827
-0.0463812280182
-0.075266023622
-0.0416978966811
-0.0805977872167
-0.0786872246084
-0.0567983045781
-0.0632637598989
-0.05495963933
-0.0881946211727
-0.0592339401843
-0.0502507374137
-0.0737443258998
-0.0312260546005
-0.0355482401067
-0.0711403731855
-0.0710950043494
-0.0515663733843
-0.0668877948567
-0.0757548921932
-0.0730642251563
-0.0479160657099
-0.0374880527128
-0.0230525477286
-0.062984977868
-0.0621279727991
-0.0623155592158
-0.0433159548719
-0.0772441786886
-0.0679481902881
-0.00172762518377
-0.0457339763668
-0.0729162999845
-0.0467469906214
-0.0472314184017
-0.072477027687
-0.0735634883822
-0.00608790725171
-0.0881110913559
-0.0838870103705
-0.0663146543867
-0.0625829504721
-0.0660258845142
-0.0692649994063
-0.0743208523622
-0.0857924904011
-0.0480399355226
-0.00644971113513
-0.015545418808
-0.0671122844599
-0.00876614970626
-0.0463836043498
-0.0451759932013
-0.0669829975407
-0.0589985764676
-0.0557883691454
-0.043847012852
-0.0791026528101
-0.0592310096699
-0.0433592518472
-0.0359816522532
-0.0319576078732
-0.0124631660923
-0.0388201447595
-0.0779084415981
-0.0222503300906
-0.046008172814
-0.0236415775228
-0.0299987167816
-0.046346158174
-0.0404312171049
-0.060382832879
-0.0760272621319
-0.0771656398524
-0.0251020235073
-0.0760382407494
-0.0701270023495
-0.053686579263
-0.078662802927
-0.0257395400189
-0.0345320853287
-0.0216217734934
-0.0633834486891
-0.0637646264056
-0.0508291149027
-0.0496249800806
-0.0559758573659
-0.0907893335688
-0.00209479570262
-0.0709406012494
-0.039013938594
-0.0779227154814
-0.0125572146693
-0.0216592993133
-0.0537807393546
-0.0147926509705
-0.0527754255848
-0.0570465595072
-0.0200983397331
-0.0426840957746
-0.0708736280825
-0.0790767965387
-0.033885309078
-0.0785139718663
-0.0797268694343
-0.0763941122477
-0.0108472105026
-0.0727810961165
-0.0693064942091
-0.062724011004
-0.0539675394047
-0.0610319240458
-0.0153848955541
-0.0488800444025
-0.0848092117234
-0.0642541500258
-0.0735604583699
-0.0588438420925
-0.0274322946885
-0.0635607836128
-0.0764635118695
-0.0340082403232
-0.0308575853413
-0.0871311257634
-0.0589643981711
-0.0519864289813
-0.054281628702
-0.0791410633867
-0.0583600792779
-0.0339559608214
-0.0917455217228
-0.0661780458372
-0.0529802021322
-0.0682253300208
-0.0776796028311
-0.0502853448373
-0.0781854387768
-0.0654716315
-0.0677485023851
-0.0659759973097
-0.0522160597328
-0.0584019297059
-0.0469364764277
-0.0868152745625
-0.0636431510736
-0.054287670141
-0.0129921234077
-0.0155821574976
-0.0739164135723
-0.0104532046127
-0.0833438482744
-0.00208760889377
-0.00741362618016
-0.0457733856888
-0.0167221018572
-0.0515124855853
-0.0668583857332
-0.0698000605788
-0.0632227406875
-0.00705002843708
-0.0506238195164
-0.0543939026984
-0.0857522957194
-0.0698777995484
-0.00637205163167
0.000341749585934
-0.0736605090313
-0.0604366712476
-0.0763950892229
-0.0628773164321
-0.0521955825307
-0.0496431772107
0.000750735982471
-0.0189909255131
-0.0481734803382
-0.0712935082894
-0.0589541795141
-0.00610695680798
-0.01014283274
-0.086907974931
-0.0601751127307
-0.00713948297005
-0.053224999709
-0.0865293719562
-0.0852943670309
-0.0734131795339
-0.0577471548855
-0.0720055032824
-0.0675896115197
-0.056150304864
-0.0599183281499
-0.0156219112121
-0.0255875655594
-0.0695249256839
-0.0430497414417
-0.00173619425036
-0.058935583261
-0.0646174109067
-0.0912222542755
-0.000770267482104
-0.05306449835
-0.0550233828659
-0.0644168382274
-0.0846411477055
-0.0908966365193
-0.0540535714581
-0.0880338558595
-0.0920611532242
-0.0346425414612
-0.0179575039219
-0.0130564689456
-0.0651541283649
-0.0833669197502
-0.0672051984296
-0.0729163216581
-0.0764841930044
-0.0639554170864
-0.0674622614183
-0.0120371470743
-0.0916926474258
-0.0559855032624
-0.0332830700149
-0.0753230168545
-0.0769448894446
-0.0557595350099
-0.0698683123569
-0.0449971523819
-0.05893851265
-0.0106259759233
-0.0727230105959
-0.0729154607108
-0.0719673555687
-0.0838607151986
-0.0762643878426
-0.0704989832074
-0.0729368277107
-0.0709334465209
-0.0878998413494
-0.0684467835238
-0.0845804606681
-0.0546191185462
-0.0716544130642
-0.0638364100965
-0.067454073245
-0.0104284503715
-0.0765545924243
-0.0339799375378
-0.0573963399017
-0.000454669983117
-0.0461645603935
-0.0829446393861
-0.0700859730036
-0.0705220122228
-0.0598404243187
-0.0864057472374
-0.0730198050182
-0.00319267836466
-0.0608553331726
-0.0843228995861
-0.0116106091617
-0.0540517367281
-0.0404132341935
-0.0635181962423
-0.0391647411665
-0.0401187090381
-0.0583480769174
-0.0603831888113
-0.0696086277705
-0.0513647848494
-0.0449708980934
-0.0407754610642
-0.0411162080913
-0.0669907148741
-0.0392699621602
-0.0917604761207
-0.0916289429743
-0.0905101950139
-0.089921209722
-0.0501248189623
-0.0899824017077
-0.0865000250843
-0.0893370349218
-0.070429828833
-0.0451025953594
-0.081342354747
-0.0139794495269
-0.0631710404283
-0.0867039812625
-0.0885430168999
-0.0464324684971
-0.0197984290874
-0.0607638546706
-0.0745380356883
-0.0770943306345
-0.0169206185846
-0.00155812030676
-0.0729618193915
-0.0388142805126
-0.0877382886758
-0.0394945290786
-0.0273989756097
-0.0721524742168
-0.0286079313808
-0.0334121707997
-0.029182202931
-0.0603222919098
-0.0272592357989
0.000340144799731
-0.0299589841606
-0.0490435134466
-0.0244968568975
-0.0476315377011
-0.0415309941547
-0.0340184408009
-0.0433193416309
-0.0342786592197
-0.0366747016342
-0.0376596098622
-0.0355550367587
-0.0366260973421
-0.0378173861169
-0.0602258343717
-0.0319831068873
-0.0586749443104
-0.0285961667591
-0.0202459928239
-0.0351087327976
-0.0304703674305
-0.024757499491
-0.0356567175567
-0.0237061285298
-0.0225942706511
-0.0196732492113
-0.0174800062457
-0.0123285758202
-0.0136106823595
-0.0153705914637
-0.0266760979695
-0.00756475343592
-0.00978301761053
-0.0474007102136
-0.0341655755687
-0.00593695522576
-0.0013956827224
-0.0332103542943
-0.0614805572729
-0.0587963600354
-0.0438887810964
-0.0389609607976
-0.0574470648501
-0.0587602868133
-0.0345515917377
-0.0225858111357
0.0113444113991
0.00392696081581
-0.000501519642574
0.00226698903891
0.00667205398261
-0.00155124635942
-0.0650503686384
-0.0527773933658
-0.00440449991662
-0.0239327800935
-0.0327330845711
-0.0544075857156
-0.0233928823228
-0.0325362311131
-0.00304862428085
-0.0382786728104
-0.0367553141718
0.000176685637896
-0.0506436248815
-0.0634293200784
-0.0461634328911
-0.0490096093846
-0.0372801118319
-0.0406071458799
-0.0553301644635
-0.0403815741203
-0.0318405384562
-0.045840651876
-0.0556257054104
-0.0208987536336
-0.00856689193386
-0.0567757079176
-0.0048070341125
-0.010704264967
-0.0280893323413
0.00223507484411
0.00500107708285
-0.0505394520479
-0.0659855210141
-0.0653300280007
-0.0605920999763
-0.0450730089564
-0.0403483555584
-0.0517477599648
-0.0468546115692
-0.0619888013295
-0.0165397676498
-0.0633746790064
-0.0362672985654
-0.0513436150368
-0.0608828727452
-0.0622533993687
-0.0653096693107
-0.0213357856535
-0.0155832860716
-0.0282529895123
-0.0205352711235
-0.0161156802177
-0.0140221493321
-0.0590690207156
-0.00848926294332
-0.0040660937676
-0.051847438873
-0.048391751299
-0.0531980695886
-0.0599359313503
-0.0587396504217
-0.0489614483087
-0.00838294881136
-0.0565809399669
-0.0238621549403
-0.044557987125
-0.0390509917673
-0.0223807295991
-0.000665272840348
0.00589586066245
-0.000163678116998
0.000640918306589
-0.0141419314046
-0.064955598654
-0.00442004726182
-0.0417473358524
-0.0388773134466
-0.0244317037994
-0.0289520604918
-0.0101445697532
-0.0464553464689
-0.00975146170147
-0.0357878331076
-0.0179220746995
-0.00817565788178
-0.00328613014011
-0.00129996035894
-0.041197099786
-0.0176929464162
-0.0279606370145
-0.00379877053783
-0.0205789222844
-0.0159749628261
-0.0324097878017
-0.049314588126
-0.0204130577965
-0.0464227796629
-0.0481126905876
-0.0464164903782
-0.034736884027
-0.00232447907767
0.00402620546551
0.00501105721595
-0.00367470852128
0.0140653100831
0.0109923235419
-0.000113684275718
-0.00059496500147
-0.00490285675688
-0.0113288196273
-0.0324105460696
-0.0532517010779
-0.0178999473751
-0.0245106862615
-0.0603715852228
-0.0383979882371
-0.00630693510035
-0.039223903737
-0.0524755300971
-0.0232668980189
-0.0360439034252
-0.0341806030377
-0.0515127590903
-0.0335277185745
-0.0422169542415
-0.0426645076921
-0.0455282803239
-0.0429797686736
-0.0586169027445
-0.0633913546863
-0.00504520968845
-0.0375918844266
-0.0137588180704
-0.0143013232715
-0.0320974203173
-0.0117490016977
0.00264442079863
-0.0583443897721
-0.0669917583839
-0.0570888190751
-0.0427660931916
-0.0358160303694
-0.0514314814724
-0.0257748507364
-0.0621509753173
-0.0378032339729
-0.0617551131385
-0.0538938159649
-0.00415532043505
-0.0624281148004
-0.0401982817614
-0.06430873974
-0.000198704328697
-0.0659105576466
-0.0614148541834
-0.0593681711097
-0.061432462348
-0.0631003042083
-0.049499694281
-0.0548460221296
-0.0222872182747
-0.0214957422595
-0.0217641271062
-0.0247669898295
-0.0187391992784
-0.0192294590358
-0.0566741920635
-0.00580667734189
-0.0310164431058
-0.0480967251469
-0.044749278994
-0.0317794098142
-0.0136679402916
-0.00242160055694
-0.0532937105378
-0.0290213093426
-0.0611950021915
-0.0193401580442
-0.0395183814562
-0.0324339305836
-0.0241725035762
-0.0539041364297
-0.0240901622788
-0.0185125571119
-0.0429733453796
-0.0620363160505
-0.00573012950353
-0.00742257444944
-0.0322186513268
-0.0398062511879
-0.0406853160974
-0.0245501196348
-0.0311862044799
-0.0175828324479
-0.0405368544129
-0.00421458803266
-0.0340283818451
-0.0356288784544
-0.0236515690898
0.00118329272494
-0.0577542418316
-0.0577649348838
-0.0216497150734
-0.0263946178026
-0.0349167820273
-0.00857188572835
-0.0326455564083
-0.00463061891492
-0.00254533388217
-0.00529574158768
-0.0440242747816
-0.0415909126662
-0.0237579241072
-0.0628669819685
-0.0516210982651
-0.00327365053163
-0.0273915930584
-0.0391475145357
-0.0480055195698
-0.0387946582216
-0.0248923632959
0.00507261919779
-9.56312011687e-05
0.000916509993647
0.00742162228112
-0.0572448976723
-0.0444786385083
-0.0384014423241
-0.049879402035
-0.0643841691705
-0.0331695955504
-0.0312505323376
0.0073500057512
-0.000799718348366
0.00289719187924
-0.000237982574894
-0.0121149981172
-0.0385127706488
-0.0554645011605
-0.0145490276888
-0.0563372443212
-0.0587709071822
-0.0277635218311
-0.0348187879156
-0.0172929901174
-0.05673449444
-0.0540203271273
-0.0537431253838
-0.0391699421547
-0.0141279558081
-0.0175479681631
-0.0138818965968
-0.0203968370371
-0.0174025556231
-0.0589593551002
-0.0451687417603
-0.0602763693392
-0.0619198649658
-0.061661431461
-0.0528700985891
-0.0348174292434
-0.0173599392276
-0.000508199474372
-0.0601506807306
-0.0584012072308
0.00614749719804
-0.025473012992
-0.0190916360017
-0.0309913685744
-0.000712511748007
-0.000203273992298
-2.55827527292e-05
0.00679180340117
-0.0257704211742
-0.0589681159373
-0.0546374153295
-0.0468168459365
-0.040699609429
-0.027168693167
-0.0626597224366
0.000389477183897
0.00278018813146
-0.0102396773419
-0.0357672422231
-0.0546811586283
-0.0513034083161
0.00128155704765
-0.00124021006723
-0.0511024195718
-0.045348854081
0.00820126738787
0.00795387352928
-0.0261393562601
-0.0124884072767
-0.0331623121553
-0.0347213542478
-0.0337727928551
-0.0102721299702
0.016539251414
-0.0105708622519
-0.0536356064647
-0.0496550823819
-0.00512349613952
-0.00302652498762
-0.0411731559497
-0.0399186819891
0.00618708991984
0.00260867031498
-0.021716813913
-0.0247551792688
-0.0362399803463
-0.0377172659864
-0.02976922031
-0.0222203716727
-0.0287621097618
-0.0200575874283
)
;

boundaryField
{
    bottomWall
    {
        type            zeroGradient;
    }
    leftWall
    {
        type            zeroGradient;
    }
    rightWall
    {
        type            zeroGradient;
    }
    movingTop
    {
        type            zeroGradient;
    }
    front
    {
        type            empty;
    }
    back
    {
        type            empty;
    }
}


// ************************************************************************* //
