/*--------------------------------*- C++ -*----------------------------------*\
  =========                 |
  \\      /  F ield         | OpenFOAM: The Open Source CFD Toolbox
   \\    /    O peration     |
    \\  /    A nd           |
     \\/     M anipulation  |
\*---------------------------------------------------------------------------*/
FoamFile
{
    format      ascii;
    class       volScalarField;
    location    "0";
    object      T;
}

dimensions      [0 0 0 0 0 0 0];

internalField   nonuniform List<scalar>
400
(
    3.0901699437494740e-01
    5.8778525229247314e-01
    8.0901699437494745e-01
    9.5105651629515353e-01
    1.0000000000000000e+00
    9.5105651629515353e-01
    8.0901699437494745e-01
    5.8778525229247325e-01
    3.0901699437494751e-01
    1.2246467991473532e-16
    -3.0901699437494773e-01
    -5.8778525229247303e-01
    -8.0901699437494734e-01
    -9.5105651629515353e-01
    -1.0000000000000000e+00
    -9.5105651629515364e-01
    -8.0901699437494756e-01
    -5.8778525229247336e-01
    -3.0901699437494762e-01
    -2.4492935982947064e-16
    5.8778525229247314e-01
    8.0901699437494745e-01
    9.5105651629515353e-01
    1.0000000000000000e+00
    9.5105651629515364e-01
    8.0901699437494745e-01
    5.8778525229247325e-01
    3.0901699437494751e-01
    1.2246467991473532e-16
    -3.0901699437494690e-01
    -5.8778525229247303e-01
    -8.0901699437494679e-01
    -9.5105651629515353e-01
    -1.0000000000000000e+00
    -9.5105651629515364e-01
    -8.0901699437494756e-01
    -5.8778525229247403e-01
    -3.0901699437494762e-01
    -2.4492935982947064e-16
    3.0901699437494717e-01
    8.0901699437494745e-01
    9.5105651629515353e-01
    1.0000000000000000e+00
    9.5105651629515364e-01
    8.0901699437494745e-01
    5.8778525229247325e-01
    3.0901699437494751e-01
    1.2246467991473532e-16
    -3.0901699437494773e-01
    -5.8778525229247303e-01
    -8.0901699437494734e-01
    -9.5105651629515353e-01
    -1.0000000000000000e+00
    -9.5105651629515364e-01
    -8.0901699437494756e-01
    -5.8778525229247336e-01
    -3.0901699437494762e-01
    -2.4492935982947064e-16
    3.0901699437494717e-01
    5.8778525229247358e-01
    9.5105651629515353e-01
    1.0000000000000000e+00
    9.5105651629515364e-01
    8.0901699437494745e-01
    5.8778525229247325e-01
    3.0901699437494751e-01
    1.2246467991473532e-16
    -3.0901699437494773e-01
    -5.8778525229247303e-01
    -8.0901699437494679e-01
    -9.5105651629515353e-01
    -1.0000000000000000e+00
    -9.5105651629515364e-01
    -8.0901699437494701e-01
    -5.8778525229247403e-01
    -3.0901699437494762e-01
    -2.4492935982947064e-16
    3.0901699437494717e-01
    5.8778525229247358e-01
    8.0901699437494679e-01
    1.0000000000000000e+00
    9.5105651629515364e-01
    8.0901699437494745e-01
    5.8778525229247325e-01
    3.0901699437494751e-01
    1.2246467991473532e-16
    -3.0901699437494773e-01
    -5.8778525229247303e-01
    -8.0901699437494734e-01
    -9.5105651629515353e-01
    -1.0000000000000000e+00
    -9.5105651629515364e-01
    -8.0901699437494756e-01
    -5.8778525229247336e-01
    -3.0901699437494762e-01
    -2.4492935982947064e-16
    3.0901699437494717e-01
    5.8778525229247358e-01
    8.0901699437494778e-01
    9.5105651629515353e-01
    9.5105651629515353e-01
    8.0901699437494745e-01
    5.8778525229247325e-01
    3.0901699437494751e-01
    1.2246467991473532e-16
    -3.0901699437494773e-01
    -5.8778525229247336e-01
    -8.0901699437494734e-01
    -9.5105651629515353e-01
    -1.0000000000000000e+00
    -9.5105651629515364e-01
    -8.0901699437494756e-01
    -5.8778525229247336e-01
    -3.0901699437494762e-01
    -2.4492935982947064e-16
    3.0901699437494717e-01
    5.8778525229247358e-01
    8.0901699437494679e-01
    9.5105651629515375e-01
    1.0000000000000000e+00
    8.0901699437494745e-01
    5.8778525229247325e-01
    3.0901699437494751e-01
    1.2246467991473532e-16
    -3.0901699437494773e-01
    -5.8778525229247336e-01
    -8.0901699437494734e-01
    -9.5105651629515353e-01
    -1.0000000000000000e+00
    -9.5105651629515364e-01
    -8.0901699437494701e-01
    -5.8778525229247403e-01
    -3.0901699437494762e-01
    -2.4492935982947064e-16
    3.0901699437494717e-01
    5.8778525229247358e-01
    8.0901699437494679e-01
    9.5105651629515353e-01
    1.0000000000000000e+00
    9.5105651629515364e-01
    5.8778525229247325e-01
    3.0901699437494751e-01
    1.2246467991473532e-16
    -3.0901699437494773e-01
    -5.8778525229247303e-01
    -8.0901699437494734e-01
    -9.5105651629515353e-01
    -1.0000000000000000e+00
    -9.5105651629515364e-01
    -8.0901699437494756e-01
    -5.8778525229247336e-01
    -3.0901699437494762e-01
    -2.4492935982947064e-16
    3.0901699437494717e-01
    5.8778525229247358e-01
    8.0901699437494679e-01
    9.5105651629515353e-01
    1.0000000000000000e+00
    9.5105651629515364e-01
    8.0901699437494767e-01
    3.0901699437494751e-01
    1.2246467991473532e-16
    -3.0901699437494773e-01
    -5.8778525229247303e-01
    -8.0901699437494734e-01
    -9.5105651629515353e-01
    -1.0000000000000000e+00
    -9.5105651629515364e-01
    -8.0901699437494756e-01
    -5.8778525229247403e-01
    -3.0901699437494762e-01
    -2.4492935982947064e-16
    3.0901699437494717e-01
    5.8778525229247358e-01
    8.0901699437494679e-01
    9.5105651629515353e-01
    1.0000000000000000e+00
    9.5105651629515364e-01
    8.0901699437494767e-01
    5.8778525229247336e-01
    1.2246467991473532e-16
    -3.0901699437494690e-01
    -5.8778525229247303e-01
    -8.0901699437494679e-01
    -9.5105651629515353e-01
    -1.0000000000000000e+00
    -9.5105651629515364e-01
    -8.0901699437494756e-01
    -5.8778525229247403e-01
    -3.0901699437494762e-01
    -2.4492935982947064e-16
    3.0901699437494634e-01
    5.8778525229247358e-01
    8.0901699437494679e-01
    9.5105651629515353e-01
    1.0000000000000000e+00
    9.5105651629515420e-01
    8.0901699437494767e-01
    5.8778525229247336e-01
    3.0901699437494778e-01
    -3.0901699437494773e-01
    -5.8778525229247303e-01
    -8.0901699437494734e-01
    -9.5105651629515353e-01
    -1.0000000000000000e+00
    -9.5105651629515364e-01
    -8.0901699437494701e-01
    -5.8778525229247336e-01
    -3.0901699437494762e-01
    -2.4492935982947064e-16
    3.0901699437494717e-01
    5.8778525229247358e-01
    8.0901699437494679e-01
    9.5105651629515375e-01
    1.0000000000000000e+00
    9.5105651629515364e-01
    8.0901699437494767e-01
    5.8778525229247336e-01
    3.0901699437494606e-01
    3.6739403974420594e-16
    -5.8778525229247303e-01
    -8.0901699437494679e-01
    -9.5105651629515353e-01
    -1.0000000000000000e+00
    -9.5105651629515364e-01
    -8.0901699437494756e-01
    -5.8778525229247403e-01
    -3.0901699437494762e-01
    -2.4492935982947064e-16
    3.0901699437494634e-01
    5.8778525229247358e-01
    8.0901699437494679e-01
    9.5105651629515353e-01
    1.0000000000000000e+00
    9.5105651629515420e-01
    8.0901699437494767e-01
    5.8778525229247336e-01
    3.0901699437494778e-01
    3.6739403974420594e-16
    -3.0901699437494540e-01
    -8.0901699437494734e-01
    -9.5105651629515353e-01
    -1.0000000000000000e+00
    -9.5105651629515364e-01
    -8.0901699437494756e-01
    -5.8778525229247336e-01
    -3.0901699437494762e-01
    -2.4492935982947064e-16
    3.0901699437494717e-01
    5.8778525229247358e-01
    8.0901699437494679e-01
    9.5105651629515353e-01
    1.0000000000000000e+00
    9.5105651629515364e-01
    8.0901699437494767e-01
    5.8778525229247336e-01
    3.0901699437494778e-01
    3.6739403974420594e-16
    -3.0901699437494706e-01
    -5.8778525229247280e-01
    -9.5105651629515353e-01
    -1.0000000000000000e+00
    -9.5105651629515364e-01
    -8.0901699437494701e-01
    -5.8778525229247336e-01
    -3.0901699437494762e-01
    -2.4492935982947064e-16
    3.0901699437494717e-01
    5.8778525229247358e-01
    8.0901699437494679e-01
    9.5105651629515375e-01
    1.0000000000000000e+00
    9.5105651629515364e-01
    8.0901699437494767e-01
    5.8778525229247336e-01
    3.0901699437494606e-01
    3.6739403974420594e-16
    -3.0901699437494706e-01
    -5.8778525229247280e-01
    -8.0901699437494723e-01
    -1.0000000000000000e+00
    -9.5105651629515364e-01
    -8.0901699437494756e-01
    -5.8778525229247403e-01
    -3.0901699437494762e-01
    -2.4492935982947064e-16
    3.0901699437494717e-01
    5.8778525229247358e-01
    8.0901699437494679e-01
    9.5105651629515353e-01
    1.0000000000000000e+00
    9.5105651629515420e-01
    8.0901699437494767e-01
    5.8778525229247336e-01
    3.0901699437494778e-01
    3.6739403974420594e-16
    -3.0901699437494540e-01
    -5.8778525229247280e-01
    -8.0901699437494723e-01
    -9.5105651629515342e-01
    -9.5105651629515364e-01
    -8.0901699437494756e-01
    -5.8778525229247336e-01
    -3.0901699437494762e-01
    -2.4492935982947064e-16
    3.0901699437494717e-01
    5.8778525229247358e-01
    8.0901699437494679e-01
    9.5105651629515353e-01
    1.0000000000000000e+00
    9.5105651629515364e-01
    8.0901699437494767e-01
    5.8778525229247336e-01
    3.0901699437494606e-01
    3.6739403974420594e-16
    -3.0901699437494706e-01
    -5.8778525229247280e-01
    -8.0901699437494723e-01
    -9.5105651629515398e-01
    -1.0000000000000000e+00
    -8.0901699437494756e-01
    -5.8778525229247403e-01
    -3.0901699437494762e-01
    -2.4492935982947064e-16
    3.0901699437494717e-01
    5.8778525229247358e-01
    8.0901699437494679e-01
    9.5105651629515353e-01
    1.0000000000000000e+00
    9.5105651629515420e-01
    8.0901699437494767e-01
    5.8778525229247336e-01
    3.0901699437494778e-01
    3.6739403974420594e-16
    -3.0901699437494540e-01
    -5.8778525229247280e-01
    -8.0901699437494723e-01
    -9.5105651629515342e-01
    -1.0000000000000000e+00
    -9.5105651629515431e-01
    -5.8778525229247336e-01
    -3.0901699437494762e-01
    -2.4492935982947064e-16
    3.0901699437494717e-01
    5.8778525229247358e-01
    8.0901699437494679e-01
    9.5105651629515353e-01
    1.0000000000000000e+00
    9.5105651629515364e-01
    8.0901699437494767e-01
    5.8778525229247336e-01
    3.0901699437494778e-01
    3.6739403974420594e-16
    -3.0901699437494706e-01
    -5.8778525229247280e-01
    -8.0901699437494723e-01
    -9.5105651629515342e-01
    -1.0000000000000000e+00
    -9.5105651629515375e-01
    -8.0901699437494767e-01
    -3.0901699437494762e-01
    -2.4492935982947064e-16
    3.0901699437494717e-01
    5.8778525229247358e-01
    8.0901699437494778e-01
    9.5105651629515375e-01
    1.0000000000000000e+00
    9.5105651629515364e-01
    8.0901699437494767e-01
    5.8778525229247336e-01
    3.0901699437494606e-01
    3.6739403974420594e-16
    -3.0901699437494706e-01
    -5.8778525229247280e-01
    -8.0901699437494723e-01
    -9.5105651629515398e-01
    -1.0000000000000000e+00
    -9.5105651629515375e-01
    -8.0901699437494767e-01
    -5.8778525229247347e-01
    -2.4492935982947064e-16
    3.0901699437494717e-01
    5.8778525229247358e-01
    8.0901699437494679e-01
    9.5105651629515353e-01
    1.0000000000000000e+00
    9.5105651629515364e-01
    8.0901699437494767e-01
    5.8778525229247336e-01
    3.0901699437494778e-01
    3.6739403974420594e-16
    -3.0901699437494540e-01
    -5.8778525229247280e-01
    -8.0901699437494723e-01
    -9.5105651629515342e-01
    -1.0000000000000000e+00
    -9.5105651629515431e-01
    -8.0901699437494767e-01
    -5.8778525229247347e-01
    -3.0901699437494790e-01
);

boundaryField
{
    xMin { type cyclic; }
    xMax { type cyclic; }
    yMin { type cyclic; }
    yMax { type cyclic; }
    zMin { type empty; }
    zMax { type empty; }
}
