/*--------------------------------*- C++ -*----------------------------------*\
  =========                 |
  \\      /  F ield         | OpenFOAM: The Open Source CFD Toolbox
   \\    /   O peration     | Website:  https://openfoam.org
    \\  /    A nd           | Version:  14
     \\/     M anipulation  |
\*---------------------------------------------------------------------------*/
FoamFile
{
    format      ascii;
    class       labelList;
    note        "nPoints:13122  nCells:12800  nFaces:44960  nInternalFaces:19040";
    location    "constant/polyMesh";
    object      neighbour;
}
// * * * * * * * * * * * * * * * * * * * * * * * * * * * * * * * * * * * * * //


19040
(
1
2
161
3
162
4
5
6
165
7
166
8
9
10
169
11
170
12
13
14
173
15
174
16
17
18
177
19
178
20
21
22
181
23
182
24
25
26
185
27
186
28
29
30
189
31
190
32
33
34
193
35
194
36
37
38
197
39
198
40
41
42
201
43
202
44
45
46
205
47
206
48
49
50
209
51
210
52
53
54
213
55
214
56
57
58
217
59
218
60
61
62
221
63
222
64
65
66
225
67
226
68
69
70
229
71
230
72
73
74
233
75
234
76
77
78
237
79
238
80
81
82
241
83
242
84
85
86
245
87
246
88
89
90
249
91
250
92
93
94
253
95
254
96
97
98
257
99
258
100
101
102
261
103
262
104
105
106
265
107
266
108
109
110
269
111
270
112
113
114
273
115
274
116
117
118
277
119
278
120
121
122
281
123
282
124
125
126
285
127
286
128
129
130
289
131
290
132
133
134
293
135
294
136
137
138
297
139
298
140
141
142
301
143
302
144
145
146
305
147
306
148
149
150
309
151
310
152
153
154
313
155
314
156
157
158
317
159
318
161
320
162
163
164
323
165
324
166
167
168
327
169
328
170
171
172
331
173
332
174
175
176
335
177
336
178
179
180
339
181
340
182
183
184
343
185
344
186
187
188
347
189
348
190
191
192
351
193
352
194
195
196
355
197
356
198
199
200
359
201
360
202
203
204
363
205
364
206
207
208
367
209
368
210
211
212
371
213
372
214
215
216
375
217
376
218
219
220
379
221
380
222
223
224
383
225
384
226
227
228
387
229
388
230
231
232
391
233
392
234
235
236
395
237
396
238
239
240
399
241
400
242
243
244
403
245
404
246
247
248
407
249
408
250
251
252
411
253
412
254
255
256
415
257
416
258
259
260
419
261
420
262
263
264
423
265
424
266
267
268
427
269
428
270
271
272
431
273
432
274
275
276
435
277
436
278
279
280
439
281
440
282
283
284
443
285
444
286
287
288
447
289
448
290
291
292
451
293
452
294
295
296
455
297
456
298
299
300
459
301
460
302
303
304
463
305
464
306
307
308
467
309
468
310
311
312
471
313
472
314
315
316
475
317
476
318
319
479
321
322
481
323
482
324
325
326
485
327
486
328
329
330
489
331
490
332
333
334
493
335
494
336
337
338
497
339
498
340
341
342
501
343
502
344
345
346
505
347
506
348
349
350
509
351
510
352
353
354
513
355
514
356
357
358
517
359
518
360
361
362
521
363
522
364
365
366
525
367
526
368
369
370
529
371
530
372
373
374
533
375
534
376
377
378
537
379
538
380
381
382
541
383
542
384
385
386
545
387
546
388
389
390
549
391
550
392
393
394
553
395
554
396
397
398
557
399
558
400
401
402
561
403
562
404
405
406
565
407
566
408
409
410
569
411
570
412
413
414
573
415
574
416
417
418
577
419
578
420
421
422
581
423
582
424
425
426
585
427
586
428
429
430
589
431
590
432
433
434
593
435
594
436
437
438
597
439
598
440
441
442
601
443
602
444
445
446
605
447
606
448
449
450
609
451
610
452
453
454
613
455
614
456
457
458
617
459
618
460
461
462
621
463
622
464
465
466
625
467
626
468
469
470
629
471
630
472
473
474
633
475
634
476
477
478
637
479
638
481
640
482
483
484
643
485
644
486
487
488
647
489
648
490
491
492
651
493
652
494
495
496
655
497
656
498
499
500
659
501
660
502
503
504
663
505
664
506
507
508
667
509
668
510
511
512
671
513
672
514
515
516
675
517
676
518
519
520
679
521
680
522
523
524
683
525
684
526
527
528
687
529
688
530
531
532
691
533
692
534
535
536
695
537
696
538
539
540
699
541
700
542
543
544
703
545
704
546
547
548
707
549
708
550
551
552
711
553
712
554
555
556
715
557
716
558
559
560
719
561
720
562
563
564
723
565
724
566
567
568
727
569
728
570
571
572
731
573
732
574
575
576
735
577
736
578
579
580
739
581
740
582
583
584
743
585
744
586
587
588
747
589
748
590
591
592
751
593
752
594
595
596
755
597
756
598
599
600
759
601
760
602
603
604
763
605
764
606
607
608
767
609
768
610
611
612
771
613
772
614
615
616
775
617
776
618
619
620
779
621
780
622
623
624
783
625
784
626
627
628
787
629
788
630
631
632
791
633
792
634
635
636
795
637
796
638
639
799
641
642
801
643
802
644
645
646
805
647
806
648
649
650
809
651
810
652
653
654
813
655
814
656
657
658
817
659
818
660
661
662
821
663
822
664
665
666
825
667
826
668
669
670
829
671
830
672
673
674
833
675
834
676
677
678
837
679
838
680
681
682
841
683
842
684
685
686
845
687
846
688
689
690
849
691
850
692
693
694
853
695
854
696
697
698
857
699
858
700
701
702
861
703
862
704
705
706
865
707
866
708
709
710
869
711
870
712
713
714
873
715
874
716
717
718
877
719
878
720
721
722
881
723
882
724
725
726
885
727
886
728
729
730
889
731
890
732
733
734
893
735
894
736
737
738
897
739
898
740
741
742
901
743
902
744
745
746
905
747
906
748
749
750
909
751
910
752
753
754
913
755
914
756
757
758
917
759
918
760
761
762
921
763
922
764
765
766
925
767
926
768
769
770
929
771
930
772
773
774
933
775
934
776
777
778
937
779
938
780
781
782
941
783
942
784
785
786
945
787
946
788
789
790
949
791
950
792
793
794
953
795
954
796
797
798
957
799
958
801
960
802
803
804
963
805
964
806
807
808
967
809
968
810
811
812
971
813
972
814
815
816
975
817
976
818
819
820
979
821
980
822
823
824
983
825
984
826
827
828
987
829
988
830
831
832
991
833
992
834
835
836
995
837
996
838
839
840
999
841
1000
842
843
844
1003
845
1004
846
847
848
1007
849
1008
850
851
852
1011
853
1012
854
855
856
1015
857
1016
858
859
860
1019
861
1020
862
863
864
1023
865
1024
866
867
868
1027
869
1028
870
871
872
1031
873
1032
874
875
876
1035
877
1036
878
879
880
1039
881
1040
882
883
884
1043
885
1044
886
887
888
1047
889
1048
890
891
892
1051
893
1052
894
895
896
1055
897
1056
898
899
900
1059
901
1060
902
903
904
1063
905
1064
906
907
908
1067
909
1068
910
911
912
1071
913
1072
914
915
916
1075
917
1076
918
919
920
1079
921
1080
922
923
924
1083
925
1084
926
927
928
1087
929
1088
930
931
932
1091
933
1092
934
935
936
1095
937
1096
938
939
940
1099
941
1100
942
943
944
1103
945
1104
946
947
948
1107
949
1108
950
951
952
1111
953
1112
954
955
956
1115
957
1116
958
959
1119
961
962
1121
963
1122
964
965
966
1125
967
1126
968
969
970
1129
971
1130
972
973
974
1133
975
1134
976
977
978
1137
979
1138
980
981
982
1141
983
1142
984
985
986
1145
987
1146
988
989
990
1149
991
1150
992
993
994
1153
995
1154
996
997
998
1157
999
1158
1000
1001
1002
1161
1003
1162
1004
1005
1006
1165
1007
1166
1008
1009
1010
1169
1011
1170
1012
1013
1014
1173
1015
1174
1016
1017
1018
1177
1019
1178
1020
1021
1022
1181
1023
1182
1024
1025
1026
1185
1027
1186
1028
1029
1030
1189
1031
1190
1032
1033
1034
1193
1035
1194
1036
1037
1038
1197
1039
1198
1040
1041
1042
1201
1043
1202
1044
1045
1046
1205
1047
1206
1048
1049
1050
1209
1051
1210
1052
1053
1054
1213
1055
1214
1056
1057
1058
1217
1059
1218
1060
1061
1062
1221
1063
1222
1064
1065
1066
1225
1067
1226
1068
1069
1070
1229
1071
1230
1072
1073
1074
1233
1075
1234
1076
1077
1078
1237
1079
1238
1080
1081
1082
1241
1083
1242
1084
1085
1086
1245
1087
1246
1088
1089
1090
1249
1091
1250
1092
1093
1094
1253
1095
1254
1096
1097
1098
1257
1099
1258
1100
1101
1102
1261
1103
1262
1104
1105
1106
1265
1107
1266
1108
1109
1110
1269
1111
1270
1112
1113
1114
1273
1115
1274
1116
1117
1118
1277
1119
1278
1121
1280
1122
1123
1124
1283
1125
1284
1126
1127
1128
1287
1129
1288
1130
1131
1132
1291
1133
1292
1134
1135
1136
1295
1137
1296
1138
1139
1140
1299
1141
1300
1142
1143
1144
1303
1145
1304
1146
1147
1148
1307
1149
1308
1150
1151
1152
1311
1153
1312
1154
1155
1156
1315
1157
1316
1158
1159
1160
1319
1161
1320
1162
1163
1164
1323
1165
1324
1166
1167
1168
1327
1169
1328
1170
1171
1172
1331
1173
1332
1174
1175
1176
1335
1177
1336
1178
1179
1180
1339
1181
1340
1182
1183
1184
1343
1185
1344
1186
1187
1188
1347
1189
1348
1190
1191
1192
1351
1193
1352
1194
1195
1196
1355
1197
1356
1198
1199
1200
1359
1201
1360
1202
1203
1204
1363
1205
1364
1206
1207
1208
1367
1209
1368
1210
1211
1212
1371
1213
1372
1214
1215
1216
1375
1217
1376
1218
1219
1220
1379
1221
1380
1222
1223
1224
1383
1225
1384
1226
1227
1228
1387
1229
1388
1230
1231
1232
1391
1233
1392
1234
1235
1236
1395
1237
1396
1238
1239
1240
1399
1241
1400
1242
1243
1244
1403
1245
1404
1246
1247
1248
1407
1249
1408
1250
1251
1252
1411
1253
1412
1254
1255
1256
1415
1257
1416
1258
1259
1260
1419
1261
1420
1262
1263
1264
1423
1265
1424
1266
1267
1268
1427
1269
1428
1270
1271
1272
1431
1273
1432
1274
1275
1276
1435
1277
1436
1278
1279
1439
1281
1282
1441
1283
1442
1284
1285
1286
1445
1287
1446
1288
1289
1290
1449
1291
1450
1292
1293
1294
1453
1295
1454
1296
1297
1298
1457
1299
1458
1300
1301
1302
1461
1303
1462
1304
1305
1306
1465
1307
1466
1308
1309
1310
1469
1311
1470
1312
1313
1314
1473
1315
1474
1316
1317
1318
1477
1319
1478
1320
1321
1322
1481
1323
1482
1324
1325
1326
1485
1327
1486
1328
1329
1330
1489
1331
1490
1332
1333
1334
1493
1335
1494
1336
1337
1338
1497
1339
1498
1340
1341
1342
1501
1343
1502
1344
1345
1346
1505
1347
1506
1348
1349
1350
1509
1351
1510
1352
1353
1354
1513
1355
1514
1356
1357
1358
1517
1359
1518
1360
1361
1362
1521
1363
1522
1364
1365
1366
1525
1367
1526
1368
1369
1370
1529
1371
1530
1372
1373
1374
1533
1375
1534
1376
1377
1378
1537
1379
1538
1380
1381
1382
1541
1383
1542
1384
1385
1386
1545
1387
1546
1388
1389
1390
1549
1391
1550
1392
1393
1394
1553
1395
1554
1396
1397
1398
1557
1399
1558
1400
1401
1402
1561
1403
1562
1404
1405
1406
1565
1407
1566
1408
1409
1410
1569
1411
1570
1412
1413
1414
1573
1415
1574
1416
1417
1418
1577
1419
1578
1420
1421
1422
1581
1423
1582
1424
1425
1426
1585
1427
1586
1428
1429
1430
1589
1431
1590
1432
1433
1434
1593
1435
1594
1436
1437
1438
1597
1439
1598
1441
1600
1442
1443
1444
1603
1445
1604
1446
1447
1448
1607
1449
1608
1450
1451
1452
1611
1453
1612
1454
1455
1456
1615
1457
1616
1458
1459
1460
1619
1461
1620
1462
1463
1464
1623
1465
1624
1466
1467
1468
1627
1469
1628
1470
1471
1472
1631
1473
1632
1474
1475
1476
1635
1477
1636
1478
1479
1480
1639
1481
1640
1482
1483
1484
1643
1485
1644
1486
1487
1488
1647
1489
1648
1490
1491
1492
1651
1493
1652
1494
1495
1496
1655
1497
1656
1498
1499
1500
1659
1501
1660
1502
1503
1504
1663
1505
1664
1506
1507
1508
1667
1509
1668
1510
1511
1512
1671
1513
1672
1514
1515
1516
1675
1517
1676
1518
1519
1520
1679
1521
1680
1522
1523
1524
1683
1525
1684
1526
1527
1528
1687
1529
1688
1530
1531
1532
1691
1533
1692
1534
1535
1536
1695
1537
1696
1538
1539
1540
1699
1541
1700
1542
1543
1544
1703
1545
1704
1546
1547
1548
1707
1549
1708
1550
1551
1552
1711
1553
1712
1554
1555
1556
1715
1557
1716
1558
1559
1560
1719
1561
1720
1562
1563
1564
1723
1565
1724
1566
1567
1568
1727
1569
1728
1570
1571
1572
1731
1573
1732
1574
1575
1576
1735
1577
1736
1578
1579
1580
1739
1581
1740
1582
1583
1584
1743
1585
1744
1586
1587
1588
1747
1589
1748
1590
1591
1592
1751
1593
1752
1594
1595
1596
1755
1597
1756
1598
1599
1759
1601
1602
1761
1603
1762
1604
1605
1606
1765
1607
1766
1608
1609
1610
1769
1611
1770
1612
1613
1614
1773
1615
1774
1616
1617
1618
1777
1619
1778
1620
1621
1622
1781
1623
1782
1624
1625
1626
1785
1627
1786
1628
1629
1630
1789
1631
1790
1632
1633
1634
1793
1635
1794
1636
1637
1638
1797
1639
1798
1640
1641
1642
1801
1643
1802
1644
1645
1646
1805
1647
1806
1648
1649
1650
1809
1651
1810
1652
1653
1654
1813
1655
1814
1656
1657
1658
1817
1659
1818
1660
1661
1662
1821
1663
1822
1664
1665
1666
1825
1667
1826
1668
1669
1670
1829
1671
1830
1672
1673
1674
1833
1675
1834
1676
1677
1678
1837
1679
1838
1680
1681
1682
1841
1683
1842
1684
1685
1686
1845
1687
1846
1688
1689
1690
1849
1691
1850
1692
1693
1694
1853
1695
1854
1696
1697
1698
1857
1699
1858
1700
1701
1702
1861
1703
1862
1704
1705
1706
1865
1707
1866
1708
1709
1710
1869
1711
1870
1712
1713
1714
1873
1715
1874
1716
1717
1718
1877
1719
1878
1720
1721
1722
1881
1723
1882
1724
1725
1726
1885
1727
1886
1728
1729
1730
1889
1731
1890
1732
1733
1734
1893
1735
1894
1736
1737
1738
1897
1739
1898
1740
1741
1742
1901
1743
1902
1744
1745
1746
1905
1747
1906
1748
1749
1750
1909
1751
1910
1752
1753
1754
1913
1755
1914
1756
1757
1758
1917
1759
1918
1761
1920
1762
1763
1764
1923
1765
1924
1766
1767
1768
1927
1769
1928
1770
1771
1772
1931
1773
1932
1774
1775
1776
1935
1777
1936
1778
1779
1780
1939
1781
1940
1782
1783
1784
1943
1785
1944
1786
1787
1788
1947
1789
1948
1790
1791
1792
1951
1793
1952
1794
1795
1796
1955
1797
1956
1798
1799
1800
1959
1801
1960
1802
1803
1804
1963
1805
1964
1806
1807
1808
1967
1809
1968
1810
1811
1812
1971
1813
1972
1814
1815
1816
1975
1817
1976
1818
1819
1820
1979
1821
1980
1822
1823
1824
1983
1825
1984
1826
1827
1828
1987
1829
1988
1830
1831
1832
1991
1833
1992
1834
1835
1836
1995
1837
1996
1838
1839
1840
1999
1841
2000
1842
1843
1844
2003
1845
2004
1846
1847
1848
2007
1849
2008
1850
1851
1852
2011
1853
2012
1854
1855
1856
2015
1857
2016
1858
1859
1860
2019
1861
2020
1862
1863
1864
2023
1865
2024
1866
1867
1868
2027
1869
2028
1870
1871
1872
2031
1873
2032
1874
1875
1876
2035
1877
2036
1878
1879
1880
2039
1881
2040
1882
1883
1884
2043
1885
2044
1886
1887
1888
2047
1889
2048
1890
1891
1892
2051
1893
2052
1894
1895
1896
2055
1897
2056
1898
1899
1900
2059
1901
2060
1902
1903
1904
2063
1905
2064
1906
1907
1908
2067
1909
2068
1910
1911
1912
2071
1913
2072
1914
1915
1916
2075
1917
2076
1918
1919
2079
1921
1922
2081
1923
2082
1924
1925
1926
2085
1927
2086
1928
1929
1930
2089
1931
2090
1932
1933
1934
2093
1935
2094
1936
1937
1938
2097
1939
2098
1940
1941
1942
2101
1943
2102
1944
1945
1946
2105
1947
2106
1948
1949
1950
2109
1951
2110
1952
1953
1954
2113
1955
2114
1956
1957
1958
2117
1959
2118
1960
1961
1962
2121
1963
2122
1964
1965
1966
2125
1967
2126
1968
1969
1970
2129
1971
2130
1972
1973
1974
2133
1975
2134
1976
1977
1978
2137
1979
2138
1980
1981
1982
2141
1983
2142
1984
1985
1986
2145
1987
2146
1988
1989
1990
2149
1991
2150
1992
1993
1994
2153
1995
2154
1996
1997
1998
2157
1999
2158
2000
2001
2002
2161
2003
2162
2004
2005
2006
2165
2007
2166
2008
2009
2010
2169
2011
2170
2012
2013
2014
2173
2015
2174
2016
2017
2018
2177
2019
2178
2020
2021
2022
2181
2023
2182
2024
2025
2026
2185
2027
2186
2028
2029
2030
2189
2031
2190
2032
2033
2034
2193
2035
2194
2036
2037
2038
2197
2039
2198
2040
2041
2042
2201
2043
2202
2044
2045
2046
2205
2047
2206
2048
2049
2050
2209
2051
2210
2052
2053
2054
2213
2055
2214
2056
2057
2058
2217
2059
2218
2060
2061
2062
2221
2063
2222
2064
2065
2066
2225
2067
2226
2068
2069
2070
2229
2071
2230
2072
2073
2074
2233
2075
2234
2076
2077
2078
2237
2079
2238
2081
2240
2082
2083
2084
2243
2085
2244
2086
2087
2088
2247
2089
2248
2090
2091
2092
2251
2093
2252
2094
2095
2096
2255
2097
2256
2098
2099
2100
2259
2101
2260
2102
2103
2104
2263
2105
2264
2106
2107
2108
2267
2109
2268
2110
2111
2112
2271
2113
2272
2114
2115
2116
2275
2117
2276
2118
2119
2120
2279
2121
2280
2122
2123
2124
2283
2125
2284
2126
2127
2128
2287
2129
2288
2130
2131
2132
2291
2133
2292
2134
2135
2136
2295
2137
2296
2138
2139
2140
2299
2141
2300
2142
2143
2144
2303
2145
2304
2146
2147
2148
2307
2149
2308
2150
2151
2152
2311
2153
2312
2154
2155
2156
2315
2157
2316
2158
2159
2160
2319
2161
2320
2162
2163
2164
2323
2165
2324
2166
2167
2168
2327
2169
2328
2170
2171
2172
2331
2173
2332
2174
2175
2176
2335
2177
2336
2178
2179
2180
2339
2181
2340
2182
2183
2184
2343
2185
2344
2186
2187
2188
2347
2189
2348
2190
2191
2192
2351
2193
2352
2194
2195
2196
2355
2197
2356
2198
2199
2200
2359
2201
2360
2202
2203
2204
2363
2205
2364
2206
2207
2208
2367
2209
2368
2210
2211
2212
2371
2213
2372
2214
2215
2216
2375
2217
2376
2218
2219
2220
2379
2221
2380
2222
2223
2224
2383
2225
2384
2226
2227
2228
2387
2229
2388
2230
2231
2232
2391
2233
2392
2234
2235
2236
2395
2237
2396
2238
2239
2399
2241
2242
2401
2243
2402
2244
2245
2246
2405
2247
2406
2248
2249
2250
2409
2251
2410
2252
2253
2254
2413
2255
2414
2256
2257
2258
2417
2259
2418
2260
2261
2262
2421
2263
2422
2264
2265
2266
2425
2267
2426
2268
2269
2270
2429
2271
2430
2272
2273
2274
2433
2275
2434
2276
2277
2278
2437
2279
2438
2280
2281
2282
2441
2283
2442
2284
2285
2286
2445
2287
2446
2288
2289
2290
2449
2291
2450
2292
2293
2294
2453
2295
2454
2296
2297
2298
2457
2299
2458
2300
2301
2302
2461
2303
2462
2304
2305
2306
2465
2307
2466
2308
2309
2310
2469
2311
2470
2312
2313
2314
2473
2315
2474
2316
2317
2318
2477
2319
2478
2320
2321
2322
2481
2323
2482
2324
2325
2326
2485
2327
2486
2328
2329
2330
2489
2331
2490
2332
2333
2334
2493
2335
2494
2336
2337
2338
2497
2339
2498
2340
2341
2342
2501
2343
2502
2344
2345
2346
2505
2347
2506
2348
2349
2350
2509
2351
2510
2352
2353
2354
2513
2355
2514
2356
2357
2358
2517
2359
2518
2360
2361
2362
2521
2363
2522
2364
2365
2366
2525
2367
2526
2368
2369
2370
2529
2371
2530
2372
2373
2374
2533
2375
2534
2376
2377
2378
2537
2379
2538
2380
2381
2382
2541
2383
2542
2384
2385
2386
2545
2387
2546
2388
2389
2390
2549
2391
2550
2392
2393
2394
2553
2395
2554
2396
2397
2398
2557
2399
2558
2401
2560
2402
2403
2404
2563
2405
2564
2406
2407
2408
2567
2409
2568
2410
2411
2412
2571
2413
2572
2414
2415
2416
2575
2417
2576
2418
2419
2420
2579
2421
2580
2422
2423
2424
2583
2425
2584
2426
2427
2428
2587
2429
2588
2430
2431
2432
2591
2433
2592
2434
2435
2436
2595
2437
2596
2438
2439
2440
2599
2441
2600
2442
2443
2444
2603
2445
2604
2446
2447
2448
2607
2449
2608
2450
2451
2452
2611
2453
2612
2454
2455
2456
2615
2457
2616
2458
2459
2460
2619
2461
2620
2462
2463
2464
2623
2465
2624
2466
2467
2468
2627
2469
2628
2470
2471
2472
2631
2473
2632
2474
2475
2476
2635
2477
2636
2478
2479
2480
2639
2481
2640
2482
2483
2484
2643
2485
2644
2486
2487
2488
2647
2489
2648
2490
2491
2492
2651
2493
2652
2494
2495
2496
2655
2497
2656
2498
2499
2500
2659
2501
2660
2502
2503
2504
2663
2505
2664
2506
2507
2508
2667
2509
2668
2510
2511
2512
2671
2513
2672
2514
2515
2516
2675
2517
2676
2518
2519
2520
2679
2521
2680
2522
2523
2524
2683
2525
2684
2526
2527
2528
2687
2529
2688
2530
2531
2532
2691
2533
2692
2534
2535
2536
2695
2537
2696
2538
2539
2540
2699
2541
2700
2542
2543
2544
2703
2545
2704
2546
2547
2548
2707
2549
2708
2550
2551
2552
2711
2553
2712
2554
2555
2556
2715
2557
2716
2558
2559
2719
2561
2562
2721
2563
2722
2564
2565
2566
2725
2567
2726
2568
2569
2570
2729
2571
2730
2572
2573
2574
2733
2575
2734
2576
2577
2578
2737
2579
2738
2580
2581
2582
2741
2583
2742
2584
2585
2586
2745
2587
2746
2588
2589
2590
2749
2591
2750
2592
2593
2594
2753
2595
2754
2596
2597
2598
2757
2599
2758
2600
2601
2602
2761
2603
2762
2604
2605
2606
2765
2607
2766
2608
2609
2610
2769
2611
2770
2612
2613
2614
2773
2615
2774
2616
2617
2618
2777
2619
2778
2620
2621
2622
2781
2623
2782
2624
2625
2626
2785
2627
2786
2628
2629
2630
2789
2631
2790
2632
2633
2634
2793
2635
2794
2636
2637
2638
2797
2639
2798
2640
2641
2642
2801
2643
2802
2644
2645
2646
2805
2647
2806
2648
2649
2650
2809
2651
2810
2652
2653
2654
2813
2655
2814
2656
2657
2658
2817
2659
2818
2660
2661
2662
2821
2663
2822
2664
2665
2666
2825
2667
2826
2668
2669
2670
2829
2671
2830
2672
2673
2674
2833
2675
2834
2676
2677
2678
2837
2679
2838
2680
2681
2682
2841
2683
2842
2684
2685
2686
2845
2687
2846
2688
2689
2690
2849
2691
2850
2692
2693
2694
2853
2695
2854
2696
2697
2698
2857
2699
2858
2700
2701
2702
2861
2703
2862
2704
2705
2706
2865
2707
2866
2708
2709
2710
2869
2711
2870
2712
2713
2714
2873
2715
2874
2716
2717
2718
2877
2719
2878
2721
2880
2722
2723
2724
2883
2725
2884
2726
2727
2728
2887
2729
2888
2730
2731
2732
2891
2733
2892
2734
2735
2736
2895
2737
2896
2738
2739
2740
2899
2741
2900
2742
2743
2744
2903
2745
2904
2746
2747
2748
2907
2749
2908
2750
2751
2752
2911
2753
2912
2754
2755
2756
2915
2757
2916
2758
2759
2760
2919
2761
2920
2762
2763
2764
2923
2765
2924
2766
2767
2768
2927
2769
2928
2770
2771
2772
2931
2773
2932
2774
2775
2776
2935
2777
2936
2778
2779
2780
2939
2781
2940
2782
2783
2784
2943
2785
2944
2786
2787
2788
2947
2789
2948
2790
2791
2792
2951
2793
2952
2794
2795
2796
2955
2797
2956
2798
2799
2800
2959
2801
2960
2802
2803
2804
2963
2805
2964
2806
2807
2808
2967
2809
2968
2810
2811
2812
2971
2813
2972
2814
2815
2816
2975
2817
2976
2818
2819
2820
2979
2821
2980
2822
2823
2824
2983
2825
2984
2826
2827
2828
2987
2829
2988
2830
2831
2832
2991
2833
2992
2834
2835
2836
2995
2837
2996
2838
2839
2840
2999
2841
3000
2842
2843
2844
3003
2845
3004
2846
2847
2848
3007
2849
3008
2850
2851
2852
3011
2853
3012
2854
2855
2856
3015
2857
3016
2858
2859
2860
3019
2861
3020
2862
2863
2864
3023
2865
3024
2866
2867
2868
3027
2869
3028
2870
2871
2872
3031
2873
3032
2874
2875
2876
3035
2877
3036
2878
2879
3039
2881
2882
3041
2883
3042
2884
2885
2886
3045
2887
3046
2888
2889
2890
3049
2891
3050
2892
2893
2894
3053
2895
3054
2896
2897
2898
3057
2899
3058
2900
2901
2902
3061
2903
3062
2904
2905
2906
3065
2907
3066
2908
2909
2910
3069
2911
3070
2912
2913
2914
3073
2915
3074
2916
2917
2918
3077
2919
3078
2920
2921
2922
3081
2923
3082
2924
2925
2926
3085
2927
3086
2928
2929
2930
3089
2931
3090
2932
2933
2934
3093
2935
3094
2936
2937
2938
3097
2939
3098
2940
2941
2942
3101
2943
3102
2944
2945
2946
3105
2947
3106
2948
2949
2950
3109
2951
3110
2952
2953
2954
3113
2955
3114
2956
2957
2958
3117
2959
3118
2960
2961
2962
3121
2963
3122
2964
2965
2966
3125
2967
3126
2968
2969
2970
3129
2971
3130
2972
2973
2974
3133
2975
3134
2976
2977
2978
3137
2979
3138
2980
2981
2982
3141
2983
3142
2984
2985
2986
3145
2987
3146
2988
2989
2990
3149
2991
3150
2992
2993
2994
3153
2995
3154
2996
2997
2998
3157
2999
3158
3000
3001
3002
3161
3003
3162
3004
3005
3006
3165
3007
3166
3008
3009
3010
3169
3011
3170
3012
3013
3014
3173
3015
3174
3016
3017
3018
3177
3019
3178
3020
3021
3022
3181
3023
3182
3024
3025
3026
3185
3027
3186
3028
3029
3030
3189
3031
3190
3032
3033
3034
3193
3035
3194
3036
3037
3038
3197
3039
3198
3041
3200
3042
3043
3044
3203
3045
3204
3046
3047
3048
3207
3049
3208
3050
3051
3052
3211
3053
3212
3054
3055
3056
3215
3057
3216
3058
3059
3060
3219
3061
3220
3062
3063
3064
3223
3065
3224
3066
3067
3068
3227
3069
3228
3070
3071
3072
3231
3073
3232
3074
3075
3076
3235
3077
3236
3078
3079
3080
3239
3081
3240
3082
3083
3084
3243
3085
3244
3086
3087
3088
3247
3089
3248
3090
3091
3092
3251
3093
3252
3094
3095
3096
3255
3097
3256
3098
3099
3100
3259
3101
3260
3102
3103
3104
3263
3105
3264
3106
3107
3108
3267
3109
3268
3110
3111
3112
3271
3113
3272
3114
3115
3116
3275
3117
3276
3118
3119
3120
3279
3121
3280
3122
3123
3124
3283
3125
3284
3126
3127
3128
3287
3129
3288
3130
3131
3132
3291
3133
3292
3134
3135
3136
3295
3137
3296
3138
3139
3140
3299
3141
3300
3142
3143
3144
3303
3145
3304
3146
3147
3148
3307
3149
3308
3150
3151
3152
3311
3153
3312
3154
3155
3156
3315
3157
3316
3158
3159
3160
3319
3161
3320
3162
3163
3164
3323
3165
3324
3166
3167
3168
3327
3169
3328
3170
3171
3172
3331
3173
3332
3174
3175
3176
3335
3177
3336
3178
3179
3180
3339
3181
3340
3182
3183
3184
3343
3185
3344
3186
3187
3188
3347
3189
3348
3190
3191
3192
3351
3193
3352
3194
3195
3196
3355
3197
3356
3198
3199
3359
3201
3202
3361
3203
3362
3204
3205
3206
3365
3207
3366
3208
3209
3210
3369
3211
3370
3212
3213
3214
3373
3215
3374
3216
3217
3218
3377
3219
3378
3220
3221
3222
3381
3223
3382
3224
3225
3226
3385
3227
3386
3228
3229
3230
3389
3231
3390
3232
3233
3234
3393
3235
3394
3236
3237
3238
3397
3239
3398
3240
3241
3242
3401
3243
3402
3244
3245
3246
3405
3247
3406
3248
3249
3250
3409
3251
3410
3252
3253
3254
3413
3255
3414
3256
3257
3258
3417
3259
3418
3260
3261
3262
3421
3263
3422
3264
3265
3266
3425
3267
3426
3268
3269
3270
3429
3271
3430
3272
3273
3274
3433
3275
3434
3276
3277
3278
3437
3279
3438
3280
3281
3282
3441
3283
3442
3284
3285
3286
3445
3287
3446
3288
3289
3290
3449
3291
3450
3292
3293
3294
3453
3295
3454
3296
3297
3298
3457
3299
3458
3300
3301
3302
3461
3303
3462
3304
3305
3306
3465
3307
3466
3308
3309
3310
3469
3311
3470
3312
3313
3314
3473
3315
3474
3316
3317
3318
3477
3319
3478
3320
3321
3322
3481
3323
3482
3324
3325
3326
3485
3327
3486
3328
3329
3330
3489
3331
3490
3332
3333
3334
3493
3335
3494
3336
3337
3338
3497
3339
3498
3340
3341
3342
3501
3343
3502
3344
3345
3346
3505
3347
3506
3348
3349
3350
3509
3351
3510
3352
3353
3354
3513
3355
3514
3356
3357
3358
3517
3359
3518
3361
3520
3362
3363
3364
3523
3365
3524
3366
3367
3368
3527
3369
3528
3370
3371
3372
3531
3373
3532
3374
3375
3376
3535
3377
3536
3378
3379
3380
3539
3381
3540
3382
3383
3384
3543
3385
3544
3386
3387
3388
3547
3389
3548
3390
3391
3392
3551
3393
3552
3394
3395
3396
3555
3397
3556
3398
3399
3400
3559
3401
3560
3402
3403
3404
3563
3405
3564
3406
3407
3408
3567
3409
3568
3410
3411
3412
3571
3413
3572
3414
3415
3416
3575
3417
3576
3418
3419
3420
3579
3421
3580
3422
3423
3424
3583
3425
3584
3426
3427
3428
3587
3429
3588
3430
3431
3432
3591
3433
3592
3434
3435
3436
3595
3437
3596
3438
3439
3440
3599
3441
3600
3442
3443
3444
3603
3445
3604
3446
3447
3448
3607
3449
3608
3450
3451
3452
3611
3453
3612
3454
3455
3456
3615
3457
3616
3458
3459
3460
3619
3461
3620
3462
3463
3464
3623
3465
3624
3466
3467
3468
3627
3469
3628
3470
3471
3472
3631
3473
3632
3474
3475
3476
3635
3477
3636
3478
3479
3480
3639
3481
3640
3482
3483
3484
3643
3485
3644
3486
3487
3488
3647
3489
3648
3490
3491
3492
3651
3493
3652
3494
3495
3496
3655
3497
3656
3498
3499
3500
3659
3501
3660
3502
3503
3504
3663
3505
3664
3506
3507
3508
3667
3509
3668
3510
3511
3512
3671
3513
3672
3514
3515
3516
3675
3517
3676
3518
3519
3679
3521
3522
3681
3523
3682
3524
3525
3526
3685
3527
3686
3528
3529
3530
3689
3531
3690
3532
3533
3534
3693
3535
3694
3536
3537
3538
3697
3539
3698
3540
3541
3542
3701
3543
3702
3544
3545
3546
3705
3547
3706
3548
3549
3550
3709
3551
3710
3552
3553
3554
3713
3555
3714
3556
3557
3558
3717
3559
3718
3560
3561
3562
3721
3563
3722
3564
3565
3566
3725
3567
3726
3568
3569
3570
3729
3571
3730
3572
3573
3574
3733
3575
3734
3576
3577
3578
3737
3579
3738
3580
3581
3582
3741
3583
3742
3584
3585
3586
3745
3587
3746
3588
3589
3590
3749
3591
3750
3592
3593
3594
3753
3595
3754
3596
3597
3598
3757
3599
3758
3600
3601
3602
3761
3603
3762
3604
3605
3606
3765
3607
3766
3608
3609
3610
3769
3611
3770
3612
3613
3614
3773
3615
3774
3616
3617
3618
3777
3619
3778
3620
3621
3622
3781
3623
3782
3624
3625
3626
3785
3627
3786
3628
3629
3630
3789
3631
3790
3632
3633
3634
3793
3635
3794
3636
3637
3638
3797
3639
3798
3640
3641
3642
3801
3643
3802
3644
3645
3646
3805
3647
3806
3648
3649
3650
3809
3651
3810
3652
3653
3654
3813
3655
3814
3656
3657
3658
3817
3659
3818
3660
3661
3662
3821
3663
3822
3664
3665
3666
3825
3667
3826
3668
3669
3670
3829
3671
3830
3672
3673
3674
3833
3675
3834
3676
3677
3678
3837
3679
3838
3681
3840
3682
3683
3684
3843
3685
3844
3686
3687
3688
3847
3689
3848
3690
3691
3692
3851
3693
3852
3694
3695
3696
3855
3697
3856
3698
3699
3700
3859
3701
3860
3702
3703
3704
3863
3705
3864
3706
3707
3708
3867
3709
3868
3710
3711
3712
3871
3713
3872
3714
3715
3716
3875
3717
3876
3718
3719
3720
3879
3721
3880
3722
3723
3724
3883
3725
3884
3726
3727
3728
3887
3729
3888
3730
3731
3732
3891
3733
3892
3734
3735
3736
3895
3737
3896
3738
3739
3740
3899
3741
3900
3742
3743
3744
3903
3745
3904
3746
3747
3748
3907
3749
3908
3750
3751
3752
3911
3753
3912
3754
3755
3756
3915
3757
3916
3758
3759
3760
3919
3761
3920
3762
3763
3764
3923
3765
3924
3766
3767
3768
3927
3769
3928
3770
3771
3772
3931
3773
3932
3774
3775
3776
3935
3777
3936
3778
3779
3780
3939
3781
3940
3782
3783
3784
3943
3785
3944
3786
3787
3788
3947
3789
3948
3790
3791
3792
3951
3793
3952
3794
3795
3796
3955
3797
3956
3798
3799
3800
3959
3801
3960
3802
3803
3804
3963
3805
3964
3806
3807
3808
3967
3809
3968
3810
3811
3812
3971
3813
3972
3814
3815
3816
3975
3817
3976
3818
3819
3820
3979
3821
3980
3822
3823
3824
3983
3825
3984
3826
3827
3828
3987
3829
3988
3830
3831
3832
3991
3833
3992
3834
3835
3836
3995
3837
3996
3838
3839
3999
3841
3842
4001
3843
4002
3844
3845
3846
4005
3847
4006
3848
3849
3850
4009
3851
4010
3852
3853
3854
4013
3855
4014
3856
3857
3858
4017
3859
4018
3860
3861
3862
4021
3863
4022
3864
3865
3866
4025
3867
4026
3868
3869
3870
4029
3871
4030
3872
3873
3874
4033
3875
4034
3876
3877
3878
4037
3879
4038
3880
3881
3882
4041
3883
4042
3884
3885
3886
4045
3887
4046
3888
3889
3890
4049
3891
4050
3892
3893
3894
4053
3895
4054
3896
3897
3898
4057
3899
4058
3900
3901
3902
4061
3903
4062
3904
3905
3906
4065
3907
4066
3908
3909
3910
4069
3911
4070
3912
3913
3914
4073
3915
4074
3916
3917
3918
4077
3919
4078
3920
3921
3922
4081
3923
4082
3924
3925
3926
4085
3927
4086
3928
3929
3930
4089
3931
4090
3932
3933
3934
4093
3935
4094
3936
3937
3938
4097
3939
4098
3940
3941
3942
4101
3943
4102
3944
3945
3946
4105
3947
4106
3948
3949
3950
4109
3951
4110
3952
3953
3954
4113
3955
4114
3956
3957
3958
4117
3959
4118
3960
3961
3962
4121
3963
4122
3964
3965
3966
4125
3967
4126
3968
3969
3970
4129
3971
4130
3972
3973
3974
4133
3975
4134
3976
3977
3978
4137
3979
4138
3980
3981
3982
4141
3983
4142
3984
3985
3986
4145
3987
4146
3988
3989
3990
4149
3991
4150
3992
3993
3994
4153
3995
4154
3996
3997
3998
4157
3999
4158
4001
4160
4002
4003
4004
4163
4005
4164
4006
4007
4008
4167
4009
4168
4010
4011
4012
4171
4013
4172
4014
4015
4016
4175
4017
4176
4018
4019
4020
4179
4021
4180
4022
4023
4024
4183
4025
4184
4026
4027
4028
4187
4029
4188
4030
4031
4032
4191
4033
4192
4034
4035
4036
4195
4037
4196
4038
4039
4040
4199
4041
4200
4042
4043
4044
4203
4045
4204
4046
4047
4048
4207
4049
4208
4050
4051
4052
4211
4053
4212
4054
4055
4056
4215
4057
4216
4058
4059
4060
4219
4061
4220
4062
4063
4064
4223
4065
4224
4066
4067
4068
4227
4069
4228
4070
4071
4072
4231
4073
4232
4074
4075
4076
4235
4077
4236
4078
4079
4080
4239
4081
4240
4082
4083
4084
4243
4085
4244
4086
4087
4088
4247
4089
4248
4090
4091
4092
4251
4093
4252
4094
4095
4096
4255
4097
4256
4098
4099
4100
4259
4101
4260
4102
4103
4104
4263
4105
4264
4106
4107
4108
4267
4109
4268
4110
4111
4112
4271
4113
4272
4114
4115
4116
4275
4117
4276
4118
4119
4120
4279
4121
4280
4122
4123
4124
4283
4125
4284
4126
4127
4128
4287
4129
4288
4130
4131
4132
4291
4133
4292
4134
4135
4136
4295
4137
4296
4138
4139
4140
4299
4141
4300
4142
4143
4144
4303
4145
4304
4146
4147
4148
4307
4149
4308
4150
4151
4152
4311
4153
4312
4154
4155
4156
4315
4157
4316
4158
4159
4319
4161
4162
4321
4163
4322
4164
4165
4166
4325
4167
4326
4168
4169
4170
4329
4171
4330
4172
4173
4174
4333
4175
4334
4176
4177
4178
4337
4179
4338
4180
4181
4182
4341
4183
4342
4184
4185
4186
4345
4187
4346
4188
4189
4190
4349
4191
4350
4192
4193
4194
4353
4195
4354
4196
4197
4198
4357
4199
4358
4200
4201
4202
4361
4203
4362
4204
4205
4206
4365
4207
4366
4208
4209
4210
4369
4211
4370
4212
4213
4214
4373
4215
4374
4216
4217
4218
4377
4219
4378
4220
4221
4222
4381
4223
4382
4224
4225
4226
4385
4227
4386
4228
4229
4230
4389
4231
4390
4232
4233
4234
4393
4235
4394
4236
4237
4238
4397
4239
4398
4240
4241
4242
4401
4243
4402
4244
4245
4246
4405
4247
4406
4248
4249
4250
4409
4251
4410
4252
4253
4254
4413
4255
4414
4256
4257
4258
4417
4259
4418
4260
4261
4262
4421
4263
4422
4264
4265
4266
4425
4267
4426
4268
4269
4270
4429
4271
4430
4272
4273
4274
4433
4275
4434
4276
4277
4278
4437
4279
4438
4280
4281
4282
4441
4283
4442
4284
4285
4286
4445
4287
4446
4288
4289
4290
4449
4291
4450
4292
4293
4294
4453
4295
4454
4296
4297
4298
4457
4299
4458
4300
4301
4302
4461
4303
4462
4304
4305
4306
4465
4307
4466
4308
4309
4310
4469
4311
4470
4312
4313
4314
4473
4315
4474
4316
4317
4318
4477
4319
4478
4321
4480
4322
4323
4324
4483
4325
4484
4326
4327
4328
4487
4329
4488
4330
4331
4332
4491
4333
4492
4334
4335
4336
4495
4337
4496
4338
4339
4340
4499
4341
4500
4342
4343
4344
4503
4345
4504
4346
4347
4348
4507
4349
4508
4350
4351
4352
4511
4353
4512
4354
4355
4356
4515
4357
4516
4358
4359
4360
4519
4361
4520
4362
4363
4364
4523
4365
4524
4366
4367
4368
4527
4369
4528
4370
4371
4372
4531
4373
4532
4374
4375
4376
4535
4377
4536
4378
4379
4380
4539
4381
4540
4382
4383
4384
4543
4385
4544
4386
4387
4388
4547
4389
4548
4390
4391
4392
4551
4393
4552
4394
4395
4396
4555
4397
4556
4398
4399
4400
4559
4401
4560
4402
4403
4404
4563
4405
4564
4406
4407
4408
4567
4409
4568
4410
4411
4412
4571
4413
4572
4414
4415
4416
4575
4417
4576
4418
4419
4420
4579
4421
4580
4422
4423
4424
4583
4425
4584
4426
4427
4428
4587
4429
4588
4430
4431
4432
4591
4433
4592
4434
4435
4436
4595
4437
4596
4438
4439
4440
4599
4441
4600
4442
4443
4444
4603
4445
4604
4446
4447
4448
4607
4449
4608
4450
4451
4452
4611
4453
4612
4454
4455
4456
4615
4457
4616
4458
4459
4460
4619
4461
4620
4462
4463
4464
4623
4465
4624
4466
4467
4468
4627
4469
4628
4470
4471
4472
4631
4473
4632
4474
4475
4476
4635
4477
4636
4478
4479
4639
4481
4482
4641
4483
4642
4484
4485
4486
4645
4487
4646
4488
4489
4490
4649
4491
4650
4492
4493
4494
4653
4495
4654
4496
4497
4498
4657
4499
4658
4500
4501
4502
4661
4503
4662
4504
4505
4506
4665
4507
4666
4508
4509
4510
4669
4511
4670
4512
4513
4514
4673
4515
4674
4516
4517
4518
4677
4519
4678
4520
4521
4522
4681
4523
4682
4524
4525
4526
4685
4527
4686
4528
4529
4530
4689
4531
4690
4532
4533
4534
4693
4535
4694
4536
4537
4538
4697
4539
4698
4540
4541
4542
4701
4543
4702
4544
4545
4546
4705
4547
4706
4548
4549
4550
4709
4551
4710
4552
4553
4554
4713
4555
4714
4556
4557
4558
4717
4559
4718
4560
4561
4562
4721
4563
4722
4564
4565
4566
4725
4567
4726
4568
4569
4570
4729
4571
4730
4572
4573
4574
4733
4575
4734
4576
4577
4578
4737
4579
4738
4580
4581
4582
4741
4583
4742
4584
4585
4586
4745
4587
4746
4588
4589
4590
4749
4591
4750
4592
4593
4594
4753
4595
4754
4596
4597
4598
4757
4599
4758
4600
4601
4602
4761
4603
4762
4604
4605
4606
4765
4607
4766
4608
4609
4610
4769
4611
4770
4612
4613
4614
4773
4615
4774
4616
4617
4618
4777
4619
4778
4620
4621
4622
4781
4623
4782
4624
4625
4626
4785
4627
4786
4628
4629
4630
4789
4631
4790
4632
4633
4634
4793
4635
4794
4636
4637
4638
4797
4639
4798
4641
4800
4642
4643
4644
4803
4645
4804
4646
4647
4648
4807
4649
4808
4650
4651
4652
4811
4653
4812
4654
4655
4656
4815
4657
4816
4658
4659
4660
4819
4661
4820
4662
4663
4664
4823
4665
4824
4666
4667
4668
4827
4669
4828
4670
4671
4672
4831
4673
4832
4674
4675
4676
4835
4677
4836
4678
4679
4680
4839
4681
4840
4682
4683
4684
4843
4685
4844
4686
4687
4688
4847
4689
4848
4690
4691
4692
4851
4693
4852
4694
4695
4696
4855
4697
4856
4698
4699
4700
4859
4701
4860
4702
4703
4704
4863
4705
4864
4706
4707
4708
4867
4709
4868
4710
4711
4712
4871
4713
4872
4714
4715
4716
4875
4717
4876
4718
4719
4720
4879
4721
4880
4722
4723
4724
4883
4725
4884
4726
4727
4728
4887
4729
4888
4730
4731
4732
4891
4733
4892
4734
4735
4736
4895
4737
4896
4738
4739
4740
4899
4741
4900
4742
4743
4744
4903
4745
4904
4746
4747
4748
4907
4749
4908
4750
4751
4752
4911
4753
4912
4754
4755
4756
4915
4757
4916
4758
4759
4760
4919
4761
4920
4762
4763
4764
4923
4765
4924
4766
4767
4768
4927
4769
4928
4770
4771
4772
4931
4773
4932
4774
4775
4776
4935
4777
4936
4778
4779
4780
4939
4781
4940
4782
4783
4784
4943
4785
4944
4786
4787
4788
4947
4789
4948
4790
4791
4792
4951
4793
4952
4794
4795
4796
4955
4797
4956
4798
4799
4959
4801
4802
4961
4803
4962
4804
4805
4806
4965
4807
4966
4808
4809
4810
4969
4811
4970
4812
4813
4814
4973
4815
4974
4816
4817
4818
4977
4819
4978
4820
4821
4822
4981
4823
4982
4824
4825
4826
4985
4827
4986
4828
4829
4830
4989
4831
4990
4832
4833
4834
4993
4835
4994
4836
4837
4838
4997
4839
4998
4840
4841
4842
5001
4843
5002
4844
4845
4846
5005
4847
5006
4848
4849
4850
5009
4851
5010
4852
4853
4854
5013
4855
5014
4856
4857
4858
5017
4859
5018
4860
4861
4862
5021
4863
5022
4864
4865
4866
5025
4867
5026
4868
4869
4870
5029
4871
5030
4872
4873
4874
5033
4875
5034
4876
4877
4878
5037
4879
5038
4880
4881
4882
5041
4883
5042
4884
4885
4886
5045
4887
5046
4888
4889
4890
5049
4891
5050
4892
4893
4894
5053
4895
5054
4896
4897
4898
5057
4899
5058
4900
4901
4902
5061
4903
5062
4904
4905
4906
5065
4907
5066
4908
4909
4910
5069
4911
5070
4912
4913
4914
5073
4915
5074
4916
4917
4918
5077
4919
5078
4920
4921
4922
5081
4923
5082
4924
4925
4926
5085
4927
5086
4928
4929
4930
5089
4931
5090
4932
4933
4934
5093
4935
5094
4936
4937
4938
5097
4939
5098
4940
4941
4942
5101
4943
5102
4944
4945
4946
5105
4947
5106
4948
4949
4950
5109
4951
5110
4952
4953
4954
5113
4955
5114
4956
4957
4958
5117
4959
5118
4961
5120
4962
4963
4964
5123
4965
5124
4966
4967
4968
5127
4969
5128
4970
4971
4972
5131
4973
5132
4974
4975
4976
5135
4977
5136
4978
4979
4980
5139
4981
5140
4982
4983
4984
5143
4985
5144
4986
4987
4988
5147
4989
5148
4990
4991
4992
5151
4993
5152
4994
4995
4996
5155
4997
5156
4998
4999
5000
5159
5001
5160
5002
5003
5004
5163
5005
5164
5006
5007
5008
5167
5009
5168
5010
5011
5012
5171
5013
5172
5014
5015
5016
5175
5017
5176
5018
5019
5020
5179
5021
5180
5022
5023
5024
5183
5025
5184
5026
5027
5028
5187
5029
5188
5030
5031
5032
5191
5033
5192
5034
5035
5036
5195
5037
5196
5038
5039
5040
5199
5041
5200
5042
5043
5044
5203
5045
5204
5046
5047
5048
5207
5049
5208
5050
5051
5052
5211
5053
5212
5054
5055
5056
5215
5057
5216
5058
5059
5060
5219
5061
5220
5062
5063
5064
5223
5065
5224
5066
5067
5068
5227
5069
5228
5070
5071
5072
5231
5073
5232
5074
5075
5076
5235
5077
5236
5078
5079
5080
5239
5081
5240
5082
5083
5084
5243
5085
5244
5086
5087
5088
5247
5089
5248
5090
5091
5092
5251
5093
5252
5094
5095
5096
5255
5097
5256
5098
5099
5100
5259
5101
5260
5102
5103
5104
5263
5105
5264
5106
5107
5108
5267
5109
5268
5110
5111
5112
5271
5113
5272
5114
5115
5116
5275
5117
5276
5118
5119
5279
5121
5122
5281
5123
5282
5124
5125
5126
5285
5127
5286
5128
5129
5130
5289
5131
5290
5132
5133
5134
5293
5135
5294
5136
5137
5138
5297
5139
5298
5140
5141
5142
5301
5143
5302
5144
5145
5146
5305
5147
5306
5148
5149
5150
5309
5151
5310
5152
5153
5154
5313
5155
5314
5156
5157
5158
5317
5159
5318
5160
5161
5162
5321
5163
5322
5164
5165
5166
5325
5167
5326
5168
5169
5170
5329
5171
5330
5172
5173
5174
5333
5175
5334
5176
5177
5178
5337
5179
5338
5180
5181
5182
5341
5183
5342
5184
5185
5186
5345
5187
5346
5188
5189
5190
5349
5191
5350
5192
5193
5194
5353
5195
5354
5196
5197
5198
5357
5199
5358
5200
5201
5202
5361
5203
5362
5204
5205
5206
5365
5207
5366
5208
5209
5210
5369
5211
5370
5212
5213
5214
5373
5215
5374
5216
5217
5218
5377
5219
5378
5220
5221
5222
5381
5223
5382
5224
5225
5226
5385
5227
5386
5228
5229
5230
5389
5231
5390
5232
5233
5234
5393
5235
5394
5236
5237
5238
5397
5239
5398
5240
5241
5242
5401
5243
5402
5244
5245
5246
5405
5247
5406
5248
5249
5250
5409
5251
5410
5252
5253
5254
5413
5255
5414
5256
5257
5258
5417
5259
5418
5260
5261
5262
5421
5263
5422
5264
5265
5266
5425
5267
5426
5268
5269
5270
5429
5271
5430
5272
5273
5274
5433
5275
5434
5276
5277
5278
5437
5279
5438
5281
5440
5282
5283
5284
5443
5285
5444
5286
5287
5288
5447
5289
5448
5290
5291
5292
5451
5293
5452
5294
5295
5296
5455
5297
5456
5298
5299
5300
5459
5301
5460
5302
5303
5304
5463
5305
5464
5306
5307
5308
5467
5309
5468
5310
5311
5312
5471
5313
5472
5314
5315
5316
5475
5317
5476
5318
5319
5320
5479
5321
5480
5322
5323
5324
5483
5325
5484
5326
5327
5328
5487
5329
5488
5330
5331
5332
5491
5333
5492
5334
5335
5336
5495
5337
5496
5338
5339
5340
5499
5341
5500
5342
5343
5344
5503
5345
5504
5346
5347
5348
5507
5349
5508
5350
5351
5352
5511
5353
5512
5354
5355
5356
5515
5357
5516
5358
5359
5360
5519
5361
5520
5362
5363
5364
5523
5365
5524
5366
5367
5368
5527
5369
5528
5370
5371
5372
5531
5373
5532
5374
5375
5376
5535
5377
5536
5378
5379
5380
5539
5381
5540
5382
5383
5384
5543
5385
5544
5386
5387
5388
5547
5389
5548
5390
5391
5392
5551
5393
5552
5394
5395
5396
5555
5397
5556
5398
5399
5400
5559
5401
5560
5402
5403
5404
5563
5405
5564
5406
5407
5408
5567
5409
5568
5410
5411
5412
5571
5413
5572
5414
5415
5416
5575
5417
5576
5418
5419
5420
5579
5421
5580
5422
5423
5424
5583
5425
5584
5426
5427
5428
5587
5429
5588
5430
5431
5432
5591
5433
5592
5434
5435
5436
5595
5437
5596
5438
5439
5599
5441
5442
5601
5443
5602
5444
5445
5446
5605
5447
5606
5448
5449
5450
5609
5451
5610
5452
5453
5454
5613
5455
5614
5456
5457
5458
5617
5459
5618
5460
5461
5462
5621
5463
5622
5464
5465
5466
5625
5467
5626
5468
5469
5470
5629
5471
5630
5472
5473
5474
5633
5475
5634
5476
5477
5478
5637
5479
5638
5480
5481
5482
5641
5483
5642
5484
5485
5486
5645
5487
5646
5488
5489
5490
5649
5491
5650
5492
5493
5494
5653
5495
5654
5496
5497
5498
5657
5499
5658
5500
5501
5502
5661
5503
5662
5504
5505
5506
5665
5507
5666
5508
5509
5510
5669
5511
5670
5512
5513
5514
5673
5515
5674
5516
5517
5518
5677
5519
5678
5520
5521
5522
5681
5523
5682
5524
5525
5526
5685
5527
5686
5528
5529
5530
5689
5531
5690
5532
5533
5534
5693
5535
5694
5536
5537
5538
5697
5539
5698
5540
5541
5542
5701
5543
5702
5544
5545
5546
5705
5547
5706
5548
5549
5550
5709
5551
5710
5552
5553
5554
5713
5555
5714
5556
5557
5558
5717
5559
5718
5560
5561
5562
5721
5563
5722
5564
5565
5566
5725
5567
5726
5568
5569
5570
5729
5571
5730
5572
5573
5574
5733
5575
5734
5576
5577
5578
5737
5579
5738
5580
5581
5582
5741
5583
5742
5584
5585
5586
5745
5587
5746
5588
5589
5590
5749
5591
5750
5592
5593
5594
5753
5595
5754
5596
5597
5598
5757
5599
5758
5601
5760
5602
5603
5604
5763
5605
5764
5606
5607
5608
5767
5609
5768
5610
5611
5612
5771
5613
5772
5614
5615
5616
5775
5617
5776
5618
5619
5620
5779
5621
5780
5622
5623
5624
5783
5625
5784
5626
5627
5628
5787
5629
5788
5630
5631
5632
5791
5633
5792
5634
5635
5636
5795
5637
5796
5638
5639
5640
5799
5641
5800
5642
5643
5644
5803
5645
5804
5646
5647
5648
5807
5649
5808
5650
5651
5652
5811
5653
5812
5654
5655
5656
5815
5657
5816
5658
5659
5660
5819
5661
5820
5662
5663
5664
5823
5665
5824
5666
5667
5668
5827
5669
5828
5670
5671
5672
5831
5673
5832
5674
5675
5676
5835
5677
5836
5678
5679
5680
5839
5681
5840
5682
5683
5684
5843
5685
5844
5686
5687
5688
5847
5689
5848
5690
5691
5692
5851
5693
5852
5694
5695
5696
5855
5697
5856
5698
5699
5700
5859
5701
5860
5702
5703
5704
5863
5705
5864
5706
5707
5708
5867
5709
5868
5710
5711
5712
5871
5713
5872
5714
5715
5716
5875
5717
5876
5718
5719
5720
5879
5721
5880
5722
5723
5724
5883
5725
5884
5726
5727
5728
5887
5729
5888
5730
5731
5732
5891
5733
5892
5734
5735
5736
5895
5737
5896
5738
5739
5740
5899
5741
5900
5742
5743
5744
5903
5745
5904
5746
5747
5748
5907
5749
5908
5750
5751
5752
5911
5753
5912
5754
5755
5756
5915
5757
5916
5758
5759
5919
5761
5762
5921
5763
5922
5764
5765
5766
5925
5767
5926
5768
5769
5770
5929
5771
5930
5772
5773
5774
5933
5775
5934
5776
5777
5778
5937
5779
5938
5780
5781
5782
5941
5783
5942
5784
5785
5786
5945
5787
5946
5788
5789
5790
5949
5791
5950
5792
5793
5794
5953
5795
5954
5796
5797
5798
5957
5799
5958
5800
5801
5802
5961
5803
5962
5804
5805
5806
5965
5807
5966
5808
5809
5810
5969
5811
5970
5812
5813
5814
5973
5815
5974
5816
5817
5818
5977
5819
5978
5820
5821
5822
5981
5823
5982
5824
5825
5826
5985
5827
5986
5828
5829
5830
5989
5831
5990
5832
5833
5834
5993
5835
5994
5836
5837
5838
5997
5839
5998
5840
5841
5842
6001
5843
6002
5844
5845
5846
6005
5847
6006
5848
5849
5850
6009
5851
6010
5852
5853
5854
6013
5855
6014
5856
5857
5858
6017
5859
6018
5860
5861
5862
6021
5863
6022
5864
5865
5866
6025
5867
6026
5868
5869
5870
6029
5871
6030
5872
5873
5874
6033
5875
6034
5876
5877
5878
6037
5879
6038
5880
5881
5882
6041
5883
6042
5884
5885
5886
6045
5887
6046
5888
5889
5890
6049
5891
6050
5892
5893
5894
6053
5895
6054
5896
5897
5898
6057
5899
6058
5900
5901
5902
6061
5903
6062
5904
5905
5906
6065
5907
6066
5908
5909
5910
6069
5911
6070
5912
5913
5914
6073
5915
6074
5916
5917
5918
6077
5919
6078
5921
6080
5922
5923
5924
6083
5925
6084
5926
5927
5928
6087
5929
6088
5930
5931
5932
6091
5933
6092
5934
5935
5936
6095
5937
6096
5938
5939
5940
6099
5941
6100
5942
5943
5944
6103
5945
6104
5946
5947
5948
6107
5949
6108
5950
5951
5952
6111
5953
6112
5954
5955
5956
6115
5957
6116
5958
5959
5960
6119
5961
6120
5962
5963
5964
6123
5965
6124
5966
5967
5968
6127
5969
6128
5970
5971
5972
6131
5973
6132
5974
5975
5976
6135
5977
6136
5978
5979
5980
6139
5981
6140
5982
5983
5984
6143
5985
6144
5986
5987
5988
6147
5989
6148
5990
5991
5992
6151
5993
6152
5994
5995
5996
6155
5997
6156
5998
5999
6000
6159
6001
6160
6002
6003
6004
6163
6005
6164
6006
6007
6008
6167
6009
6168
6010
6011
6012
6171
6013
6172
6014
6015
6016
6175
6017
6176
6018
6019
6020
6179
6021
6180
6022
6023
6024
6183
6025
6184
6026
6027
6028
6187
6029
6188
6030
6031
6032
6191
6033
6192
6034
6035
6036
6195
6037
6196
6038
6039
6040
6199
6041
6200
6042
6043
6044
6203
6045
6204
6046
6047
6048
6207
6049
6208
6050
6051
6052
6211
6053
6212
6054
6055
6056
6215
6057
6216
6058
6059
6060
6219
6061
6220
6062
6063
6064
6223
6065
6224
6066
6067
6068
6227
6069
6228
6070
6071
6072
6231
6073
6232
6074
6075
6076
6235
6077
6236
6078
6079
6239
6081
6082
6241
6083
6242
6084
6085
6086
6245
6087
6246
6088
6089
6090
6249
6091
6250
6092
6093
6094
6253
6095
6254
6096
6097
6098
6257
6099
6258
6100
6101
6102
6261
6103
6262
6104
6105
6106
6265
6107
6266
6108
6109
6110
6269
6111
6270
6112
6113
6114
6273
6115
6274
6116
6117
6118
6277
6119
6278
6120
6121
6122
6281
6123
6282
6124
6125
6126
6285
6127
6286
6128
6129
6130
6289
6131
6290
6132
6133
6134
6293
6135
6294
6136
6137
6138
6297
6139
6298
6140
6141
6142
6301
6143
6302
6144
6145
6146
6305
6147
6306
6148
6149
6150
6309
6151
6310
6152
6153
6154
6313
6155
6314
6156
6157
6158
6317
6159
6318
6160
6161
6162
6321
6163
6322
6164
6165
6166
6325
6167
6326
6168
6169
6170
6329
6171
6330
6172
6173
6174
6333
6175
6334
6176
6177
6178
6337
6179
6338
6180
6181
6182
6341
6183
6342
6184
6185
6186
6345
6187
6346
6188
6189
6190
6349
6191
6350
6192
6193
6194
6353
6195
6354
6196
6197
6198
6357
6199
6358
6200
6201
6202
6361
6203
6362
6204
6205
6206
6365
6207
6366
6208
6209
6210
6369
6211
6370
6212
6213
6214
6373
6215
6374
6216
6217
6218
6377
6219
6378
6220
6221
6222
6381
6223
6382
6224
6225
6226
6385
6227
6386
6228
6229
6230
6389
6231
6390
6232
6233
6234
6393
6235
6394
6236
6237
6238
6397
6239
6398
6241
6400
6242
6243
6244
6403
6245
6404
6246
6247
6248
6407
6249
6408
6250
6251
6252
6411
6253
6412
6254
6255
6256
6415
6257
6416
6258
6259
6260
6419
6261
6420
6262
6263
6264
6423
6265
6424
6266
6267
6268
6427
6269
6428
6270
6271
6272
6431
6273
6432
6274
6275
6276
6435
6277
6436
6278
6279
6280
6439
6281
6440
6282
6283
6284
6443
6285
6444
6286
6287
6288
6447
6289
6448
6290
6291
6292
6451
6293
6452
6294
6295
6296
6455
6297
6456
6298
6299
6300
6459
6301
6460
6302
6303
6304
6463
6305
6464
6306
6307
6308
6467
6309
6468
6310
6311
6312
6471
6313
6472
6314
6315
6316
6475
6317
6476
6318
6319
6320
6479
6321
6480
6322
6323
6324
6483
6325
6484
6326
6327
6328
6487
6329
6488
6330
6331
6332
6491
6333
6492
6334
6335
6336
6495
6337
6496
6338
6339
6340
6499
6341
6500
6342
6343
6344
6503
6345
6504
6346
6347
6348
6507
6349
6508
6350
6351
6352
6511
6353
6512
6354
6355
6356
6515
6357
6516
6358
6359
6360
6519
6361
6520
6362
6363
6364
6523
6365
6524
6366
6367
6368
6527
6369
6528
6370
6371
6372
6531
6373
6532
6374
6375
6376
6535
6377
6536
6378
6379
6380
6539
6381
6540
6382
6383
6384
6543
6385
6544
6386
6387
6388
6547
6389
6548
6390
6391
6392
6551
6393
6552
6394
6395
6396
6555
6397
6556
6398
6399
6559
6401
6402
6561
6403
6562
6404
6405
6406
6565
6407
6566
6408
6409
6410
6569
6411
6570
6412
6413
6414
6573
6415
6574
6416
6417
6418
6577
6419
6578
6420
6421
6422
6581
6423
6582
6424
6425
6426
6585
6427
6586
6428
6429
6430
6589
6431
6590
6432
6433
6434
6593
6435
6594
6436
6437
6438
6597
6439
6598
6440
6441
6442
6601
6443
6602
6444
6445
6446
6605
6447
6606
6448
6449
6450
6609
6451
6610
6452
6453
6454
6613
6455
6614
6456
6457
6458
6617
6459
6618
6460
6461
6462
6621
6463
6622
6464
6465
6466
6625
6467
6626
6468
6469
6470
6629
6471
6630
6472
6473
6474
6633
6475
6634
6476
6477
6478
6637
6479
6638
6480
6481
6482
6641
6483
6642
6484
6485
6486
6645
6487
6646
6488
6489
6490
6649
6491
6650
6492
6493
6494
6653
6495
6654
6496
6497
6498
6657
6499
6658
6500
6501
6502
6661
6503
6662
6504
6505
6506
6665
6507
6666
6508
6509
6510
6669
6511
6670
6512
6513
6514
6673
6515
6674
6516
6517
6518
6677
6519
6678
6520
6521
6522
6681
6523
6682
6524
6525
6526
6685
6527
6686
6528
6529
6530
6689
6531
6690
6532
6533
6534
6693
6535
6694
6536
6537
6538
6697
6539
6698
6540
6541
6542
6701
6543
6702
6544
6545
6546
6705
6547
6706
6548
6549
6550
6709
6551
6710
6552
6553
6554
6713
6555
6714
6556
6557
6558
6717
6559
6718
6561
6720
6562
6563
6564
6723
6565
6724
6566
6567
6568
6727
6569
6728
6570
6571
6572
6731
6573
6732
6574
6575
6576
6735
6577
6736
6578
6579
6580
6739
6581
6740
6582
6583
6584
6743
6585
6744
6586
6587
6588
6747
6589
6748
6590
6591
6592
6751
6593
6752
6594
6595
6596
6755
6597
6756
6598
6599
6600
6759
6601
6760
6602
6603
6604
6763
6605
6764
6606
6607
6608
6767
6609
6768
6610
6611
6612
6771
6613
6772
6614
6615
6616
6775
6617
6776
6618
6619
6620
6779
6621
6780
6622
6623
6624
6783
6625
6784
6626
6627
6628
6787
6629
6788
6630
6631
6632
6791
6633
6792
6634
6635
6636
6795
6637
6796
6638
6639
6640
6799
6641
6800
6642
6643
6644
6803
6645
6804
6646
6647
6648
6807
6649
6808
6650
6651
6652
6811
6653
6812
6654
6655
6656
6815
6657
6816
6658
6659
6660
6819
6661
6820
6662
6663
6664
6823
6665
6824
6666
6667
6668
6827
6669
6828
6670
6671
6672
6831
6673
6832
6674
6675
6676
6835
6677
6836
6678
6679
6680
6839
6681
6840
6682
6683
6684
6843
6685
6844
6686
6687
6688
6847
6689
6848
6690
6691
6692
6851
6693
6852
6694
6695
6696
6855
6697
6856
6698
6699
6700
6859
6701
6860
6702
6703
6704
6863
6705
6864
6706
6707
6708
6867
6709
6868
6710
6711
6712
6871
6713
6872
6714
6715
6716
6875
6717
6876
6718
6719
6879
6721
6722
6881
6723
6882
6724
6725
6726
6885
6727
6886
6728
6729
6730
6889
6731
6890
6732
6733
6734
6893
6735
6894
6736
6737
6738
6897
6739
6898
6740
6741
6742
6901
6743
6902
6744
6745
6746
6905
6747
6906
6748
6749
6750
6909
6751
6910
6752
6753
6754
6913
6755
6914
6756
6757
6758
6917
6759
6918
6760
6761
6762
6921
6763
6922
6764
6765
6766
6925
6767
6926
6768
6769
6770
6929
6771
6930
6772
6773
6774
6933
6775
6934
6776
6777
6778
6937
6779
6938
6780
6781
6782
6941
6783
6942
6784
6785
6786
6945
6787
6946
6788
6789
6790
6949
6791
6950
6792
6793
6794
6953
6795
6954
6796
6797
6798
6957
6799
6958
6800
6801
6802
6961
6803
6962
6804
6805
6806
6965
6807
6966
6808
6809
6810
6969
6811
6970
6812
6813
6814
6973
6815
6974
6816
6817
6818
6977
6819
6978
6820
6821
6822
6981
6823
6982
6824
6825
6826
6985
6827
6986
6828
6829
6830
6989
6831
6990
6832
6833
6834
6993
6835
6994
6836
6837
6838
6997
6839
6998
6840
6841
6842
7001
6843
7002
6844
6845
6846
7005
6847
7006
6848
6849
6850
7009
6851
7010
6852
6853
6854
7013
6855
7014
6856
6857
6858
7017
6859
7018
6860
6861
6862
7021
6863
7022
6864
6865
6866
7025
6867
7026
6868
6869
6870
7029
6871
7030
6872
6873
6874
7033
6875
7034
6876
6877
6878
7037
6879
7038
6881
7040
6882
6883
6884
7043
6885
7044
6886
6887
6888
7047
6889
7048
6890
6891
6892
7051
6893
7052
6894
6895
6896
7055
6897
7056
6898
6899
6900
7059
6901
7060
6902
6903
6904
7063
6905
7064
6906
6907
6908
7067
6909
7068
6910
6911
6912
7071
6913
7072
6914
6915
6916
7075
6917
7076
6918
6919
6920
7079
6921
7080
6922
6923
6924
7083
6925
7084
6926
6927
6928
7087
6929
7088
6930
6931
6932
7091
6933
7092
6934
6935
6936
7095
6937
7096
6938
6939
6940
7099
6941
7100
6942
6943
6944
7103
6945
7104
6946
6947
6948
7107
6949
7108
6950
6951
6952
7111
6953
7112
6954
6955
6956
7115
6957
7116
6958
6959
6960
7119
6961
7120
6962
6963
6964
7123
6965
7124
6966
6967
6968
7127
6969
7128
6970
6971
6972
7131
6973
7132
6974
6975
6976
7135
6977
7136
6978
6979
6980
7139
6981
7140
6982
6983
6984
7143
6985
7144
6986
6987
6988
7147
6989
7148
6990
6991
6992
7151
6993
7152
6994
6995
6996
7155
6997
7156
6998
6999
7000
7159
7001
7160
7002
7003
7004
7163
7005
7164
7006
7007
7008
7167
7009
7168
7010
7011
7012
7171
7013
7172
7014
7015
7016
7175
7017
7176
7018
7019
7020
7179
7021
7180
7022
7023
7024
7183
7025
7184
7026
7027
7028
7187
7029
7188
7030
7031
7032
7191
7033
7192
7034
7035
7036
7195
7037
7196
7038
7039
7199
7041
7042
7201
7043
7202
7044
7045
7046
7205
7047
7206
7048
7049
7050
7209
7051
7210
7052
7053
7054
7213
7055
7214
7056
7057
7058
7217
7059
7218
7060
7061
7062
7221
7063
7222
7064
7065
7066
7225
7067
7226
7068
7069
7070
7229
7071
7230
7072
7073
7074
7233
7075
7234
7076
7077
7078
7237
7079
7238
7080
7081
7082
7241
7083
7242
7084
7085
7086
7245
7087
7246
7088
7089
7090
7249
7091
7250
7092
7093
7094
7253
7095
7254
7096
7097
7098
7257
7099
7258
7100
7101
7102
7261
7103
7262
7104
7105
7106
7265
7107
7266
7108
7109
7110
7269
7111
7270
7112
7113
7114
7273
7115
7274
7116
7117
7118
7277
7119
7278
7120
7121
7122
7281
7123
7282
7124
7125
7126
7285
7127
7286
7128
7129
7130
7289
7131
7290
7132
7133
7134
7293
7135
7294
7136
7137
7138
7297
7139
7298
7140
7141
7142
7301
7143
7302
7144
7145
7146
7305
7147
7306
7148
7149
7150
7309
7151
7310
7152
7153
7154
7313
7155
7314
7156
7157
7158
7317
7159
7318
7160
7161
7162
7321
7163
7322
7164
7165
7166
7325
7167
7326
7168
7169
7170
7329
7171
7330
7172
7173
7174
7333
7175
7334
7176
7177
7178
7337
7179
7338
7180
7181
7182
7341
7183
7342
7184
7185
7186
7345
7187
7346
7188
7189
7190
7349
7191
7350
7192
7193
7194
7353
7195
7354
7196
7197
7198
7357
7199
7358
7201
7360
7202
7203
7204
7363
7205
7364
7206
7207
7208
7367
7209
7368
7210
7211
7212
7371
7213
7372
7214
7215
7216
7375
7217
7376
7218
7219
7220
7379
7221
7380
7222
7223
7224
7383
7225
7384
7226
7227
7228
7387
7229
7388
7230
7231
7232
7391
7233
7392
7234
7235
7236
7395
7237
7396
7238
7239
7240
7399
7241
7400
7242
7243
7244
7403
7245
7404
7246
7247
7248
7407
7249
7408
7250
7251
7252
7411
7253
7412
7254
7255
7256
7415
7257
7416
7258
7259
7260
7419
7261
7420
7262
7263
7264
7423
7265
7424
7266
7267
7268
7427
7269
7428
7270
7271
7272
7431
7273
7432
7274
7275
7276
7435
7277
7436
7278
7279
7280
7439
7281
7440
7282
7283
7284
7443
7285
7444
7286
7287
7288
7447
7289
7448
7290
7291
7292
7451
7293
7452
7294
7295
7296
7455
7297
7456
7298
7299
7300
7459
7301
7460
7302
7303
7304
7463
7305
7464
7306
7307
7308
7467
7309
7468
7310
7311
7312
7471
7313
7472
7314
7315
7316
7475
7317
7476
7318
7319
7320
7479
7321
7480
7322
7323
7324
7483
7325
7484
7326
7327
7328
7487
7329
7488
7330
7331
7332
7491
7333
7492
7334
7335
7336
7495
7337
7496
7338
7339
7340
7499
7341
7500
7342
7343
7344
7503
7345
7504
7346
7347
7348
7507
7349
7508
7350
7351
7352
7511
7353
7512
7354
7355
7356
7515
7357
7516
7358
7359
7519
7361
7362
7521
7363
7522
7364
7365
7366
7525
7367
7526
7368
7369
7370
7529
7371
7530
7372
7373
7374
7533
7375
7534
7376
7377
7378
7537
7379
7538
7380
7381
7382
7541
7383
7542
7384
7385
7386
7545
7387
7546
7388
7389
7390
7549
7391
7550
7392
7393
7394
7553
7395
7554
7396
7397
7398
7557
7399
7558
7400
7401
7402
7561
7403
7562
7404
7405
7406
7565
7407
7566
7408
7409
7410
7569
7411
7570
7412
7413
7414
7573
7415
7574
7416
7417
7418
7577
7419
7578
7420
7421
7422
7581
7423
7582
7424
7425
7426
7585
7427
7586
7428
7429
7430
7589
7431
7590
7432
7433
7434
7593
7435
7594
7436
7437
7438
7597
7439
7598
7440
7441
7442
7601
7443
7602
7444
7445
7446
7605
7447
7606
7448
7449
7450
7609
7451
7610
7452
7453
7454
7613
7455
7614
7456
7457
7458
7617
7459
7618
7460
7461
7462
7621
7463
7622
7464
7465
7466
7625
7467
7626
7468
7469
7470
7629
7471
7630
7472
7473
7474
7633
7475
7634
7476
7477
7478
7637
7479
7638
7480
7481
7482
7641
7483
7642
7484
7485
7486
7645
7487
7646
7488
7489
7490
7649
7491
7650
7492
7493
7494
7653
7495
7654
7496
7497
7498
7657
7499
7658
7500
7501
7502
7661
7503
7662
7504
7505
7506
7665
7507
7666
7508
7509
7510
7669
7511
7670
7512
7513
7514
7673
7515
7674
7516
7517
7518
7677
7519
7678
7521
7680
7522
7523
7524
7683
7525
7684
7526
7527
7528
7687
7529
7688
7530
7531
7532
7691
7533
7692
7534
7535
7536
7695
7537
7696
7538
7539
7540
7699
7541
7700
7542
7543
7544
7703
7545
7704
7546
7547
7548
7707
7549
7708
7550
7551
7552
7711
7553
7712
7554
7555
7556
7715
7557
7716
7558
7559
7560
7719
7561
7720
7562
7563
7564
7723
7565
7724
7566
7567
7568
7727
7569
7728
7570
7571
7572
7731
7573
7732
7574
7575
7576
7735
7577
7736
7578
7579
7580
7739
7581
7740
7582
7583
7584
7743
7585
7744
7586
7587
7588
7747
7589
7748
7590
7591
7592
7751
7593
7752
7594
7595
7596
7755
7597
7756
7598
7599
7600
7759
7601
7760
7602
7603
7604
7763
7605
7764
7606
7607
7608
7767
7609
7768
7610
7611
7612
7771
7613
7772
7614
7615
7616
7775
7617
7776
7618
7619
7620
7779
7621
7780
7622
7623
7624
7783
7625
7784
7626
7627
7628
7787
7629
7788
7630
7631
7632
7791
7633
7792
7634
7635
7636
7795
7637
7796
7638
7639
7640
7799
7641
7800
7642
7643
7644
7803
7645
7804
7646
7647
7648
7807
7649
7808
7650
7651
7652
7811
7653
7812
7654
7655
7656
7815
7657
7816
7658
7659
7660
7819
7661
7820
7662
7663
7664
7823
7665
7824
7666
7667
7668
7827
7669
7828
7670
7671
7672
7831
7673
7832
7674
7675
7676
7835
7677
7836
7678
7679
7839
7681
7682
7841
7683
7842
7684
7685
7686
7845
7687
7846
7688
7689
7690
7849
7691
7850
7692
7693
7694
7853
7695
7854
7696
7697
7698
7857
7699
7858
7700
7701
7702
7861
7703
7862
7704
7705
7706
7865
7707
7866
7708
7709
7710
7869
7711
7870
7712
7713
7714
7873
7715
7874
7716
7717
7718
7877
7719
7878
7720
7721
7722
7881
7723
7882
7724
7725
7726
7885
7727
7886
7728
7729
7730
7889
7731
7890
7732
7733
7734
7893
7735
7894
7736
7737
7738
7897
7739
7898
7740
7741
7742
7901
7743
7902
7744
7745
7746
7905
7747
7906
7748
7749
7750
7909
7751
7910
7752
7753
7754
7913
7755
7914
7756
7757
7758
7917
7759
7918
7760
7761
7762
7921
7763
7922
7764
7765
7766
7925
7767
7926
7768
7769
7770
7929
7771
7930
7772
7773
7774
7933
7775
7934
7776
7777
7778
7937
7779
7938
7780
7781
7782
7941
7783
7942
7784
7785
7786
7945
7787
7946
7788
7789
7790
7949
7791
7950
7792
7793
7794
7953
7795
7954
7796
7797
7798
7957
7799
7958
7800
7801
7802
7961
7803
7962
7804
7805
7806
7965
7807
7966
7808
7809
7810
7969
7811
7970
7812
7813
7814
7973
7815
7974
7816
7817
7818
7977
7819
7978
7820
7821
7822
7981
7823
7982
7824
7825
7826
7985
7827
7986
7828
7829
7830
7989
7831
7990
7832
7833
7834
7993
7835
7994
7836
7837
7838
7997
7839
7998
7841
8000
7842
7843
7844
8003
7845
8004
7846
7847
7848
8007
7849
8008
7850
7851
7852
8011
7853
8012
7854
7855
7856
8015
7857
8016
7858
7859
7860
8019
7861
8020
7862
7863
7864
8023
7865
8024
7866
7867
7868
8027
7869
8028
7870
7871
7872
8031
7873
8032
7874
7875
7876
8035
7877
8036
7878
7879
7880
8039
7881
8040
7882
7883
7884
8043
7885
8044
7886
7887
7888
8047
7889
8048
7890
7891
7892
8051
7893
8052
7894
7895
7896
8055
7897
8056
7898
7899
7900
8059
7901
8060
7902
7903
7904
8063
7905
8064
7906
7907
7908
8067
7909
8068
7910
7911
7912
8071
7913
8072
7914
7915
7916
8075
7917
8076
7918
7919
7920
8079
7921
8080
7922
7923
7924
8083
7925
8084
7926
7927
7928
8087
7929
8088
7930
7931
7932
8091
7933
8092
7934
7935
7936
8095
7937
8096
7938
7939
7940
8099
7941
8100
7942
7943
7944
8103
7945
8104
7946
7947
7948
8107
7949
8108
7950
7951
7952
8111
7953
8112
7954
7955
7956
8115
7957
8116
7958
7959
7960
8119
7961
8120
7962
7963
7964
8123
7965
8124
7966
7967
7968
8127
7969
8128
7970
7971
7972
8131
7973
8132
7974
7975
7976
8135
7977
8136
7978
7979
7980
8139
7981
8140
7982
7983
7984
8143
7985
8144
7986
7987
7988
8147
7989
8148
7990
7991
7992
8151
7993
8152
7994
7995
7996
8155
7997
8156
7998
7999
8159
8001
8002
8161
8003
8162
8004
8005
8006
8165
8007
8166
8008
8009
8010
8169
8011
8170
8012
8013
8014
8173
8015
8174
8016
8017
8018
8177
8019
8178
8020
8021
8022
8181
8023
8182
8024
8025
8026
8185
8027
8186
8028
8029
8030
8189
8031
8190
8032
8033
8034
8193
8035
8194
8036
8037
8038
8197
8039
8198
8040
8041
8042
8201
8043
8202
8044
8045
8046
8205
8047
8206
8048
8049
8050
8209
8051
8210
8052
8053
8054
8213
8055
8214
8056
8057
8058
8217
8059
8218
8060
8061
8062
8221
8063
8222
8064
8065
8066
8225
8067
8226
8068
8069
8070
8229
8071
8230
8072
8073
8074
8233
8075
8234
8076
8077
8078
8237
8079
8238
8080
8081
8082
8241
8083
8242
8084
8085
8086
8245
8087
8246
8088
8089
8090
8249
8091
8250
8092
8093
8094
8253
8095
8254
8096
8097
8098
8257
8099
8258
8100
8101
8102
8261
8103
8262
8104
8105
8106
8265
8107
8266
8108
8109
8110
8269
8111
8270
8112
8113
8114
8273
8115
8274
8116
8117
8118
8277
8119
8278
8120
8121
8122
8281
8123
8282
8124
8125
8126
8285
8127
8286
8128
8129
8130
8289
8131
8290
8132
8133
8134
8293
8135
8294
8136
8137
8138
8297
8139
8298
8140
8141
8142
8301
8143
8302
8144
8145
8146
8305
8147
8306
8148
8149
8150
8309
8151
8310
8152
8153
8154
8313
8155
8314
8156
8157
8158
8317
8159
8318
8161
8320
8162
8163
8164
8323
8165
8324
8166
8167
8168
8327
8169
8328
8170
8171
8172
8331
8173
8332
8174
8175
8176
8335
8177
8336
8178
8179
8180
8339
8181
8340
8182
8183
8184
8343
8185
8344
8186
8187
8188
8347
8189
8348
8190
8191
8192
8351
8193
8352
8194
8195
8196
8355
8197
8356
8198
8199
8200
8359
8201
8360
8202
8203
8204
8363
8205
8364
8206
8207
8208
8367
8209
8368
8210
8211
8212
8371
8213
8372
8214
8215
8216
8375
8217
8376
8218
8219
8220
8379
8221
8380
8222
8223
8224
8383
8225
8384
8226
8227
8228
8387
8229
8388
8230
8231
8232
8391
8233
8392
8234
8235
8236
8395
8237
8396
8238
8239
8240
8399
8241
8400
8242
8243
8244
8403
8245
8404
8246
8247
8248
8407
8249
8408
8250
8251
8252
8411
8253
8412
8254
8255
8256
8415
8257
8416
8258
8259
8260
8419
8261
8420
8262
8263
8264
8423
8265
8424
8266
8267
8268
8427
8269
8428
8270
8271
8272
8431
8273
8432
8274
8275
8276
8435
8277
8436
8278
8279
8280
8439
8281
8440
8282
8283
8284
8443
8285
8444
8286
8287
8288
8447
8289
8448
8290
8291
8292
8451
8293
8452
8294
8295
8296
8455
8297
8456
8298
8299
8300
8459
8301
8460
8302
8303
8304
8463
8305
8464
8306
8307
8308
8467
8309
8468
8310
8311
8312
8471
8313
8472
8314
8315
8316
8475
8317
8476
8318
8319
8479
8321
8322
8481
8323
8482
8324
8325
8326
8485
8327
8486
8328
8329
8330
8489
8331
8490
8332
8333
8334
8493
8335
8494
8336
8337
8338
8497
8339
8498
8340
8341
8342
8501
8343
8502
8344
8345
8346
8505
8347
8506
8348
8349
8350
8509
8351
8510
8352
8353
8354
8513
8355
8514
8356
8357
8358
8517
8359
8518
8360
8361
8362
8521
8363
8522
8364
8365
8366
8525
8367
8526
8368
8369
8370
8529
8371
8530
8372
8373
8374
8533
8375
8534
8376
8377
8378
8537
8379
8538
8380
8381
8382
8541
8383
8542
8384
8385
8386
8545
8387
8546
8388
8389
8390
8549
8391
8550
8392
8393
8394
8553
8395
8554
8396
8397
8398
8557
8399
8558
8400
8401
8402
8561
8403
8562
8404
8405
8406
8565
8407
8566
8408
8409
8410
8569
8411
8570
8412
8413
8414
8573
8415
8574
8416
8417
8418
8577
8419
8578
8420
8421
8422
8581
8423
8582
8424
8425
8426
8585
8427
8586
8428
8429
8430
8589
8431
8590
8432
8433
8434
8593
8435
8594
8436
8437
8438
8597
8439
8598
8440
8441
8442
8601
8443
8602
8444
8445
8446
8605
8447
8606
8448
8449
8450
8609
8451
8610
8452
8453
8454
8613
8455
8614
8456
8457
8458
8617
8459
8618
8460
8461
8462
8621
8463
8622
8464
8465
8466
8625
8467
8626
8468
8469
8470
8629
8471
8630
8472
8473
8474
8633
8475
8634
8476
8477
8478
8637
8479
8638
8481
8640
8482
8483
8484
8643
8485
8644
8486
8487
8488
8647
8489
8648
8490
8491
8492
8651
8493
8652
8494
8495
8496
8655
8497
8656
8498
8499
8500
8659
8501
8660
8502
8503
8504
8663
8505
8664
8506
8507
8508
8667
8509
8668
8510
8511
8512
8671
8513
8672
8514
8515
8516
8675
8517
8676
8518
8519
8520
8679
8521
8680
8522
8523
8524
8683
8525
8684
8526
8527
8528
8687
8529
8688
8530
8531
8532
8691
8533
8692
8534
8535
8536
8695
8537
8696
8538
8539
8540
8699
8541
8700
8542
8543
8544
8703
8545
8704
8546
8547
8548
8707
8549
8708
8550
8551
8552
8711
8553
8712
8554
8555
8556
8715
8557
8716
8558
8559
8560
8719
8561
8720
8562
8563
8564
8723
8565
8724
8566
8567
8568
8727
8569
8728
8570
8571
8572
8731
8573
8732
8574
8575
8576
8735
8577
8736
8578
8579
8580
8739
8581
8740
8582
8583
8584
8743
8585
8744
8586
8587
8588
8747
8589
8748
8590
8591
8592
8751
8593
8752
8594
8595
8596
8755
8597
8756
8598
8599
8600
8759
8601
8760
8602
8603
8604
8763
8605
8764
8606
8607
8608
8767
8609
8768
8610
8611
8612
8771
8613
8772
8614
8615
8616
8775
8617
8776
8618
8619
8620
8779
8621
8780
8622
8623
8624
8783
8625
8784
8626
8627
8628
8787
8629
8788
8630
8631
8632
8791
8633
8792
8634
8635
8636
8795
8637
8796
8638
8639
8799
8641
8642
8801
8643
8802
8644
8645
8646
8805
8647
8806
8648
8649
8650
8809
8651
8810
8652
8653
8654
8813
8655
8814
8656
8657
8658
8817
8659
8818
8660
8661
8662
8821
8663
8822
8664
8665
8666
8825
8667
8826
8668
8669
8670
8829
8671
8830
8672
8673
8674
8833
8675
8834
8676
8677
8678
8837
8679
8838
8680
8681
8682
8841
8683
8842
8684
8685
8686
8845
8687
8846
8688
8689
8690
8849
8691
8850
8692
8693
8694
8853
8695
8854
8696
8697
8698
8857
8699
8858
8700
8701
8702
8861
8703
8862
8704
8705
8706
8865
8707
8866
8708
8709
8710
8869
8711
8870
8712
8713
8714
8873
8715
8874
8716
8717
8718
8877
8719
8878
8720
8721
8722
8881
8723
8882
8724
8725
8726
8885
8727
8886
8728
8729
8730
8889
8731
8890
8732
8733
8734
8893
8735
8894
8736
8737
8738
8897
8739
8898
8740
8741
8742
8901
8743
8902
8744
8745
8746
8905
8747
8906
8748
8749
8750
8909
8751
8910
8752
8753
8754
8913
8755
8914
8756
8757
8758
8917
8759
8918
8760
8761
8762
8921
8763
8922
8764
8765
8766
8925
8767
8926
8768
8769
8770
8929
8771
8930
8772
8773
8774
8933
8775
8934
8776
8777
8778
8937
8779
8938
8780
8781
8782
8941
8783
8942
8784
8785
8786
8945
8787
8946
8788
8789
8790
8949
8791
8950
8792
8793
8794
8953
8795
8954
8796
8797
8798
8957
8799
8958
8801
8960
8802
8803
8804
8963
8805
8964
8806
8807
8808
8967
8809
8968
8810
8811
8812
8971
8813
8972
8814
8815
8816
8975
8817
8976
8818
8819
8820
8979
8821
8980
8822
8823
8824
8983
8825
8984
8826
8827
8828
8987
8829
8988
8830
8831
8832
8991
8833
8992
8834
8835
8836
8995
8837
8996
8838
8839
8840
8999
8841
9000
8842
8843
8844
9003
8845
9004
8846
8847
8848
9007
8849
9008
8850
8851
8852
9011
8853
9012
8854
8855
8856
9015
8857
9016
8858
8859
8860
9019
8861
9020
8862
8863
8864
9023
8865
9024
8866
8867
8868
9027
8869
9028
8870
8871
8872
9031
8873
9032
8874
8875
8876
9035
8877
9036
8878
8879
8880
9039
8881
9040
8882
8883
8884
9043
8885
9044
8886
8887
8888
9047
8889
9048
8890
8891
8892
9051
8893
9052
8894
8895
8896
9055
8897
9056
8898
8899
8900
9059
8901
9060
8902
8903
8904
9063
8905
9064
8906
8907
8908
9067
8909
9068
8910
8911
8912
9071
8913
9072
8914
8915
8916
9075
8917
9076
8918
8919
8920
9079
8921
9080
8922
8923
8924
9083
8925
9084
8926
8927
8928
9087
8929
9088
8930
8931
8932
9091
8933
9092
8934
8935
8936
9095
8937
9096
8938
8939
8940
9099
8941
9100
8942
8943
8944
9103
8945
9104
8946
8947
8948
9107
8949
9108
8950
8951
8952
9111
8953
9112
8954
8955
8956
9115
8957
9116
8958
8959
9119
8961
8962
9121
8963
9122
8964
8965
8966
9125
8967
9126
8968
8969
8970
9129
8971
9130
8972
8973
8974
9133
8975
9134
8976
8977
8978
9137
8979
9138
8980
8981
8982
9141
8983
9142
8984
8985
8986
9145
8987
9146
8988
8989
8990
9149
8991
9150
8992
8993
8994
9153
8995
9154
8996
8997
8998
9157
8999
9158
9000
9001
9002
9161
9003
9162
9004
9005
9006
9165
9007
9166
9008
9009
9010
9169
9011
9170
9012
9013
9014
9173
9015
9174
9016
9017
9018
9177
9019
9178
9020
9021
9022
9181
9023
9182
9024
9025
9026
9185
9027
9186
9028
9029
9030
9189
9031
9190
9032
9033
9034
9193
9035
9194
9036
9037
9038
9197
9039
9198
9040
9041
9042
9201
9043
9202
9044
9045
9046
9205
9047
9206
9048
9049
9050
9209
9051
9210
9052
9053
9054
9213
9055
9214
9056
9057
9058
9217
9059
9218
9060
9061
9062
9221
9063
9222
9064
9065
9066
9225
9067
9226
9068
9069
9070
9229
9071
9230
9072
9073
9074
9233
9075
9234
9076
9077
9078
9237
9079
9238
9080
9081
9082
9241
9083
9242
9084
9085
9086
9245
9087
9246
9088
9089
9090
9249
9091
9250
9092
9093
9094
9253
9095
9254
9096
9097
9098
9257
9099
9258
9100
9101
9102
9261
9103
9262
9104
9105
9106
9265
9107
9266
9108
9109
9110
9269
9111
9270
9112
9113
9114
9273
9115
9274
9116
9117
9118
9277
9119
9278
9121
9280
9122
9123
9124
9283
9125
9284
9126
9127
9128
9287
9129
9288
9130
9131
9132
9291
9133
9292
9134
9135
9136
9295
9137
9296
9138
9139
9140
9299
9141
9300
9142
9143
9144
9303
9145
9304
9146
9147
9148
9307
9149
9308
9150
9151
9152
9311
9153
9312
9154
9155
9156
9315
9157
9316
9158
9159
9160
9319
9161
9320
9162
9163
9164
9323
9165
9324
9166
9167
9168
9327
9169
9328
9170
9171
9172
9331
9173
9332
9174
9175
9176
9335
9177
9336
9178
9179
9180
9339
9181
9340
9182
9183
9184
9343
9185
9344
9186
9187
9188
9347
9189
9348
9190
9191
9192
9351
9193
9352
9194
9195
9196
9355
9197
9356
9198
9199
9200
9359
9201
9360
9202
9203
9204
9363
9205
9364
9206
9207
9208
9367
9209
9368
9210
9211
9212
9371
9213
9372
9214
9215
9216
9375
9217
9376
9218
9219
9220
9379
9221
9380
9222
9223
9224
9383
9225
9384
9226
9227
9228
9387
9229
9388
9230
9231
9232
9391
9233
9392
9234
9235
9236
9395
9237
9396
9238
9239
9240
9399
9241
9400
9242
9243
9244
9403
9245
9404
9246
9247
9248
9407
9249
9408
9250
9251
9252
9411
9253
9412
9254
9255
9256
9415
9257
9416
9258
9259
9260
9419
9261
9420
9262
9263
9264
9423
9265
9424
9266
9267
9268
9427
9269
9428
9270
9271
9272
9431
9273
9432
9274
9275
9276
9435
9277
9436
9278
9279
9439
9281
9282
9441
9283
9442
9284
9285
9286
9445
9287
9446
9288
9289
9290
9449
9291
9450
9292
9293
9294
9453
9295
9454
9296
9297
9298
9457
9299
9458
9300
9301
9302
9461
9303
9462
9304
9305
9306
9465
9307
9466
9308
9309
9310
9469
9311
9470
9312
9313
9314
9473
9315
9474
9316
9317
9318
9477
9319
9478
9320
9321
9322
9481
9323
9482
9324
9325
9326
9485
9327
9486
9328
9329
9330
9489
9331
9490
9332
9333
9334
9493
9335
9494
9336
9337
9338
9497
9339
9498
9340
9341
9342
9501
9343
9502
9344
9345
9346
9505
9347
9506
9348
9349
9350
9509
9351
9510
9352
9353
9354
9513
9355
9514
9356
9357
9358
9517
9359
9518
9360
9361
9362
9521
9363
9522
9364
9365
9366
9525
9367
9526
9368
9369
9370
9529
9371
9530
9372
9373
9374
9533
9375
9534
9376
9377
9378
9537
9379
9538
9380
9381
9382
9541
9383
9542
9384
9385
9386
9545
9387
9546
9388
9389
9390
9549
9391
9550
9392
9393
9394
9553
9395
9554
9396
9397
9398
9557
9399
9558
9400
9401
9402
9561
9403
9562
9404
9405
9406
9565
9407
9566
9408
9409
9410
9569
9411
9570
9412
9413
9414
9573
9415
9574
9416
9417
9418
9577
9419
9578
9420
9421
9422
9581
9423
9582
9424
9425
9426
9585
9427
9586
9428
9429
9430
9589
9431
9590
9432
9433
9434
9593
9435
9594
9436
9437
9438
9597
9439
9598
9441
9600
9442
9443
9444
9603
9445
9604
9446
9447
9448
9607
9449
9608
9450
9451
9452
9611
9453
9612
9454
9455
9456
9615
9457
9616
9458
9459
9460
9619
9461
9620
9462
9463
9464
9623
9465
9624
9466
9467
9468
9627
9469
9628
9470
9471
9472
9631
9473
9632
9474
9475
9476
9635
9477
9636
9478
9479
9480
9639
9481
9640
9482
9483
9484
9643
9485
9644
9486
9487
9488
9647
9489
9648
9490
9491
9492
9651
9493
9652
9494
9495
9496
9655
9497
9656
9498
9499
9500
9659
9501
9660
9502
9503
9504
9663
9505
9664
9506
9507
9508
9667
9509
9668
9510
9511
9512
9671
9513
9672
9514
9515
9516
9675
9517
9676
9518
9519
9520
9679
9521
9680
9522
9523
9524
9683
9525
9684
9526
9527
9528
9687
9529
9688
9530
9531
9532
9691
9533
9692
9534
9535
9536
9695
9537
9696
9538
9539
9540
9699
9541
9700
9542
9543
9544
9703
9545
9704
9546
9547
9548
9707
9549
9708
9550
9551
9552
9711
9553
9712
9554
9555
9556
9715
9557
9716
9558
9559
9560
9719
9561
9720
9562
9563
9564
9723
9565
9724
9566
9567
9568
9727
9569
9728
9570
9571
9572
9731
9573
9732
9574
9575
9576
9735
9577
9736
9578
9579
9580
9739
9581
9740
9582
9583
9584
9743
9585
9744
9586
9587
9588
9747
9589
9748
9590
9591
9592
9751
9593
9752
9594
9595
9596
9755
9597
9756
9598
9599
9759
9601
9602
9761
9603
9762
9604
9605
9606
9765
9607
9766
9608
9609
9610
9769
9611
9770
9612
9613
9614
9773
9615
9774
9616
9617
9618
9777
9619
9778
9620
9621
9622
9781
9623
9782
9624
9625
9626
9785
9627
9786
9628
9629
9630
9789
9631
9790
9632
9633
9634
9793
9635
9794
9636
9637
9638
9797
9639
9798
9640
9641
9642
9801
9643
9802
9644
9645
9646
9805
9647
9806
9648
9649
9650
9809
9651
9810
9652
9653
9654
9813
9655
9814
9656
9657
9658
9817
9659
9818
9660
9661
9662
9821
9663
9822
9664
9665
9666
9825
9667
9826
9668
9669
9670
9829
9671
9830
9672
9673
9674
9833
9675
9834
9676
9677
9678
9837
9679
9838
9680
9681
9682
9841
9683
9842
9684
9685
9686
9845
9687
9846
9688
9689
9690
9849
9691
9850
9692
9693
9694
9853
9695
9854
9696
9697
9698
9857
9699
9858
9700
9701
9702
9861
9703
9862
9704
9705
9706
9865
9707
9866
9708
9709
9710
9869
9711
9870
9712
9713
9714
9873
9715
9874
9716
9717
9718
9877
9719
9878
9720
9721
9722
9881
9723
9882
9724
9725
9726
9885
9727
9886
9728
9729
9730
9889
9731
9890
9732
9733
9734
9893
9735
9894
9736
9737
9738
9897
9739
9898
9740
9741
9742
9901
9743
9902
9744
9745
9746
9905
9747
9906
9748
9749
9750
9909
9751
9910
9752
9753
9754
9913
9755
9914
9756
9757
9758
9917
9759
9918
9761
9920
9762
9763
9764
9923
9765
9924
9766
9767
9768
9927
9769
9928
9770
9771
9772
9931
9773
9932
9774
9775
9776
9935
9777
9936
9778
9779
9780
9939
9781
9940
9782
9783
9784
9943
9785
9944
9786
9787
9788
9947
9789
9948
9790
9791
9792
9951
9793
9952
9794
9795
9796
9955
9797
9956
9798
9799
9800
9959
9801
9960
9802
9803
9804
9963
9805
9964
9806
9807
9808
9967
9809
9968
9810
9811
9812
9971
9813
9972
9814
9815
9816
9975
9817
9976
9818
9819
9820
9979
9821
9980
9822
9823
9824
9983
9825
9984
9826
9827
9828
9987
9829
9988
9830
9831
9832
9991
9833
9992
9834
9835
9836
9995
9837
9996
9838
9839
9840
9999
9841
10000
9842
9843
9844
10003
9845
10004
9846
9847
9848
10007
9849
10008
9850
9851
9852
10011
9853
10012
9854
9855
9856
10015
9857
10016
9858
9859
9860
10019
9861
10020
9862
9863
9864
10023
9865
10024
9866
9867
9868
10027
9869
10028
9870
9871
9872
10031
9873
10032
9874
9875
9876
10035
9877
10036
9878
9879
9880
10039
9881
10040
9882
9883
9884
10043
9885
10044
9886
9887
9888
10047
9889
10048
9890
9891
9892
10051
9893
10052
9894
9895
9896
10055
9897
10056
9898
9899
9900
10059
9901
10060
9902
9903
9904
10063
9905
10064
9906
9907
9908
10067
9909
10068
9910
9911
9912
10071
9913
10072
9914
9915
9916
10075
9917
10076
9918
9919
10079
9921
9922
10081
9923
10082
9924
9925
9926
10085
9927
10086
9928
9929
9930
10089
9931
10090
9932
9933
9934
10093
9935
10094
9936
9937
9938
10097
9939
10098
9940
9941
9942
10101
9943
10102
9944
9945
9946
10105
9947
10106
9948
9949
9950
10109
9951
10110
9952
9953
9954
10113
9955
10114
9956
9957
9958
10117
9959
10118
9960
9961
9962
10121
9963
10122
9964
9965
9966
10125
9967
10126
9968
9969
9970
10129
9971
10130
9972
9973
9974
10133
9975
10134
9976
9977
9978
10137
9979
10138
9980
9981
9982
10141
9983
10142
9984
9985
9986
10145
9987
10146
9988
9989
9990
10149
9991
10150
9992
9993
9994
10153
9995
10154
9996
9997
9998
10157
9999
10158
10000
10001
10002
10161
10003
10162
10004
10005
10006
10165
10007
10166
10008
10009
10010
10169
10011
10170
10012
10013
10014
10173
10015
10174
10016
10017
10018
10177
10019
10178
10020
10021
10022
10181
10023
10182
10024
10025
10026
10185
10027
10186
10028
10029
10030
10189
10031
10190
10032
10033
10034
10193
10035
10194
10036
10037
10038
10197
10039
10198
10040
10041
10042
10201
10043
10202
10044
10045
10046
10205
10047
10206
10048
10049
10050
10209
10051
10210
10052
10053
10054
10213
10055
10214
10056
10057
10058
10217
10059
10218
10060
10061
10062
10221
10063
10222
10064
10065
10066
10225
10067
10226
10068
10069
10070
10229
10071
10230
10072
10073
10074
10233
10075
10234
10076
10077
10078
10237
10079
10238
10081
10240
10082
10083
10084
10243
10085
10244
10086
10087
10088
10247
10089
10248
10090
10091
10092
10251
10093
10252
10094
10095
10096
10255
10097
10256
10098
10099
10100
10259
10101
10260
10102
10103
10104
10263
10105
10264
10106
10107
10108
10267
10109
10268
10110
10111
10112
10271
10113
10272
10114
10115
10116
10275
10117
10276
10118
10119
10120
10279
10121
10280
10122
10123
10124
10283
10125
10284
10126
10127
10128
10287
10129
10288
10130
10131
10132
10291
10133
10292
10134
10135
10136
10295
10137
10296
10138
10139
10140
10299
10141
10300
10142
10143
10144
10303
10145
10304
10146
10147
10148
10307
10149
10308
10150
10151
10152
10311
10153
10312
10154
10155
10156
10315
10157
10316
10158
10159
10160
10319
10161
10320
10162
10163
10164
10323
10165
10324
10166
10167
10168
10327
10169
10328
10170
10171
10172
10331
10173
10332
10174
10175
10176
10335
10177
10336
10178
10179
10180
10339
10181
10340
10182
10183
10184
10343
10185
10344
10186
10187
10188
10347
10189
10348
10190
10191
10192
10351
10193
10352
10194
10195
10196
10355
10197
10356
10198
10199
10200
10359
10201
10360
10202
10203
10204
10363
10205
10364
10206
10207
10208
10367
10209
10368
10210
10211
10212
10371
10213
10372
10214
10215
10216
10375
10217
10376
10218
10219
10220
10379
10221
10380
10222
10223
10224
10383
10225
10384
10226
10227
10228
10387
10229
10388
10230
10231
10232
10391
10233
10392
10234
10235
10236
10395
10237
10396
10238
10239
10399
10241
10242
10401
10243
10402
10244
10245
10246
10405
10247
10406
10248
10249
10250
10409
10251
10410
10252
10253
10254
10413
10255
10414
10256
10257
10258
10417
10259
10418
10260
10261
10262
10421
10263
10422
10264
10265
10266
10425
10267
10426
10268
10269
10270
10429
10271
10430
10272
10273
10274
10433
10275
10434
10276
10277
10278
10437
10279
10438
10280
10281
10282
10441
10283
10442
10284
10285
10286
10445
10287
10446
10288
10289
10290
10449
10291
10450
10292
10293
10294
10453
10295
10454
10296
10297
10298
10457
10299
10458
10300
10301
10302
10461
10303
10462
10304
10305
10306
10465
10307
10466
10308
10309
10310
10469
10311
10470
10312
10313
10314
10473
10315
10474
10316
10317
10318
10477
10319
10478
10320
10321
10322
10481
10323
10482
10324
10325
10326
10485
10327
10486
10328
10329
10330
10489
10331
10490
10332
10333
10334
10493
10335
10494
10336
10337
10338
10497
10339
10498
10340
10341
10342
10501
10343
10502
10344
10345
10346
10505
10347
10506
10348
10349
10350
10509
10351
10510
10352
10353
10354
10513
10355
10514
10356
10357
10358
10517
10359
10518
10360
10361
10362
10521
10363
10522
10364
10365
10366
10525
10367
10526
10368
10369
10370
10529
10371
10530
10372
10373
10374
10533
10375
10534
10376
10377
10378
10537
10379
10538
10380
10381
10382
10541
10383
10542
10384
10385
10386
10545
10387
10546
10388
10389
10390
10549
10391
10550
10392
10393
10394
10553
10395
10554
10396
10397
10398
10557
10399
10558
10401
10560
10402
10403
10404
10563
10405
10564
10406
10407
10408
10567
10409
10568
10410
10411
10412
10571
10413
10572
10414
10415
10416
10575
10417
10576
10418
10419
10420
10579
10421
10580
10422
10423
10424
10583
10425
10584
10426
10427
10428
10587
10429
10588
10430
10431
10432
10591
10433
10592
10434
10435
10436
10595
10437
10596
10438
10439
10440
10599
10441
10600
10442
10443
10444
10603
10445
10604
10446
10447
10448
10607
10449
10608
10450
10451
10452
10611
10453
10612
10454
10455
10456
10615
10457
10616
10458
10459
10460
10619
10461
10620
10462
10463
10464
10623
10465
10624
10466
10467
10468
10627
10469
10628
10470
10471
10472
10631
10473
10632
10474
10475
10476
10635
10477
10636
10478
10479
10480
10639
10481
10640
10482
10483
10484
10643
10485
10644
10486
10487
10488
10647
10489
10648
10490
10491
10492
10651
10493
10652
10494
10495
10496
10655
10497
10656
10498
10499
10500
10659
10501
10660
10502
10503
10504
10663
10505
10664
10506
10507
10508
10667
10509
10668
10510
10511
10512
10671
10513
10672
10514
10515
10516
10675
10517
10676
10518
10519
10520
10679
10521
10680
10522
10523
10524
10683
10525
10684
10526
10527
10528
10687
10529
10688
10530
10531
10532
10691
10533
10692
10534
10535
10536
10695
10537
10696
10538
10539
10540
10699
10541
10700
10542
10543
10544
10703
10545
10704
10546
10547
10548
10707
10549
10708
10550
10551
10552
10711
10553
10712
10554
10555
10556
10715
10557
10716
10558
10559
10719
10561
10562
10721
10563
10722
10564
10565
10566
10725
10567
10726
10568
10569
10570
10729
10571
10730
10572
10573
10574
10733
10575
10734
10576
10577
10578
10737
10579
10738
10580
10581
10582
10741
10583
10742
10584
10585
10586
10745
10587
10746
10588
10589
10590
10749
10591
10750
10592
10593
10594
10753
10595
10754
10596
10597
10598
10757
10599
10758
10600
10601
10602
10761
10603
10762
10604
10605
10606
10765
10607
10766
10608
10609
10610
10769
10611
10770
10612
10613
10614
10773
10615
10774
10616
10617
10618
10777
10619
10778
10620
10621
10622
10781
10623
10782
10624
10625
10626
10785
10627
10786
10628
10629
10630
10789
10631
10790
10632
10633
10634
10793
10635
10794
10636
10637
10638
10797
10639
10798
10640
10641
10642
10801
10643
10802
10644
10645
10646
10805
10647
10806
10648
10649
10650
10809
10651
10810
10652
10653
10654
10813
10655
10814
10656
10657
10658
10817
10659
10818
10660
10661
10662
10821
10663
10822
10664
10665
10666
10825
10667
10826
10668
10669
10670
10829
10671
10830
10672
10673
10674
10833
10675
10834
10676
10677
10678
10837
10679
10838
10680
10681
10682
10841
10683
10842
10684
10685
10686
10845
10687
10846
10688
10689
10690
10849
10691
10850
10692
10693
10694
10853
10695
10854
10696
10697
10698
10857
10699
10858
10700
10701
10702
10861
10703
10862
10704
10705
10706
10865
10707
10866
10708
10709
10710
10869
10711
10870
10712
10713
10714
10873
10715
10874
10716
10717
10718
10877
10719
10878
10721
10880
10722
10723
10724
10883
10725
10884
10726
10727
10728
10887
10729
10888
10730
10731
10732
10891
10733
10892
10734
10735
10736
10895
10737
10896
10738
10739
10740
10899
10741
10900
10742
10743
10744
10903
10745
10904
10746
10747
10748
10907
10749
10908
10750
10751
10752
10911
10753
10912
10754
10755
10756
10915
10757
10916
10758
10759
10760
10919
10761
10920
10762
10763
10764
10923
10765
10924
10766
10767
10768
10927
10769
10928
10770
10771
10772
10931
10773
10932
10774
10775
10776
10935
10777
10936
10778
10779
10780
10939
10781
10940
10782
10783
10784
10943
10785
10944
10786
10787
10788
10947
10789
10948
10790
10791
10792
10951
10793
10952
10794
10795
10796
10955
10797
10956
10798
10799
10800
10959
10801
10960
10802
10803
10804
10963
10805
10964
10806
10807
10808
10967
10809
10968
10810
10811
10812
10971
10813
10972
10814
10815
10816
10975
10817
10976
10818
10819
10820
10979
10821
10980
10822
10823
10824
10983
10825
10984
10826
10827
10828
10987
10829
10988
10830
10831
10832
10991
10833
10992
10834
10835
10836
10995
10837
10996
10838
10839
10840
10999
10841
11000
10842
10843
10844
11003
10845
11004
10846
10847
10848
11007
10849
11008
10850
10851
10852
11011
10853
11012
10854
10855
10856
11015
10857
11016
10858
10859
10860
11019
10861
11020
10862
10863
10864
11023
10865
11024
10866
10867
10868
11027
10869
11028
10870
10871
10872
11031
10873
11032
10874
10875
10876
11035
10877
11036
10878
10879
11039
10881
10882
11041
10883
11042
10884
10885
10886
11045
10887
11046
10888
10889
10890
11049
10891
11050
10892
10893
10894
11053
10895
11054
10896
10897
10898
11057
10899
11058
10900
10901
10902
11061
10903
11062
10904
10905
10906
11065
10907
11066
10908
10909
10910
11069
10911
11070
10912
10913
10914
11073
10915
11074
10916
10917
10918
11077
10919
11078
10920
10921
10922
11081
10923
11082
10924
10925
10926
11085
10927
11086
10928
10929
10930
11089
10931
11090
10932
10933
10934
11093
10935
11094
10936
10937
10938
11097
10939
11098
10940
10941
10942
11101
10943
11102
10944
10945
10946
11105
10947
11106
10948
10949
10950
11109
10951
11110
10952
10953
10954
11113
10955
11114
10956
10957
10958
11117
10959
11118
10960
10961
10962
11121
10963
11122
10964
10965
10966
11125
10967
11126
10968
10969
10970
11129
10971
11130
10972
10973
10974
11133
10975
11134
10976
10977
10978
11137
10979
11138
10980
10981
10982
11141
10983
11142
10984
10985
10986
11145
10987
11146
10988
10989
10990
11149
10991
11150
10992
10993
10994
11153
10995
11154
10996
10997
10998
11157
10999
11158
11000
11001
11002
11161
11003
11162
11004
11005
11006
11165
11007
11166
11008
11009
11010
11169
11011
11170
11012
11013
11014
11173
11015
11174
11016
11017
11018
11177
11019
11178
11020
11021
11022
11181
11023
11182
11024
11025
11026
11185
11027
11186
11028
11029
11030
11189
11031
11190
11032
11033
11034
11193
11035
11194
11036
11037
11038
11197
11039
11198
11041
11200
11042
11043
11044
11203
11045
11204
11046
11047
11048
11207
11049
11208
11050
11051
11052
11211
11053
11212
11054
11055
11056
11215
11057
11216
11058
11059
11060
11219
11061
11220
11062
11063
11064
11223
11065
11224
11066
11067
11068
11227
11069
11228
11070
11071
11072
11231
11073
11232
11074
11075
11076
11235
11077
11236
11078
11079
11080
11239
11081
11240
11082
11083
11084
11243
11085
11244
11086
11087
11088
11247
11089
11248
11090
11091
11092
11251
11093
11252
11094
11095
11096
11255
11097
11256
11098
11099
11100
11259
11101
11260
11102
11103
11104
11263
11105
11264
11106
11107
11108
11267
11109
11268
11110
11111
11112
11271
11113
11272
11114
11115
11116
11275
11117
11276
11118
11119
11120
11279
11121
11280
11122
11123
11124
11283
11125
11284
11126
11127
11128
11287
11129
11288
11130
11131
11132
11291
11133
11292
11134
11135
11136
11295
11137
11296
11138
11139
11140
11299
11141
11300
11142
11143
11144
11303
11145
11304
11146
11147
11148
11307
11149
11308
11150
11151
11152
11311
11153
11312
11154
11155
11156
11315
11157
11316
11158
11159
11160
11319
11161
11320
11162
11163
11164
11323
11165
11324
11166
11167
11168
11327
11169
11328
11170
11171
11172
11331
11173
11332
11174
11175
11176
11335
11177
11336
11178
11179
11180
11339
11181
11340
11182
11183
11184
11343
11185
11344
11186
11187
11188
11347
11189
11348
11190
11191
11192
11351
11193
11352
11194
11195
11196
11355
11197
11356
11198
11199
11359
11201
11202
11361
11203
11362
11204
11205
11206
11365
11207
11366
11208
11209
11210
11369
11211
11370
11212
11213
11214
11373
11215
11374
11216
11217
11218
11377
11219
11378
11220
11221
11222
11381
11223
11382
11224
11225
11226
11385
11227
11386
11228
11229
11230
11389
11231
11390
11232
11233
11234
11393
11235
11394
11236
11237
11238
11397
11239
11398
11240
11241
11242
11401
11243
11402
11244
11245
11246
11405
11247
11406
11248
11249
11250
11409
11251
11410
11252
11253
11254
11413
11255
11414
11256
11257
11258
11417
11259
11418
11260
11261
11262
11421
11263
11422
11264
11265
11266
11425
11267
11426
11268
11269
11270
11429
11271
11430
11272
11273
11274
11433
11275
11434
11276
11277
11278
11437
11279
11438
11280
11281
11282
11441
11283
11442
11284
11285
11286
11445
11287
11446
11288
11289
11290
11449
11291
11450
11292
11293
11294
11453
11295
11454
11296
11297
11298
11457
11299
11458
11300
11301
11302
11461
11303
11462
11304
11305
11306
11465
11307
11466
11308
11309
11310
11469
11311
11470
11312
11313
11314
11473
11315
11474
11316
11317
11318
11477
11319
11478
11320
11321
11322
11481
11323
11482
11324
11325
11326
11485
11327
11486
11328
11329
11330
11489
11331
11490
11332
11333
11334
11493
11335
11494
11336
11337
11338
11497
11339
11498
11340
11341
11342
11501
11343
11502
11344
11345
11346
11505
11347
11506
11348
11349
11350
11509
11351
11510
11352
11353
11354
11513
11355
11514
11356
11357
11358
11517
11359
11518
11361
11520
11362
11363
11364
11523
11365
11524
11366
11367
11368
11527
11369
11528
11370
11371
11372
11531
11373
11532
11374
11375
11376
11535
11377
11536
11378
11379
11380
11539
11381
11540
11382
11383
11384
11543
11385
11544
11386
11387
11388
11547
11389
11548
11390
11391
11392
11551
11393
11552
11394
11395
11396
11555
11397
11556
11398
11399
11400
11559
11401
11560
11402
11403
11404
11563
11405
11564
11406
11407
11408
11567
11409
11568
11410
11411
11412
11571
11413
11572
11414
11415
11416
11575
11417
11576
11418
11419
11420
11579
11421
11580
11422
11423
11424
11583
11425
11584
11426
11427
11428
11587
11429
11588
11430
11431
11432
11591
11433
11592
11434
11435
11436
11595
11437
11596
11438
11439
11440
11599
11441
11600
11442
11443
11444
11603
11445
11604
11446
11447
11448
11607
11449
11608
11450
11451
11452
11611
11453
11612
11454
11455
11456
11615
11457
11616
11458
11459
11460
11619
11461
11620
11462
11463
11464
11623
11465
11624
11466
11467
11468
11627
11469
11628
11470
11471
11472
11631
11473
11632
11474
11475
11476
11635
11477
11636
11478
11479
11480
11639
11481
11640
11482
11483
11484
11643
11485
11644
11486
11487
11488
11647
11489
11648
11490
11491
11492
11651
11493
11652
11494
11495
11496
11655
11497
11656
11498
11499
11500
11659
11501
11660
11502
11503
11504
11663
11505
11664
11506
11507
11508
11667
11509
11668
11510
11511
11512
11671
11513
11672
11514
11515
11516
11675
11517
11676
11518
11519
11679
11521
11522
11681
11523
11682
11524
11525
11526
11685
11527
11686
11528
11529
11530
11689
11531
11690
11532
11533
11534
11693
11535
11694
11536
11537
11538
11697
11539
11698
11540
11541
11542
11701
11543
11702
11544
11545
11546
11705
11547
11706
11548
11549
11550
11709
11551
11710
11552
11553
11554
11713
11555
11714
11556
11557
11558
11717
11559
11718
11560
11561
11562
11721
11563
11722
11564
11565
11566
11725
11567
11726
11568
11569
11570
11729
11571
11730
11572
11573
11574
11733
11575
11734
11576
11577
11578
11737
11579
11738
11580
11581
11582
11741
11583
11742
11584
11585
11586
11745
11587
11746
11588
11589
11590
11749
11591
11750
11592
11593
11594
11753
11595
11754
11596
11597
11598
11757
11599
11758
11600
11601
11602
11761
11603
11762
11604
11605
11606
11765
11607
11766
11608
11609
11610
11769
11611
11770
11612
11613
11614
11773
11615
11774
11616
11617
11618
11777
11619
11778
11620
11621
11622
11781
11623
11782
11624
11625
11626
11785
11627
11786
11628
11629
11630
11789
11631
11790
11632
11633
11634
11793
11635
11794
11636
11637
11638
11797
11639
11798
11640
11641
11642
11801
11643
11802
11644
11645
11646
11805
11647
11806
11648
11649
11650
11809
11651
11810
11652
11653
11654
11813
11655
11814
11656
11657
11658
11817
11659
11818
11660
11661
11662
11821
11663
11822
11664
11665
11666
11825
11667
11826
11668
11669
11670
11829
11671
11830
11672
11673
11674
11833
11675
11834
11676
11677
11678
11837
11679
11838
11681
11840
11682
11683
11684
11843
11685
11844
11686
11687
11688
11847
11689
11848
11690
11691
11692
11851
11693
11852
11694
11695
11696
11855
11697
11856
11698
11699
11700
11859
11701
11860
11702
11703
11704
11863
11705
11864
11706
11707
11708
11867
11709
11868
11710
11711
11712
11871
11713
11872
11714
11715
11716
11875
11717
11876
11718
11719
11720
11879
11721
11880
11722
11723
11724
11883
11725
11884
11726
11727
11728
11887
11729
11888
11730
11731
11732
11891
11733
11892
11734
11735
11736
11895
11737
11896
11738
11739
11740
11899
11741
11900
11742
11743
11744
11903
11745
11904
11746
11747
11748
11907
11749
11908
11750
11751
11752
11911
11753
11912
11754
11755
11756
11915
11757
11916
11758
11759
11760
11919
11761
11920
11762
11763
11764
11923
11765
11924
11766
11767
11768
11927
11769
11928
11770
11771
11772
11931
11773
11932
11774
11775
11776
11935
11777
11936
11778
11779
11780
11939
11781
11940
11782
11783
11784
11943
11785
11944
11786
11787
11788
11947
11789
11948
11790
11791
11792
11951
11793
11952
11794
11795
11796
11955
11797
11956
11798
11799
11800
11959
11801
11960
11802
11803
11804
11963
11805
11964
11806
11807
11808
11967
11809
11968
11810
11811
11812
11971
11813
11972
11814
11815
11816
11975
11817
11976
11818
11819
11820
11979
11821
11980
11822
11823
11824
11983
11825
11984
11826
11827
11828
11987
11829
11988
11830
11831
11832
11991
11833
11992
11834
11835
11836
11995
11837
11996
11838
11839
11999
11841
11842
12001
11843
12002
11844
11845
11846
12005
11847
12006
11848
11849
11850
12009
11851
12010
11852
11853
11854
12013
11855
12014
11856
11857
11858
12017
11859
12018
11860
11861
11862
12021
11863
12022
11864
11865
11866
12025
11867
12026
11868
11869
11870
12029
11871
12030
11872
11873
11874
12033
11875
12034
11876
11877
11878
12037
11879
12038
11880
11881
11882
12041
11883
12042
11884
11885
11886
12045
11887
12046
11888
11889
11890
12049
11891
12050
11892
11893
11894
12053
11895
12054
11896
11897
11898
12057
11899
12058
11900
11901
11902
12061
11903
12062
11904
11905
11906
12065
11907
12066
11908
11909
11910
12069
11911
12070
11912
11913
11914
12073
11915
12074
11916
11917
11918
12077
11919
12078
11920
11921
11922
12081
11923
12082
11924
11925
11926
12085
11927
12086
11928
11929
11930
12089
11931
12090
11932
11933
11934
12093
11935
12094
11936
11937
11938
12097
11939
12098
11940
11941
11942
12101
11943
12102
11944
11945
11946
12105
11947
12106
11948
11949
11950
12109
11951
12110
11952
11953
11954
12113
11955
12114
11956
11957
11958
12117
11959
12118
11960
11961
11962
12121
11963
12122
11964
11965
11966
12125
11967
12126
11968
11969
11970
12129
11971
12130
11972
11973
11974
12133
11975
12134
11976
11977
11978
12137
11979
12138
11980
11981
11982
12141
11983
12142
11984
11985
11986
12145
11987
12146
11988
11989
11990
12149
11991
12150
11992
11993
11994
12153
11995
12154
11996
11997
11998
12157
11999
12158
12001
12160
12002
12003
12004
12163
12005
12164
12006
12007
12008
12167
12009
12168
12010
12011
12012
12171
12013
12172
12014
12015
12016
12175
12017
12176
12018
12019
12020
12179
12021
12180
12022
12023
12024
12183
12025
12184
12026
12027
12028
12187
12029
12188
12030
12031
12032
12191
12033
12192
12034
12035
12036
12195
12037
12196
12038
12039
12040
12199
12041
12200
12042
12043
12044
12203
12045
12204
12046
12047
12048
12207
12049
12208
12050
12051
12052
12211
12053
12212
12054
12055
12056
12215
12057
12216
12058
12059
12060
12219
12061
12220
12062
12063
12064
12223
12065
12224
12066
12067
12068
12227
12069
12228
12070
12071
12072
12231
12073
12232
12074
12075
12076
12235
12077
12236
12078
12079
12080
12239
12081
12240
12082
12083
12084
12243
12085
12244
12086
12087
12088
12247
12089
12248
12090
12091
12092
12251
12093
12252
12094
12095
12096
12255
12097
12256
12098
12099
12100
12259
12101
12260
12102
12103
12104
12263
12105
12264
12106
12107
12108
12267
12109
12268
12110
12111
12112
12271
12113
12272
12114
12115
12116
12275
12117
12276
12118
12119
12120
12279
12121
12280
12122
12123
12124
12283
12125
12284
12126
12127
12128
12287
12129
12288
12130
12131
12132
12291
12133
12292
12134
12135
12136
12295
12137
12296
12138
12139
12140
12299
12141
12300
12142
12143
12144
12303
12145
12304
12146
12147
12148
12307
12149
12308
12150
12151
12152
12311
12153
12312
12154
12155
12156
12315
12157
12316
12158
12159
12319
12161
12162
12321
12163
12322
12164
12165
12166
12325
12167
12326
12168
12169
12170
12329
12171
12330
12172
12173
12174
12333
12175
12334
12176
12177
12178
12337
12179
12338
12180
12181
12182
12341
12183
12342
12184
12185
12186
12345
12187
12346
12188
12189
12190
12349
12191
12350
12192
12193
12194
12353
12195
12354
12196
12197
12198
12357
12199
12358
12200
12201
12202
12361
12203
12362
12204
12205
12206
12365
12207
12366
12208
12209
12210
12369
12211
12370
12212
12213
12214
12373
12215
12374
12216
12217
12218
12377
12219
12378
12220
12221
12222
12381
12223
12382
12224
12225
12226
12385
12227
12386
12228
12229
12230
12389
12231
12390
12232
12233
12234
12393
12235
12394
12236
12237
12238
12397
12239
12398
12240
12241
12242
12401
12243
12402
12244
12245
12246
12405
12247
12406
12248
12249
12250
12409
12251
12410
12252
12253
12254
12413
12255
12414
12256
12257
12258
12417
12259
12418
12260
12261
12262
12421
12263
12422
12264
12265
12266
12425
12267
12426
12268
12269
12270
12429
12271
12430
12272
12273
12274
12433
12275
12434
12276
12277
12278
12437
12279
12438
12280
12281
12282
12441
12283
12442
12284
12285
12286
12445
12287
12446
12288
12289
12290
12449
12291
12450
12292
12293
12294
12453
12295
12454
12296
12297
12298
12457
12299
12458
12300
12301
12302
12461
12303
12462
12304
12305
12306
12465
12307
12466
12308
12309
12310
12469
12311
12470
12312
12313
12314
12473
12315
12474
12316
12317
12318
12477
12319
12478
12321
12480
12322
12323
12324
12483
12325
12484
12326
12327
12328
12487
12329
12488
12330
12331
12332
12491
12333
12492
12334
12335
12336
12495
12337
12496
12338
12339
12340
12499
12341
12500
12342
12343
12344
12503
12345
12504
12346
12347
12348
12507
12349
12508
12350
12351
12352
12511
12353
12512
12354
12355
12356
12515
12357
12516
12358
12359
12360
12519
12361
12520
12362
12363
12364
12523
12365
12524
12366
12367
12368
12527
12369
12528
12370
12371
12372
12531
12373
12532
12374
12375
12376
12535
12377
12536
12378
12379
12380
12539
12381
12540
12382
12383
12384
12543
12385
12544
12386
12387
12388
12547
12389
12548
12390
12391
12392
12551
12393
12552
12394
12395
12396
12555
12397
12556
12398
12399
12400
12559
12401
12560
12402
12403
12404
12563
12405
12564
12406
12407
12408
12567
12409
12568
12410
12411
12412
12571
12413
12572
12414
12415
12416
12575
12417
12576
12418
12419
12420
12579
12421
12580
12422
12423
12424
12583
12425
12584
12426
12427
12428
12587
12429
12588
12430
12431
12432
12591
12433
12592
12434
12435
12436
12595
12437
12596
12438
12439
12440
12599
12441
12600
12442
12443
12444
12603
12445
12604
12446
12447
12448
12607
12449
12608
12450
12451
12452
12611
12453
12612
12454
12455
12456
12615
12457
12616
12458
12459
12460
12619
12461
12620
12462
12463
12464
12623
12465
12624
12466
12467
12468
12627
12469
12628
12470
12471
12472
12631
12473
12632
12474
12475
12476
12635
12477
12636
12478
12479
12639
12481
12482
12641
12483
12642
12484
12485
12486
12645
12487
12646
12488
12489
12490
12649
12491
12650
12492
12493
12494
12653
12495
12654
12496
12497
12498
12657
12499
12658
12500
12501
12502
12661
12503
12662
12504
12505
12506
12665
12507
12666
12508
12509
12510
12669
12511
12670
12512
12513
12514
12673
12515
12674
12516
12517
12518
12677
12519
12678
12520
12521
12522
12681
12523
12682
12524
12525
12526
12685
12527
12686
12528
12529
12530
12689
12531
12690
12532
12533
12534
12693
12535
12694
12536
12537
12538
12697
12539
12698
12540
12541
12542
12701
12543
12702
12544
12545
12546
12705
12547
12706
12548
12549
12550
12709
12551
12710
12552
12553
12554
12713
12555
12714
12556
12557
12558
12717
12559
12718
12560
12561
12562
12721
12563
12722
12564
12565
12566
12725
12567
12726
12568
12569
12570
12729
12571
12730
12572
12573
12574
12733
12575
12734
12576
12577
12578
12737
12579
12738
12580
12581
12582
12741
12583
12742
12584
12585
12586
12745
12587
12746
12588
12589
12590
12749
12591
12750
12592
12593
12594
12753
12595
12754
12596
12597
12598
12757
12599
12758
12600
12601
12602
12761
12603
12762
12604
12605
12606
12765
12607
12766
12608
12609
12610
12769
12611
12770
12612
12613
12614
12773
12615
12774
12616
12617
12618
12777
12619
12778
12620
12621
12622
12781
12623
12782
12624
12625
12626
12785
12627
12786
12628
12629
12630
12789
12631
12790
12632
12633
12634
12793
12635
12794
12636
12637
12638
12797
12639
12798
12641
12642
12643
12644
12645
12646
12647
12648
12649
12650
12651
12652
12653
12654
12655
12656
12657
12658
12659
12660
12661
12662
12663
12664
12665
12666
12667
12668
12669
12670
12671
12672
12673
12674
12675
12676
12677
12678
12679
12680
12681
12682
12683
12684
12685
12686
12687
12688
12689
12690
12691
12692
12693
12694
12695
12696
12697
12698
12699
12700
12701
12702
12703
12704
12705
12706
12707
12708
12709
12710
12711
12712
12713
12714
12715
12716
12717
12718
12719
12720
12721
12722
12723
12724
12725
12726
12727
12728
12729
12730
12731
12732
12733
12734
12735
12736
12737
12738
12739
12740
12741
12742
12743
12744
12745
12746
12747
12748
12749
12750
12751
12752
12753
12754
12755
12756
12757
12758
12759
12760
12761
12762
12763
12764
12765
12766
12767
12768
12769
12770
12771
12772
12773
12774
12775
12776
12777
12778
12779
12780
12781
12782
12783
12784
12785
12786
12787
12788
12789
12790
12791
12792
12793
12794
12795
12796
12797
12798
12799
)


// ************************************************************************* //
