/*--------------------------------*- C++ -*----------------------------------*\
  =========                 |
  \\      /  F ield         | OpenFOAM: The Open Source CFD Toolbox
   \\    /   O peration     | Website:  https://openfoam.org
    \\  /    A nd           | Version:  14
     \\/     M anipulation  |
\*---------------------------------------------------------------------------*/
FoamFile
{
    format      ascii;
    class       volVectorField;
    location    "95.935000000094";
    object      C;
}
// * * * * * * * * * * * * * * * * * * * * * * * * * * * * * * * * * * * * * //

dimensions      [0 1 0 0 0 0 0];

internalField   nonuniform List<vector> 
2646
(
(0.0415106762428 0.019410578895 0.05)
(0.0736589819912 0.0742251165195 0.05)
(0.0190539000271 0.0415897801916 0.05)
(0.0968337791182 0.0428001190194 0.05)
(0.042562003425 0.0970262805309 0.05)
(0.685242393543 0.0245690603399 0.05)
(0.301258369796 0.0221878566863 0.05)
(0.446318315043 0.0227923900147 0.05)
(0.378197393014 0.0985461398676 0.05)
(0.517687443343 0.0716364387828 0.05)
(0.235134204181 0.0689327334416 0.05)
(0.603429964274 0.0933785239129 0.05)
(0.498800005763 0.104544173352 0.05)
(0.555778867912 0.10681168843 0.05)
(0.432447524767 0.106319060384 0.05)
(0.733222249226 0.0999661240105 0.05)
(0.612104508657 0.11141878829 0.05)
(0.291404012479 0.104458385516 0.05)
(0.66454430508 0.107076924032 0.05)
(0.231241130243 0.10231291465 0.05)
(0.641506981153 0.0811855106084 0.05)
(0.203634293765 0.0211315243364 0.05)
(0.612180319022 0.0444559323258 0.05)
(0.566664693361 0.079616757614 0.05)
(0.684508928017 0.0731923556679 0.05)
(0.286211799454 0.0700741647588 0.05)
(0.547833241202 0.0240968197864 0.05)
(0.413193029709 0.0781455666628 0.05)
(0.461772886858 0.0690198431195 0.05)
(0.338731656102 0.0783522873999 0.05)
(0.373971277649 0.0426878183537 0.05)
(0.13793020273 0.074170736352 0.05)
(0.172077875629 0.0524677722153 0.05)
(0.860113978572 0.0726282672677 0.05)
(0.806957731709 0.0370139160274 0.05)
(0.196754996359 0.101959418056 0.05)
(0.325495260214 0.106597198887 0.05)
(0.463963932721 0.103529342803 0.05)
(0.584015796868 0.109691402542 0.05)
(0.697251140304 0.102651626181 0.05)
(0.795429807707 0.0999201848614 0.05)
(0.737341588908 0.0536642375207 0.05)
(0.976139893308 0.0223922832773 0.05)
(0.957820338432 0.0506013856729 0.05)
(0.922143418612 0.0162700889668 0.05)
(0.90132264647 0.0593988584382 0.05)
(0.954127941695 0.094808133808 0.05)
(0.0219452255894 0.682793315248 0.05)
(0.0222288823623 0.301426407046 0.05)
(0.0237036935639 0.444426149163 0.05)
(0.0984402000911 0.377571205676 0.05)
(0.0927127643915 0.602284097701 0.05)
(0.0791047411697 0.565695206179 0.05)
(0.0795425098171 0.640784005597 0.05)
(0.0689337754183 0.235393478727 0.05)
(0.0698941807372 0.286176414467 0.05)
(0.068403021502 0.687235559414 0.05)
(0.0715963210345 0.51671177425 0.05)
(0.104483007707 0.498328715222 0.05)
(0.106645558389 0.555164576661 0.05)
(0.106238085753 0.431845309246 0.05)
(0.0985355242539 0.739616828821 0.05)
(0.111112271824 0.611749522646 0.05)
(0.104304565259 0.291320286408 0.05)
(0.105985925978 0.664539925216 0.05)
(0.102179991919 0.231219275972 0.05)
(0.0436963676078 0.610997688989 0.05)
(0.0211850683507 0.203682327049 0.05)
(0.0665424402622 0.764383248553 0.05)
(0.0789037667585 0.410870338035 0.05)
(0.0695167433433 0.459479217834 0.05)
(0.04099360209 0.735487549526 0.05)
(0.078303884424 0.338313017841 0.05)
(0.0430780280557 0.372059245748 0.05)
(0.0186278988779 0.803318541715 0.05)
(0.0241069492351 0.547181522644 0.05)
(0.0741480395621 0.137919297692 0.05)
(0.0524049599556 0.172153021432 0.05)
(0.0741000458174 0.86178964579 0.05)
(0.0549198026902 0.824206218825 0.05)
(0.101846135187 0.196729918703 0.05)
(0.106426899012 0.325278049053 0.05)
(0.103476369521 0.463322604365 0.05)
(0.109430166009 0.583374619731 0.05)
(0.0989030612822 0.70119214836 0.05)
(0.103067015709 0.799922899757 0.05)
(0.97543093966 0.685242393543 0.05)
(0.977812143314 0.301258369796 0.05)
(0.977207609985 0.446318315043 0.05)
(0.901453860132 0.378197393014 0.05)
(0.928363561217 0.517687443343 0.05)
(0.931067266558 0.235134204181 0.05)
(0.906621476087 0.603429964274 0.05)
(0.895455826648 0.498800005763 0.05)
(0.89318831157 0.555778867912 0.05)
(0.893680939616 0.432447524767 0.05)
(0.90003387599 0.733222249226 0.05)
(0.88858121171 0.612104508657 0.05)
(0.895541614484 0.291404012479 0.05)
(0.892923075968 0.66454430508 0.05)
(0.89768708535 0.231241130243 0.05)
(0.918814489392 0.641506981153 0.05)
(0.978868475664 0.203634293765 0.05)
(0.955544067674 0.612180319022 0.05)
(0.920383242386 0.566664693361 0.05)
(0.926807644332 0.684508928017 0.05)
(0.929925835241 0.286211799454 0.05)
(0.975903180214 0.547833241202 0.05)
(0.921854433337 0.413193029709 0.05)
(0.930980156881 0.461772886858 0.05)
(0.9216477126 0.338731656102 0.05)
(0.957312181646 0.373971277649 0.05)
(0.925829263648 0.13793020273 0.05)
(0.947532227785 0.172077875629 0.05)
(0.927371732732 0.860113978572 0.05)
(0.898040581944 0.196754996359 0.05)
(0.893402801113 0.325495260214 0.05)
(0.896470657197 0.463963932721 0.05)
(0.890308597458 0.584015796868 0.05)
(0.897348373819 0.697251140304 0.05)
(0.900079815139 0.795429807707 0.05)
(0.962986083973 0.806957731709 0.05)
(0.946335762479 0.737341588908 0.05)
(0.0238601066921 0.977607716723 0.05)
(0.0421796615679 0.949398614327 0.05)
(0.0778565813875 0.983729911033 0.05)
(0.0458720583053 0.905191866192 0.05)
(0.0986773535304 0.940601141562 0.05)
(0.682793315248 0.978054774411 0.05)
(0.301426407046 0.977771117638 0.05)
(0.444426149163 0.976296306436 0.05)
(0.377571205676 0.901559799909 0.05)
(0.602284097701 0.907287235608 0.05)
(0.565695206179 0.92089525883 0.05)
(0.640784005597 0.920457490183 0.05)
(0.235393478727 0.931066224582 0.05)
(0.286176414467 0.930105819263 0.05)
(0.687235559414 0.931596978498 0.05)
(0.51671177425 0.928403678966 0.05)
(0.498328715222 0.895516992293 0.05)
(0.555164576661 0.893354441611 0.05)
(0.431845309246 0.893761914247 0.05)
(0.739616828821 0.901464475746 0.05)
(0.611749522646 0.888887728176 0.05)
(0.291320286408 0.895695434741 0.05)
(0.664539925216 0.894014074022 0.05)
(0.231219275972 0.897820008081 0.05)
(0.610997688989 0.956303632392 0.05)
(0.203682327049 0.978814931649 0.05)
(0.764383248553 0.933457559738 0.05)
(0.410870338035 0.921096233241 0.05)
(0.459479217834 0.930483256657 0.05)
(0.735487549526 0.95900639791 0.05)
(0.338313017841 0.921696115576 0.05)
(0.372059245748 0.956921971944 0.05)
(0.803318541715 0.981372101122 0.05)
(0.547181522644 0.975893050765 0.05)
(0.137919297692 0.925851960438 0.05)
(0.86178964579 0.925899954183 0.05)
(0.172153021432 0.947595040044 0.05)
(0.824206218825 0.94508019731 0.05)
(0.196729918703 0.898153864813 0.05)
(0.325278049053 0.893573100988 0.05)
(0.463322604365 0.896523630479 0.05)
(0.583374619731 0.890569833991 0.05)
(0.70119214836 0.901096938718 0.05)
(0.799922899757 0.896932984291 0.05)
(0.977607716723 0.976139893308 0.05)
(0.949398614327 0.957820338432 0.05)
(0.983729911033 0.922143418612 0.05)
(0.940601141562 0.90132264647 0.05)
(0.905191866192 0.954127941695 0.05)
(0.518442531673 0.112141042374 0.05)
(0.534275865006 0.112141042374 0.05)
(0.254151343215 0.111284384539 0.05)
(0.269984676548 0.111284384539 0.05)
(0.631267495429 0.114011154148 0.05)
(0.647100828762 0.114011154148 0.05)
(0.160862317433 0.110038263275 0.05)
(0.176695650767 0.110038263275 0.05)
(0.362783499805 0.113611500764 0.05)
(0.346950166472 0.113611500764 0.05)
(0.413454849965 0.113075659377 0.05)
(0.397621516631 0.113075659377 0.05)
(0.754851878861 0.108180725802 0.05)
(0.770685212194 0.108180725802 0.05)
(0.83722412396 0.108282269516 0.05)
(0.821390790627 0.108282269516 0.05)
(0.112077715237 0.518213702932 0.05)
(0.112077715237 0.534047036265 0.05)
(0.111224885117 0.254149915118 0.05)
(0.111224885117 0.269983248451 0.05)
(0.113762674157 0.631035226791 0.05)
(0.113762674157 0.646868560124 0.05)
(0.109997092564 0.160847756099 0.05)
(0.109997092564 0.176681089432 0.05)
(0.113529845048 0.362645574401 0.05)
(0.113529845048 0.346812241068 0.05)
(0.112983219873 0.41316947261 0.05)
(0.112983219873 0.397336139277 0.05)
(0.109840698306 0.758570997385 0.05)
(0.109840698306 0.774404330719 0.05)
(0.110024799829 0.838846204891 0.05)
(0.110024799829 0.823012871558 0.05)
(0.629818458221 0.155065552084 0.05)
(0.249187941996 0.177636103973 0.05)
(0.16478159396 0.148708399875 0.05)
(0.629655635924 0.845395000415 0.05)
(0.165271690654 0.851714462613 0.05)
(0.851929461274 0.16549581746 0.05)
(0.843528992086 0.174414413918 0.05)
(0.442838301112 0.821607462909 0.05)
(0.743660010613 0.819745478575 0.05)
(0.414281449828 0.821642993547 0.05)
(0.617977391708 0.851797165547 0.05)
(0.618022580296 0.148209986336 0.05)
(0.174656879279 0.155123703565 0.05)
(0.17527889041 0.845129114416 0.05)
(0.240353063222 0.851673513867 0.05)
(0.854581143664 0.434012713139 0.05)
(0.846502713956 0.424571759258 0.05)
(0.852386865813 0.3131916509 0.05)
(0.844274559351 0.305121703027 0.05)
(0.852775880492 0.33792824074 0.05)
(0.845617535915 0.327925447196 0.05)
(0.852773093291 0.242929009018 0.05)
(0.844646438003 0.233491208517 0.05)
(0.27796367913 0.177762588525 0.05)
(0.737419129308 0.148795674073 0.05)
(0.750553427882 0.828799607085 0.05)
(0.761654477088 0.846386884108 0.05)
(0.286320760488 0.851858976516 0.05)
(0.570565557128 0.851548563536 0.05)
(0.570907185008 0.148185626229 0.05)
(0.833573120497 0.845210151872 0.05)
(0.229860754149 0.845210811901 0.05)
(0.731791542805 0.821089893946 0.05)
(0.291733317458 0.177701360009 0.05)
(0.255876450142 0.166546598512 0.05)
(0.559017530025 0.844349962156 0.05)
(0.235360230447 0.177586180391 0.05)
(0.400504950224 0.821065490348 0.05)
(0.456670619027 0.820989412941 0.05)
(0.845090145999 0.218807676167 0.05)
(0.854580219515 0.211102905335 0.05)
(0.84487300636 0.384893132715 0.05)
(0.854377661279 0.377555555555 0.05)
(0.854377661279 0.282555555555 0.05)
(0.844803496943 0.290055052127 0.05)
(0.854173152039 0.448671186248 0.05)
(0.845026258285 0.456131157489 0.05)
(0.825047106762 0.683492666921 0.05)
(0.804080775767 0.576530252244 0.05)
(0.82628378502 0.493787087641 0.05)
(0.844756193411 0.399407021604 0.05)
(0.853018807211 0.408738425925 0.05)
(0.854490975009 0.363041666666 0.05)
(0.846259787237 0.353761574073 0.05)
(0.852296396598 0.529412098552 0.05)
(0.854490975009 0.268041666666 0.05)
(0.846257000035 0.258762342351 0.05)
(0.854580219515 0.195269572001 0.05)
(0.803409607213 0.591477581779 0.05)
(0.812468728483 0.598727603398 0.05)
(0.852296396598 0.648162098552 0.05)
(0.833160556294 0.70580817999 0.05)
(0.824125197031 0.698473741237 0.05)
(0.834413288797 0.486411339114 0.05)
(0.834254176195 0.677153141855 0.05)
(0.813167829883 0.57041329941 0.05)
(0.843956109429 0.522240174537 0.05)
(0.843915737454 0.640999727457 0.05)
(0.767118934871 0.855892446935 0.05)
(0.844996176394 0.188296921843 0.05)
(0.749663726566 0.155378561373 0.05)
(0.4534572754 0.173869561014 0.05)
(0.631573678507 0.832341218358 0.05)
(0.436036731039 0.832699343478 0.05)
(0.296974558332 0.845502663361 0.05)
(0.827024141693 0.85578659405 0.05)
(0.55876451955 0.154227903243 0.05)
(0.421191948648 0.832734874116 0.05)
(0.631316113095 0.168571157024 0.05)
(0.582143605046 0.846266296704 0.05)
(0.582336406798 0.153615349937 0.05)
(0.274690434805 0.846103982401 0.05)
(0.804735747932 0.84587799735 0.05)
(0.725942694856 0.154763668772 0.05)
(0.262920135366 0.86663866404 0.05)
(0.594602514869 0.133189694767 0.05)
(0.594584863655 0.866886891727 0.05)
(0.76423447074 0.805312226628 0.05)
(0.49568576604 0.157509216481 0.05)
(0.790094395331 0.846155456901 0.05)
(0.382103173621 0.192437288529 0.05)
(0.270675050084 0.166771081479 0.05)
(0.770904525577 0.815139769122 0.05)
(0.453331796101 0.185659120106 0.05)
(0.252000012134 0.846126984387 0.05)
(0.605914573089 0.846437931493 0.05)
(0.605756057556 0.153778502806 0.05)
(0.15287021411 0.846901594428 0.05)
(0.84687694988 0.152407762817 0.05)
(0.196827553734 0.842464874538 0.05)
(0.196257349541 0.15705418197 0.05)
(0.846656183589 0.742070652494 0.05)
(0.853567308239 0.732782971361 0.05)
(0.847412669077 0.844927885688 0.05)
(0.152202141825 0.153528801827 0.05)
(0.208209875839 0.842478490786 0.05)
(0.376084785979 0.182568195665 0.05)
(0.263164809682 0.854027635478 0.05)
(0.594210992129 0.145614245684 0.05)
(0.594200938867 0.85448529848 0.05)
(0.503583252711 0.14747581558 0.05)
(0.329482831523 0.843488098891 0.05)
(0.329450354238 0.156439860528 0.05)
(0.749048509499 0.842603225037 0.05)
(0.693647145582 0.156195896854 0.05)
(0.318248862156 0.843097168629 0.05)
(0.31819364157 0.156777871067 0.05)
(0.704413773621 0.156773873448 0.05)
(0.428821942922 0.187711863258 0.05)
(0.483670096422 0.157162387174 0.05)
(0.783628262846 0.834652545888 0.05)
(0.207964962485 0.15670078201 0.05)
(0.187873597265 0.148353882619 0.05)
(0.188478068895 0.851672914913 0.05)
(0.391436005652 0.831581242732 0.05)
(0.668467817537 0.807028537465 0.05)
(0.465804641061 0.831231201102 0.05)
(0.556829756819 0.830955329371 0.05)
(0.770156688554 0.835209026204 0.05)
(0.702536314903 0.807185615685 0.05)
(0.811990610336 0.855922398345 0.05)
(0.661560908401 0.817394154139 0.05)
(0.154275115008 0.796873886982 0.05)
(0.188559638807 0.808749844694 0.05)
(0.174843335957 0.808748912866 0.05)
(0.236552585592 0.583124999999 0.05)
(0.339393102291 0.547499999999 0.05)
(0.380529308971 0.547499999999 0.05)
(0.421665515651 0.547499999999 0.05)
(0.270947821385 0.83297887309 0.05)
(0.215984482252 0.571249999999 0.05)
(0.46280172233 0.547499999999 0.05)
(0.154280172233 0.654374999999 0.05)
(0.209128447806 0.559374999999 0.05)
(0.620490514603 0.630624999999 0.05)
(0.167986478241 0.796873731677 0.05)
(0.277688792272 0.583124999999 0.05)
(0.488166138164 0.846594483209 0.05)
(0.805438039652 0.310000071527 0.05)
(0.50393792901 0.547499999999 0.05)
(0.291402743843 0.773121027481 0.05)
(0.647914652389 0.606874999999 0.05)
(0.455945687884 0.678124999999 0.05)
(0.579354307923 0.630624999999 0.05)
(0.54507413569 0.547499999999 0.05)
(0.476513791224 0.618749999999 0.05)
(0.497081894564 0.678124999999 0.05)
(0.50393792901 0.666249999999 0.05)
(0.133712068893 0.547499999999 0.05)
(0.547781681389 0.133177650224 0.05)
(0.174848275573 0.381249999999 0.05)
(0.538218101243 0.678124999999 0.05)
(0.332537067845 0.535624999999 0.05)
(0.547398531843 0.865980757144 0.05)
(0.229696551146 0.571249999999 0.05)
(0.812247931203 0.321875028508 0.05)
(0.195416378913 0.369374999999 0.05)
(0.373673274525 0.535624999999 0.05)
(0.188560344466 0.381249999999 0.05)
(0.147424137787 0.547499999999 0.05)
(0.250264654486 0.393124999999 0.05)
(0.414809481204 0.535624999999 0.05)
(0.421665515651 0.666249999999 0.05)
(0.743899134642 0.298124999999 0.05)
(0.547113612612 0.852280785842 0.05)
(0.414809481204 0.678124999999 0.05)
(0.620490514603 0.583124999999 0.05)
(0.771323272428 0.321874999999 0.05)
(0.764467237982 0.309999999999 0.05)
(0.58621034237 0.618749999999 0.05)
(0.394241377864 0.642499999999 0.05)
(0.511769452369 0.846772210087 0.05)
(0.523663758359 0.853009392492 0.05)
(0.54507413569 0.618749999999 0.05)
(0.298366280931 0.808559984496 0.05)
(0.257120688932 0.381249999999 0.05)
(0.620490514603 0.535624999999 0.05)
(0.832472513792 0.133440025455 0.05)
(0.455945687884 0.535624999999 0.05)
(0.291400861165 0.796874999999 0.05)
(0.499960564985 0.853246660602 0.05)
(0.278051422641 0.821839901652 0.05)
(0.641044603752 0.761225726709 0.05)
(0.154280172233 0.535624999999 0.05)
(0.359961205631 0.464374999999 0.05)
(0.332537067845 0.488124999999 0.05)
(0.54507413569 0.642499999999 0.05)
(0.270832757825 0.571249999999 0.05)
(0.627346549049 0.523749999999 0.05)
(0.167992241126 0.535624999999 0.05)
(0.647914652389 0.511874999999 0.05)
(0.353105171185 0.476249999999 0.05)
(0.401097412311 0.464374999999 0.05)
(0.339393102292 0.476249999999 0.05)
(0.821882668738 0.153760036288 0.05)
(0.497081894564 0.535624999999 0.05)
(0.599922411263 0.547499999999 0.05)
(0.442233618991 0.464374999999 0.05)
(0.435377584544 0.476249999999 0.05)
(0.833654219267 0.147316883087 0.05)
(0.394241377864 0.476249999999 0.05)
(0.627346549049 0.571249999999 0.05)
(0.133712068893 0.594999999999 0.05)
(0.455945687884 0.464374999999 0.05)
(0.462801722331 0.452499999999 0.05)
(0.29825877829 0.784996027481 0.05)
(0.147424137786 0.476249999999 0.05)
(0.750755169088 0.309999999999 0.05)
(0.167992241126 0.226875 0.05)
(0.154280172233 0.464374999999 0.05)
(0.647914652389 0.559374999999 0.05)
(0.538218101243 0.630624999999 0.05)
(0.154280172233 0.440624999999 0.05)
(0.641058617942 0.594999999999 0.05)
(0.497081894564 0.464374999999 0.05)
(0.167992241126 0.345624999999 0.05)
(0.641058617942 0.618749999999 0.05)
(0.764436546345 0.499999999999 0.05)
(0.147424137786 0.452499999999 0.05)
(0.512337930989 0.126306440549 0.05)
(0.126856034447 0.511874999999 0.05)
(0.511874999999 0.873143965553 0.05)
(0.872204059844 0.512727259016 0.05)
(0.517649997903 0.666249999999 0.05)
(0.48336982567 0.678124999999 0.05)
(0.167992241126 0.416874999999 0.05)
(0.174848275573 0.404999999999 0.05)
(0.16863909048 0.821853290392 0.05)
(0.665183866779 0.146354298322 0.05)
(0.627346549049 0.618749999999 0.05)
(0.154280172233 0.226875 0.05)
(0.702762409331 0.511874999999 0.05)
(0.133534242733 0.832460863186 0.05)
(0.154280172233 0.416874999999 0.05)
(0.48336982567 0.654374999999 0.05)
(0.167992241126 0.393124999999 0.05)
(0.538218101243 0.654374999999 0.05)
(0.147424137786 0.428749999999 0.05)
(0.709618269871 0.499999999999 0.05)
(0.154901617849 0.821847699418 0.05)
(0.709618017821 0.523749999999 0.05)
(0.52450603235 0.678124999999 0.05)
(0.702762462729 0.535624999999 0.05)
(0.820631059632 0.126736413431 0.05)
(0.46280172233 0.618749999999 0.05)
(0.476513791224 0.642499999999 0.05)
(0.48336982567 0.630624999999 0.05)
(0.133712068893 0.737499999999 0.05)
(0.401097412311 0.678124999999 0.05)
(0.54507413569 0.666249999999 0.05)
(0.606778445709 0.535624999999 0.05)
(0.702762679249 0.488124999999 0.05)
(0.50393792901 0.381249999999 0.05)
(0.147897394935 0.833690085407 0.05)
(0.46280172233 0.666249999999 0.05)
(0.702762927962 0.298124999999 0.05)
(0.56564223903 0.630624999999 0.05)
(0.6657748682 0.133437751421 0.05)
(0.133712068893 0.666249999999 0.05)
(0.535852425919 0.126182823015 0.05)
(0.535610504548 0.873100083559 0.05)
(0.126856034447 0.535624999999 0.05)
(0.291400861165 0.393124999999 0.05)
(0.318824998952 0.630624999999 0.05)
(0.401097412311 0.654374999999 0.05)
(0.311968964505 0.404999999999 0.05)
(0.500805666769 0.134179837846 0.05)
(0.499994366426 0.866383759448 0.05)
(0.865348025397 0.500852259016 0.05)
(0.538218101243 0.535624999999 0.05)
(0.209128447806 0.369374999999 0.05)
(0.133712068893 0.476249999999 0.05)
(0.270832757825 0.761249999999 0.05)
(0.277688792272 0.773124999999 0.05)
(0.311968964505 0.642499999999 0.05)
(0.229696551146 0.381249999999 0.05)
(0.311968964505 0.666249999999 0.05)
(0.215984482253 0.381249999999 0.05)
(0.236552585592 0.393124999999 0.05)
(0.666217315638 0.866373237884 0.05)
(0.517649997903 0.381249999999 0.05)
(0.488119366426 0.873239793895 0.05)
(0.873143965553 0.488124999999 0.05)
(0.476244366426 0.866383759448 0.05)
(0.174848275573 0.571249999999 0.05)
(0.866099756237 0.476174676811 0.05)
(0.154280172233 0.345624999999 0.05)
(0.488467735779 0.127873397297 0.05)
(0.476372499611 0.134602278333 0.05)
(0.641058617942 0.499999999999 0.05)
(0.277688792272 0.393124999999 0.05)
(0.147424137787 0.666249999999 0.05)
(0.606778445709 0.559374999999 0.05)
(0.133712068893 0.499999999999 0.05)
(0.373673274525 0.464374999999 0.05)
(0.641058617942 0.523749999999 0.05)
(0.353105171185 0.642499999999 0.05)
(0.796875 0.126856034447 0.05)
(0.126856034447 0.796875 0.05)
(0.298256895612 0.666249999999 0.05)
(0.311969837942 0.737498193725 0.05)
(0.126856034447 0.488124999999 0.05)
(0.270832757825 0.381249999999 0.05)
(0.791832691363 0.310000053237 0.05)
(0.147424137787 0.523749999999 0.05)
(0.257120688932 0.761249999999 0.05)
(0.630624999999 0.126856034447 0.05)
(0.126856034447 0.630624999999 0.05)
(0.50393792901 0.428749999999 0.05)
(0.318824998952 0.488124999999 0.05)
(0.641058617942 0.547499999999 0.05)
(0.476513791224 0.452499999999 0.05)
(0.785 0.133712068893 0.05)
(0.641058617942 0.571249999999 0.05)
(0.63042889383 0.872957640807 0.05)
(0.872204059844 0.631477259016 0.05)
(0.414809481204 0.464374999999 0.05)
(0.666146619627 0.853252730675 0.05)
(0.682194789092 0.476249999999 0.05)
(0.126830630709 0.820619409026 0.05)
(0.627338103248 0.761235371442 0.05)
(0.730174442804 0.559374999999 0.05)
(0.497081894564 0.416874999999 0.05)
(0.339393102291 0.642499999999 0.05)
(0.709617762905 0.547499999999 0.05)
(0.332637785644 0.179079773186 0.05)
(0.353105171185 0.547499999999 0.05)
(0.796947849159 0.872965701086 0.05)
(0.873143965553 0.796875 0.05)
(0.48336982567 0.464374999999 0.05)
(0.380529308971 0.642499999999 0.05)
(0.497081894564 0.440624999999 0.05)
(0.50393792901 0.452499999999 0.05)
(0.339396623934 0.214988810405 0.05)
(0.277688792272 0.678124999999 0.05)
(0.654307124028 0.126816846236 0.05)
(0.627346549049 0.594999999999 0.05)
(0.126856034447 0.654374999999 0.05)
(0.421665515651 0.476249999999 0.05)
(0.380529308971 0.476249999999 0.05)
(0.865191374446 0.619744302186 0.05)
(0.709618962409 0.309999999999 0.05)
(0.85244629305 0.595221480358 0.05)
(0.87318132188 0.820560296944 0.05)
(0.394241377864 0.547499999999 0.05)
(0.50393792901 0.404999999999 0.05)
(0.654342315638 0.873229272331 0.05)
(0.689050823538 0.488124999999 0.05)
(0.606778445709 0.630624999999 0.05)
(0.535253839128 0.846165455636 0.05)
(0.785059917398 0.146958434015 0.05)
(0.291400861165 0.678124999999 0.05)
(0.339884456075 0.190832081262 0.05)
(0.435377584544 0.547499999999 0.05)
(0.359961205631 0.654374999999 0.05)
(0.851156677856 0.619247288474 0.05)
(0.318828782549 0.749367139366 0.05)
(0.661626675333 0.678124920412 0.05)
(0.853037673869 0.571856166983 0.05)
(0.52450603235 0.345624999999 0.05)
(0.524440356909 0.132489263563 0.05)
(0.133712068893 0.523749999999 0.05)
(0.523735504548 0.866244049112 0.05)
(0.737530715592 0.133828918802 0.05)
(0.298256895612 0.547499999999 0.05)
(0.812169284803 0.274376806797 0.05)
(0.805446922233 0.262507779807 0.05)
(0.250264654485 0.583124999999 0.05)
(0.497081894564 0.393124999999 0.05)
(0.668482660488 0.689999835036 0.05)
(0.845862497741 0.583396587018 0.05)
(0.332537067845 0.678124999999 0.05)
(0.188560344466 0.23875 0.05)
(0.709618962409 0.594999999999 0.05)
(0.250264654485 0.749374999999 0.05)
(0.147394500093 0.808743477197 0.05)
(0.866158361943 0.595221480358 0.05)
(0.373673274524 0.654374999999 0.05)
(0.332553598235 0.203092442726 0.05)
(0.318824998952 0.678124999999 0.05)
(0.702762927962 0.583124999999 0.05)
(0.133712068893 0.785 0.05)
(0.725625 0.126856034447 0.05)
(0.126856034447 0.725625 0.05)
(0.126856034447 0.749375 0.05)
(0.559429255469 0.12699482721 0.05)
(0.126856034447 0.559374999999 0.05)
(0.689049638818 0.134426529278 0.05)
(0.476513791224 0.547499999999 0.05)
(0.133712068893 0.689999999999 0.05)
(0.298256742026 0.262500263485 0.05)
(0.558786204583 0.618749999999 0.05)
(0.133686665156 0.808744409026 0.05)
(0.538218101243 0.345624999999 0.05)
(0.291400755497 0.25062518128 0.05)
(0.559288027294 0.872880673585 0.05)
(0.873463107235 0.559709579964 0.05)
(0.133712068893 0.761249999999 0.05)
(0.291872876854 0.821649886149 0.05)
(0.476324939605 0.852875547609 0.05)
(0.442233618991 0.678124999999 0.05)
(0.791875615445 0.262506231123 0.05)
(0.713611630318 0.866383117361 0.05)
(0.174848275573 0.28625 0.05)
(0.873257279284 0.251944444444 0.05)
(0.64243039216 0.147164978585 0.05)
(0.738320919196 0.865852116946 0.05)
(0.750312838542 0.872640647977 0.05)
(0.318824998952 0.654374999999 0.05)
(0.725508080654 0.873211468969 0.05)
(0.873326594268 0.724965277777 0.05)
(0.318824979626 0.298125033154 0.05)
(0.25066669061 0.126667883986 0.05)
(0.298256839709 0.286250095905 0.05)
(0.133712068893 0.713749999999 0.05)
(0.713206894646 0.13466165854 0.05)
(0.147424137787 0.499999999999 0.05)
(0.642432124028 0.133672880683 0.05)
(0.133712068893 0.642499999999 0.05)
(0.154280172233 0.488124999999 0.05)
(0.812080573261 0.392819573044 0.05)
(0.52450603235 0.369374999999 0.05)
(0.682194753609 0.689999877 0.05)
(0.29140078218 0.274375135503 0.05)
(0.785011153099 0.250641808724 0.05)
(0.709618962409 0.618749999999 0.05)
(0.29825877829 0.761246027481 0.05)
(0.771291486146 0.488124999999 0.05)
(0.805373478706 0.381164480452 0.05)
(0.785010435955 0.298125043018 0.05)
(0.709618188861 0.571249999999 0.05)
(0.723322197729 0.547499999999 0.05)
(0.174848275573 0.23875 0.05)
(0.642271209468 0.866186913138 0.05)
(0.866816673036 0.690280389587 0.05)
(0.311968897262 0.286250115359 0.05)
(0.126856034447 0.773125 0.05)
(0.689050752967 0.701874816225 0.05)
(0.866680160069 0.713036087401 0.05)
(0.339393102291 0.666249999999 0.05)
(0.845240549119 0.606520029457 0.05)
(0.174848275573 0.357499999999 0.05)
(0.558786204583 0.642499999999 0.05)
(0.709618672243 0.476249999999 0.05)
(0.702762927962 0.606874999999 0.05)
(0.126856034447 0.250625 0.05)
(0.236552585592 0.749374999999 0.05)
(0.730187065749 0.298124999999 0.05)
(0.627346503474 0.68999992106 0.05)
(0.797004821029 0.153249164793 0.05)
(0.866325287434 0.808685296944 0.05)
(0.709618899079 0.452499999999 0.05)
(0.154280172233 0.511874999999 0.05)
(0.44059180885 0.154224973571 0.05)
(0.85261321854 0.808685296944 0.05)
(0.702762154415 0.559374999999 0.05)
(0.701331894646 0.127805624093 0.05)
(0.126856034447 0.701874999999 0.05)
(0.270832757825 0.666249999999 0.05)
(0.866634154576 0.571664017153 0.05)
(0.702762838149 0.464374999999 0.05)
(0.257120688932 0.594999999999 0.05)
(0.476513382097 0.713748768522 0.05)
(0.54507413569 0.333749999999 0.05)
(0.421665116644 0.737498597647 0.05)
(0.517649997903 0.547499999999 0.05)
(0.723326042427 0.571249999999 0.05)
(0.202886300916 0.127968046966 0.05)
(0.627346549049 0.476249999999 0.05)
(0.452243888592 0.147267754258 0.05)
(0.298256895612 0.404999999999 0.05)
(0.873353565802 0.701820809623 0.05)
(0.852775365345 0.690600810852 0.05)
(0.8314979023 0.583620622176 0.05)
(0.215011444574 0.134679660904 0.05)
(0.750755169088 0.286249999999 0.05)
(0.373673274524 0.678124999999 0.05)
(0.764458810082 0.2387605776 0.05)
(0.791833200285 0.381201131686 0.05)
(0.851635956504 0.500852259016 0.05)
(0.825881353696 0.274376806797 0.05)
(0.126856034447 0.369374999999 0.05)
(0.250264654485 0.606874999999 0.05)
(0.369426209317 0.126829401447 0.05)
(0.147424137786 0.31 0.05)
(0.743899134642 0.274374999999 0.05)
(0.709618962409 0.642499999999 0.05)
(0.235986435911 0.821891124885 0.05)
(0.764467237982 0.381249999999 0.05)
(0.872987314602 0.607017043169 0.05)
(0.369426209317 0.873170598553 0.05)
(0.67804252132 0.846409983066 0.05)
(0.188560344466 0.571249999999 0.05)
(0.723326829529 0.594999999999 0.05)
(0.771314844529 0.2506355776 0.05)
(0.771301618175 0.226908486317 0.05)
(0.773554514656 0.153541321315 0.05)
(0.517649997903 0.357499999999 0.05)
(0.730182863976 0.606874999999 0.05)
(0.791866470401 0.286250043018 0.05)
(0.286066201848 0.133377674433 0.05)
(0.256306972441 0.833030096323 0.05)
(0.497087069313 0.77310605939 0.05)
(0.332540433007 0.226864078856 0.05)
(0.771323272428 0.393124999999 0.05)
(0.483369416544 0.725623768522 0.05)
(0.229696551146 0.808749999999 0.05)
(0.808756059632 0.133592447878 0.05)
(0.416877300647 0.126833775695 0.05)
(0.812215972207 0.226948615349 0.05)
(0.359963417669 0.725620677536 0.05)
(0.126703612023 0.84434145416 0.05)
(0.84434145416 0.126703612023 0.05)
(0.215984482252 0.784999999999 0.05)
(0.373671008724 0.274379325038 0.05)
(0.65371439074 0.15322549104 0.05)
(0.689050810708 0.464374999999 0.05)
(0.462801313204 0.713748768522 0.05)
(0.291400861165 0.749374999999 0.05)
(0.298256895612 0.381249999999 0.05)
(0.785007018788 0.416838348765 0.05)
(0.257120688932 0.666249999999 0.05)
(0.641058532982 0.689999852843 0.05)
(0.558786204583 0.333749999999 0.05)
(0.812229975462 0.250635840788 0.05)
(0.381384032635 0.146883063419 0.05)
(0.784977165839 0.393076131686 0.05)
(0.702777069915 0.203275515714 0.05)
(0.579354307923 0.345624999999 0.05)
(0.394241377864 0.666249999999 0.05)
(0.262521389532 0.133308628837 0.05)
(0.167992241126 0.369374999999 0.05)
(0.270832757825 0.642499999999 0.05)
(0.229696551146 0.784999999999 0.05)
(0.805316661013 0.215253600237 0.05)
(0.702762927962 0.630624999999 0.05)
(0.476513791224 0.666249999999 0.05)
(0.47651092734 0.73749137966 0.05)
(0.58621034237 0.642499999999 0.05)
(0.318824998952 0.345624999999 0.05)
(0.791740310729 0.215240280349 0.05)
(0.784992106348 0.226942812082 0.05)
(0.147424137786 0.23875 0.05)
(0.70961892732 0.713749939223 0.05)
(0.298260125687 0.238738294336 0.05)
(0.257120688932 0.642499999999 0.05)
(0.236552585592 0.796874999999 0.05)
(0.195416378912 0.583124999999 0.05)
(0.274354698922 0.12664074485 0.05)
(0.56564223903 0.345624999999 0.05)
(0.215984482252 0.594999999999 0.05)
(0.339393102291 0.333749999999 0.05)
(0.381301209317 0.133685435893 0.05)
(0.723331031302 0.642499999999 0.05)
(0.215984482252 0.761249999999 0.05)
(0.332537067845 0.345624999999 0.05)
(0.54507413569 0.309999999999 0.05)
(0.627346549049 0.499999999999 0.05)
(0.167992241126 0.464374999999 0.05)
(0.332537048519 0.298125033154 0.05)
(0.236552585592 0.630624999999 0.05)
(0.229696551146 0.761249999999 0.05)
(0.771114388552 0.559374999999 0.05)
(0.805429107095 0.286250301132 0.05)
(0.463923473113 0.844784883291 0.05)
(0.750755169088 0.262499999999 0.05)
(0.257120688932 0.618749999999 0.05)
(0.713218406727 0.852976912868 0.05)
(0.353104818356 0.286250605298 0.05)
(0.661625458083 0.725622812073 0.05)
(0.627346549049 0.547499999999 0.05)
(0.380528004406 0.286252675979 0.05)
(0.483361466098 0.773069635441 0.05)
(0.250264654485 0.725624999999 0.05)
(0.332537067845 0.630624999999 0.05)
(0.50393792901 0.571249999999 0.05)
(0.483366176688 0.749359701914 0.05)
(0.291404173827 0.226863152653 0.05)
(0.229696551145 0.594999999999 0.05)
(0.332537067845 0.654374999999 0.05)
(0.405002300647 0.133689810141 0.05)
(0.174848275573 0.452499999999 0.05)
(0.250264654485 0.630624999999 0.05)
(0.764467237982 0.618749999999 0.05)
(0.771291053975 0.511874999999 0.05)
(0.771025838896 0.583124999999 0.05)
(0.503936734786 0.761242090776 0.05)
(0.764467237982 0.262499999999 0.05)
(0.677349091153 0.832894707242 0.05)
(0.730178648648 0.583124999999 0.05)
(0.236552585592 0.606874999999 0.05)
(0.764267199351 0.571249999999 0.05)
(0.257120688932 0.737499999999 0.05)
(0.791804877752 0.404914480452 0.05)
(0.126856034447 0.416874999999 0.05)
(0.209128447806 0.583124999999 0.05)
(0.58621034237 0.333749999999 0.05)
(0.277688792272 0.606874999999 0.05)
(0.764460742587 0.713761250353 0.05)
(0.133712068893 0.2625 0.05)
(0.414785825703 0.250700555858 0.05)
(0.318824998952 0.583124999999 0.05)
(0.428719109497 0.147346680373 0.05)
(0.250264654485 0.796874999999 0.05)
(0.77119730058 0.606874999999 0.05)
(0.339392890343 0.286250363609 0.05)
(0.773125 0.126856034447 0.05)
(0.668481672987 0.737498124634 0.05)
(0.455944801444 0.725622331799 0.05)
(0.167992241126 0.511874999999 0.05)
(0.147424137786 0.2625 0.05)
(0.133712068893 0.23875 0.05)
(0.517649997903 0.713749999999 0.05)
(0.318824998952 0.369374999999 0.05)
(0.188560344466 0.452499999999 0.05)
(0.380529306761 0.713749993347 0.05)
(0.771323272428 0.274374999999 0.05)
(0.353831472774 0.808524511852 0.05)
(0.620490514603 0.559374999999 0.05)
(0.277688792272 0.749374999999 0.05)
(0.250264654485 0.678124999999 0.05)
(0.229696551145 0.618749999999 0.05)
(0.730187065749 0.274374999999 0.05)
(0.791750623518 0.523749999999 0.05)
(0.661620224828 0.74936374781 0.05)
(0.236552585592 0.654374999999 0.05)
(0.270832757825 0.618749999999 0.05)
(0.764320270825 0.594999999999 0.05)
(0.380529308971 0.428749999999 0.05)
(0.682194579 0.713749574569 0.05)
(0.764399084231 0.547499999999 0.05)
(0.771277099491 0.535624999999 0.05)
(0.178623718844 0.127133033983 0.05)
(0.12681867812 0.179439703056 0.05)
(0.257120688932 0.808749999999 0.05)
(0.709618962409 0.286249999999 0.05)
(0.599895307254 0.215044488913 0.05)
(0.873171047342 0.583204437188 0.05)
(0.416874999999 0.873143965553 0.05)
(0.311968964505 0.357499999999 0.05)
(0.497081894564 0.725624999999 0.05)
(0.359961205631 0.559374999999 0.05)
(0.455945687884 0.654374999999 0.05)
(0.677717744171 0.126620905184 0.05)
(0.126856034447 0.678124999999 0.05)
(0.497081894563 0.559374999999 0.05)
(0.133712068893 0.404999999999 0.05)
(0.586180602709 0.215047471583 0.05)
(0.298256895612 0.737499999999 0.05)
(0.311968964505 0.381249999999 0.05)
(0.682194669945 0.73749973209 0.05)
(0.270832757825 0.594999999999 0.05)
(0.606759934438 0.226906086762 0.05)
(0.52450603235 0.654374999999 0.05)
(0.812312511951 0.440624999999 0.05)
(0.791845606826 0.238801134489 0.05)
(0.826105493813 0.203803753977 0.05)
(0.209128447806 0.796874999999 0.05)
(0.56564223903 0.369374999999 0.05)
(0.298256895612 0.594999999999 0.05)
(0.812178420938 0.298125319423 0.05)
(0.421662679507 0.26252600335 0.05)
(0.771323272428 0.369374999999 0.05)
(0.249698504804 0.821891124885 0.05)
(0.291400861165 0.606874999999 0.05)
(0.832889774191 0.427430555555 0.05)
(0.743894932869 0.606874999999 0.05)
(0.442233062124 0.725623323822 0.05)
(0.297961502925 0.126736929583 0.05)
(0.126856034447 0.298125 0.05)
(0.845985785821 0.820609237288 0.05)
(0.82587378568 0.369338348765 0.05)
(0.50393792901 0.713749999999 0.05)
(0.209128447806 0.464374999999 0.05)
(0.620464892469 0.226918952037 0.05)
(0.277688792272 0.654374999999 0.05)
(0.373673274525 0.345624999999 0.05)
(0.771312593212 0.725643496944 0.05)
(0.52450603235 0.773124999999 0.05)
(0.791863053235 0.428713348765 0.05)
(0.702762906085 0.440624999999 0.05)
(0.54507413569 0.286249999999 0.05)
(0.215984482252 0.808749999999 0.05)
(0.702762892873 0.725624939223 0.05)
(0.257120688932 0.357499999999 0.05)
(0.353105171185 0.571249999999 0.05)
(0.291400861165 0.654374999999 0.05)
(0.784992831853 0.535624999999 0.05)
(0.16636201103 0.133970531963 0.05)
(0.743899134642 0.250624999999 0.05)
(0.404999999999 0.866287931107 0.05)
(0.54507413569 0.689999999999 0.05)
(0.826024580844 0.440624999999 0.05)
(0.785035341322 0.274374999999 0.05)
(0.812161716787 0.369338348765 0.05)
(0.661626445584 0.701874522475 0.05)
(0.805127787511 0.524084579963 0.05)
(0.771323272428 0.298124999999 0.05)
(0.421665515651 0.571249999999 0.05)
(0.750755169088 0.381249999999 0.05)
(0.19026001976 0.135101080949 0.05)
(0.723331031302 0.286249999999 0.05)
(0.58621034237 0.737499999999 0.05)
(0.414809481204 0.440624999999 0.05)
(0.3185598657 0.820246261762 0.05)
(0.805493122401 0.238793617868 0.05)
(0.229696551145 0.642499999999 0.05)
(0.558786204583 0.689999999999 0.05)
(0.209128447806 0.773124999999 0.05)
(0.421662707061 0.808743223992 0.05)
(0.56564223903 0.678124999999 0.05)
(0.50393792901 0.262499999999 0.05)
(0.791891375768 0.357499999999 0.05)
(0.332613378129 0.820804629533 0.05)
(0.784486167913 0.2039479644 0.05)
(0.215984482252 0.737499999999 0.05)
(0.496989586062 0.796247771604 0.05)
(0.435376721482 0.737497200833 0.05)
(0.270832757825 0.808749999999 0.05)
(0.538218101243 0.321874999999 0.05)
(0.784877761597 0.511874999999 0.05)
(0.668443777003 0.761182486865 0.05)
(0.195416378913 0.298124999999 0.05)
(0.517688211746 0.784933811681 0.05)
(0.195416378913 0.226875 0.05)
(0.195416378913 0.464374999999 0.05)
(0.771319088607 0.74938224659 0.05)
(0.483151728421 0.796106447615 0.05)
(0.723331031302 0.618749999999 0.05)
(0.538218101243 0.274374999999 0.05)
(0.52450603235 0.749374999999 0.05)
(0.764448183534 0.523749999999 0.05)
(0.641058617943 0.333749999999 0.05)
(0.353105171185 0.333749999999 0.05)
(0.50393792901 0.737499999999 0.05)
(0.58621034237 0.309999999999 0.05)
(0.414809481204 0.583124999999 0.05)
(0.805477472812 0.357499999999 0.05)
(0.239041834268 0.133379497924 0.05)
(0.33989344258 0.809012559855 0.05)
(0.689966766995 0.852702138666 0.05)
(0.558786204583 0.666249999999 0.05)
(0.174848275573 0.499999999999 0.05)
(0.538218101243 0.701874999999 0.05)
(0.620490514603 0.511874999999 0.05)
(0.785001562283 0.321875010218 0.05)
(0.517649997903 0.761249999999 0.05)
(0.730187065749 0.630624999999 0.05)
(0.147424137786 0.381249999999 0.05)
(0.558786204583 0.309999999999 0.05)
(0.606778445709 0.654374999999 0.05)
(0.174848275573 0.428749999999 0.05)
(0.359961205631 0.583124999999 0.05)
(0.380529308971 0.452499999999 0.05)
(0.743899134642 0.630624999999 0.05)
(0.668482364739 0.713749322784 0.05)
(0.56564223903 0.298124999999 0.05)
(0.503982511827 0.784922780295 0.05)
(0.455945687884 0.583124999999 0.05)
(0.285677965763 0.147952140365 0.05)
(0.517649997903 0.571249999999 0.05)
(0.250264654485 0.654374999999 0.05)
(0.497087356848 0.250634460953 0.05)
(0.599922411263 0.642499999999 0.05)
(0.785035961997 0.749373924957 0.05)
(0.52450603235 0.274374999999 0.05)
(0.627346549049 0.642499999999 0.05)
(0.209128447806 0.226875 0.05)
(0.46280172233 0.571249999999 0.05)
(0.322241491458 0.12785166492 0.05)
(0.188560344466 0.404999999999 0.05)
(0.435374775954 0.808743223992 0.05)
(0.58621034237 0.666249999999 0.05)
(0.373673274525 0.440624999999 0.05)
(0.229696551146 0.476249999999 0.05)
(0.52450603235 0.725624999999 0.05)
(0.689050669303 0.725624671314 0.05)
(0.455841261442 0.796626831648 0.05)
(0.647914652389 0.321874999999 0.05)
(0.195416378913 0.416874999999 0.05)
(0.558786204583 0.381249999999 0.05)
(0.558786204583 0.286249999999 0.05)
(0.421665515651 0.428749999999 0.05)
(0.482272939524 0.180217416171 0.05)
(0.702762877716 0.70187491297 0.05)
(0.373673274524 0.559374999999 0.05)
(0.79186208902 0.737550726136 0.05)
(0.455945687884 0.559374999999 0.05)
(0.54507413569 0.381249999999 0.05)
(0.394241377864 0.428749999999 0.05)
(0.442233618991 0.559374999999 0.05)
(0.750755169089 0.618749999999 0.05)
(0.209128447806 0.321874999999 0.05)
(0.311968964505 0.594999999999 0.05)
(0.339393102291 0.594999999999 0.05)
(0.167992241126 0.488124999999 0.05)
(0.52450603235 0.559374999999 0.05)
(0.689050859069 0.749374999999 0.05)
(0.52450603235 0.701874999999 0.05)
(0.750755169089 0.642499999999 0.05)
(0.832236360601 0.820673940344 0.05)
(0.771323272428 0.630624999999 0.05)
(0.380529308971 0.571249999999 0.05)
(0.702762927962 0.416874999999 0.05)
(0.579354307923 0.678124999999 0.05)
(0.517649997903 0.262499999999 0.05)
(0.440589124761 0.126826804329 0.05)
(0.80544804239 0.642809579871 0.05)
(0.723331031302 0.404999999999 0.05)
(0.764467237982 0.286249999999 0.05)
(0.785035341321 0.345624999999 0.05)
(0.50393792901 0.286249999999 0.05)
(0.435612569915 0.215078717011 0.05)
(0.373673274524 0.583124999999 0.05)
(0.236552585592 0.678124999999 0.05)
(0.689050859069 0.298124999999 0.05)
(0.805394092692 0.737862608248 0.05)
(0.749405715592 0.126972884355 0.05)
(0.517649997903 0.737499999999 0.05)
(0.311971903974 0.238738792888 0.05)
(0.723331031302 0.262499999999 0.05)
(0.414809481204 0.559374999999 0.05)
(0.332537067845 0.559374999999 0.05)
(0.380529308971 0.594999999999 0.05)
(0.298256895612 0.642499999999 0.05)
(0.565824600307 0.796563970107 0.05)
(0.380522182098 0.262514037085 0.05)
(0.359959891567 0.274377254357 0.05)
(0.442213958863 0.796827567949 0.05)
(0.456114238365 0.227166937997 0.05)
(0.401097412311 0.440624999999 0.05)
(0.48336982567 0.440624999999 0.05)
(0.43540631004 0.238816400931 0.05)
(0.689190650292 0.825873165119 0.05)
(0.497081894564 0.298124999999 0.05)
(0.599922411263 0.737499999999 0.05)
(0.401097412311 0.559374999999 0.05)
(0.517649997903 0.333749999999 0.05)
(0.647914652389 0.583124999999 0.05)
(0.401097412311 0.298124999999 0.05)
(0.538218101243 0.369374999999 0.05)
(0.558786204583 0.547499999999 0.05)
(0.517649997903 0.286249999999 0.05)
(0.647914652389 0.535624999999 0.05)
(0.435377584544 0.428749999999 0.05)
(0.579354307923 0.321874999999 0.05)
(0.538218101243 0.559374999999 0.05)
(0.442233618991 0.416874999999 0.05)
(0.435378218293 0.262517744598 0.05)
(0.133712068893 0.381249999999 0.05)
(0.764374653503 0.21516036102 0.05)
(0.353105171185 0.594999999999 0.05)
(0.455945687884 0.250625 0.05)
(0.188560344466 0.594999999999 0.05)
(0.579354307923 0.654374999999 0.05)
(0.401097412311 0.369374999999 0.05)
(0.805477472812 0.452499999999 0.05)
(0.414805658402 0.7968657771 0.05)
(0.174848275573 0.476249999999 0.05)
(0.442233618991 0.274374999999 0.05)
(0.764467237982 0.428749999999 0.05)
(0.394241377864 0.381249999999 0.05)
(0.442430261219 0.22721559433 0.05)
(0.743893536451 0.511874999999 0.05)
(0.50393792901 0.689999999999 0.05)
(0.414806011311 0.274383258751 0.05)
(0.167992241126 0.274375 0.05)
(0.517649997903 0.689999999999 0.05)
(0.209128447806 0.440624999999 0.05)
(0.215984482253 0.476249999999 0.05)
(0.723329539023 0.499999999999 0.05)
(0.236552585592 0.464374999999 0.05)
(0.785035341321 0.369374999999 0.05)
(0.359961205631 0.345624999999 0.05)
(0.599922411263 0.666249999999 0.05)
(0.455945687884 0.274374999999 0.05)
(0.497081894564 0.701874999999 0.05)
(0.393221627204 0.153632178354 0.05)
(0.239688331575 0.147729480889 0.05)
(0.48336982567 0.298124999999 0.05)
(0.401097412311 0.583124999999 0.05)
(0.47649660792 0.761198277965 0.05)
(0.250264654486 0.345624999999 0.05)
(0.257120688932 0.689999999999 0.05)
(0.229696551146 0.333749999999 0.05)
(0.394104755753 0.215449787751 0.05)
(0.215984482252 0.333749999999 0.05)
(0.764467237982 0.357499999999 0.05)
(0.188560344466 0.357499999999 0.05)
(0.785035341321 0.440624999999 0.05)
(0.405016104533 0.147268326523 0.05)
(0.188560344466 0.428749999999 0.05)
(0.620490514603 0.654374999999 0.05)
(0.22941057204 0.190944530759 0.05)
(0.462798381132 0.737489942937 0.05)
(0.497080700339 0.749367090776 0.05)
(0.475831723026 0.191926502384 0.05)
(0.421665515651 0.594999999999 0.05)
(0.394241377864 0.594999999999 0.05)
(0.401097412311 0.345624999999 0.05)
(0.195416378913 0.440624999999 0.05)
(0.558786204583 0.357499999999 0.05)
(0.538218101243 0.773124999999 0.05)
(0.476513791224 0.286249999999 0.05)
(0.743899134642 0.416874999999 0.05)
(0.215984482252 0.23875 0.05)
(0.209128447806 0.416874999999 0.05)
(0.394241377864 0.357499999999 0.05)
(0.678124999999 0.873143965553 0.05)
(0.873463107235 0.678459579964 0.05)
(0.771323272428 0.416874999999 0.05)
(0.52450603235 0.416874999999 0.05)
(0.414810307379 0.74936874206 0.05)
(0.188560344466 0.499999999999 0.05)
(0.270832757825 0.689999999999 0.05)
(0.579354307923 0.298124999999 0.05)
(0.641058617943 0.476249999999 0.05)
(0.394241377864 0.571249999999 0.05)
(0.48336982567 0.701874999999 0.05)
(0.435377584544 0.404999999999 0.05)
(0.45593839931 0.749355006447 0.05)
(0.743899134642 0.393124999999 0.05)
(0.538218101243 0.298124999999 0.05)
(0.374197471354 0.203747158755 0.05)
(0.606778445709 0.416874999999 0.05)
(0.421673421789 0.238865953439 0.05)
(0.46280172233 0.309999999999 0.05)
(0.54507413569 0.357499999999 0.05)
(0.58621034237 0.452499999999 0.05)
(0.647914598781 0.678124907147 0.05)
(0.394231742335 0.262520646778 0.05)
(0.318504002269 0.179416706437 0.05)
(0.538218101243 0.749374999999 0.05)
(0.701853549664 0.873171648392 0.05)
(0.462683761567 0.784715407699 0.05)
(0.215984482253 0.428749999999 0.05)
(0.50393792901 0.357499999999 0.05)
(0.195416378913 0.321874999999 0.05)
(0.126856034447 0.440624999999 0.05)
(0.209128447806 0.345624999999 0.05)
(0.442233618991 0.583124999999 0.05)
(0.381301209317 0.866314564107 0.05)
(0.381133413664 0.85308031649 0.05)
(0.257120688932 0.404999999999 0.05)
(0.298125 0.873143965553 0.05)
(0.873143965553 0.298125 0.05)
(0.209128447806 0.749374999999 0.05)
(0.229696551145 0.666249999999 0.05)
(0.332537067845 0.583124999999 0.05)
(0.476513791224 0.309999999999 0.05)
(0.277688784286 0.2981250137 0.05)
(0.291400861165 0.488124999999 0.05)
(0.421665515651 0.286249999999 0.05)
(0.56564223903 0.440624999999 0.05)
(0.215984482252 0.215 0.05)
(0.277688792272 0.345624999999 0.05)
(0.229696551146 0.428749999999 0.05)
(0.46280172233 0.262499999999 0.05)
(0.709618962409 0.737499999999 0.05)
(0.682194824622 0.428749999999 0.05)
(0.435377584544 0.571249999999 0.05)
(0.270832757825 0.737499999999 0.05)
(0.215984482252 0.2625 0.05)
(0.873143965553 0.321875 0.05)
(0.414809481204 0.298124999999 0.05)
(0.58621034237 0.357499999999 0.05)
(0.46280172233 0.286249999999 0.05)
(0.750701381505 0.571249999999 0.05)
(0.743858708298 0.559374999999 0.05)
(0.442233618991 0.321874999999 0.05)
(0.421578942647 0.21503543773 0.05)
(0.256950352483 0.190994454341 0.05)
(0.188560344466 0.215 0.05)
(0.812245322641 0.72599592988 0.05)
(0.647914652389 0.630624999999 0.05)
(0.627254553447 0.215158795481 0.05)
(0.373673274524 0.606874999999 0.05)
(0.428716425408 0.133660580024 0.05)
(0.229696551146 0.215 0.05)
(0.236552585592 0.773124999999 0.05)
(0.332537067845 0.606874999999 0.05)
(0.332537067845 0.416874999999 0.05)
(0.257120688932 0.333749999999 0.05)
(0.689978549664 0.866315613945 0.05)
(0.373673114319 0.298125274843 0.05)
(0.394241377864 0.309999999999 0.05)
(0.380529308971 0.309999999999 0.05)
(0.497081894563 0.583124999999 0.05)
(0.195416378913 0.345624999999 0.05)
(0.730187065748 0.416874999999 0.05)
(0.167992241126 0.440624999999 0.05)
(0.599922411263 0.428749999999 0.05)
(0.380545694754 0.215201129035 0.05)
(0.414809388393 0.725624720636 0.05)
(0.394240233506 0.286252401136 0.05)
(0.46280172233 0.23875 0.05)
(0.236552585592 0.440624999999 0.05)
(0.277688792272 0.630624999999 0.05)
(0.476419050972 0.784745032356 0.05)
(0.689050843911 0.678124973745 0.05)
(0.48336982567 0.559374999999 0.05)
(0.155238292186 0.12683749798 0.05)
(0.56564223903 0.321874999999 0.05)
(0.455945687884 0.321874999999 0.05)
(0.359961045425 0.298125274843 0.05)
(0.586210342369 0.594999999999 0.05)
(0.270832749839 0.2862500137 0.05)
(0.579354307923 0.416874999999 0.05)
(0.215984482252 0.309999999999 0.05)
(0.270832757825 0.357499999999 0.05)
(0.442233618991 0.440624999999 0.05)
(0.209128447806 0.250625 0.05)
(0.435377584544 0.333749999999 0.05)
(0.48336982567 0.321874999999 0.05)
(0.44223425274 0.250642744598 0.05)
(0.496773566342 0.180199018649 0.05)
(0.743899134642 0.369374999999 0.05)
(0.414809481204 0.393124999999 0.05)
(0.394241377864 0.404999999999 0.05)
(0.401068101782 0.25069279815 0.05)
(0.229696551146 0.23875 0.05)
(0.360439911343 0.203595961692 0.05)
(0.620490514603 0.416874999999 0.05)
(0.394241377864 0.333749999999 0.05)
(0.58621034237 0.428749999999 0.05)
(0.46316691504 0.215632532328 0.05)
(0.147424137786 0.404999999999 0.05)
(0.298256895612 0.333749999999 0.05)
(0.414809481204 0.369374999999 0.05)
(0.188560344466 0.309999999999 0.05)
(0.291400861165 0.345624999999 0.05)
(0.599922411263 0.404999999999 0.05)
(0.435377584544 0.452499999999 0.05)
(0.476513791224 0.689999999999 0.05)
(0.668482755729 0.428749999999 0.05)
(0.354063160814 0.191322799923 0.05)
(0.641058617943 0.642499999999 0.05)
(0.421665515651 0.404999999999 0.05)
(0.229696551146 0.452499999999 0.05)
(0.353104232303 0.215001610708 0.05)
(0.421665515651 0.452499999999 0.05)
(0.497081894564 0.321874999999 0.05)
(0.380529308971 0.404999999999 0.05)
(0.455945687884 0.440624999999 0.05)
(0.538218101243 0.725624999999 0.05)
(0.414809481204 0.345624999999 0.05)
(0.401097412311 0.393124999999 0.05)
(0.76165031285 0.147267840548 0.05)
(0.359961205631 0.393124999999 0.05)
(0.312054526573 0.1911098604 0.05)
(0.689050859069 0.416874999999 0.05)
(0.414809481204 0.321874999999 0.05)
(0.52450603235 0.321874999999 0.05)
(0.401097412311 0.416874999999 0.05)
(0.229696551146 0.2625 0.05)
(0.174848275573 0.215 0.05)
(0.56564223903 0.654374999999 0.05)
(0.353105171185 0.452499999999 0.05)
(0.394241377864 0.452499999999 0.05)
(0.435377584544 0.309999999999 0.05)
(0.250264654486 0.321874999999 0.05)
(0.250264654486 0.464374999999 0.05)
(0.702762927962 0.274374999999 0.05)
(0.229696551146 0.309999999999 0.05)
(0.353105171185 0.428749999999 0.05)
(0.215984482253 0.452499999999 0.05)
(0.373673274525 0.416874999999 0.05)
(0.359961205631 0.321874999999 0.05)
(0.250264654486 0.440624999999 0.05)
(0.455945687884 0.416874999999 0.05)
(0.701448543404 0.846151968619 0.05)
(0.647914652389 0.488124999999 0.05)
(0.373673274525 0.321874999999 0.05)
(0.236552585592 0.345624999999 0.05)
(0.359961205631 0.416874999999 0.05)
(0.229696551146 0.28625 0.05)
(0.209128447806 0.274375 0.05)
(0.270927489674 0.190896455926 0.05)
(0.825884799853 0.415335648147 0.05)
(0.825606969974 0.832588588414 0.05)
(0.373988798633 0.796227543645 0.05)
(0.215984482253 0.499999999999 0.05)
(0.215984482252 0.28625 0.05)
(0.435377584544 0.594999999999 0.05)
(0.298256895612 0.499999999999 0.05)
(0.339393102292 0.428749999999 0.05)
(0.709618962409 0.404999999999 0.05)
(0.270832757825 0.333749999999 0.05)
(0.174848275573 0.333749999999 0.05)
(0.401097412311 0.321874999999 0.05)
(0.236382249143 0.202869454341 0.05)
(0.442233618991 0.298124999999 0.05)
(0.339393102291 0.571249999999 0.05)
(0.236552585592 0.488124999999 0.05)
(0.689050859069 0.559374999999 0.05)
(0.353105171185 0.309999999999 0.05)
(0.277688792272 0.488124999999 0.05)
(0.421665515651 0.381249999999 0.05)
(0.298256895612 0.309999999999 0.05)
(0.236552585592 0.226875 0.05)
(0.702762912805 0.678124973745 0.05)
(0.311968964505 0.309999999999 0.05)
(0.682194824622 0.286249999999 0.05)
(0.312086620873 0.808542331187 0.05)
(0.311968964505 0.499999999999 0.05)
(0.318824998952 0.511874999999 0.05)
(0.339393102291 0.309999999999 0.05)
(0.332594965184 0.796751426836 0.05)
(0.517649997903 0.404999999999 0.05)
(0.236552585592 0.321874999999 0.05)
(0.497081894563 0.654374999999 0.05)
(0.339393102292 0.452499999999 0.05)
(0.270832757825 0.476249999999 0.05)
(0.517649997903 0.428749999999 0.05)
(0.373673274525 0.511874999999 0.05)
(0.421665515651 0.309999999999 0.05)
(0.435377584544 0.286249999999 0.05)
(0.257120688932 0.452499999999 0.05)
(0.462801722331 0.428749999999 0.05)
(0.318824998952 0.321874999999 0.05)
(0.394241377864 0.499999999999 0.05)
(0.359961205631 0.440624999999 0.05)
(0.579354307923 0.440624999999 0.05)
(0.689050819792 0.511874999999 0.05)
(0.414809481204 0.606874999999 0.05)
(0.455945687884 0.298124999999 0.05)
(0.606778445709 0.440624999999 0.05)
(0.332537067845 0.511874999999 0.05)
(0.332537067845 0.321874999999 0.05)
(0.257120688932 0.476249999999 0.05)
(0.209128447806 0.298124999999 0.05)
(0.405456450876 0.851472591322 0.05)
(0.421665515651 0.357499999999 0.05)
(0.270832757825 0.452499999999 0.05)
(0.421665515651 0.333749999999 0.05)
(0.291511381656 0.202712531914 0.05)
(0.730187065749 0.654374999999 0.05)
(0.236552585592 0.298124999999 0.05)
(0.380529308971 0.333749999999 0.05)
(0.771323272428 0.440624999999 0.05)
(0.270832757826 0.499999999999 0.05)
(0.359961205631 0.511874999999 0.05)
(0.353105171185 0.404999999999 0.05)
(0.298256895612 0.357499999999 0.05)
(0.250264654486 0.488124999999 0.05)
(0.277688792272 0.321874999999 0.05)
(0.215984482253 0.404999999999 0.05)
(0.353105171185 0.499999999999 0.05)
(0.476513791224 0.262499999999 0.05)
(0.311968964505 0.333749999999 0.05)
(0.843648047182 0.872829896791 0.05)
(0.52450603235 0.583124999999 0.05)
(0.661626721282 0.440624999999 0.05)
(0.661626721282 0.298124999999 0.05)
(0.339393102292 0.404999999999 0.05)
(0.250264654485 0.773124999999 0.05)
(0.812262458996 0.345624999999 0.05)
(0.277688792272 0.511874999999 0.05)
(0.209128447806 0.606874999999 0.05)
(0.497081894564 0.274374999999 0.05)
(0.455945687884 0.701874999999 0.05)
(0.812089482802 0.203935767622 0.05)
(0.291400861165 0.321874999999 0.05)
(0.46280172233 0.594999999999 0.05)
(0.792710121356 0.54831068061 0.05)
(0.298424985537 0.190776303398 0.05)
(0.606698544087 0.203261075876 0.05)
(0.257120688932 0.499999999999 0.05)
(0.866401244837 0.240069444444 0.05)
(0.682161414286 0.761192131599 0.05)
(0.401097412311 0.511874999999 0.05)
(0.380529308971 0.499999999999 0.05)
(0.641058617943 0.428749999999 0.05)
(0.750755169088 0.404999999999 0.05)
(0.277688792272 0.464374999999 0.05)
(0.257120688932 0.428749999999 0.05)
(0.538218101243 0.393124999999 0.05)
(0.215868839597 0.191200076418 0.05)
(0.291400861165 0.583124999999 0.05)
(0.291400861165 0.511874999999 0.05)
(0.277688792272 0.440624999999 0.05)
(0.462801722331 0.404999999999 0.05)
(0.380529308971 0.381249999999 0.05)
(0.750755169088 0.428749999999 0.05)
(0.373673274525 0.393124999999 0.05)
(0.270832757825 0.404999999999 0.05)
(0.339393102292 0.499999999999 0.05)
(0.730187065748 0.393124999999 0.05)
(0.291400861165 0.725624999999 0.05)
(0.442233618991 0.393124999999 0.05)
(0.236552585592 0.250625 0.05)
(0.277688792272 0.796874999999 0.05)
(0.353105171185 0.381249999999 0.05)
(0.558786204583 0.428749999999 0.05)
(0.236552585592 0.274375 0.05)
(0.421665515651 0.499999999999 0.05)
(0.661547835766 0.772988366277 0.05)
(0.442233618991 0.511874999999 0.05)
(0.332537067845 0.393124999999 0.05)
(0.647914652389 0.416874999999 0.05)
(0.435377584544 0.618749999999 0.05)
(0.250264654486 0.511874999999 0.05)
(0.771323272428 0.345624999999 0.05)
(0.414809481204 0.416874999999 0.05)
(0.257120688932 0.215 0.05)
(0.188560344466 0.476249999999 0.05)
(0.455945687884 0.511874999999 0.05)
(0.332537067845 0.440624999999 0.05)
(0.435377584544 0.499999999999 0.05)
(0.791891375768 0.452499999999 0.05)
(0.270832757825 0.309999999999 0.05)
(0.701365856867 0.832838270896 0.05)
(0.291400853179 0.2981250137 0.05)
(0.48336982567 0.274374999999 0.05)
(0.270832757825 0.215 0.05)
(0.517649997903 0.476249999999 0.05)
(0.414809481204 0.511874999999 0.05)
(0.702762927962 0.749374999999 0.05)
(0.50393792901 0.642499999999 0.05)
(0.250264654486 0.226875 0.05)
(0.236552585592 0.416874999999 0.05)
(0.476513791224 0.428749999999 0.05)
(0.497081894563 0.630624999999 0.05)
(0.359955572341 0.226884664252 0.05)
(0.277688792272 0.416874999999 0.05)
(0.332537067845 0.369374999999 0.05)
(0.599922411263 0.523749999999 0.05)
(0.54507413569 0.571249999999 0.05)
(0.215984482253 0.357499999999 0.05)
(0.359961205631 0.606874999999 0.05)
(0.154280172233 0.250625 0.05)
(0.476513791224 0.571249999999 0.05)
(0.318825872388 0.725623193725 0.05)
(0.455945687884 0.393124999999 0.05)
(0.154280172233 0.393124999999 0.05)
(0.414809481204 0.701874999999 0.05)
(0.421665436098 0.713749760545 0.05)
(0.435377584544 0.381249999999 0.05)
(0.277783524121 0.202771455926 0.05)
(0.318824420844 0.250625991779 0.05)
(0.250094318036 0.202869454341 0.05)
(0.400894613851 0.227222913094 0.05)
(0.380529308971 0.357499999999 0.05)
(0.579354307923 0.369374999999 0.05)
(0.661626721282 0.559374999999 0.05)
(0.257120688932 0.23875 0.05)
(0.80555412682 0.428713348765 0.05)
(0.277688792272 0.226875 0.05)
(0.339393102291 0.357499999999 0.05)
(0.227125143658 0.126711613938 0.05)
(0.126856034447 0.226875 0.05)
(0.250264654486 0.416874999999 0.05)
(0.401097412311 0.606874999999 0.05)
(0.558786204583 0.452499999999 0.05)
(0.270832757825 0.428749999999 0.05)
(0.50393792901 0.309999999999 0.05)
(0.311968629087 0.26250057543 0.05)
(0.339391068048 0.238753489869 0.05)
(0.229696551146 0.404999999999 0.05)
(0.476513791224 0.404999999999 0.05)
(0.339393102292 0.381249999999 0.05)
(0.188560344466 0.333749999999 0.05)
(0.661626721282 0.416874999999 0.05)
(0.250264654486 0.274375 0.05)
(0.318824998952 0.606874999999 0.05)
(0.811803128767 0.833120629597 0.05)
(0.661626721282 0.606874999999 0.05)
(0.195416378913 0.488124999999 0.05)
(0.394241375655 0.713749993347 0.05)
(0.393124999999 0.126856034447 0.05)
(0.126856034447 0.393124999999 0.05)
(0.401164479901 0.796753931372 0.05)
(0.497081894564 0.488124999999 0.05)
(0.50393792901 0.594999999999 0.05)
(0.229696551146 0.499999999999 0.05)
(0.813141281834 0.465216590821 0.05)
(0.750740634389 0.523749999999 0.05)
(0.50393792901 0.333749999999 0.05)
(0.56564223903 0.559374999999 0.05)
(0.270832757825 0.23875 0.05)
(0.661626721282 0.583124999999 0.05)
(0.599922411263 0.452499999999 0.05)
(0.442233618991 0.488124999999 0.05)
(0.750755169088 0.357499999999 0.05)
(0.462801722331 0.381249999999 0.05)
(0.442233618991 0.606874999999 0.05)
(0.250264654486 0.298124999999 0.05)
(0.393124999999 0.873143965553 0.05)
(0.873143965553 0.393124999999 0.05)
(0.421665515651 0.618749999999 0.05)
(0.476513791224 0.499999999999 0.05)
(0.250264654486 0.250625 0.05)
(0.476513791224 0.476249999999 0.05)
(0.52450603235 0.488124999999 0.05)
(0.730187065749 0.250624999999 0.05)
(0.483637477592 0.203588586727 0.05)
(0.435354647729 0.784944662607 0.05)
(0.524901903894 0.796229894855 0.05)
(0.48336982567 0.511874999999 0.05)
(0.257120688932 0.309999999999 0.05)
(0.730183710267 0.511874999999 0.05)
(0.52450603235 0.250624999999 0.05)
(0.64790728933 0.749362246807 0.05)
(0.641058617943 0.309999999999 0.05)
(0.332535633442 0.250627460805 0.05)
(0.586210342369 0.547499999999 0.05)
(0.462801722331 0.357499999999 0.05)
(0.640964606676 0.215162582082 0.05)
(0.538218101243 0.416874999999 0.05)
(0.48336982567 0.416874999999 0.05)
(0.394241377864 0.618749999999 0.05)
(0.517649997903 0.452499999999 0.05)
(0.54507413569 0.713749999999 0.05)
(0.373673274525 0.701874999999 0.05)
(0.414663745699 0.227221867556 0.05)
(0.257120688932 0.286249999999 0.05)
(0.455945687884 0.369374999999 0.05)
(0.812285639809 0.749676098498 0.05)
(0.462801722331 0.499999999999 0.05)
(0.257120688932 0.2625 0.05)
(0.353098599012 0.238761274961 0.05)
(0.393413655223 0.845094378151 0.05)
(0.209128447806 0.488124999999 0.05)
(0.401097396842 0.725624953438 0.05)
(0.476513791224 0.594999999999 0.05)
(0.236552585592 0.511874999999 0.05)
(0.311968964505 0.713749999999 0.05)
(0.373639474781 0.226932985515 0.05)
(0.353105171185 0.689999999999 0.05)
(0.311968964505 0.689999999999 0.05)
(0.209128447806 0.203125 0.05)
(0.455945687884 0.606874999999 0.05)
(0.785092859842 0.606799676811 0.05)
(0.229696551146 0.357499999999 0.05)
(0.359954476979 0.250636543412 0.05)
(0.394241377864 0.689999999999 0.05)
(0.455945687884 0.345624999999 0.05)
(0.627346549049 0.381249999999 0.05)
(0.627346549049 0.404999999999 0.05)
(0.50393792901 0.476249999999 0.05)
(0.682194824622 0.499999999999 0.05)
(0.545180251705 0.784821030773 0.05)
(0.236552585592 0.725624999999 0.05)
(0.647914652389 0.345624999999 0.05)
(0.682194824622 0.547499999999 0.05)
(0.627346549049 0.428749999999 0.05)
(0.538218101243 0.511874999999 0.05)
(0.599922411263 0.333749999999 0.05)
(0.442233618991 0.345624999999 0.05)
(0.497081894564 0.345624999999 0.05)
(0.599922411263 0.594999999999 0.05)
(0.579041591531 0.821473522428 0.05)
(0.599922411263 0.309999999999 0.05)
(0.476513791224 0.381249999999 0.05)
(0.46280172233 0.689999999999 0.05)
(0.52450603235 0.298124999999 0.05)
(0.48336982567 0.583124999999 0.05)
(0.476513791224 0.333749999999 0.05)
(0.764467237982 0.404999999999 0.05)
(0.435377584544 0.689999999999 0.05)
(0.48336982567 0.393124999999 0.05)
(0.750729972008 0.594999999999 0.05)
(0.48336982567 0.606874999999 0.05)
(0.455945687884 0.488124999999 0.05)
(0.52450603235 0.511874999999 0.05)
(0.689050819792 0.535624999999 0.05)
(0.442233618991 0.369374999999 0.05)
(0.668482755729 0.404999999999 0.05)
(0.42165841616 0.784982871758 0.05)
(0.462801722331 0.476249999999 0.05)
(0.48336982567 0.488124999999 0.05)
(0.421665515651 0.642499999999 0.05)
(0.579354307923 0.464374999999 0.05)
(0.517649997903 0.594999999999 0.05)
(0.435377584544 0.357499999999 0.05)
(0.209128447806 0.511874999999 0.05)
(0.661626721282 0.535624999999 0.05)
(0.257120688932 0.523749999999 0.05)
(0.682194824622 0.404999999999 0.05)
(0.558892320599 0.784821030773 0.05)
(0.209128447806 0.393124999999 0.05)
(0.270832757826 0.523749999999 0.05)
(0.647861598012 0.773033107123 0.05)
(0.750755169088 0.238749999999 0.05)
(0.442228478979 0.749361272321 0.05)
(0.558786204583 0.571249999999 0.05)
(0.318841655907 0.796839565939 0.05)
(0.791925007246 0.761191748571 0.05)
(0.538218101243 0.583124999999 0.05)
(0.36024988832 0.796258026277 0.05)
(0.442233618991 0.701874999999 0.05)
(0.476743207157 0.215397360052 0.05)
(0.764664793857 0.78404400214 0.05)
(0.579354307923 0.559374999999 0.05)
(0.373662463476 0.250644919594 0.05)
(0.813381388839 0.655227259016 0.05)
(0.579430553184 0.796742939332 0.05)
(0.497081894564 0.369374999999 0.05)
(0.599922411263 0.357499999999 0.05)
(0.620490514603 0.369374999999 0.05)
(0.826045143932 0.535365058775 0.05)
(0.332537067845 0.701874999999 0.05)
(0.291400861165 0.630624999999 0.05)
(0.517649997903 0.642499999999 0.05)
(0.620352832249 0.203362517168 0.05)
(0.401097412311 0.701874999999 0.05)
(0.743899134642 0.654374999999 0.05)
(0.661626721282 0.630624999999 0.05)
(0.56503706513 0.178596419996 0.05)
(0.58621034237 0.404999999999 0.05)
(0.56564223903 0.416874999999 0.05)
(0.50393792901 0.618749999999 0.05)
(0.497081894563 0.606874999999 0.05)
(0.558786204583 0.404999999999 0.05)
(0.682194824622 0.594999999999 0.05)
(0.586081996989 0.832953989848 0.05)
(0.661626721282 0.488124999999 0.05)
(0.54507413569 0.594999999999 0.05)
(0.229696551146 0.523749999999 0.05)
(0.606778445709 0.393124999999 0.05)
(0.50393792901 0.499999999999 0.05)
(0.805642681385 0.76118204 0.05)
(0.416893788622 0.154098392426 0.05)
(0.52450603235 0.393124999999 0.05)
(0.322265988253 0.872124441899 0.05)
(0.538218101243 0.440624999999 0.05)
(0.380529308971 0.618749999999 0.05)
(0.620490514603 0.440624999999 0.05)
(0.435377504992 0.713749760545 0.05)
(0.52450603235 0.464374999999 0.05)
(0.723331031302 0.689999999999 0.05)
(0.401097412311 0.630624999999 0.05)
(0.421665515651 0.689999999999 0.05)
(0.414809481204 0.630624999999 0.05)
(0.236552585592 0.369374999999 0.05)
(0.39418656602 0.238859241269 0.05)
(0.195416378913 0.203125 0.05)
(0.380529308971 0.689999999999 0.05)
(0.54507413569 0.761249999999 0.05)
(0.257120688932 0.784999999999 0.05)
(0.764467237982 0.642499999999 0.05)
(0.54507413569 0.404999999999 0.05)
(0.620490514603 0.393124999999 0.05)
(0.311968964505 0.618749999999 0.05)
(0.743903233641 0.773015596817 0.05)
(0.517649997903 0.499999999999 0.05)
(0.54507413569 0.737499999999 0.05)
(0.414809481204 0.488124999999 0.05)
(0.359961205631 0.701874999999 0.05)
(0.661626721282 0.511874999999 0.05)
(0.503859611458 0.191588009265 0.05)
(0.730187065748 0.369374999999 0.05)
(0.353105171185 0.357499999999 0.05)
(0.647914645825 0.654374988629 0.05)
(0.339393102291 0.689999999999 0.05)
(0.133712068893 0.428749999999 0.05)
(0.435377584544 0.666249999999 0.05)
(0.298256895612 0.618749999999 0.05)
(0.38049048795 0.238817972406 0.05)
(0.46280172233 0.333749999999 0.05)
(0.682194824622 0.666249999999 0.05)
(0.743927827632 0.796109177729 0.05)
(0.202978997354 0.871939689385 0.05)
(0.277688761204 0.274375053298 0.05)
(0.195416378913 0.511874999999 0.05)
(0.52450603235 0.440624999999 0.05)
(0.339407085045 0.761221300278 0.05)
(0.825780501525 0.750395712375 0.05)
(0.832926187028 0.761405783541 0.05)
(0.647914652389 0.440624999999 0.05)
(0.792572783929 0.783642376719 0.05)
(0.517649997903 0.309999999999 0.05)
(0.27768876919 0.250625039598 0.05)
(0.270832734744 0.262500039598 0.05)
(0.764467237982 0.452499999999 0.05)
(0.750783862079 0.784234177729 0.05)
(0.133712068893 0.28625 0.05)
(0.440740986978 0.167494313318 0.05)
(0.723331031302 0.713749999999 0.05)
(0.606778445709 0.583124999999 0.05)
(0.682194785346 0.523749999999 0.05)
(0.1786884219 0.872904322344 0.05)
(0.873143965553 0.179375 0.05)
(0.770810998861 0.203902370834 0.05)
(0.414809481204 0.654374999999 0.05)
(0.641058617943 0.404999999999 0.05)
(0.538218101243 0.488124999999 0.05)
(0.359961205631 0.369374999999 0.05)
(0.785237130186 0.772775491433 0.05)
(0.668482755729 0.594999999999 0.05)
(0.229696551145 0.713749999999 0.05)
(0.54507413569 0.428749999999 0.05)
(0.668482755729 0.571249999999 0.05)
(0.483375287954 0.250634460953 0.05)
(0.538218101243 0.606874999999 0.05)
(0.668482755729 0.286249999999 0.05)
(0.277688792272 0.535624999999 0.05)
(0.668482755729 0.618749999999 0.05)
(0.154280172233 0.321874999999 0.05)
(0.215984482253 0.523749999999 0.05)
(0.682194824622 0.571249999999 0.05)
(0.586210342369 0.571249999999 0.05)
(0.709618962409 0.333749999999 0.05)
(0.497081894564 0.511874999999 0.05)
(0.689050859069 0.274374999999 0.05)
(0.599922411263 0.381249999999 0.05)
(0.56564223903 0.464374999999 0.05)
(0.599922411263 0.571249999999 0.05)
(0.401092798059 0.274385659887 0.05)
(0.416887934833 0.167433879899 0.05)
(0.318824998952 0.701874999999 0.05)
(0.709618962409 0.262499999999 0.05)
(0.791735973497 0.642809579871 0.05)
(0.78487993905 0.630934579871 0.05)
(0.668482755729 0.547499999999 0.05)
(0.812261221375 0.416618441357 0.05)
(0.730187065749 0.701874999999 0.05)
(0.380529308971 0.666249999999 0.05)
(0.558786204583 0.499999999999 0.05)
(0.668482755729 0.476249999999 0.05)
(0.723331031302 0.737499999999 0.05)
(0.380621778662 0.784838066852 0.05)
(0.318832481532 0.226850850902 0.05)
(0.668482755729 0.452499999999 0.05)
(0.647914652389 0.298124999999 0.05)
(0.56564223903 0.274374999999 0.05)
(0.743899134642 0.345624999999 0.05)
(0.606778445709 0.298124999999 0.05)
(0.20901280515 0.179325076418 0.05)
(0.805368006753 0.404694573044 0.05)
(0.209128447806 0.725624999999 0.05)
(0.743869722233 0.583124999999 0.05)
(0.606778445709 0.678124999999 0.05)
(0.620490514603 0.488124999999 0.05)
(0.601127650455 0.833235993066 0.05)
(0.298256895612 0.689999999999 0.05)
(0.229696551145 0.737499999999 0.05)
(0.785709693316 0.56018568061 0.05)
(0.689050859069 0.583124999999 0.05)
(0.722572136248 0.785532575552 0.05)
(0.764467237982 0.761249999999 0.05)
(0.373703572492 0.773070695792 0.05)
(0.606778445709 0.369374999999 0.05)
(0.723331031302 0.381249999999 0.05)
(0.51765834306 0.238764454234 0.05)
(0.730187065749 0.725624999999 0.05)
(0.620490514603 0.321874999999 0.05)
(0.606778445709 0.749374999999 0.05)
(0.661626721282 0.464374999999 0.05)
(0.373673274525 0.488124999999 0.05)
(0.709618962409 0.357499999999 0.05)
(0.771496234312 0.772825421228 0.05)
(0.339451803639 0.784875534743 0.05)
(0.627346549049 0.357499999999 0.05)
(0.215984482252 0.618749999999 0.05)
(0.708584761474 0.785251242783 0.05)
(0.764467237982 0.333749999999 0.05)
(0.373673274525 0.369374999999 0.05)
(0.743899134642 0.749374999999 0.05)
(0.277688792272 0.725624999999 0.05)
(0.743899134642 0.701874999999 0.05)
(0.709522844581 0.191591491257 0.05)
(0.52450603235 0.630624999999 0.05)
(0.761280715592 0.133828918802 0.05)
(0.54507413569 0.499999999999 0.05)
(0.58621034237 0.761249999999 0.05)
(0.784995451985 0.725694090357 0.05)
(0.46280172233 0.642499999999 0.05)
(0.750755169089 0.761249999999 0.05)
(0.56564223903 0.393124999999 0.05)
(0.428862433836 0.173951507593 0.05)
(0.68874624185 0.772676395648 0.05)
(0.497164739206 0.20326849113 0.05)
(0.730187065749 0.749374999999 0.05)
(0.661626721282 0.274374999999 0.05)
(0.806667127768 0.547716159422 0.05)
(0.188692923494 0.191479633611 0.05)
(0.627346549049 0.309999999999 0.05)
(0.195416378913 0.393124999999 0.05)
(0.723328049605 0.523749999999 0.05)
(0.668482749165 0.666249988629 0.05)
(0.174848275573 0.594999999999 0.05)
(0.808825963262 0.146739213102 0.05)
(0.606778445709 0.345624999999 0.05)
(0.455910945522 0.773036752041 0.05)
(0.394319623386 0.784858753267 0.05)
(0.730146646767 0.772932240295 0.05)
(0.668482755729 0.499999999999 0.05)
(0.54507413569 0.262499999999 0.05)
(0.702762927962 0.345624999999 0.05)
(0.229696551145 0.689999999999 0.05)
(0.702762927962 0.393124999999 0.05)
(0.250264654485 0.701874999999 0.05)
(0.647914652389 0.369374999999 0.05)
(0.517649997903 0.618749999999 0.05)
(0.730187065749 0.678124999999 0.05)
(0.723331031302 0.357499999999 0.05)
(0.298256895612 0.713749999999 0.05)
(0.668482755729 0.523749999999 0.05)
(0.476519253508 0.238759460953 0.05)
(0.353103078445 0.262503590223 0.05)
(0.270832757825 0.784999999999 0.05)
(0.353109380759 0.737491577576 0.05)
(0.627346549049 0.333749999999 0.05)
(0.812327002258 0.535365058775 0.05)
(0.54507413569 0.476249999999 0.05)
(0.52450603235 0.606874999999 0.05)
(0.827093457732 0.655227259016 0.05)
(0.668482755729 0.642499999999 0.05)
(0.709618947251 0.689999973745 0.05)
(0.682194824622 0.642499999999 0.05)
(0.723331031302 0.666249999999 0.05)
(0.56564223903 0.701874999999 0.05)
(0.620490514603 0.298124999999 0.05)
(0.723331031302 0.333749999999 0.05)
(0.215984482252 0.666249999999 0.05)
(0.277688792272 0.369374999999 0.05)
(0.270832757825 0.547499999999 0.05)
(0.133712068893 0.357499999999 0.05)
(0.730079050524 0.203312087856 0.05)
(0.764462356857 0.737508454355 0.05)
(0.462781376749 0.761195019221 0.05)
(0.188560344466 0.713749999999 0.05)
(0.709574444428 0.761166643477 0.05)
(0.483408061659 0.226941226675 0.05)
(0.579354307923 0.583124999999 0.05)
(0.270832757825 0.713749999999 0.05)
(0.579354307923 0.535624999999 0.05)
(0.414806335932 0.773109552725 0.05)
(0.689050859069 0.393124999999 0.05)
(0.229696551146 0.547499999999 0.05)
(0.647793112091 0.203825266284 0.05)
(0.56564223903 0.535624999999 0.05)
(0.250264654486 0.369374999999 0.05)
(0.606778445709 0.321874999999 0.05)
(0.353168696581 0.784870182187 0.05)
(0.565543887843 0.203281954564 0.05)
(0.750754471785 0.713751207764 0.05)
(0.332557438969 0.773082619488 0.05)
(0.257120688932 0.713749999999 0.05)
(0.601066866837 0.1669476683 0.05)
(0.750755169088 0.333749999999 0.05)
(0.58621034237 0.381249999999 0.05)
(0.250264654486 0.535624999999 0.05)
(0.709618962409 0.666249999999 0.05)
(0.791728147319 0.500100189382 0.05)
(0.48336982567 0.369374999999 0.05)
(0.215984482252 0.713749999999 0.05)
(0.812870179526 0.772146151581 0.05)
(0.236552585592 0.535624999999 0.05)
(0.538218101243 0.250624999999 0.05)
(0.723286513321 0.761166643477 0.05)
(0.401097412311 0.488124999999 0.05)
(0.48336982567 0.345624999999 0.05)
(0.661626714718 0.654374988629 0.05)
(0.702762927962 0.654374999999 0.05)
(0.538218101243 0.464374999999 0.05)
(0.70336587421 0.179883801388 0.05)
(0.709618962409 0.381249999999 0.05)
(0.806399382544 0.667102259016 0.05)
(0.503951736451 0.238773915188 0.05)
(0.647914652389 0.464374999999 0.05)
(0.523669063957 0.18062517468 0.05)
(0.54507413569 0.452499999999 0.05)
(0.689050859069 0.654374999999 0.05)
(0.227347725405 0.872935500917 0.05)
(0.126856034447 0.274375 0.05)
(0.873143965553 0.226875 0.05)
(0.332536650982 0.274375715153 0.05)
(0.558786204583 0.594999999999 0.05)
(0.476513791224 0.357499999999 0.05)
(0.339391765873 0.262502292707 0.05)
(0.702447203099 0.772650907526 0.05)
(0.771319455719 0.464374999999 0.05)
(0.174848275573 0.523749999999 0.05)
(0.785035341322 0.654374999999 0.05)
(0.579354307923 0.393124999999 0.05)
(0.236552585592 0.701874999999 0.05)
(0.215984482253 0.547499999999 0.05)
(0.750755169089 0.689999999999 0.05)
(0.195416378912 0.606874999999 0.05)
(0.298275996915 0.214929228641 0.05)
(0.730187065748 0.345624999999 0.05)
(0.641058617942 0.357499999999 0.05)
(0.791765403919 0.666249999999 0.05)
(0.195416378912 0.725624999999 0.05)
(0.558786204583 0.476249999999 0.05)
(0.318824726794 0.274375466902 0.05)
(0.743898437338 0.725626207764 0.05)
(0.771323272428 0.654374999999 0.05)
(0.359989400724 0.773072328495 0.05)
(0.58621034237 0.286249999999 0.05)
(0.702762927962 0.250624999999 0.05)
(0.209128447806 0.535624999999 0.05)
(0.627346549049 0.452499999999 0.05)
(0.578963196944 0.178262290229 0.05)
(0.599922411263 0.761249999999 0.05)
(0.620490514603 0.345624999999 0.05)
(0.709618953362 0.428749999999 0.05)
(0.558786204583 0.761249999999 0.05)
(0.647914652389 0.274374999999 0.05)
(0.56564223903 0.583124999999 0.05)
(0.750709221822 0.547499999999 0.05)
(0.257120688932 0.547499999999 0.05)
(0.56564223903 0.773124999999 0.05)
(0.442209134263 0.773065270648 0.05)
(0.558786204583 0.262499999999 0.05)
(0.401108721659 0.773097279962 0.05)
(0.826658823452 0.771650281246 0.05)
(0.682194811792 0.452499999999 0.05)
(0.464154763831 0.126728881036 0.05)
(0.126856034447 0.464374999999 0.05)
(0.806488159128 0.783022745439 0.05)
(0.464374999999 0.873143965553 0.05)
(0.872955790683 0.464299676811 0.05)
(0.668482755729 0.262499999999 0.05)
(0.73002493514 0.178859758501 0.05)
(0.19554895794 0.179604633611 0.05)
(0.359961205631 0.488124999999 0.05)
(0.661626721282 0.393124999999 0.05)
(0.729472688676 0.797490932075 0.05)
(0.53868187496 0.796117113948 0.05)
(0.452243888592 0.133555685364 0.05)
(0.750675810964 0.215137452302 0.05)
(0.627346549049 0.286249999999 0.05)
(0.647914652389 0.393124999999 0.05)
(0.59984499804 0.191380667446 0.05)
(0.190417419254 0.864844011729 0.05)
(0.558786204583 0.737499999999 0.05)
(0.599922411263 0.286249999999 0.05)
(0.579354307923 0.773124999999 0.05)
(0.195416378912 0.773124999999 0.05)
(0.517514018772 0.191567079688 0.05)
(0.353122153858 0.761216361842 0.05)
(0.641058617942 0.381249999999 0.05)
(0.743899134642 0.678124999999 0.05)
(0.785031524612 0.464374999999 0.05)
(0.215984482252 0.689999999999 0.05)
(0.586299295175 0.808595929221 0.05)
(0.689050859069 0.630624999999 0.05)
(0.56564223903 0.488124999999 0.05)
(0.332537067845 0.464374999999 0.05)
(0.334575881739 0.134490754459 0.05)
(0.723112756296 0.191628063399 0.05)
(0.689050846238 0.440624999999 0.05)
(0.311973757343 0.761239973122 0.05)
(0.702762927962 0.369374999999 0.05)
(0.195416378912 0.701874999999 0.05)
(0.147424137786 0.333749999999 0.05)
(0.579354307923 0.749374999999 0.05)
(0.544791318624 0.191709034154 0.05)
(0.277688792272 0.701874999999 0.05)
(0.689050859069 0.606874999999 0.05)
(0.358010599598 0.866531509015 0.05)
(0.750755169089 0.666249999999 0.05)
(0.133712068893 0.452499999999 0.05)
(0.435369645158 0.761229803702 0.05)
(0.579354307923 0.725624999999 0.05)
(0.579286701049 0.203231607966 0.05)
(0.311968964505 0.452499999999 0.05)
(0.209128447806 0.678124999999 0.05)
(0.641058617943 0.452499999999 0.05)
(0.558786204583 0.713749999999 0.05)
(0.291400861165 0.701874999999 0.05)
(0.791919463866 0.618984256683 0.05)
(0.497128475709 0.22695568091 0.05)
(0.401097412311 0.535624999999 0.05)
(0.641058617942 0.286249999999 0.05)
(0.682194824622 0.262499999999 0.05)
(0.318824998952 0.416874999999 0.05)
(0.743899134642 0.226874999999 0.05)
(0.607611053982 0.178374524138 0.05)
(0.318824998952 0.393124999999 0.05)
(0.750746577966 0.499999999999 0.05)
(0.750754471785 0.737501207764 0.05)
(0.58621034237 0.784999999999 0.05)
(0.318824998952 0.440624999999 0.05)
(0.730185875692 0.488124999999 0.05)
(0.188560344466 0.523749999999 0.05)
(0.209128447806 0.701874999999 0.05)
(0.743727192039 0.203422813323 0.05)
(0.59993723673 0.808724321536 0.05)
(0.764467237982 0.666249999999 0.05)
(0.579354307923 0.274374999999 0.05)
(0.586147859548 0.191348216866 0.05)
(0.682194824622 0.618749999999 0.05)
(0.394244398758 0.737493901355 0.05)
(0.147395388179 0.191376340317 0.05)
(0.558478914528 0.191732693231 0.05)
(0.56564223903 0.749374999999 0.05)
(0.428749999999 0.866287931107 0.05)
(0.215984482252 0.642499999999 0.05)
(0.743879687937 0.535624999999 0.05)
(0.311968964505 0.428749999999 0.05)
(0.310202994384 0.134588594502 0.05)
(0.58621034237 0.523749999999 0.05)
(0.359961205631 0.535624999999 0.05)
(0.421663078396 0.761235876628 0.05)
(0.291400861165 0.369374999999 0.05)
(0.401101581043 0.749363812965 0.05)
(0.682194824622 0.381249999999 0.05)
(0.730176929337 0.535624999999 0.05)
(0.599922411263 0.476249999999 0.05)
(0.209128447806 0.630624999999 0.05)
(0.167992241126 0.250625 0.05)
(0.34608439028 0.126639089539 0.05)
(0.37367515143 0.725621354211 0.05)
(0.126856034447 0.345624999999 0.05)
(0.689050859069 0.250624999999 0.05)
(0.209128447806 0.654374999999 0.05)
(0.689050859069 0.369374999999 0.05)
(0.621953956483 0.821601453489 0.05)
(0.332542848978 0.749363039406 0.05)
(0.188560344466 0.618749999999 0.05)
(0.579354307923 0.701874999999 0.05)
(0.607725186552 0.82188391796 0.05)
(0.537286532302 0.180722051571 0.05)
(0.586116148291 0.166867884971 0.05)
(0.723313028765 0.215031181309 0.05)
(0.358010599598 0.133468490985 0.05)
(0.661605786267 0.203855311359 0.05)
(0.64105860372 0.666249975365 0.05)
(0.195416378912 0.749374999999 0.05)
(0.805416958885 0.713812387433 0.05)
(0.866401244837 0.335069444444 0.05)
(0.318857452109 0.203033288613 0.05)
(0.440624999999 0.873143965553 0.05)
(0.709616390618 0.238754454472 0.05)
(0.668482755729 0.309999999999 0.05)
(0.56564223903 0.725624999999 0.05)
(0.318824998952 0.464374999999 0.05)
(0.188560344466 0.737499999999 0.05)
(0.339393102291 0.618749999999 0.05)
(0.661626721282 0.369374999999 0.05)
(0.50399088282 0.215091718689 0.05)
(0.620490506944 0.678124986734 0.05)
(0.34608439028 0.873360910461 0.05)
(0.873257279284 0.346944444444 0.05)
(0.310390988253 0.865268407453 0.05)
(0.339393435214 0.713749316672 0.05)
(0.394256737787 0.76121867477 0.05)
(0.451967899933 0.851437060683 0.05)
(0.195416378913 0.535624999999 0.05)
(0.524509657515 0.226906814517 0.05)
(0.442233618991 0.535624999999 0.05)
(0.215326722759 0.864875190302 0.05)
(0.743893088451 0.488124999999 0.05)
(0.723328459511 0.238754454472 0.05)
(0.318824998952 0.535624999999 0.05)
(0.195415673253 0.796874844694 0.05)
(0.154280172233 0.369374999999 0.05)
(0.452499999999 0.866287931107 0.05)
(0.188559638806 0.784999844694 0.05)
(0.79158686391 0.690012260019 0.05)
(0.784887407816 0.678126673764 0.05)
(0.188560344466 0.761249999999 0.05)
(0.195416378912 0.630624999999 0.05)
(0.668482755729 0.381249999999 0.05)
(0.599922411263 0.689999999999 0.05)
(0.730184493957 0.226879454472 0.05)
(0.627346541391 0.666249986734 0.05)
(0.373673274524 0.630624999999 0.05)
(0.311968964505 0.547499999999 0.05)
(0.866287931107 0.31 0.05)
(0.64791439463 0.701874553547 0.05)
(0.723331022255 0.428749999999 0.05)
(0.682194824622 0.333749999999 0.05)
(0.723331031302 0.309999999999 0.05)
(0.380549433345 0.761212777015 0.05)
(0.188560344466 0.28625 0.05)
(0.538153553224 0.203253233688 0.05)
(0.599922411263 0.618749999999 0.05)
(0.668482755729 0.333749999999 0.05)
(0.620490316157 0.725624656281 0.05)
(0.764445276325 0.690001673764 0.05)
(0.334600378534 0.865485352361 0.05)
(0.620491722314 0.796868532329 0.05)
(0.58621034237 0.713749999999 0.05)
(0.689113598195 0.203395504954 0.05)
(0.311992526333 0.214916428337 0.05)
(0.56564223903 0.606874999999 0.05)
(0.339396306187 0.737493410438 0.05)
(0.517665458018 0.21505231325 0.05)
(0.77129551268 0.701886716353 0.05)
(0.58621034237 0.689999999999 0.05)
(0.771301310772 0.678126673764 0.05)
(0.167992241126 0.654374999999 0.05)
(0.48336982567 0.535624999999 0.05)
(0.682194824622 0.357499999999 0.05)
(0.784851003221 0.701897302608 0.05)
(0.750755160672 0.452499999999 0.05)
(0.359961205631 0.630624999999 0.05)
(0.524493721718 0.203208156113 0.05)
(0.353105171185 0.618749999999 0.05)
(0.380534222239 0.737490302128 0.05)
(0.668482755729 0.357499999999 0.05)
(0.353105504107 0.713749316672 0.05)
(0.545019151161 0.215100496368 0.05)
(0.702762927962 0.321874999999 0.05)
(0.318838177697 0.773097192371 0.05)
(0.579354307923 0.606874999999 0.05)
(0.689050859069 0.345624999999 0.05)
(0.538203519153 0.226909920061 0.05)
(0.195416378913 0.250625 0.05)
(0.147424137786 0.737499999999 0.05)
(0.298256895612 0.476249999999 0.05)
(0.133712068893 0.33375 0.05)
(0.620490514603 0.464374999999 0.05)
(0.147417911732 0.215010783842 0.05)
(0.147423314517 0.78499981881 0.05)
(0.791857596729 0.333750010218 0.05)
(0.147424137786 0.357499999999 0.05)
(0.647907361249 0.250637585159 0.05)
(0.661626721282 0.345624999999 0.05)
(0.730187048285 0.440624999999 0.05)
(0.661626721282 0.321874999999 0.05)
(0.133712068893 0.31 0.05)
(0.558721889876 0.215105558166 0.05)
(0.730187065748 0.321874999999 0.05)
(0.606778445709 0.488124999999 0.05)
(0.647913351741 0.72562274721 0.05)
(0.147424137786 0.28625 0.05)
(0.133705842839 0.215010783842 0.05)
(0.60677843939 0.725624989053 0.05)
(0.332538274204 0.725622510398 0.05)
(0.311968964505 0.476249999999 0.05)
(0.373684100082 0.749354315984 0.05)
(0.579329235781 0.226915542149 0.05)
(0.641038184573 0.238785270227 0.05)
(0.133668486512 0.191325486899 0.05)
(0.174848275573 0.309999999999 0.05)
(0.7916990919 0.713822430022 0.05)
(0.723330972386 0.452499999999 0.05)
(0.682194824622 0.309999999999 0.05)
(0.126856034447 0.321875 0.05)
(0.174848275573 0.2625 0.05)
(0.58621034237 0.476249999999 0.05)
(0.359970992363 0.749356268107 0.05)
(0.154280172233 0.274375 0.05)
(0.599913299949 0.238764971955 0.05)
(0.455945687884 0.630624999999 0.05)
(0.442233618991 0.630624999999 0.05)
(0.627346312687 0.713749590607 0.05)
(0.54506427359 0.238767559778 0.05)
(0.359961205631 0.678124999999 0.05)
(0.743899126225 0.440624999999 0.05)
(0.627343582235 0.262505087247 0.05)
(0.689050859069 0.321874999999 0.05)
(0.167992241126 0.321874999999 0.05)
(0.133712068893 0.618749999999 0.05)
(0.743898949093 0.464374999999 0.05)
(0.31197923309 0.78497824673 0.05)
(0.174995687375 0.19153048703 0.05)
(0.620490001278 0.274375858693 0.05)
(0.257120688932 0.571249999999 0.05)
(0.52450603235 0.535624999999 0.05)
(0.154288778953 0.203186637261 0.05)
(0.743899134642 0.321874999999 0.05)
(0.586197305837 0.238771444672 0.05)
(0.7918753142 0.476350189383 0.05)
(0.606778445709 0.464374999999 0.05)
(0.435377584544 0.523749999999 0.05)
(0.565613336154 0.226923282134 0.05)
(0.394241377864 0.523749999999 0.05)
(0.476513791224 0.523749999999 0.05)
(0.154280172233 0.583124999999 0.05)
(0.195416378913 0.274375 0.05)
(0.147424000575 0.761249969801 0.05)
(0.784996379498 0.488225189383 0.05)
(0.353105171185 0.523749999999 0.05)
(0.620482025194 0.773109073127 0.05)
(0.723330599535 0.476249999999 0.05)
(0.60677843939 0.701874989053 0.05)
(0.606779653421 0.796868532329 0.05)
(0.606777535497 0.773122200681 0.05)
(0.167992241126 0.298125 0.05)
(0.517649997903 0.523749999999 0.05)
(0.558771351877 0.238775860053 0.05)
(0.147424137786 0.594999999999 0.05)
(0.311968964505 0.571249999999 0.05)
(0.311968964505 0.523749999999 0.05)
(0.606774852438 0.250631010856 0.05)
(0.750749922639 0.476249999999 0.05)
(0.80549861736 0.333750010218 0.05)
(0.565637248424 0.250633300275 0.05)
(0.154280172233 0.298125 0.05)
(0.298256895612 0.452499999999 0.05)
(0.353105171185 0.666249999999 0.05)
(0.291400861165 0.464374999999 0.05)
(0.620490514603 0.606874999999 0.05)
(0.620490470366 0.701874923379 0.05)
(0.291400861165 0.440624999999 0.05)
(0.291400861165 0.535624999999 0.05)
(0.298256895612 0.428749999999 0.05)
(0.579354307923 0.488124999999 0.05)
(0.291400861165 0.416874999999 0.05)
(0.606778445709 0.606874999999 0.05)
(0.641056164452 0.262504228553 0.05)
(0.730186838748 0.464374999999 0.05)
(0.627338059641 0.784984073127 0.05)
(0.764458351955 0.476249999999 0.05)
(0.154279211752 0.773124788612 0.05)
(0.599922404943 0.713749989053 0.05)
(0.709600959871 0.215031181309 0.05)
(0.579347302757 0.250636624879 0.05)
(0.126849808392 0.203135783843 0.05)
(0.647883242329 0.226929267686 0.05)
(0.442233618991 0.654374999999 0.05)
(0.641056631147 0.737496558767 0.05)
(0.620489647998 0.749373498996 0.05)
(0.58620832781 0.262503324604 0.05)
(0.606778445709 0.511874999999 0.05)
(0.641058207442 0.713749288992 0.05)
(0.168007073901 0.203175853418 0.05)
(0.806398974377 0.477191780205 0.05)
(0.435377584544 0.642499999999 0.05)
(0.188560344466 0.2625 0.05)
(0.620486482401 0.250631914805 0.05)
(0.167992241126 0.583124999999 0.05)
(0.250264654486 0.559374999999 0.05)
(0.702760356171 0.226879454472 0.05)
(0.668504975074 0.215199658537 0.05)
(0.599919883378 0.262504183298 0.05)
(0.606777932385 0.274375858693 0.05)
(0.277688792272 0.559374999999 0.05)
(0.627329887943 0.23877874118 0.05)
(0.661610936551 0.226936299066 0.05)
(0.689053342168 0.226904716449 0.05)
(0.188560344466 0.642499999999 0.05)
(0.599921501051 0.784997200681 0.05)
(0.682230474148 0.215176432526 0.05)
(0.50393792901 0.523749999999 0.05)
(0.462801722331 0.523749999999 0.05)
(0.54507413569 0.523749999999 0.05)
(0.421665515651 0.523749999999 0.05)
(0.661621883632 0.250633356605 0.05)
(0.558786204583 0.523749999999 0.05)
(0.380529308971 0.523749999999 0.05)
(0.56564223903 0.511874999999 0.05)
(0.627345490318 0.737498166223 0.05)
(0.682197307721 0.238779716449 0.05)
(0.339393102292 0.523749999999 0.05)
(0.154280035022 0.749374969801 0.05)
(0.641011131955 0.784917751856 0.05)
(0.599922411263 0.499999999999 0.05)
(0.579354307923 0.511874999999 0.05)
(0.668480401178 0.238788073054 0.05)
(0.147424137786 0.713749999999 0.05)
(0.627878075554 0.808441857064 0.05)
(0.298256895612 0.523749999999 0.05)
(0.318824998952 0.559374999999 0.05)
(0.154280172233 0.725624999999 0.05)
(0.168680500298 0.178560021609 0.05)
(0.298256895612 0.571249999999 0.05)
(0.167992241126 0.606874999999 0.05)
(0.58621034237 0.499999999999 0.05)
(0.195416378912 0.654374999999 0.05)
(0.174848275573 0.689999999999 0.05)
(0.291400861165 0.559374999999 0.05)
(0.126856034447 0.583124999999 0.05)
(0.147424137786 0.618749999999 0.05)
(0.147424137786 0.642499999999 0.05)
(0.236552585592 0.559374999999 0.05)
(0.126856034447 0.606874999999 0.05)
(0.15479849605 0.178395091054 0.05)
(0.154280172233 0.630624999999 0.05)
(0.195416378913 0.559374999999 0.05)
(0.147424137786 0.689999999999 0.05)
(0.188560344466 0.547499999999 0.05)
(0.167992241126 0.559374999999 0.05)
(0.154280172233 0.606874999999 0.05)
(0.174848275573 0.547499999999 0.05)
(0.188560344466 0.689999999999 0.05)
(0.167992241126 0.630624999999 0.05)
(0.174848275573 0.618749999999 0.05)
(0.147424137786 0.571249999999 0.05)
(0.154280172233 0.559374999999 0.05)
(0.188560344466 0.666249999999 0.05)
(0.647874905415 0.796260992533 0.05)
(0.174848275573 0.666249999999 0.05)
(0.64158818634 0.807900638539 0.05)
(0.133712068893 0.571249999999 0.05)
(0.154280172233 0.701874999999 0.05)
(0.174848275573 0.642499999999 0.05)
(0.167992241126 0.678124999999 0.05)
(0.154280172233 0.678124999999 0.05)
(0.195416378913 0.678124999999 0.05)
(0.174848275573 0.713749999999 0.05)
(0.167992241126 0.725624999999 0.05)
(0.174848275573 0.737499999999 0.05)
(0.167992103915 0.749374969801 0.05)
(0.174846746644 0.784999663505 0.05)
(0.167991280645 0.773124788612 0.05)
(0.174848138361 0.761249969801 0.05)
(0.167992241126 0.701874999999 0.05)
(0.195446814532 0.820154615303 0.05)
(0.209158883425 0.820154615302 0.05)
(0.712326675124 0.813056397988 0.05)
(0.535576579342 0.149712392436 0.05)
(0.751997871786 0.168975310977 0.05)
(0.216853027838 0.851717709734 0.05)
(0.404146699704 0.17410457599 0.05)
(0.823970755591 0.514667992305 0.05)
(0.854194697116 0.55063555985 0.05)
(0.854529307994 0.669249881073 0.05)
(0.533239021375 0.16031649648 0.05)
(0.681639802954 0.783954463593 0.05)
(0.661336569859 0.795664060479 0.05)
(0.358583318065 0.8537357597 0.05)
(0.358629830404 0.146253168702 0.05)
(0.87349808906 0.844132381886 0.05)
(0.853195943774 0.832241619174 0.05)
(0.126460933376 0.155703435934 0.05)
(0.155553449884 0.873414251381 0.05)
(0.873437123579 0.155577293161 0.05)
(0.147532527759 0.16654767357 0.05)
(0.504068005295 0.807867879833 0.05)
(0.665316490295 0.828568533808 0.05)
(0.804952755268 0.192096449252 0.05)
(0.689677885442 0.179220567649 0.05)
(0.668389071238 0.191484827152 0.05)
(0.607071755783 0.873388261649 0.05)
(0.606952390207 0.126636532154 0.05)
(0.392358076164 0.167132940348 0.05)
(0.250768614153 0.873305221397 0.05)
(0.641255634868 0.192497012992 0.05)
(0.621637176035 0.178930465877 0.05)
(0.797199319716 0.166256707248 0.05)
(0.654271619627 0.847094861639 0.05)
(0.811634298375 0.51307174345 0.05)
(0.831329088185 0.380898148147 0.05)
(0.831235125818 0.40314544753 0.05)
(0.86774978898 0.381513888888 0.05)
(0.832648373956 0.356400462962 0.05)
(0.831716333604 0.452248147344 0.05)
(0.866507747861 0.406099537036 0.05)
(0.867863102711 0.359083333333 0.05)
(0.867545279741 0.452629519581 0.05)
(0.8656685243 0.525453765219 0.05)
(0.832630796497 0.261402779924 0.05)
(0.867863102711 0.264083333333 0.05)
(0.866927571691 0.548686086166 0.05)
(0.831569073334 0.214885571438 0.05)
(0.86774978898 0.286513888888 0.05)
(0.831281937041 0.286096976908 0.05)
(0.867764663065 0.215010206445 0.05)
(0.867764663065 0.191260206445 0.05)
(0.8656685243 0.644203765219 0.05)
(0.79118362645 0.572268446564 0.05)
(0.790536952423 0.595132442765 0.05)
(0.825657365815 0.594844593253 0.05)
(0.866927571691 0.667436086166 0.05)
(0.846742284243 0.701795656281 0.05)
(0.811878246009 0.679213912323 0.05)
(0.810925729775 0.702122239562 0.05)
(0.812899412459 0.489928943691 0.05)
(0.299156219125 0.167274854871 0.05)
(0.476409574023 0.807374429033 0.05)
(0.738232139486 0.850510565496 0.05)
(0.380767192413 0.807548173752 0.05)
(0.511637860615 0.833570654709 0.05)
(0.565523679137 0.820773240006 0.05)
(0.545744773449 0.807269821415 0.05)
(0.792086303278 0.824303713747 0.05)
(0.336948503496 0.147122694708 0.05)
(0.336973000291 0.852853412111 0.05)
(0.782087278821 0.856217500044 0.05)
(0.743466723449 0.179446750251 0.05)
(0.763587650403 0.19278242941 0.05)
(0.668159034153 0.784276078956 0.05)
(0.274120841213 0.153620159663 0.05)
(0.251467566292 0.153422815832 0.05)
(0.700379876065 0.795270262398 0.05)
(0.417309765282 0.845670506337 0.05)
(0.440071214339 0.845634975698 0.05)
(0.83082834988 0.506416745674 0.05)
(0.84735946218 0.542384313218 0.05)
(0.847694073058 0.660998634442 0.05)
(0.274651521213 0.873333442644 0.05)
(0.582513107872 0.873498630078 0.05)
(0.582650124662 0.126553162613 0.05)
(0.440575016765 0.193044228075 0.05)
(0.369831132131 0.847140601621 0.05)
(0.370128263441 0.152811706688 0.05)
(0.86667941094 0.83219267883 0.05)
(0.866581089132 0.167452293161 0.05)
(0.166741871784 0.866318573725 0.05)
(0.133279611496 0.167643138991 0.05)
(0.722782434027 0.167890276534 0.05)
(0.518274623207 0.807838971697 0.05)
(0.785254416085 0.171201902731 0.05)
(0.417039459912 0.193119028698 0.05)
(0.556005665088 0.167372903448 0.05)
(0.299413253671 0.832377015637 0.05)
(0.78547866363 0.814396014578 0.05)
(0.790925790663 0.192121965918 0.05)
(0.724153512062 0.809448447319 0.05)
(0.228043200977 0.832483644317 0.05)
(0.475051082601 0.14755142676 0.05)
(0.808582069856 0.867757750275 0.05)
(0.83153226788 0.86762194598 0.05)
(0.176741905183 0.832433125405 0.05)
(0.176317176135 0.168011969861 0.05)
(0.516012053223 0.170125855316 0.05)
(0.785403424275 0.867775392423 0.05)
(0.762518413658 0.867450339314 0.05)
(0.216415968357 0.147579062615 0.05)
(0.309446307309 0.852245536941 0.05)
(0.309235570139 0.147558545291 0.05)
(0.682171384092 0.191048246758 0.05)
(0.618750649614 0.866345902457 0.05)
(0.618827390207 0.1334925666 0.05)
(0.41391615408 0.204865090912 0.05)
(0.443451815504 0.204906688664 0.05)
(0.463092721033 0.193611903694 0.05)
(0.771566111324 0.794508951165 0.05)
(0.125795402227 0.866287931107 0.05)
(0.866287931107 0.125795402227 0.05)
(0.874204597773 0.133712068893 0.05)
(0.133712068893 0.874204597773 0.05)
(0.866287931107 0.874204597773 0.05)
(0.874204597773 0.866287931107 0.05)
(0.133712068893 0.125795402227 0.05)
(0.125795402227 0.133712068893 0.05)
(0.782501245224 0.182322547424 0.05)
(0.686628958586 0.146789431737 0.05)
(0.547039140593 0.145773089852 0.05)
(0.8536455015 0.477577758437 0.05)
(0.874259869552 0.775057802421 0.05)
(0.874259869552 0.747442197578 0.05)
(0.804861417704 0.620771632465 0.05)
(0.82534027108 0.727777958041 0.05)
(0.239366339558 0.866240722314 0.05)
(0.627525408255 0.192038050477 0.05)
(0.642271209468 0.853173009655 0.05)
(0.685258668005 0.167709681232 0.05)
(0.830795711046 0.309080054651 0.05)
(0.825464841543 0.321108335857 0.05)
(0.824324113847 0.39255324074 0.05)
(0.874605823427 0.369638888888 0.05)
(0.874589489058 0.440829842769 0.05)
(0.873363782308 0.417974537036 0.05)
(0.867953271366 0.430054379806 0.05)
(0.825721291247 0.344525462962 0.05)
(0.825668073733 0.464964738166 0.05)
(0.805107520103 0.500962352869 0.05)
(0.874605823427 0.274638888889 0.05)
(0.83217435995 0.331883780529 0.05)
(0.831201329083 0.23745260283 0.05)
(0.825701780833 0.249530840904 0.05)
(0.824319181991 0.297971995198 0.05)
(0.824452373518 0.226712600195 0.05)
(0.874620697511 0.203135206445 0.05)
(0.873464464456 0.536476506202 0.05)
(0.783346961232 0.583332765953 0.05)
(0.832816217326 0.605919107194 0.05)
(0.873464464456 0.655226506202 0.05)
(0.854110186202 0.712690512794 0.05)
(0.803943723479 0.690247239562 0.05)
(0.845876819582 0.761415492112 0.05)
(0.462834396448 0.807924437723 0.05)
(0.725026077353 0.844463713026 0.05)
(0.523546662056 0.828656601492 0.05)
(0.394245028957 0.808053875064 0.05)
(0.713636175786 0.147602537593 0.05)
(0.496473470299 0.817667399388 0.05)
(0.463897555501 0.166722565366 0.05)
(0.526513421545 0.817562341286 0.05)
(0.831519255315 0.192846748325 0.05)
(0.559175429903 0.807716677574 0.05)
(0.827844975897 0.554820765614 0.05)
(0.843616168237 0.510365174537 0.05)
(0.83388193254 0.544896619161 0.05)
(0.814348312799 0.557640305874 0.05)
(0.834923356184 0.66495772059 0.05)
(0.843253168566 0.628627713745 0.05)
(0.828185971798 0.792054082853 0.05)
(0.834328330456 0.78158413627 0.05)
(0.814134444398 0.792996821687 0.05)
(0.807461566667 0.803675973885 0.05)
(0.75020268612 0.192325780615 0.05)
(0.848440093965 0.780477815409 0.05)
(0.830050831519 0.625604497177 0.05)
(0.262675767908 0.145713577717 0.05)
(0.380499689433 0.1715450916 0.05)
(0.428728314405 0.853629811675 0.05)
(0.361192412154 0.818305347787 0.05)
(0.361802333183 0.181604904123 0.05)
(0.286526521213 0.866477408197 0.05)
(0.81204961078 0.182475743296 0.05)
(0.84594413125 0.469409239115 0.05)
(0.866987945203 0.755358864244 0.05)
(0.812663999379 0.612086506833 0.05)
(0.866987945203 0.767141135754 0.05)
(0.833182708404 0.719196588065 0.05)
(0.764040590932 0.825603948607 0.05)
(0.674098402083 0.164598857832 0.05)
(0.570551135166 0.866379303663 0.05)
(0.570829380132 0.133547989823 0.05)
(0.709713284812 0.168950891564 0.05)
(0.723633952482 0.831433689453 0.05)
(0.499834606804 0.828830309233 0.05)
(0.227465550666 0.16699112776 0.05)
(0.296605842596 0.154281346304 0.05)
(0.661367974753 0.181581218955 0.05)
(0.541942728164 0.169522194101 0.05)
(0.358425151579 0.829765299784 0.05)
(0.358836977458 0.170168850249 0.05)
(0.312379902575 0.830991044559 0.05)
(0.312297362899 0.168656644297 0.05)
(0.476254666487 0.169350337923 0.05)
(0.214659857813 0.168474478128 0.05)
(0.648047212559 0.182623449871 0.05)
(0.337667384372 0.831940342592 0.05)
(0.337687858944 0.167981700507 0.05)
(0.808702469936 0.171281015372 0.05)
(0.833567952993 0.474284486458 0.05)
(0.825530009016 0.615623149643 0.05)
(0.853721219515 0.770553668956 0.05)
(0.853403414821 0.752111823155 0.05)
(0.84673746482 0.722495199176 0.05)
(0.214927717384 0.830747134734 0.05)
(0.462833346821 0.153390098356 0.05)
(0.820384220697 0.874792049189 0.05)
(0.189488397659 0.169107435281 0.05)
(0.189833326386 0.830733518487 0.05)
(0.711743595319 0.826633191571 0.05)
(0.502770962923 0.169678769708 0.05)
(0.773455575116 0.874809691337 0.05)
(0.482652896668 0.817315272578 0.05)
(0.689778028522 0.813797303491 0.05)
(0.229176164748 0.153960998613 0.05)
(0.664644082315 0.170187396586 0.05)
(0.404338715697 0.186029369123 0.05)
(0.374389221481 0.81735949232 0.05)
(0.349229214659 0.835148996036 0.05)
(0.34930418206 0.164810122864 0.05)
(0.867702686833 0.854170312993 0.05)
(0.132256335603 0.145665504828 0.05)
(0.145515518777 0.867618849154 0.05)
(0.867641721352 0.145539362055 0.05)
(0.648142941648 0.817669323159 0.05)
(0.400211099035 0.205278395396 0.05)
(0.520925814779 0.161017034586 0.05)
(0.457322183482 0.205509160313 0.05)
(0.540203600721 0.817105971911 0.05)
(0.785733205521 0.794157255539 0.05)
(0.643995923006 0.171805178502 0.05)
(0.854379385267 0.13249901425 0.05)
(0.13249901425 0.854379385267 0.05)
(0.853685978289 0.867034494564 0.05)
(0.145200361079 0.132632900206 0.05)
(0.768838274015 0.183028604481 0.05)
(0.750477118827 0.806722277603 0.05)
(0.687135878794 0.793947995087 0.05)
(0.867403835105 0.786932802421 0.05)
(0.846977641923 0.489528081625 0.05)
(0.811533961781 0.632721955653 0.05)
(0.867586463819 0.734907475356 0.05)
(0.831983902846 0.740364250285 0.05)
(0.854850785207 0.788940282207 0.05)
(0.82385736596 0.634018177556 0.05)
(0.680786357671 0.805634087435 0.05)
(0.654134920462 0.835925940595 0.05)
(0.394557740303 0.193719866454 0.05)
(0.846878846762 0.798882479786 0.05)
(0.826310743422 0.810757479786 0.05)
(0.834325796863 0.800889959571 0.05)
(0.805619816598 0.823049257007 0.05)
(0.813498040627 0.812600755266 0.05)
(0.847133751953 0.561851203477 0.05)
(0.847023535848 0.680593796135 0.05)
(0.834261560373 0.563524103299 0.05)
(0.825800886848 0.573753101962 0.05)
(0.831182386402 0.525680828818 0.05)
(0.831483515462 0.644105801774 0.05)
(0.349029730504 0.847933220897 0.05)
(0.349076242844 0.152055707505 0.05)
(0.773554514656 0.164777247575 0.05)
(0.535268334579 0.835014220015 0.05)
(0.488171771738 0.835379687219 0.05)
(0.821564676724 0.165294296102 0.05)
(0.653782266711 0.164360086018 0.05)
(0.674706062519 0.151900354546 0.05)
(0.524907051127 0.143423393357 0.05)
(0.855100734016 0.854916876451 0.05)
(0.143744627789 0.144586336141 0.05)
(0.144302464134 0.855710303314 0.05)
(0.855733175512 0.144326307411 0.05)
(0.792975702991 0.804216776457 0.05)
(0.478211741127 0.828107069429 0.05)
(0.644052552886 0.828950306553 0.05)
(0.378798113452 0.828380946015 0.05)
(0.36947348149 0.835954366566 0.05)
(0.370107471279 0.163972972876 0.05)
(0.544940334857 0.827734917435 0.05)
(0.824600099816 0.183358056014 0.05)
(0.830281427483 0.172893420497 0.05)
(0.76398445807 0.172100516413 0.05)
(0.51558221115 0.150536548076 0.05)
(0.887858957626 0.518442531673 0.05)
(0.887858957626 0.534275865006 0.05)
(0.888715615461 0.254151343215 0.05)
(0.888715615461 0.269984676548 0.05)
(0.885988845852 0.631267495429 0.05)
(0.885988845852 0.647100828762 0.05)
(0.889961736725 0.160862317433 0.05)
(0.889961736725 0.176695650767 0.05)
(0.886388499236 0.362783499805 0.05)
(0.886388499236 0.346950166472 0.05)
(0.886924340623 0.413454849965 0.05)
(0.886924340623 0.397621516631 0.05)
(0.891819274198 0.754851878861 0.05)
(0.891819274198 0.770685212194 0.05)
(0.891717730484 0.83722412396 0.05)
(0.891717730484 0.821390790627 0.05)
(0.518213702932 0.887922284763 0.05)
(0.534047036265 0.887922284763 0.05)
(0.254149915118 0.888775114883 0.05)
(0.269983248451 0.888775114883 0.05)
(0.631035226791 0.886237325843 0.05)
(0.646868560124 0.886237325843 0.05)
(0.160847756099 0.890002907436 0.05)
(0.176681089432 0.890002907436 0.05)
(0.362645574401 0.886470154952 0.05)
(0.346812241068 0.886470154952 0.05)
(0.41316947261 0.887016780127 0.05)
(0.397336139277 0.887016780127 0.05)
(0.758570997385 0.890159301694 0.05)
(0.774404330719 0.890159301694 0.05)
(0.838846204891 0.889975200171 0.05)
(0.823012871558 0.889975200171 0.05)
)
;

boundaryField
{
    bottomWall
    {
        type            calculated;
        value           nonuniform List<vector> 10((0.0299999999999 0 0.05) (0.0899999999999 0 0.05) (0.689999999999 0 0.05) (0.31 0 0.05) (0.436666666666 0 0.05) (0.183333333333 0 0.05) (0.563333333333 0 0.05) (0.816666666666 0 0.05) (0.97 0 0.05) (0.91 0 0.05));
    }
    leftWall
    {
        type            calculated;
        value           nonuniform List<vector> 10((0 0.0299999999999 0.05) (0 0.0899999999999 0.05) (0 0.689999999999 0.05) (0 0.31 0.05) (0 0.436666666666 0.05) (0 0.183333333333 0.05) (0 0.816666666666 0.05) (0 0.563333333333 0.05) (0 0.97 0.05) (0 0.91 0.05));
    }
    rightWall
    {
        type            calculated;
        value           nonuniform List<vector> 10((1 0.0299999999999 0.05) (1 0.0899999999999 0.05) (1 0.689999999999 0.05) (1 0.31 0.05) (1 0.436666666666 0.05) (1 0.183333333333 0.05) (1 0.563333333333 0.05) (1 0.816666666666 0.05) (1 0.97 0.05) (1 0.91 0.05));
    }
    movingTop
    {
        type            calculated;
        value           nonuniform List<vector> 10((0.0299999999999 1 0.05) (0.0899999999999 1 0.05) (0.689999999999 1 0.05) (0.31 1 0.05) (0.436666666666 1 0.05) (0.183333333333 1 0.05) (0.816666666666 1 0.05) (0.563333333333 1 0.05) (0.97 1 0.05) (0.91 1 0.05));
    }
    front
    {
        type            empty;
    }
    back
    {
        type            empty;
    }
}


// ************************************************************************* //
