/*--------------------------------*- C++ -*----------------------------------*\
  =========                 |
  \\      /  F ield         | OpenFOAM: The Open Source CFD Toolbox
   \\    /   O peration     | Website:  https://openfoam.org
    \\  /    A nd           | Version:  14
     \\/     M anipulation  |
\*---------------------------------------------------------------------------*/
FoamFile
{
    format      ascii;
    class       volScalarField;
    location    "48.999999999977";
    object      p;
}
// * * * * * * * * * * * * * * * * * * * * * * * * * * * * * * * * * * * * * //

dimensions      [0 2 -2 0 0 0 0];

internalField   nonuniform List<scalar> 
2646
(
6.24761911484e-10
0.000175712095153
0.00034741318049
0.000638921652665
-0.000140158160067
0.0162983902286
0.00100720991524
-0.011883651777
-0.00654434324033
-0.0201054648267
-0.00274813718942
-0.00974416792881
-0.02842876601
-0.0161430011265
-0.0188162374127
0.00795496130175
-0.000348011242753
0.000124101384148
-0.00598861194957
-0.00270278798676
-0.00213618022152
-0.000968587158403
-0.00186484830875
-0.00393846715977
0.0100576075593
0.00331462589017
-0.00869907661966
-0.00759190929142
-0.0148912257735
-0.00422784675749
-0.00214263507885
-0.000502449873209
0.000563364494871
0.00750486137363
0.0113925523697
0.00116679571052
-0.00966747616844
-0.0179927593654
-0.0318988493028
0.00140316558536
0.014884202027
0.00892111312838
0.00754611086313
0.00718778762149
0.00793387128999
0.00767574232201
0.00819015401475
-0.00526627459439
0.00315493664066
-0.00160900891092
-0.0125079851054
-0.0181986505506
-0.0198406659097
-0.0196947460442
-0.000226444335528
0.00139659436863
-0.0104418929911
-0.027853046531
-0.0278198295294
-0.0235493759409
-0.0144829244474
-0.00456435772799
-0.0293770235689
0.00112063885262
-0.0192460732204
0.002048231162
-0.0068228976556
0.00138279436416
-0.00379416406257
-0.00189254656626
-0.0105267352
-0.000517740209096
-0.00343493587133
0.00160036993135
-0.00518505149525
-0.0233859658365
0.000384865725881
0.00108902487448
0.00452834517251
-0.00403874678616
0.00097537190133
-0.00305832398226
-0.0187249718698
-0.0197626439923
-0.00701626077954
-0.00730974445428
-0.00267158075654
0.00867831044712
-0.0323552362733
-0.02527313515
-0.0569815427321
-0.000259342716403
-0.0540057127996
-0.0520952489721
-0.0568168178889
-0.0372259067056
-0.0256469791491
-0.0556464706945
-0.000751919237612
-0.0434688573352
-0.00232003412638
-0.0398772752978
0.00333354471414
-0.039804713506
-0.0660194748143
-0.0394242027873
0.0136858091095
-0.0493952382548
-0.0095228248279
-0.0392195209984
-0.0240820579292
-0.0032337694758
0.00738752690028
0.00775501343591
0.0128615694346
0.00857410337043
-0.0185203592624
-0.0496491932722
-0.057981642357
-0.0354489943527
-0.00753210022665
-0.0345656510817
-0.0150440861712
-0.00347143894194
-0.0171556618221
-0.00109093453944
4.29831062515e-05
0.0251998895515
-0.032666552074
0.0033164001985
-0.0507902318914
-0.0343240991471
-0.0540884182789
-0.060009901308
-0.0270951126536
0.00460860128822
-4.45700908767e-05
-0.048789009419
-0.0383089274487
-0.0447321155785
-0.0554958453671
-0.0408811518982
-0.0233602345215
-0.0543299045244
-0.00366877824708
-0.0470951332007
0.0064969615977
-0.0581387003399
0.0171468540176
-0.0471163256545
-0.0220825444582
-0.0623316289365
-0.00668731853763
-0.0197475977801
-0.0107262197324
-0.000474194394362
-0.033154731128
0.000764561227772
-0.0148253267625
0.0150666720044
0.0533871710874
0.00684742989094
-0.0187845628174
-0.0637159046138
-0.0483180354666
-0.0366459315802
-0.0269315597987
0.225664884219
0.0595046842596
0.0657528569213
0.0515092674338
0.054024780716
-0.0214390472505
-0.0257030691185
-0.000212435993604
-0.00164942788147
-0.00775870912515
-0.0132263113487
0.000514518793337
-0.000164485331287
-0.0167838730338
0.000283418456813
-0.0128342242678
-0.00758335965431
0.00567911173429
0.000933788935789
0.0107378867988
0.00816963638118
-0.028841385103
-0.0195891181632
-0.00209430694986
-0.000733884047919
-0.0163473047822
-0.016510996354
5.01404324272e-05
0.000694822214197
-0.00149629527906
-0.00950878377636
-0.00856988959081
-0.0192775170735
-0.00764478833926
0.00322598837803
0.00427788382031
0.00468060519552
-0.0309475949672
-0.00889925268819
-0.000296757851464
-0.0588452072723
-0.000126227898982
0.00376763565485
0.00759647901673
-0.0621845543847
-0.0424810805063
-0.0566388573774
-0.0625100884483
-0.0278359301817
-0.000169008291201
-0.0019496652023
-0.00613910163503
-0.0516588437916
-0.0559115765394
-0.0369745590386
-0.0239906305021
-0.0387704034013
-0.0329119352464
-0.0102145418742
-0.00615284092753
-0.0148373444085
-0.00347398405459
-0.0390351105782
-0.0313004724106
-0.0187512738897
-0.0650999046243
-0.0371565426364
-0.00210435527617
-0.00984509289499
-0.042154639398
-0.0155460233176
-0.0103509727544
-0.0659746219663
-0.00713017975758
-0.0556272544533
-0.0641340902939
-0.00384827405838
-0.00242775133403
-0.0500344661696
-0.0478880693037
-0.021635295526
-0.0230211392654
-0.0584870670465
-0.0584625714293
-0.0528083126955
-0.0724076513714
-0.0663902546769
-0.0502306266888
-0.0500283633645
-0.0418202208566
-0.0405656402075
-0.0655975779083
-0.0133040163051
-0.0124774976424
0.000946459458366
-0.0705677548104
-0.0695225746605
-0.0542794526697
-0.0465123154811
-0.0484140055172
-0.0659100342285
-0.0517556688007
-0.0713574287792
-0.0648536928262
-0.0570428787336
-0.0265789625772
0.00127728306164
-0.00810356130797
-0.0421623081709
-0.0630122683124
-0.0582359669797
-0.0241669342807
-0.00253286194712
-0.0354340488507
-0.0561698994065
-0.0324493315276
-0.0625918014733
-0.0374449078798
-0.0191750926907
-0.0158739527412
-0.0127590979273
-0.0106659838008
-0.0280971320283
-0.0590247831999
-0.0381581144074
-0.0407374860029
-0.0177432486542
-0.0393974843365
-0.0115613847303
-0.0318533120828
-0.0465702505596
-0.0143130048711
-0.0626279648578
-0.0312321763766
0.000150565290407
0.00715434515088
-0.00483764516753
-0.000871106535269
-0.0330880032037
-0.0339501433359
0.000854837493197
-0.000285275339556
-0.00465198327335
-0.0363690567022
-0.0105196487905
-0.0254885068107
-0.0624504487447
-0.0353372993574
-0.0325917496472
-0.0167275521055
-0.0338768020215
-0.0158853723693
-0.0314761629833
-0.0149094566665
-0.0163023356851
-0.0464137034316
-0.0391967421763
-0.0251886811943
-0.000833096804022
-0.00220724635234
0.000941183060422
-0.0498323961982
-0.0614218692547
-0.0630705326874
-0.0670258066152
-0.0282415792622
-0.0553673814889
-0.00971127485477
-0.0610681319678
-0.00701874238524
-0.0109282776756
-0.00586288543609
-0.0600067697217
-0.0798070272914
-0.0851989258829
-0.0896271928404
-0.0220887246249
-0.0555695673656
-0.0930176042066
-0.0294793378448
-0.0546839769688
-0.0923131533791
-0.0100439881245
-0.0685219688334
-0.0609140083658
-0.042868515863
-0.0952760962762
-0.0440401773172
-0.091237042247
-0.0857016401917
-0.0938741732728
-0.0963092174426
-0.0919386380316
-0.0886784600485
-0.0894584527543
-0.032195483734
-0.0307104887443
-0.0336212630807
-0.0901742715011
-0.079182690663
-0.0615129256235
-0.05924523335
-0.044119398477
-0.0381654219166
-0.0847556073062
-0.0340882007513
-0.037102729753
-0.0562484085659
-0.0893070397432
-0.0829403642654
-0.0554523381328
-0.0625774369661
-0.0814065740838
-0.0945802639371
-0.0540954793293
-0.0540750410347
-0.0937982822668
-0.0823269468355
-0.0641244007531
-0.0623085514916
-0.0941128489283
-0.0350030171691
-0.0569560163616
-0.0950669108228
0.00768057961626
-0.0928238782094
-0.0376279816408
-0.0604598913401
-0.0261230412044
-0.0750375008619
-0.0380422658346
-0.0818122190985
-0.0788785768583
-0.0925681346485
-0.0678211546191
-0.0943599274117
-0.0436449988534
-0.0928619365689
-0.081432057907
-0.0865778669956
-0.0794393393047
0.0043263197023
-0.0952456840757
-0.0959635525791
-0.0902418369303
-0.0902358745732
0.00430247150176
-0.0863882027806
-0.0940766370839
-0.031000621809
-0.091255341844
-0.0910909788632
-0.0418149714541
-0.0334475236528
-0.0559302023563
-0.004798098571
-0.0369339994551
-0.0929971142378
-0.0938975967532
-0.0341376768019
-0.0929189705319
-0.0933963746644
-0.0205966545151
-0.0917194809655
-0.0788366708196
-0.0306660467608
-0.0315117118135
-0.0329577317222
-0.0557038391453
-0.0619702545335
-0.0907080861357
-0.0871749893223
-0.032719201872
-0.0362563629098
-0.00626885571502
-0.0155943718662
-0.0919757911938
-0.00259052274501
-0.0878883858606
-0.000470822363867
-0.0297016797074
-0.0893711400773
-0.0293127882801
-0.0922430932076
-0.027634470347
-0.086719854191
-0.00180655325069
-0.087275477167
-0.0890985707246
-0.08829892517
0.00844196644361
-0.0905042774958
-0.0904155405505
-0.0911589399204
-0.0105663861661
-0.0792968436558
-0.0906125564883
-0.0954191188386
-0.0869452535293
-0.0872913752207
-0.00170352288817
-0.086844179133
-0.062041424792
-0.0934123909755
-0.0185336886312
-0.0237010924909
-0.0261667227095
-0.059694693959
-0.0335369098595
-0.0657882311704
-0.0722754696825
-0.0817264243669
-0.070798199884
-0.0344984338092
-0.0593912439846
-0.0608151948882
-0.0964795914443
-0.0395065159262
-0.0325261901434
-0.0421143293122
-0.0396217767964
-0.0700484931871
-0.0484689572143
-0.0674124620159
-0.0464072123456
-0.0534673904796
-0.0506086405296
-0.0874215500007
-0.0529599017323
-0.0563010348972
-0.0534993214224
-0.0437541154206
-0.0583868050687
-0.0204201824424
-0.0349239629316
-0.0303437843361
-0.0930967127926
-0.0628768062409
-0.0273135229496
-0.0952945648885
-0.0335282756684
-0.0836044498973
-0.0937259334187
-0.0766673844383
0.0113693325568
-0.00972843791164
-0.0649523171224
-0.0563113488505
-0.0300320770086
-0.0598727357015
-0.0464149466901
-0.0387588576791
-0.0373265713399
-0.01754829298
-0.02778179254
-0.0915221594208
-0.0766970061173
-0.0939125283163
-0.0918608017623
0.00370270195569
-0.0936461522281
-0.0569948157494
-0.054761017007
-0.0879916138865
-0.0528699450087
-0.0885615187768
-0.00361860522419
-0.0751876413986
-0.0845183555964
-0.090306452914
-0.0744281628235
-0.0872831552559
-0.0265171942518
-0.0819201616481
-0.00774140950749
-0.0100321375882
-0.0927938075418
-0.0802247426151
-0.092042360397
-0.0930286774018
-0.0398505722271
-0.0592191765757
-0.0122491889823
-0.0932556170337
-0.0274082414821
-0.0889867142923
-0.0847574019944
-0.0577496866961
-0.0635906675371
-0.0623247090303
-0.00118501079195
-0.087022502741
-0.0896170430397
-0.0540273478192
-0.0885162362594
-0.0923019420468
-0.0653343161112
0.00642268976203
-0.0620947973035
-0.0312797409598
-0.0911113754865
-0.0763128139295
-0.0587458014586
-0.0551074956239
-0.0846524759899
-0.0640341080886
-0.083270347269
-0.032359677809
-0.031652753731
-0.0608187743112
-0.00172036613999
-0.0734510331155
-0.0342236926277
-0.0271167994599
-0.0631408793277
-0.088172181667
-0.0812443599317
-0.0650489913027
-0.0694904216318
-0.00895959772774
-0.0855728385702
-0.0400870966778
-0.00726777223297
-0.0610506055496
-0.0785133773012
-0.0338958919164
-0.0671378111016
-0.0875461995328
-0.00869669613772
0.00292307491013
-0.0130337333608
-0.00990383643411
-0.0218327161521
-0.0334146775415
-0.01262564351
-0.0941413502019
-0.017795797017
-0.0443613396975
-0.0947493884507
-0.00134073285341
-0.0831118278317
-0.0378158773495
-0.0629866454637
-0.0641960110349
-0.00800452411941
-0.0300231835145
-0.0619141063367
-0.083841993117
-0.0351583600343
-0.0425647755178
-0.0155410343521
-0.00586244610729
-0.0220210140187
-0.0353121568969
-0.0337756144558
-0.0699639342926
-0.0429771163959
-0.0313174492183
-0.0565480237797
-0.00280284378193
-0.0500357581963
-0.0154623632013
-0.0072196373337
-0.0364278398824
-0.0184015766652
-0.025177626423
-0.0391305640974
-0.05660169715
-0.0863260741741
-0.0806800784421
-0.0443780036308
-0.03019386273
-0.0838758531827
-0.0477851079517
-0.0776721037636
-0.0590817920381
-0.0464886532052
-0.0867247061907
-0.0857838266505
-0.0072845096914
-0.052041182692
-0.0419289264872
-0.0523073636367
-0.00909221253877
-0.076712054072
-0.0371843732373
-0.0719749971247
-0.0637051887414
-0.0291161814241
-0.0932941425655
-0.0856259521853
-0.0863006503617
-0.00186527797642
-0.0347383038228
-0.0573580579669
-0.0854158604936
0.00203788359076
-0.00469848045429
-0.0840365176477
-0.0394560290058
-0.0325370523789
-0.00671825632397
-0.0881832457605
-0.00175626935516
-0.0173507625779
-0.0596480619455
-0.0633055406709
-0.0855316070815
-0.0637841322981
-0.0834021404797
-0.081507827747
-0.0739385653833
-0.096021415062
-0.0853907387395
-0.000710438750285
-0.0928878083462
-0.0358251871966
-0.0681630905495
-0.0362551840485
-0.045086860386
-0.067208128421
-0.000101855016738
-0.0504008232312
-0.0759578928892
-0.032635932618
-0.0607974724785
-0.0633003008324
-0.0223027273379
-0.0133685536893
-0.0616162104712
-0.0190448893077
-0.00884179776965
-0.0493522838187
-0.0815765962481
-0.0163766353463
-0.0666344363165
-0.0583794850294
-0.0357498262749
-0.053302428502
-0.0488586791554
-0.0843450110354
-0.0367033384872
-0.028653027376
-0.00248186463044
-0.0846081025453
-0.0819941650038
-0.0417099559248
-0.00389029720061
-0.0160718117088
-0.0761849348399
-0.0406973929997
-0.0673272932221
-0.0815795464451
-0.0191243753924
0.0101332930301
-0.0228457442103
-0.0172357784571
-0.0670508965788
-0.000410945361069
0.00684519269546
-0.0207573653174
-0.0607144478736
-0.0270960479602
-0.0872210232407
-0.0815518507147
-0.049557600581
-0.065584502094
-0.0674585413037
-0.0563661764506
-0.08532287177
-0.0811025107016
-0.0267335484311
-0.0243953499538
-0.0647712064319
-0.0347973478894
-0.082260452838
-0.0800979250128
-0.00433535983432
-0.024808012116
-0.0624793169377
-0.0256321360053
-0.0112570765228
-0.084514272147
-0.0884836899499
-0.0802643005697
-0.0921978060782
-0.0646436418691
-0.0198826011701
-0.0221508439822
-0.0031558935216
-0.0712803312556
-0.0378449093708
-0.059440058307
-0.0222669110504
-0.0492974187645
-0.00264073101279
-0.0828855840297
-0.0541938624278
-0.0663386902884
-0.0187932743068
-0.0804576642616
-0.0262475735673
-0.0672241799972
-0.0776575306005
-0.0938410440956
-0.0386994703319
-0.0590366615211
-0.0559567123673
-0.0321169264284
-0.0785983375165
-0.0359821636842
-0.060512330412
-0.0443282112814
-0.0618731633045
-0.0456282279394
-0.0601206406062
-0.0783032110243
-0.094441239129
-0.0640765900138
-0.0746179317878
-0.0453328848785
-0.0745623212209
-0.0948987484411
-0.0782386843271
-0.0307649935836
-0.0579332168335
-0.0722667468675
-0.018464503543
-0.0420491161645
-0.0595114527912
-0.0759691347568
-0.0785124269898
-0.0773287615402
-0.0777640784692
-0.0409000144456
-0.0554249395476
-0.083517940405
-0.0582777809137
-0.0795881339385
-0.0431178307333
-0.0647988981535
-0.0215584390931
-0.0536735134754
-0.0803598436959
-0.0670069429457
-0.0614028456013
-0.00288657613004
-0.0604029903552
-0.0754956347229
-0.0332216285766
-0.0273119443823
-0.0757576387121
-0.0578997204453
0.00812673020226
-0.0741083840645
-0.0800768509333
-0.0430048541471
-0.00505901696633
-0.00144389865831
-0.0857570944817
-0.067873066668
-0.0444516216628
-0.0720104099271
-0.0432245685749
-0.0484638656281
-0.0950415594209
-0.0456432807165
-0.0536815479026
-0.056137684489
-0.0516362637539
-0.0754338141181
-0.0743549430634
-0.0530139792798
-0.0647734391796
-0.0780350703033
-0.0824318347782
-0.0772657343859
-0.0797979970203
-0.0790588032171
-3.76004029041e-05
-0.000708603930803
-0.0240260669281
-0.0583374991699
-0.053472498415
-0.0605214481883
-0.0472812835119
-0.0653149464137
-0.0832925062772
-0.0823310214008
-0.0878957930782
-0.00215649400579
-0.0242838290267
-0.0951246776629
-0.0204846188459
-0.0551390902702
-0.0531342567386
-0.0683269346809
-0.0734924470016
-0.0665459994409
-0.056985852233
-0.0912536847878
-0.0650740902111
-0.0282068678171
-0.00027093028156
-0.0176227892519
-0.0860712909366
-0.0714980245022
-0.0387551254419
-0.0639591394934
-0.063583140431
-0.0192390872786
-0.0695388049193
-0.0568793867675
-0.0804900065289
-0.0780143343093
-0.00581912812789
-0.00367728080961
-0.00972142730322
-0.0512245098696
-0.0843160767313
-0.0520247241281
-0.0549556727662
-0.0624083183535
-0.0731427570688
-0.0552572134507
-0.0767505636609
-0.067969157043
-0.0836232937009
-0.0733549921946
-0.0143450781932
-0.0720473975851
-0.0536471615511
-0.0812531127431
-0.0650875951933
-0.0762355719013
-0.000145031804689
-0.0423513954577
-0.0452939331528
-0.0882474781415
-0.0605936584687
-0.0382270682084
-0.0539014196033
-0.0817000739283
-0.0722182311553
-0.048435459404
-0.0890826389876
-0.0696712744335
-0.000401928980802
-0.0562135016494
-0.0816428218382
-0.0867786386404
-0.0368264058389
-0.0188083328324
-0.0536933091743
-0.0891307775937
-0.0238183638878
-0.0614413201046
-0.0894512621648
-0.0687883021186
-0.0563508747128
-0.0401104185306
-0.0126193273691
-0.0317379124163
-0.0718591418082
-0.0762023671187
-0.0295355562627
-0.0795511582659
-0.0758874484331
-0.0702687041358
-0.0244882900871
-0.0751821698665
-0.00913888664132
-0.0494824376231
-0.0492260534834
-0.07098908531
-0.0826663808689
-0.0707869980557
-0.0802741982203
-0.0795665033135
-0.0764122894682
-0.0686445290984
-0.081174870767
-0.0763419952817
-0.088285003809
-0.0544589730974
-0.00359222078715
-0.0458530448468
-0.0505948376971
-0.0914201729706
-0.04535655253
-0.0876991051969
-0.0946623249701
-0.0517765321912
-0.0792320469873
-0.0798337444311
-0.0187812598915
-0.0772133747083
-0.0904236225124
-0.0397329559906
-0.0814505048972
-0.0838076656584
-0.0784063560773
-0.0778152237393
-0.0750393754393
-0.074210328382
-0.0920220016216
-0.0110839429833
-0.0957472025031
-0.0568818661059
-0.0654623304208
-0.0924731511556
-0.0475642549816
-0.0712792250836
-0.0902350909519
-0.0107546767191
-0.0925654994389
-0.0144778806781
-0.0385423105785
-0.0635975201528
-0.0901708690286
-0.0824011366447
-0.0585916777935
-0.0835921325278
-0.0728161540981
-0.0686096140354
-0.0738940774664
-0.0445948758316
-0.0874188134082
-0.0727749338841
-0.0866305865699
-0.0476448895519
-0.075922617171
-0.0843384080034
-0.0471401541968
-0.0926107366953
-0.0877446989596
-0.0839795055187
-0.0912568384636
-0.0778325793724
-0.0299663214654
-0.0738597560933
-0.0779693297073
-0.0412890456371
-0.095824540715
-0.068493684446
-0.0865401161385
-0.0750757275059
-0.00661707629261
-0.073188629858
-0.0845601568007
-0.0812296464303
-0.0900615554651
-0.0683693267091
-0.0255513270389
-0.065468231105
-0.0769260573605
-0.0479635169073
-0.0570512594093
-0.0733672383296
-0.0533917081369
-0.0835163678519
-0.0493706808635
-0.0641911623788
-0.0446385286599
0.0060553836179
-0.0826882511011
-0.0398059613868
-0.050307080349
-0.0889881965141
-0.0786905891588
-0.0835240473742
-0.0676536436373
-0.0730450451972
-0.0590869253192
-0.0588394990066
-0.0661818377296
-0.0584615181082
-0.0854168095907
-0.0915220591343
-0.059769188043
-0.0551650717316
-0.0751552187832
-0.082143307054
-0.0872894218325
-0.0813383823005
-0.0923576280374
-0.0687991718203
-0.0862009632699
-0.0966537617041
-0.0732781964897
-0.0931608377819
-0.0877617124685
-0.0785454210736
-0.0964222132517
-0.087438645506
-0.0650292548716
-0.0197958979034
-0.0234148672402
-0.0801631403768
-0.0637067193332
-0.0474270677168
-0.0921805874576
-0.0792954777689
-0.06714310025
-0.0629604630348
-0.0445308266339
-0.0682591349876
-0.0728759579916
-0.0798565690441
-0.0571342092696
-0.0825092570916
-0.0870877312823
-0.0656006838175
-0.00951179266825
-0.0884333636827
-0.0498887949847
-0.0557485044394
-0.084932464774
-0.060054313677
-0.0605498818042
-0.0711949885781
-0.0905128901417
-0.0688733775252
-0.0861803810924
-0.0255971358329
-0.00397511073414
-0.0749350229104
-0.0865019458843
-0.0767229784811
-0.0486527532004
-0.0526003741626
-0.0396462235086
-0.048591230305
-0.0385414285578
-0.0628168261855
-0.0300658701704
-0.0699586527641
-0.0297023133175
-0.0415619295943
-0.0905026296546
-0.0095063484728
-0.0783125933538
-0.0800038297719
-0.0495495626715
-0.0881510206967
-0.0854935566643
-0.0762936275689
-0.0474163187972
-0.0844903050832
-0.0778020944482
-0.0722468113538
-0.0750634968796
-0.0166408601883
-0.0469921720409
-0.0771083094669
-0.0491279731223
-0.0404323574288
-0.0709339160971
-0.091077777552
-0.0717722939701
-0.0484141443565
-0.0562633406317
-0.0742955155969
-0.0920371679966
-0.086456745528
-0.0845723986706
-0.0859198312548
-0.0766570423203
-0.0720607732745
-0.0754650035448
-0.0422712556864
-0.0897551928756
-0.0585263288588
-0.075987658627
-0.0848662683846
-0.0932783738754
-0.0849998788319
-0.0608386173219
-0.0239502962005
-0.0815721578621
-0.0469411507879
-0.0708190458999
-0.0520717103768
-0.0845176537843
-0.0296057530215
-0.0248519971223
-0.0349811490152
-0.0905689240385
-0.0405602160159
-0.0404579844001
-0.0597254729424
-0.014945581417
-0.0158681776477
-0.0297764277941
-0.0506666595767
-0.0777618875936
-0.076503900503
-0.047960661399
-0.0722061956739
-0.0687111079547
-0.0929095240875
-0.0110795466239
-0.0565278209656
-0.0547264623328
-0.0672865816228
-0.0669306347506
-0.0849130235209
-0.0906576180656
-0.0475610631715
-0.0224266971503
-0.0330476843591
-0.0701844031775
-0.0838734807785
-0.0718474087784
-0.0812416517387
-0.0828017273645
-0.0765449361057
-0.0513618749735
-0.0137144986184
-0.00610075575595
-0.0454697764504
-0.0896364238673
-0.0514713915347
-0.0822802428275
-0.0224119310371
-0.0130726383503
-0.0287724191013
-0.0763908681721
-0.0751532238146
-0.0498254616799
-0.0464959635364
-0.0654885364693
-0.0701143928367
-0.068423742594
-0.0946268264351
-0.034223768559
-0.0778369655438
-0.0363158725528
-0.0909751951615
-0.0473961853158
-0.0754080336455
-0.0657786010641
-0.0621892674247
-0.0583594330116
-0.0649884058183
-0.0727064469448
-0.0801219097585
-0.0941358966825
0.000210311310291
-0.0792053072063
-0.077342528412
-0.0634844312157
-0.0949706253802
-0.0416216246399
-0.0906272755383
-0.0337194710805
-0.0564048125963
-0.0890408897168
-0.0150385837931
-0.0777172384553
-0.0788474545686
-0.0630833924812
-0.0476971228575
-0.0684009872864
-0.0831043795164
-0.0821410957914
-0.0588928044577
-0.017644752273
-0.0391905832478
-0.0888856270376
-0.0738745106519
-0.091575585706
-0.0559552496136
-0.0260082134129
-0.058931570273
-0.0806030620905
-0.0206130843108
-0.059362009001
-0.0887625575845
-0.0891943400858
-0.0861439134014
-0.0864763493291
-0.0331961924344
-0.0900479896478
-0.0848304664177
-0.0569457125313
-0.0419610197267
-0.0880089487243
-0.079146008781
-0.0806060576778
-0.0899877395697
-0.0848383006099
-0.0776297231735
-0.0818014504941
0.00160979810752
-0.0768966500385
-0.0241767949123
-0.0831783213625
-0.0741655823825
-0.0797328978965
-0.0838331488349
-0.0230258922376
-0.00417683113683
-0.0916399125611
-0.0804313697264
-0.0853896567484
-0.0740040276235
-0.0437987073155
-0.0629043822416
-0.0567400606914
-0.0343616983447
-0.0789992507792
-0.0541192370634
-0.0807690193368
-0.0675954908721
-0.061259687252
-0.0883290396176
-0.0480761758119
-0.0921066876238
-0.0696065373717
-0.0465636978697
-0.0790047376027
-0.0287311965293
-0.0197598201222
-0.0158607591975
-0.059395251762
-0.0119675246765
-0.0560925273818
-0.0565736659977
-0.0282857807783
-0.0898204535816
-0.0735879395196
-0.0770066665357
-0.0793057900461
-0.0522350056033
-0.0250589961803
-0.0727902508439
-0.0124612656299
-0.0726467759255
-0.0790959093051
-0.0611541290947
-0.0893676057152
-0.0647262747297
-0.069655040595
-0.0825817819691
-0.0548076561965
-0.018780179589
-0.0793059809498
-0.0574027983899
-0.0623399841498
-0.0396344546397
-0.0759432387313
-0.0770477373392
-0.0624339898691
-0.0473508608147
-0.0898072358849
-0.0422690560239
-0.0907730891186
-0.0784530775267
-0.0679236574142
-0.0917876358809
-0.0847738292494
-0.0729407645314
-0.0697471011381
-0.0638719706302
-0.0896620779094
-0.0608940202847
-0.0869883612197
-0.0806354361518
-0.0925752387709
-0.08930882705
-0.0871873789654
-0.0733892903474
-0.0917262229498
-0.0792459425208
-0.0634698361673
-0.0651797598522
-0.0247977511996
-0.0493609712961
-0.0798585835861
-0.0666957753968
-0.0766470964502
-0.0240602534583
-0.076983297788
-0.0372619194917
-0.0722119262143
-0.0737385526692
-0.0686471615619
-0.0828853961201
-0.0771241871988
-0.0625114760251
-0.0640476216098
-0.0525621015835
-0.0493330886179
-0.0820099322188
-0.0674386489082
-0.0616983084011
0.00749688914639
-0.0952803366037
-0.0879988840094
-0.0675045670859
-0.0750797243695
-0.0341343251316
-0.0483106519877
-0.0700930804854
-0.052195240833
-0.0706120779326
-0.0830936211726
-0.0109036090901
-0.05513622214
-0.0917306331921
-0.0752667249613
-0.0225895275961
-0.0499842823904
-0.0659236435051
-0.00544335965285
-0.0692452379323
-0.0877044977176
-0.0852993197923
-0.0886346135837
-0.0730524202938
-0.0687205444054
-0.062066742258
-0.0888503991455
-0.00628020093694
-0.0710172367772
-0.0726167167679
-0.067269878347
-0.0878285252653
-0.0783047647101
-0.0759118705049
-0.0786937580199
-0.0627123870842
-0.0799840580172
-0.0748062803863
-0.0543872944966
-0.0854126358091
-0.0253185202192
-0.0328477201691
-0.0747919889112
-0.0920078266079
-0.0315606874855
-0.0895783096452
-0.06992851968
-0.0914973938017
-0.073008722094
-0.0871394730582
-0.0885885186908
-0.0646345076215
-0.0590323969578
-0.0851560081443
-0.0206949837003
-0.0467486289415
-0.0926684847499
-0.076838821723
-0.090899092808
-0.0714229390463
-0.047312207471
-0.0500930442011
-0.0501418980003
-0.0706099741163
-0.022063537527
-0.0945965073774
-0.0892478896289
-0.0676673593446
-0.0914221919261
-0.020226706198
-0.0561160993245
-0.0903621473924
-0.0924596152921
-0.0464325837967
-0.0653149780541
-0.0703789861992
-0.0957752593386
-0.0959780300599
-0.0426805373631
-0.0801605419106
-0.0052404444793
-0.0937907902271
-0.0597512859652
-0.0862595295927
-0.029147311304
-0.0786217675946
-0.0773713083571
-0.0836464319246
-0.0221272614356
-0.0458079320807
-0.0148618394117
-0.0526169132778
-0.0755070238839
-0.0854916030564
-0.0922872465244
-0.0275719865046
-0.0649569429385
-0.0291113211996
-0.069745177376
-0.00264301401877
-0.00078603491615
-0.0590299351373
-0.0853187108625
-0.0937040758146
-0.0649644764425
-0.0775462499165
-0.0463491791907
-0.0465232476216
-0.0519790394898
-0.0884701309406
-0.0726609571416
-0.0252730407776
-0.0857908063368
-0.0322723680553
-0.0741082269
-0.0127642263364
-0.0907127388588
-0.0508083232299
-0.0742987592663
-0.0202837381799
-0.0202206460422
-0.0604456049924
-0.0943795433579
-0.0941358377738
-0.0596440754584
-0.0675837528474
-0.0819137090034
-0.0812710541332
-0.0962305268601
-0.028844039314
-0.0917491397878
-0.0927771080867
-0.091057588097
-0.065586135793
-0.0855661706427
-0.0894924975481
-0.0382758843155
-0.0419931097447
-0.0443435984619
-0.0868232633978
-0.09373408669
-0.0260799389499
-0.0929816638915
-0.095159164355
-0.0453216237148
-0.0544191014692
-0.0682922253998
-0.0735858016504
-0.0942079033561
-0.0454009414432
-0.0844912346591
-0.0664329332091
-0.0749056628913
-0.0721124078783
-0.0478033561618
-0.0960430839978
-0.0828482859206
-0.0494235656429
-0.0910841075324
-0.0898588703821
-0.0841212344643
-0.0933801390611
-0.0854773591348
-0.0729416836175
-0.0551670653687
-0.040232082386
-0.0837561416605
-0.0381374114912
-0.0927988276838
-0.0342179818333
-0.0487562245354
-0.0505730602647
-0.0537466930047
-0.0731038544098
-0.093060153575
-0.0616829843056
-0.0605830908948
-0.0487348309132
-0.0713313067909
-0.0642674527792
-0.00770795053491
-0.0910473285222
-0.073129388287
-0.04440022486
-0.053406811936
-0.0774236836488
-0.0807927604122
-0.0847129501407
-0.0874280823636
-0.0941515746996
-0.0896889392639
-0.0751917778279
-0.0401740832087
-0.0779704776328
-0.0905074317132
-0.0896863787571
-0.0961548003079
-0.0794784200183
-0.0799843696863
-0.082620370741
-0.0950815962807
-0.0685025240023
-0.0753967849797
-0.0861636009355
-0.0844006283113
-0.0757236221027
-0.0935334976937
-0.0802098908317
-0.0698851087063
-0.0824182959739
-0.0877850339356
-0.0798304142942
-0.0925439117528
-0.0921462624451
-0.0957583837428
-0.0895995065168
-0.0829364585173
-0.0840587252405
-0.0658812336807
-0.0921329162772
-0.093686791857
-0.0850893601404
-0.0941273371679
-0.0950873399527
-0.0809194297472
-0.0547550474767
-0.0923479690639
-0.0661470030529
-0.0823820262172
-0.0762015720204
-0.0436628415723
-0.068874095871
-0.0708651414872
-0.0374738904621
-0.0744960737063
-0.0964208569938
-0.0433842204954
-0.0398407824312
-0.095979087674
-0.0530721079541
-0.0811333893455
-0.0563361562586
-0.0440322191674
-0.0964152184942
-0.0551755600917
-0.0611532741877
-0.0739317944095
-0.0856184187608
-0.0830406003822
-0.0834448361262
-0.068672685053
-0.0662135636324
-0.0675609084901
-0.0925751848022
-0.0484384563419
-0.0764289948592
-0.0756986777321
-0.0891801332737
-0.0440369169734
-0.0894541559484
-0.091056653583
-0.0929797071148
-0.093741917446
-0.0899178890978
-0.0893160375055
-0.0675012387711
-0.0910692603977
-0.0952477917732
-0.0601236745977
-0.0873474231794
-0.0948989712389
-0.0381251528095
-0.0287798955747
-0.0889190817762
-0.0240490953332
-0.0929210862852
-0.0820825587259
-0.0909529180589
-0.0795198285486
-0.0941837324513
-0.0742436338823
-0.083730389293
-0.0803690875458
-0.0856829627195
-0.0502672007109
-0.0551771117324
-0.00570094318997
-0.0752053868178
-0.0788930503443
-0.0311297621721
-0.0735553616011
-0.0901717842093
-0.0863894440179
-0.0721925654816
-0.0533276395182
-0.0954425166385
-0.082334208683
-0.0888110678956
-0.0706432559157
-0.0919381701695
-0.0512735036387
-0.0713230218472
-0.0719789758759
-0.0875551212217
-0.0690258082273
-0.0248521690103
-0.084895012643
-0.0698186194736
-0.0536828731586
-0.0796569348314
-0.0835998104978
-0.048590890304
0.0031834854471
-0.0425911562168
-0.0513355123157
-0.0928268405394
-0.0567444995702
-0.0356423930361
-0.02935163918
-0.0892436971858
-0.0329241253558
-0.0775774498687
-0.03631015709
-0.0353473223648
-0.0752094785792
-0.0464356928894
-0.00499324996433
-0.040882991438
-0.0703012524866
-0.0947373387545
-0.0903439362883
0.0039389000393
0.00606440432973
-0.0207297823233
-0.0837592813109
-0.0862818307492
-0.095451844037
-0.074294376961
-0.0409277199769
-0.09010440439
-0.0427563065757
-0.092174832134
-0.0910590047661
-0.0657713539175
-0.0951405516124
-0.0644062533186
-0.0700484256035
-0.0886466256832
-0.0159560391494
-0.0567638207248
-0.0901717683167
-0.0957172888022
-0.068351391584
-0.0949964482483
-0.0588114243
-0.0861241525785
-0.0943591640051
-0.0957345713344
-0.0642722733978
-0.0383394041141
-0.0637540046539
-0.0523949113989
-0.0676720267244
-0.070919053258
-0.0915031857489
-0.0617486352848
-0.0694900978523
-0.0779376022282
-0.0959466449338
-0.0899044197946
-0.0659405779114
-0.0594807460994
-0.03872957211
-0.0884253460294
-0.0693013971154
-0.0704240606028
-0.0645697573762
-0.0729016161232
-0.00550486962835
-0.0618191242971
-0.0351622121329
-0.0821020710654
-0.0881123161092
-0.093838375673
-0.0652694099638
-0.0616654954849
-0.0377500028286
-0.0760478737164
-0.0885930174902
-0.055849769831
-0.0503764616173
-0.0609007904505
-0.0844802433196
-0.0736751761631
-0.0628231926658
-0.0648953259888
-0.0761056171821
-0.078766328626
-0.0897561144124
-0.0843920686303
-0.0725418687533
-0.0431825620708
-0.0515648800756
-0.0815138336358
-0.0518507018455
-0.0568876841377
-0.0586383238348
-0.0761588397405
-0.0587176542391
-0.0508660271351
-0.068355273651
-0.0297618964641
-0.0930006006481
0.00133149384074
-0.0958063225658
-0.0780628934455
-0.0533110280675
-0.0888775987884
-0.0518792866674
-0.0887850595471
-0.0383232768926
-0.0647614668824
-0.05370049375
-0.0598824800762
-0.062271835742
-0.0730284302115
-0.00348347813509
-0.0735754458124
-0.041969708159
-0.0856389434372
-0.0842061812841
-0.0427644296651
0.00547744218052
-0.0811255170855
-0.0728396064849
-0.0622057653084
-0.0547760576026
-0.0909189487187
-0.0686763820474
-0.0711349455872
-0.0470958041147
-0.0783630359845
-0.0498305098545
-0.0815245279942
-0.0940330652197
-0.0735367006096
-0.0700033704758
-0.0577477933279
-0.0914531960365
-0.0621775423341
-0.0547539755542
-0.0359099788403
-0.064054574763
-0.0778058007914
-0.0723711614546
-0.0949821085586
-0.0943414100039
-0.0586957563398
-0.0866776078089
-0.0752454691829
-0.086016326623
-0.0776326019416
-0.0868568781308
-0.0716391244382
-0.0658390873702
-0.04572296828
-0.0599524522423
-0.0685901223253
-0.0140602152725
-0.0286350946122
-0.0562006472105
-0.074724010377
-0.0320354141897
-0.0620443195813
-0.0602762480377
-0.0959854562691
-0.05225776671
-0.0964389903501
-0.0676970555576
-0.0804209621903
-0.0599327363084
-0.0452069063868
-0.0963520001019
-0.0527762701038
-0.0772609439704
-0.0542581943023
-0.0533210814947
-0.0627698815179
-0.0530487924013
-0.0482104955418
-0.0391581928985
-0.0610912086098
-0.0868958757105
-0.0646619980793
-0.0786911781169
-0.0747693654592
-0.0852749938413
-0.0368930937603
-0.0304017944201
-0.0616603848833
-0.0655376315291
-0.0611241430454
-0.0873361009375
-0.0823012903086
-0.0871579450381
-0.0821874610706
-0.0943745035893
-0.0261869531943
-0.0762053167846
-0.0608457051523
-0.0637809918252
-0.0908997198561
-0.0476731785611
-0.0937739617691
-0.0830482882541
0.00269436849875
-0.00206565384716
-0.00113691089534
-0.053886968545
-0.0957888980574
-0.0834184324078
-0.0525612401508
-0.0632978096868
-0.075879675045
-0.0451016215443
-0.0678134031038
-0.0882720157066
-0.0451073149558
-0.0565534265619
-0.0675189020853
-0.0474517907529
-0.0305135940615
-0.0672087298706
-0.0801959361037
-0.0635950712222
-0.0283312844758
-0.0950160185464
-0.0516028332565
-0.0637774773471
-0.0695533569406
-0.0583233757782
-0.0718483498369
-0.0506790346101
-0.0550076297398
-0.0915037485034
-0.0440955928439
-0.078555456646
-0.0800273780949
-0.0819101521596
-0.0799361322184
-0.0642127988125
-0.0957045098485
-0.0818400433463
-0.0658925309446
-0.0768267230059
-0.0705541558181
-0.0677324121191
-0.0651152428181
-0.0279992933699
-0.0869626605029
-0.0283257847416
-0.0263011042037
-0.0317464378513
-0.0586095752499
-0.054151924743
-0.058960005423
-0.0180309121892
-0.0034327027841
-0.0825564304632
-0.0831243773859
-0.0495234607948
-0.0739761921688
-0.0271429700307
-0.0295304938498
-0.0688475127848
-0.0845719305233
-0.0472908322912
0.000733293927988
-0.0833531082168
-0.0707596928248
-0.0777044234926
-0.018512093769
-0.0512461959685
-0.0595823811982
-0.0834730511959
-0.0723113533254
-0.0726279950375
-0.0414749093995
-0.0702810185627
-0.0854441912186
-0.0954139058374
-0.0780774333176
-0.0120383807655
-0.025487836731
-0.0854375443633
-0.0513353905512
-0.0749587963012
-0.0331666614306
-0.0123372056301
-0.0813037095358
-0.0500251619598
-0.0553930565082
-0.0872870230075
-0.0351585903553
-0.0716492575271
-0.0274885882112
-0.0724509804866
-0.0846115949573
-0.0515172180357
-0.074284923517
-0.0438776252502
-0.0905493454201
-0.0864335521929
-0.0585395027542
-0.0712343983761
-0.0597330274093
-0.0876890514032
-0.0672530834419
-0.0568330010287
-0.072864289916
-0.034263920719
-0.0391672955803
-0.0706140648699
-0.0813149596932
-0.0575916234801
-0.0740660244165
-0.0746216697241
-0.0836748126977
-0.0494588108621
-0.0397303044109
-0.0250366595414
-0.0698579873208
-0.0701448637852
-0.0694571120777
-0.0479903367089
-0.0879223930869
-0.0707327812334
-0.00197706880445
-0.050590617205
-0.0804705213734
-0.0503102074189
-0.0491531588587
-0.082952745024
-0.0727751656778
-0.00607313348941
-0.0959565275736
-0.0828093371355
-0.070074776592
-0.0628822646931
-0.0693211982106
-0.0793594338069
-0.0848033699188
-0.0941770539969
-0.0499575525075
-0.00688842458461
-0.0161507857069
-0.0694490521498
-0.0093335829557
-0.0528110839438
-0.0472335251802
-0.0771694448134
-0.065497648305
-0.0580193797511
-0.0458718658575
-0.0875310482509
-0.0654922383459
-0.0476229483091
-0.0395429722397
-0.0350849361239
-0.0130961967373
-0.0430509628328
-0.0879113982383
-0.0237185590381
-0.0505828848094
-0.0257152129514
-0.0311200721756
-0.0501349912758
-0.0456590301585
-0.0693630986987
-0.0838640055077
-0.0758949138082
-0.0270687689315
-0.0764179525634
-0.0799740775968
-0.0580674683387
-0.0882429648608
-0.0280569190756
-0.0372695749034
-0.0237816846828
-0.0655399856425
-0.0667245853931
-0.0550116433984
-0.051123505788
-0.061071070005
-0.091564574003
-0.00204586042704
-0.0813807709991
-0.043324900435
-0.076960964351
-0.0132046471298
-0.0230314406424
-0.0576474541779
-0.0160169491092
-0.0587237189939
-0.0638937299216
-0.0217694834517
-0.0446597831691
-0.0811642576131
-0.0881248987556
-0.0377516660432
-0.0880423748413
-0.0806169267172
-0.0758037675091
-0.0116500273231
-0.0820128362713
-0.0796853319772
-0.0718520736477
-0.0613420065119
-0.0641155423689
-0.0162414621604
-0.0538867392047
-0.0939964092956
-0.073829946852
-0.0824393664263
-0.0661892869474
-0.0300586064693
-0.0707766886231
-0.0848665463266
-0.037906854278
-0.0323854434367
-0.0947665420647
-0.0614604291464
-0.0570043825402
-0.0606930411899
-0.0877224465477
-0.0655406359411
-0.0360613571554
-0.094358788974
-0.0758597831362
-0.0590311364283
-0.0783336833969
-0.0784534307995
-0.0547574868191
-0.0786385517515
-0.0683275401089
-0.0777562084747
-0.0679418614608
-0.057366863366
-0.0668067907613
-0.0497362123584
-0.0951410317441
-0.0733852131904
-0.0598407526361
-0.0140185844052
-0.0165774240384
-0.0729663974425
-0.0113895033958
-0.0926015073253
-0.00234798710246
-0.00743030238439
-0.0515928399222
-0.0175474425431
-0.0585910935968
-0.076334329758
-0.0802784492423
-0.0721855781173
-0.00780004950326
-0.0561713704349
-0.0625826972574
-0.0944058363893
-0.078652653986
-0.00678072909415
0.000101523026478
-0.0822431958018
-0.0624064006678
-0.0753399829443
-0.0654402034375
-0.0582201582373
-0.0559099460803
0.000599066463922
-0.0203107963433
-0.053248763382
-0.0819056465439
-0.0673764083672
-0.00643296453375
-0.0110977943919
-0.0945735026786
-0.0629382670583
-0.00793977406009
-0.059683023893
-0.0896753378126
-0.088018009697
-0.0823751697794
-0.0635321509263
-0.0737187967958
-0.0776537892756
-0.063709202663
-0.0690557042788
-0.0164212034728
-0.0269335521876
-0.0798340403766
-0.0455469755019
-0.00201207266574
-0.0665722642947
-0.0650820356853
-0.0959817291893
-0.00103906813916
-0.0601202826369
-0.0615095662795
-0.0734088760849
-0.093274612678
-0.0911905793347
-0.0599407052854
-0.0871986661104
-0.094121186679
-0.0365647657633
-0.0191760124795
-0.0137623397028
-0.074289501041
-0.0821715498502
-0.075019758077
-0.0836780643089
-0.0853799555021
-0.0709624390543
-0.0750904034299
-0.0127014631664
-0.0959188180395
-0.0620783661391
-0.0352579348193
-0.0750603047024
-0.0760981647448
-0.0628216730629
-0.080066765896
-0.0498129795105
-0.0653954353241
-0.0115835068778
-0.0718585075538
-0.0742358071762
-0.0713215373904
-0.0936728782189
-0.085550426509
-0.0699700843271
-0.072553499046
-0.0702612362113
-0.0952894204156
-0.0681302476252
-0.0937403446161
-0.0618282051094
-0.0822348939755
-0.07117119449
-0.0772565565749
-0.0103715379703
-0.0853279098367
-0.0378911236708
-0.0640537696984
-0.000657049957905
-0.0521987276059
-0.0861365189161
-0.0788135156564
-0.0789004382446
-0.0669407671521
-0.0951213873534
-0.0822771391375
-0.00345927237618
-0.0688698799509
-0.0869499939712
-0.0123150446939
-0.0609159788682
-0.0423720448855
-0.0641778873825
-0.0435357358329
-0.0451373528275
-0.0655259200823
-0.0680850722191
-0.0695253748362
-0.0580965430859
-0.0504033321686
-0.0460085000244
-0.0432340459542
-0.0744015259469
-0.0436289679664
-0.0952741891315
-0.0930938737509
-0.0962489044327
-0.0897913651296
-0.0566048131577
-0.0964943381332
-0.0854450740614
-0.0960781110027
-0.0789495283582
-0.0506085697096
-0.0801035383182
-0.0143657756176
-0.0706311129154
-0.0951772722668
-0.0960612764556
-0.052735482889
-0.0211930315319
-0.0674226186795
-0.0737441557136
-0.076442365155
-0.0175974444645
-0.00168201116118
-0.0726993007243
-0.0408626419373
-0.0954660960788
-0.0415498018503
-0.0290410896863
-0.0720254271764
-0.0303038614583
-0.035441193169
-0.0311401589572
-0.0611252317849
-0.0289800768123
0.000234534013274
-0.0316961170891
-0.0506477255082
-0.0263276257017
-0.0492990528318
-0.0434037322841
-0.0358197541483
-0.0450750019054
-0.0364883108084
-0.0387556444315
-0.0396027088987
-0.0373843099725
-0.0384571647357
-0.0399885280123
-0.0670999114069
-0.0338935901687
-0.0654294788379
-0.0303623721028
-0.0212618151748
-0.0370544157246
-0.0325633466852
-0.0261908828944
-0.0377037615643
-0.02511547855
-0.0243508208339
-0.020749959769
-0.0187932798128
-0.0127225328623
-0.0145853603323
-0.0160595643938
-0.0286600496449
-0.00772948160549
-0.0106232045055
-0.0523681962401
-0.0369971948648
-0.00629976096486
-0.00116488871255
-0.0351565690681
-0.0691896904808
-0.0653038696995
-0.0476429055907
-0.0421893828309
-0.0643038822478
-0.0657081036485
-0.0374577548184
-0.0234219319777
0.0167520853749
0.00728277013916
-0.000656989632167
0.00335438901571
0.00625804897012
-0.00172747548926
-0.0704976171405
-0.05838393044
-0.00500981380552
-0.0262212150383
-0.0364050140719
-0.0595989614643
-0.024706891722
-0.0341402118628
-0.00325972126487
-0.0423043365561
-0.0403465048354
-0.000237295711066
-0.055897208416
-0.0717866035326
-0.0512934047201
-0.0546691901509
-0.04108407182
-0.0450091242944
-0.0622014432612
-0.0439675390905
-0.0341598952915
-0.0509263879236
-0.0617510631104
-0.0223919544213
-0.00902994237613
-0.062882780068
-0.00499194569598
-0.0112884197886
-0.0302251116897
0.00214294266232
0.00460210686182
-0.0549502808098
-0.0746784419448
-0.0737182496158
-0.0677349971393
-0.0486845909396
-0.0434249196736
-0.0573258052897
-0.0514520776988
-0.0701692804671
-0.0171591518392
-0.0681939212364
-0.0386981956637
-0.0547261581783
-0.0663294301073
-0.0684991013311
-0.0715119969489
-0.0215795849858
-0.0162227711163
-0.0306795994435
-0.0204434937475
-0.0173586799357
-0.0151319121629
-0.0660085989124
-0.00875037744971
-0.00415027644718
-0.0577495560529
-0.0517666443681
-0.0573699854269
-0.0674202578514
-0.0656427853656
-0.0535774028448
-0.00917912025846
-0.0618490512513
-0.0254920377222
-0.0475376448373
-0.0422551088572
-0.0235561586536
0.00278037223819
0.00561883188391
0.000674338393888
0.000531396459643
-0.0149567321829
-0.0706313213068
-0.00469737819744
-0.0441363897029
-0.0423891843631
-0.0268872052299
-0.0303196089314
-0.0108988898746
-0.0512246212995
-0.0106242588773
-0.0382934385687
-0.0164087739289
-0.00556910477114
-0.00283220465334
-0.00145081288742
-0.0447305729486
-0.0170974665918
-0.0286498879147
-0.00394219738854
-0.0226199841414
-0.0167042125048
-0.0355134591907
-0.0541054964529
-0.0216956785893
-0.0494630176461
-0.0510777984884
-0.0494773328443
-0.0374320932233
-0.00134413370179
0.00347796040046
0.00452307562277
-0.00289601833981
0.0195481157561
0.0171193519938
-8.03797636938e-05
-0.000619769316788
-0.00538448142089
-0.011727988993
-0.0347822765882
-0.0592622426105
-0.0163842596914
-0.0247551858667
-0.0677278837222
-0.0414785232765
-0.00699790091643
-0.0436750973853
-0.0577705543795
-0.024902832766
-0.0388216898581
-0.0376181224405
-0.0571619615246
-0.0364070844324
-0.0462930827967
-0.0468242709528
-0.049586366138
-0.0472654118357
-0.0657750194831
-0.0717994385104
-0.00524727880428
-0.0410078702239
-0.0142573744757
-0.0153183032376
-0.0349978215856
-0.0127555149556
0.00258654155145
-0.0641978715697
-0.0760081075786
-0.0636195693375
-0.0462008899698
-0.0380710514518
-0.0570372639783
-0.0262994735229
-0.0666621546633
-0.0408001856681
-0.0671644582349
-0.0571621817109
-0.00397412121353
-0.0676078051932
-0.042907928039
-0.0700317942935
-0.000367188751449
-0.0723642788735
-0.0688953508659
-0.0660799706154
-0.068797786692
-0.071032162373
-0.0544522669426
-0.0604478692996
-0.0222707902218
-0.0213290495864
-0.0220837271999
-0.0252561767694
-0.0201635988745
-0.0188482062729
-0.0630319764812
-0.00599107735538
-0.0324620434744
-0.0518909977498
-0.0480150136628
-0.0331512637988
-0.0151708712646
-0.00271145999811
-0.0594028173291
-0.028962234157
-0.0686447592051
-0.0191805524579
-0.0426069433696
-0.0345646635415
-0.0263266341873
-0.0590132557856
-0.0257292132026
-0.0199869495795
-0.0467787037866
-0.0673030764237
-0.00597207124016
-0.00766648970551
-0.0351745410456
-0.0434367192427
-0.0435590375934
-0.0257934153114
-0.0336115595443
-0.0185155285378
-0.0437865630505
-0.00445777624231
-0.0377660792574
-0.0386444807428
-0.0246634039673
0.00103115277227
-0.0648792075245
-0.0642591614344
-0.0212268746625
-0.0271440621136
-0.0371203161368
-0.00912182706023
-0.0348402503564
-0.00253614008222
-0.00266329323957
-0.00544410403161
-0.0482939297531
-0.0448837342591
-0.0240380165653
-0.0677177958979
-0.057136213233
-0.00332044933024
-0.0300037679095
-0.0414622815594
-0.0510060680723
-0.0415895280819
-0.0259643702519
0.0101417014028
-0.00022085983496
0.0019228248461
0.00695348627923
-0.0634118584105
-0.0466748290863
-0.0416162038786
-0.0537854621354
-0.0703977473759
-0.0353809117611
-0.0340750958384
0.00693743344334
0.000457353610829
0.00714083749794
-0.000219555568122
-0.012796513154
-0.0418417401226
-0.0617890974405
-0.0131530144445
-0.0629017210019
-0.0657181719526
-0.0287942031398
-0.0368837620523
-0.0160156023702
-0.0631332427041
-0.0601250190765
-0.0593348181712
-0.0413023633655
-0.0127458978641
-0.0166009637831
-0.0128145285313
-0.0202673081138
-0.0169738906912
-0.0655017808482
-0.0491364637804
-0.067425719684
-0.0693489209657
-0.0690917702409
-0.0583897451228
-0.0377517817805
-0.0181566985216
-0.000744899127199
-0.0657207918706
-0.0632796532575
0.00595406877867
-0.0275734611581
-0.020196944612
-0.0332579019433
0.00293582259855
-0.000235885651797
0.000996967299512
0.00645196175107
-0.0267959646685
-0.0636715907573
-0.0607111040768
-0.0501282805391
-0.0438879564921
-0.0285570330572
-0.0686856344506
8.15925176222e-05
0.00245697453938
-0.0111024957725
-0.0383845657738
-0.0597385470265
-0.0568494065129
0.00131965513696
-0.00117342943003
-0.0549364812606
-0.0490507534154
0.00791220959946
0.00758583428533
-0.0287000061195
-0.0128164774205
-0.0359590924967
-0.0365999615626
-0.0336559618297
-0.00984563599003
0.0218487683134
-0.00819269810672
-0.0579442029003
-0.0541515388213
-0.00574184825639
-0.00366644258857
-0.0445319930755
-0.0431195852044
0.00741856055953
0.0035591880093
-0.0244752265888
-0.027246674469
-0.0394125493172
-0.0403904225047
-0.030408355256
-0.020904606999
-0.0255663138115
-0.0175384572181
)
;

boundaryField
{
    bottomWall
    {
        type            zeroGradient;
    }
    leftWall
    {
        type            zeroGradient;
    }
    rightWall
    {
        type            zeroGradient;
    }
    movingTop
    {
        type            zeroGradient;
    }
    front
    {
        type            empty;
    }
    back
    {
        type            empty;
    }
}


// ************************************************************************* //
