/*--------------------------------*- C++ -*----------------------------------*\
  =========                 |
  \\      /  F ield         | OpenFOAM: The Open Source CFD Toolbox
   \\    /   O peration     | Website:  https://openfoam.org
    \\  /    A nd           | Version:  14
     \\/     M anipulation  |
\*---------------------------------------------------------------------------*/
FoamFile
{
    format      ascii;
    class       surfaceScalarField;
    location    "32.000000000016";
    object      phi;
}
// * * * * * * * * * * * * * * * * * * * * * * * * * * * * * * * * * * * * * //

dimensions      [0 3 -1 0 0 0 0];

internalField   nonuniform List<scalar> 
4035
(
-5.09451059166e-06
-2.31923173017e-05
2.82868276531e-05
-5.80717333138e-06
3.8465121436e-05
-3.77524586882e-05
-2.89994906321e-05
6.67519490989e-05
-6.67519492839e-05
0.000863859986498
-0.000133562822936
-0.000730297163478
5.93949198881e-06
0.000196084794386
-0.000202024286357
-0.00055607164274
4.0121686675e-05
0.000515949956021
-0.000873492418317
0.000407233378921
0.000867288639886
-0.000401029600424
0.000390959148642
-0.00120484216481
-0.000349607244698
0.00116349026076
0.000302166807478
-7.32000921046e-05
-0.000335762872438
0.000106796157097
-0.000219302298671
-0.000708938637972
0.000656205718128
0.000272035218499
0.00105967574277
-0.000753010159818
8.42935656603e-05
2.77182396533e-05
-0.000884028145753
0.000867348503019
-1.10385969332e-05
5.29899751275e-05
-0.00104837769747
0.000838866925535
0.000156520796761
0.00085892834201
0.000493367191149
-0.0010540194695
-0.000298276063615
0.000534394515514
-0.000666348960895
-8.73478532885e-05
-0.000313621909689
-0.00061544901986
0.000668720739688
0.000260350189896
0.000547939494665
-0.000649999985772
0.000320496809238
-0.000218436318037
0.000289307909438
-0.000171000958773
0.000183859856816
0.00056273710796
-0.000723736251217
-6.72606001004e-05
0.000520918207026
0.000905678887438
-0.000479974365703
-0.000377324708422
-0.00045329998774
-0.00109217272249
0.000271670279273
0.000111439224901
-0.000585595948937
0.000539529340132
1.79377956684e-05
-1.40596602344e-05
6.2873813679e-05
5.74733526655e-05
0.000285439381539
-0.000121998131831
2.37283043259e-05
-0.000187169554048
-0.000328815299183
0.000614254680751
0.000206476222343
0.000140305039762
-0.000336932915493
0.000261013235797
0.000122737270189
-7.75984117525e-05
-0.000271046009467
0.000435581885125
-0.000500871539752
-0.000263525644572
-7.46715352613e-06
7.46715349919e-06
1.00253967165e-05
1.34578882977e-05
-3.09504385934e-05
1.74925502063e-05
-9.10476933616e-05
-0.000121998131948
0.000202652041138
-0.000725219467787
0.000522567426853
-0.000263179733336
-9.01221404031e-05
0.000353301873858
0.000136717241971
-0.000819767421189
0.000683050179366
0.000773349732777
-0.0003700809285
-0.000775114935879
0.000371846131481
-0.000668681033314
0.000632489329971
0.000250248459678
-0.000214056756307
-0.0011746485511
9.3090373785e-05
0.000412877144084
0.000663528081678
0.000545963578642
-0.00057700233025
0.000403810563465
-0.000371736063743
9.40767279055e-05
-0.000126151227539
-0.000358912976196
0.000499543806321
0.000295235557248
0.00057094456562
-0.000277835410877
-0.00110310761455
0.000206294474492
-0.000980045258886
0.00074992282801
-4.77129799736e-05
0.000806475129254
-0.000757745637996
4.43608824673e-05
-5.05746420687e-05
0.000925872650304
-0.000749520676702
-0.000125777331597
-8.18235958685e-05
-0.00105453717211
0.000918287813621
0.000218072954373
-0.000499728834523
0.000638429915915
0.000111547378175
0.000583237592731
-0.000667311473609
-0.000274839095343
0.000680252420324
-0.000314581538767
0.000180292697034
-0.00029875411458
0.000144253265056
-0.000217235214242
-0.000889344653858
3.95458754384e-06
-0.000500440238874
-1.87177894603e-05
0.000437334432619
0.000938653882028
-0.000215878791229
-2.77364905188e-05
0.00031736274527
0.00068234433856
-0.000552881460675
0.000298644955896
1.27534991701e-05
-1.12341719829e-05
-6.82712764313e-05
-0.000109443140826
-0.000556141165559
0.000621496970171
-0.000185602814077
0.000120247009567
0.000179838222957
-0.00022748897038
-0.000180708285029
0.000300928457947
-0.000270572325923
-8.19090990548e-05
9.26895384107e-05
0.000196659813835
-0.000472194155682
0.000479119519985
0.000172912858632
0.00253899884199
-1.97748065583e-05
-0.00251922403549
0.000254322335011
0.000511914991236
-0.000766237326166
-0.00151114582164
6.88001128298e-05
0.001442345709
-0.00134515162811
0.000639477111384
0.00121573455292
-0.000510060036245
0.000544309479539
-0.00171204533198
-0.00067677648604
0.00184451233862
0.000724974357123
-0.000197439299514
-0.000861141965975
0.000333606908401
-8.0584014863e-05
-0.00107519958626
0.000739262837851
0.000416520763266
0.00123087860276
9.91617857392e-05
-0.000785730908813
-4.29958830426e-05
-0.000899565937537
3.9769923919e-05
0.000902791896686
3.09134472493e-05
-0.00125252307117
0.000191650169086
0.00102995945496
0.00120117127639
0.000165336711845
-9.41132157292e-05
-0.00127239477262
0.000519905753476
1.06612847836e-05
-0.000611151053125
-0.000582758643751
-0.000965326637201
0.000396334328985
0.00115175095194
0.000352981189395
-0.000923302424674
-3.70416370865e-05
0.00060736287201
0.000649898538704
0.000373701822759
-0.000298626004342
0.000664701842837
-0.00138692023976
5.68830355182e-05
0.00101577837717
0.00218792230768
-0.000353706647655
-0.00105298839874
-0.000931985618485
-0.00177150301399
0.000457264833263
0.000141809437511
-0.0011333732161
0.000840864709048
-0.000215410032806
0.000151954715659
-5.85428147766e-05
0.000175079911115
0.00323474203329
-0.00395456482062
-0.000280248663634
0.0010000714509
0.000301760319593
0.000523218130224
0.000363050525478
-0.000487512453669
0.000120164969151
3.68605792293e-05
-7.58377959741e-05
0.000172133689094
-0.00013003968552
0.00104135124173
-0.00108344524533
0.00340687572238
-0.000364119368144
0.000364119368114
0.000181482112465
-0.000339552766647
-0.000206048713969
0.000545601480563
0.000281944203509
0.000621496970084
0.000219312615017
-0.00252991442346
0.00231060180852
-0.000384718498868
-0.00124004578414
0.00162476428305
-9.70080290865e-05
-0.00202534034158
0.00212234837077
0.000900430011417
-0.000479935542422
-0.000856288226092
0.000435793757069
-0.000644487436443
0.000864775768228
0.000110482767077
-0.000330771098743
-0.00136951178064
-1.80837360225e-05
0.000743108080286
0.00110250295303
0.000504424889731
-0.000742152074487
0.000716497454184
-0.000642068068895
0.000236416454353
-0.000310845839648
-0.00041269682699
0.000744475782286
0.000840089601251
0.000481725966811
-0.000402079392597
-0.00137404243478
0.000406610046842
-0.00103645062199
-9.64633733238e-05
0.000730834602782
0.00082966795498
-2.6440809201e-05
-0.000821310881782
-0.00012876341728
0.00107103900348
-0.000123283019585
-0.000818992566506
0.000264345701
-0.0012455128022
9.14116322966e-05
0.000889755468889
-0.000494222120487
1.06997217045e-05
0.000594005165877
0.000722909942642
-0.000294682093478
-0.000840924676184
0.000869670208278
0.000108283787662
-0.00047352910625
-0.000490469487581
-0.000325905805429
0.000174307224096
-0.00252895841762
-0.0010036293298
-0.00120234702662
0.00018695821803
0.00127973450958
0.00127817720328
-0.00050651060908
-0.00019287326053
0.00194834438314
0.000907086667612
-0.000642546427718
0.00213530260111
0.000977371791691
-0.000281774802427
-7.41000191961e-05
-0.00316214844636
0.00395456482074
1.11544672958e-05
-0.000803570841823
-0.000337103377762
0.000252888664321
-0.000329527367276
-0.00049804549808
-0.000287785487766
0.000368149002677
-0.000158284879022
4.67473574909e-06
0.000105883372871
0.000114521095879
-0.000764533566748
0.000902901135158
-0.00106013746131
0.00106013746128
0.000643045428367
0.000269929995776
-0.00197311288549
0.00170318288962
-0.00198145193525
-0.000829937373862
7.69272140707e-05
3.74111291626e-05
-0.000415243634029
0.000244242675263
0.000253477105662
-0.000516005228
-0.000150343732881
-0.000195508418765
-0.000100312474687
8.62528144512e-05
0.000106163747658
0.00062078767029
0.0002465009696
0.00028385475479
0.000649037637328
0.000189829288194
0.000248008036903
-0.000741548548818
-0.0003124709207
-0.000305966663699
0.000239369337128
-0.000215641032812
-0.000261502202628
0.000776563178976
-2.66403510105e-05
1.88175409609e-05
0.000398362190361
-0.00025410892534
-0.000268949283254
0.000493837006871
0.000144592909013
0.000179255468082
9.3355993444e-05
-0.000104590165427
-0.000134132976937
-0.000561246964848
-0.000213867971098
-0.000260318506914
-0.000583929284481
-0.000165591392313
-0.000212083153042
0.000707273877798
0.000211013935778
0.000235079722096
-0.000334233291967
0.000148630477887
0.000144886228012
0.000897235591273
-0.000310765935884
-0.000586469655395
-0.00078074900266
0.000658368042384
0.000122380960271
-9.02874450908e-05
0.000229045857818
-0.000138758412724
-0.000712850462522
0.000217255374739
0.000495595087789
7.70607043196e-06
-0.000341222781687
0.000333516711221
-0.000113713590245
0.000430825191443
-0.000317111601216
-0.000511807208248
0.000398093617991
0.000756815627101
-0.000271484586334
-0.000485331040728
0.000227524562711
-0.000572224671781
0.000344700109068
-0.000768587009915
0.000622098522102
0.000146488487842
-0.000711961220345
-8.89242134626e-07
0.000775151894162
0.000122083697119
-0.000244662162466
0.000154374717376
0.000359213216086
-0.000351507145676
-0.000662571503099
0.000303973004919
0.000358598498166
0.00073600553722
-0.000687258216321
-4.87473208135e-05
0.000531686028816
0.000204319508455
0.0010870302009
-0.000662593087903
-0.000424437113027
0.000773088114746
0.000313942086146
0.0010145288976
-0.000552977747548
-0.000461551150035
0.000351935809694
0.00101682691947
-0.000453643960313
-0.000563182959181
0.00064041552792
0.000376411391535
-0.000743365442254
4.20260829152e-05
0.000701339359332
-0.000908468604452
0.000545791459185
0.000362677145241
-0.000204095729261
0.000431620291977
0.00014437918893
-0.000480344009105
0.000335964820192
0.000362794076311
-0.000728113431784
0.000365319355446
-0.000729030846244
0.000782947421419
-5.39165751481e-05
0.000784486786838
-0.000877391073275
9.29042864236e-05
-0.000339430524685
0.000340169236002
-7.38711350079e-07
-0.000159727988589
-0.000502843514527
-0.000129626366013
-0.000442598305772
6.51102700802e-05
-0.000808475712339
-0.000561136988026
-0.000219612014637
-0.000115026690636
-0.000614004155569
0.00061469681846
4.3671223921e-05
-0.000274398311037
-0.000494188698871
0.000603845584676
0.000152970042458
-1.70606966574e-06
0.000642121597569
0.000526904534699
-0.000528610604379
0.000319768302654
-0.000692363933676
0.000372595631014
0.00075068154438
-0.000430913241717
-0.000150876838996
0.000740515957181
-0.000589639118207
0.000622211275741
-0.000400281598956
-0.000286976617302
0.000229749730042
-0.000630031328954
-0.000519745233079
0.000479943170297
3.98020627406e-05
-0.000530847071576
0.000365078321585
0.000165768750002
0.000370081071903
0.00019295910267
-0.000563040174526
-0.000783675688511
9.13117548789e-05
-0.000251989659724
0.000897893630023
-0.000147212085653
0.000344915882491
0.000543357348359
5.53848043043e-05
-0.000598742152606
0.0010277397252
-0.000287223768027
0.000574095764875
0.00081501093334
-0.000288106398659
-0.000400698945042
-0.000130148126522
0.000150523603723
-0.000551222548756
0.000409787993513
0.00014243850117
-0.000552226494628
0.000275205948307
0.000227766588624
-0.000502972536965
-0.000244539284777
0.000557712991735
-0.000187631919791
0.000521430881893
-4.14877116567e-05
0.000516557096349
-0.000151478774751
0.000618229040716
-7.48716923298e-05
0.000576852378693
-0.000167064385148
0.000405846924659
-0.000261467735731
0.000303203725086
-0.000313228583209
-0.000595240021255
0.000168325821496
0.000579060569638
-0.000747386391158
-0.000394566511154
0.000611821885875
-0.000628843060247
0.000357358473936
-0.00023738065013
0.000600174726432
-0.000324854239114
-1.45762856055e-05
0.000181450038557
0.000603036748279
-6.74453813747e-06
0.000395364216424
-0.000706130152317
0.000541706185203
0.00024124123623
-0.000578716571744
-0.000298674501533
-0.000190397216587
-0.000537716215211
-0.000444428522468
0.000102232213606
0.000342196308811
-0.000170742052207
0.000716533511379
-0.000392151290539
-0.000224876826205
0.000617028116708
-7.42822005281e-05
-0.00068451912102
0.000758801321529
1.81127635038e-05
0.000636708499615
-0.00065482126309
7.07665774538e-06
0.000407398199114
-0.000414474856866
-0.00065354390938
0.000907489945519
-0.000253946036158
-3.85610149832e-05
-0.000405867507469
8.57744849877e-05
0.000607251237291
-0.000693025722291
-0.000519110905113
0.000366429958977
-0.000359353301244
0.00059770617821
-0.000429380356725
0.000582548507125
-0.000278575502218
-0.000559818948707
-0.000152142271636
0.000652998772273
0.000122153121889
-0.000426007434055
8.47846523498e-05
0.000410277069736
2.05481216978e-05
0.00036879752459
9.33858472137e-05
-0.000462183371838
-0.000333476630445
1.61250102822e-05
0.000317351620162
0.000621601685221
-0.000428937264705
-0.000192664420562
0.000441385606231
0.000180216078958
0.00024889858002
9.12706559584e-05
0.000220667881501
8.37797631896e-06
0.000547370849733
-0.00017857332516
-0.000521702970385
0.000607477455362
9.17027533051e-05
-0.000745246662712
-0.000669085717058
0.000630441585005
3.86441320621e-05
0.000767659738424
-0.000711369072808
-5.62906656333e-05
-0.000684439738359
-0.000820366428017
0.000661014154483
0.000159352273516
-0.00016479747282
-0.000504288244246
0.000207236610915
0.000560423127508
-0.000276722496872
-0.000543643931156
-0.000202219760724
-0.000610301726106
0.000812521486815
0.000470328021812
0.000437161923688
-0.000408231810927
0.000369670795916
-0.000415491304829
8.20146743835e-05
-0.000228537152182
0.000452599063288
0.000403452363165
-0.000677850674199
-0.000415235133211
-0.000163101232787
0.000578336365985
2.84846293281e-05
0.000575360955391
0.000487213285873
-0.000602239976478
-7.22669907335e-05
0.000373908456923
8.97726375034e-05
-0.000463681094438
-0.000222622025531
7.16025928935e-05
-0.000486837726112
0.000300080485902
0.000288755256453
-0.000588835742389
-0.000342590276164
-0.00028090371025
0.000623493986383
-0.000609675230088
0.000267084953905
-0.00066310393985
0.000139094656711
0.000524009283145
-0.000401812360528
7.58829382741e-05
0.000325929422262
-0.000307348080574
7.25274074255e-05
0.000234820673154
-0.000206028227403
6.23429003864e-05
0.000143685327019
-5.34778673429e-05
-0.000484238347872
-0.000700112735545
0.000111687869313
0.000588424866237
-0.000105852049887
4.77884078207e-05
5.80636420656e-05
0.000548813524168
0.000225018355854
-0.000773831880053
-0.000616500346608
-8.36123889234e-05
0.000251113373673
-0.000177048874198
-7.40644994738e-05
-0.000309594744193
-0.000567222384881
0.00042194638551
0.000145275999378
0.000650914067525
-0.000587958344865
-6.29557225848e-05
-0.000709051880718
0.000403241202606
0.000305810678101
-1.32168932331e-05
3.17637003597e-05
-1.85468071235e-05
0.000669268093052
-0.000504618091572
-0.000164650001475
0.000163943312993
-0.000267844848178
0.000103901535197
4.71546666408e-05
-0.000352020138335
0.000304865471683
0.000199842354189
-0.00019944469832
-3.97655874936e-07
7.02278075211e-05
1.612864296e-05
-8.63564504747e-05
-0.00021786423896
0.00018573464052
3.21295984342e-05
0.000115718868503
-0.0003439590802
0.000228240211679
0.000310773404894
-0.000195054536392
4.54848798395e-05
-0.000747108483292
0.000701623603438
0.000673517196313
-0.000763068599241
8.95514029125e-05
-0.00030002192026
0.00083248717593
-0.000532465255671
-0.000329090411833
0.000177216306242
0.00015187410558
-4.82276405706e-05
-0.000353584719951
-4.49356351915e-05
-0.000685568276439
0.000730503911672
-0.00055141607053
-0.000320273848039
-0.000388778032689
0.000833265732507
-0.000340154665362
-0.000493111067146
-4.70746801381e-05
-0.000260273400429
0.000533243812254
-0.000721454645141
0.000766939524984
-0.00070855802782
0.000292241466367
0.00041631656145
-3.92166675013e-05
-0.000166811559898
2.7352006252e-05
0.000329051417924
-0.000356403424175
-0.000537345085659
0.000389267051948
0.000148078033707
-0.000658939790738
-0.0003526631142
0.000380015120457
0.000218900986919
-0.00014714963097
-7.17513559415e-05
0.000569202918637
-0.000350467982355
-0.000218734936285
0.000369310424654
0.00019989249398
0.000161290174155
3.8552180033e-05
0.000384079539366
-0.000280288268318
-0.000103791271045
0.000637535689378
-0.000558733261017
-7.88024283263e-05
0.00057945165724
5.80840321675e-05
-0.000142344177483
0.000182349802908
-4.0005625431e-05
-0.000664977502904
0.000112243496496
0.000552734006412
-0.000322955339109
-0.000385602688719
0.000182267516447
2.95433481392e-05
-0.000211810864572
-0.000304880480696
0.000390319081335
-8.54386006522e-05
-2.62214477303e-05
-7.96306021553e-05
-0.000130744539531
-0.000534232963369
9.21808065373e-05
0.000619405578198
-0.000672883445541
-0.000471536448518
0.000352375051781
0.000119161396727
2.83280738973e-05
-0.000749782719029
0.000373612447107
-0.000129675485152
-0.000243936961942
-0.000408526315972
6.44488357891e-05
0.000344077480197
-7.77839325344e-05
-0.000159885575519
0.000237669508046
-0.000117745754033
-0.000449476630838
-5.81427104366e-05
0.000240410226896
-0.000723042754566
0.000751370828484
0.000282475789721
-0.000198603660176
-8.38721295245e-05
9.6130015819e-05
0.000277482431297
0.000274584467026
-0.000138827200435
-0.000135757266585
-0.000312396300149
-0.000105396589039
0.000548492334561
-0.00044309574554
-1.10826915786e-05
-2.13420165165e-06
0.000165143404201
-0.000163358971718
-1.78443247203e-06
0.000179910480921
-0.000148593874494
-3.13166064203e-05
0.000114455031341
6.54554495813e-05
0.000104025271514
0.000170559195519
3.82377726835e-05
0.000180663214245
0.000125967616447
-0.000758461544728
0.000632493928229
-0.000148011263141
-5.82611353792e-07
-0.000180757828808
3.27465656709e-05
0.000538523553523
-0.000784494786283
7.62154311428e-05
0.00070827935525
-0.000168034661005
0.000356448689345
0.000202877076026
-0.000559325765384
-0.000675984638075
-0.000108510148157
0.000228347014637
-0.000235610214131
7.26319951342e-06
-0.00022012811002
0.000796481687059
-0.000637460775738
-0.000159020911286
-8.83918045317e-05
0.00025233511753
0.000157213502271
-6.84720388203e-05
-8.87414634455e-05
0.00034380636004
0.000481840536833
-0.000825646896862
-0.000139601370301
-0.000128243477876
0.000369031242263
-0.000474931640108
0.000105900397873
0.000120497049025
0.000760785704712
-0.000683858490649
-0.000752046750469
0.000725406399475
-0.000717960523173
0.00065785004518
6.01104780495e-05
0.000792802038373
-0.000729108536555
-6.36935017226e-05
0.000172518754755
0.000138254650134
-0.000251363042161
-9.2596038046e-05
-0.000821365675025
0.000207734837225
0.000613630837799
-0.000572118651578
-0.00024924702343
-0.000283969151652
0.000551054105532
0.000243402401495
0.000515747736786
-0.00075915013826
0.000111512003373
0.0005127011932
-0.000156252503873
0.000271436547352
-0.000358893477331
8.74569300051e-05
0.000196843084342
-0.0003853164519
0.000188473367538
0.000804440765097
-0.000596705927872
-0.000219487020084
-7.21108707574e-05
0.000291597890833
0.000260368524347
0.000115193315324
-0.000275078890848
0.000166979989361
0.000379087352017
-0.000107650804652
0.000229164349713
-0.000513133501388
-0.000289779960642
-6.91135166749e-05
-0.000156571657082
-0.000336165037316
4.63850766898e-05
0.000128816878702
-0.000213059696525
-4.804542436e-06
5.20572979425e-05
-0.000271544318031
0.000237791938461
-0.000638711959245
0.000372163913941
0.000266548045265
-0.000406229191255
5.35660770604e-05
0.000292409621563
0.000194686752344
0.000127146127158
0.000251941224879
-0.000331807083489
0.000141668908346
0.000190138175147
0.000323473912919
-0.000276319246283
-0.000473192055498
7.4970799014e-05
0.000398221256474
-1.90080360852e-05
-0.000180436662241
0.000802225584845
-0.000558823183351
0.000215254432253
-0.000735337863796
0.000520083431504
0.000710928325485
-0.000715934077347
3.03658009329e-05
-0.00072829094234
0.000295264209469
0.000315084990093
-0.000610349199571
0.000273956783147
0.000247526267072
-0.000521483050212
7.8928834162e-05
0.000305150705206
0.000268534436303
0.00028110684314
-0.000549641279434
0.000852488457954
-0.000625779716635
0.000620448950712
0.000172353087716
3.9606054805e-06
6.62672020456e-05
0.000480435298067
-0.000820589963434
0.000763095823149
-0.00068688039187
0.000696369026891
-0.000470266126346
-0.000226102900538
0.000191750935319
0.000540667338728
-0.000266710555576
0.00031908540178
0.000451436451748
-0.000770521853525
-0.000312806267243
0.000559840254111
-0.000247033986858
0.00079952069985
0.000743677918113
0.000100477154931
-0.000666296184779
0.000565819029799
-0.00011751541842
-0.000214291665069
-0.000722243089921
0.000719610736506
-0.000113989361121
-0.000608253728735
0.000101450038176
0.000665192343576
-0.00076664238175
0.000628864072462
9.07466641593e-05
-0.000448500565211
0.000792306925254
0.000936782023591
0.000684538614316
0.000252243409231
0.000103923423286
0.000178552366448
-0.0003497705041
0.000645034713567
0.000764067956411
2.04665676615e-05
-0.000183825539373
-0.000715382843175
-3.66639072162e-05
0.000207258513356
-0.000336933998505
-0.000256746370608
-0.000274583449134
0.00046181686814
-0.000187233418997
0.000232722149642
-0.000496247794229
-0.000291895610242
0.000464808468842
0.000279882375004
-0.000592688642244
0.000617385409943
-0.000452490561206
-0.000164894848734
-0.000672725843213
0.000657765798676
-0.000254524596076
2.88454286552e-06
-0.000752667261894
-0.000723184479788
0.000252918353447
-0.000800127010077
0.000649783277189
0.000739654835585
-0.000595061926617
0.000145085645481
9.20890955707e-05
-0.000237174741046
0.000441340158147
-0.000376891322349
1.06810826603e-05
0.000217665931985
-6.1994261691e-05
-0.000118763567116
-0.000374384703044
0.000607106852672
-0.000197372441445
0.000688441852202
-0.000646518979209
-4.19228729643e-05
0.000701229202738
-0.000698633447328
-2.59575532189e-06
9.96487145275e-05
-0.000238475914958
0.000601201748224
-0.000500724593297
-0.00035950993638
0.000212128927031
0.00014738100937
-0.000240430223898
-0.000341543527499
-0.00012999292102
0.000358987304954
-0.000345710867847
-1.32764370903e-05
-0.000116474903122
0.000261560548604
-0.000491042791375
0.000216459342247
-2.92965530038e-05
-0.0003068684843
-4.79024404421e-05
0.000763985974235
-0.00071608353381
0.000369861267183
-0.000293978328905
0.000488558417771
-0.00037403732192
-0.000415266245194
0.000285226559684
9.52192405821e-05
0.000132309973959
-0.000412598242274
-0.000118280644239
0.00021036973981
-0.000186752683057
5.98215584374e-06
0.000720138694377
-0.000726120850236
0.000332178146934
-0.000646880687287
0.000314702540356
0.000606717166074
-0.000235541435502
-0.000556082395729
0.000214103745871
0.000311283784874
5.50956450709e-05
0.00064613355776
-0.000374348744395
-9.88433111092e-05
0.000601182394366
-2.17137217599e-05
-0.000579468672536
0.000245428328472
-0.000320712613836
7.52842853671e-05
0.000273549564255
-0.000201022156827
0.000169034899054
-0.000285509802176
-0.000587742998145
-7.85531866476e-05
-0.000232363809214
-0.000233916601228
5.68677270266e-05
-7.94881334675e-05
-0.000632787528954
0.000258402825898
0.00061206052194
0.000737551069929
-0.00078545351038
0.000173292313422
-0.000110949413036
0.000301236460186
0.000160580407959
0.000592279897801
-0.00053718425269
0.000135435724347
0.000481949685597
-6.69763130212e-05
-0.000257954962166
0.000324931275182
-0.000582265478369
-5.33133671139e-05
0.000635578845521
-0.000392022766547
0.000143790074899
0.000248232691658
2.70698348315e-05
0.000746176049863
-0.000383498904616
7.30778900048e-05
-0.000489354740276
0.000416276850287
0.000803305618222
-0.000510814634591
-0.000292490983638
0.000528873599292
0.000274432018916
0.000624804414741
-0.000485709758027
0.000310703807403
0.000270447377672
-0.00033742369069
1.89169160031e-05
-0.000339675593273
-0.000189520763795
0.000529196357077
0.000441799645947
-0.000682281823157
0.000240482177199
0.000282853035765
-0.000336548657638
5.36956218801e-05
-0.00043585275419
-0.000287331725589
-0.000224378244944
-0.000656794842543
0.000635081120854
0.000433546434147
0.000743533225767
0.000220164660838
0.0003225516721
-3.9698636321e-05
-0.000557703591063
0.000265807980784
0.000447899986243
-0.000420639004871
0.000583177849695
-0.000774107196188
0.000745984485901
-0.000616664991272
0.000777259501389
-0.000160594510124
7.68137837694e-05
-2.90253759479e-05
0.000470682849436
-0.000700376128538
0.000229693279102
-0.000138506902171
0.000755269758579
-0.000616762856415
0.000163341766822
-0.000121935477562
-0.000270087288985
-0.000779239129268
0.00064073222709
0.000704063102481
-0.000618628333001
0.000658398256942
0.000322623868967
0.000260553980695
0.000731649074688
-0.000701947705964
-2.21234368296e-05
-0.000329896701506
0.000763325215393
-0.000234451616104
0.000522108659987
0.000129000189637
-0.000651108849652
-0.000317422487895
-0.000451228609322
0.000768651097205
0.000872620455829
-0.000439402745349
-0.000433217710486
0.000193409844002
-0.000779879499403
0.000510303738352
-0.000613520292284
0.000103216553935
0.000588708929465
-7.84051911181e-05
0.000293633351873
0.000442498846767
-0.00053661206254
-0.000130963210042
-0.000526424564353
0.000657387774394
-0.000228244970872
0.000472487646136
-0.000166787555715
-0.000557892753973
0.000724680309676
-0.000667342663272
0.000246703658407
0.000887711000739
-0.000439811014507
-0.00077055711989
0.0007338932127
0.000183572439851
-6.22777646243e-05
0.000595254333172
-0.000362474929238
-0.000232779403921
0.000232511045103
-0.00035002646352
-8.29925005704e-05
0.00035343987824
0.00058848220286
0.000546848324247
0.000216476891134
0.000251842264457
-0.000349373256416
9.75309919596e-05
-0.000661662342901
0.000497012341427
-0.000120949718717
0.000489980961007
0.000255626497869
0.000339627835306
0.000246331644811
0.000411434153863
0.000310818110379
1.17335617315e-05
0.000329690751958
0.000644676721963
0.000100698854058
-0.000471414782146
-7.42647196803e-05
0.000545679501578
-0.000688855964017
-0.000364923506163
0.000281931005587
0.00054725257812
-0.000104753731442
-0.00051009269412
0.000320571930331
1.28112252724e-05
0.000832633184
-0.000350792647171
5.72328458017e-05
0.000397020928446
-0.000145079703548
-8.4706393178e-05
0.000205033515096
-0.000459142440456
0.000310562785324
-0.000746415539512
0.000510009131187
-0.000120742079244
0.000298839828481
-4.87124912825e-06
-0.000293968579359
-0.000181061419027
-0.000451726109936
-0.000169837916751
-0.000231681016561
0.0004127142533
-0.000181033236715
-1.87740491815e-05
-0.00082867836196
0.000643236027904
0.000185442334
-0.000368541240174
0.000198703323423
3.94962608627e-06
-0.000305286523983
-0.000341594163296
-0.000671941700083
0.000165339911894
0.00045878188286
0.000166022531884
0.000310504202476
-0.000424419063772
0.000113914861296
-0.000405333133106
0.000283397655548
0.000475629001874
-5.00945819827e-05
-0.000425534419882
-1.16013384756e-05
4.33650388386e-05
-0.000333977306111
-0.000168023552163
0.000308328591926
-0.000147858187423
-0.000141665288481
0.00028952347592
-0.00014380483149
-0.000684873530518
0.000583619426397
-0.000589774957532
0.000515510237769
-0.000601513557382
0.000620430473399
-0.00037605440177
0.000208030849609
0.000572949039903
-0.000424871006204
0.000453616302345
-0.000106246077056
-0.000347370225282
-0.00071770217667
0.000150149277338
0.000567552899322
-0.000310010455138
0.000565636953008
-0.000466093612034
0.000638446699795
0.000364253133154
-0.000875067767762
0.000521433525309
-0.000735301496446
0.000645073477367
-0.000186291594504
-0.000531536194986
0.000778037164563
0.000387704619153
0.000332063613223
-0.000719768232401
0.000129481955018
0.000443467084884
0.000218081379815
0.000142911363566
-0.000360992743378
-0.000671010497008
0.000588662773466
8.23477235129e-05
-0.00052635838835
0.000261142839832
0.000265215548522
0.00051073859785
-0.00073238870508
0.000221650107169
8.9377068548e-05
0.000511824679651
0.000749504825746
-0.00064805478757
-0.000305643953886
0.000359339575772
-0.000170853852424
-0.000610325047076
0.000760474324403
0.000708058219576
-0.000449655393691
0.000376301119999
6.63596717431e-05
-0.000372003625627
-0.00046524378715
0.000711575431955
0.000278819715557
-0.00060833847872
0.000329518763171
-0.000762813850094
-0.000556762768456
0.000203438896202
0.000353323872292
2.04117497469e-05
0.000699726944622
-0.000243234004011
-0.000283124384341
-0.000136692644451
0.00044719684694
-0.00023277916095
-0.000438231336069
-0.000367430915533
0.000813360114503
-0.000623530826354
0.000825731194357
-0.000252500979579
-0.000573230214805
7.87208085333e-05
0.000441804187947
-0.00052052499647
0.000337103845417
-0.000301079633467
0.000436217627688
0.000282325533933
-0.000718543161628
-2.39903865454e-05
-0.000551228656802
0.000575219043335
-0.000264131762621
0.00037746883893
-9.24733258865e-05
-0.000331945737881
-0.00046595211653
-0.000195710226371
-0.000327042539413
-0.00028330666016
0.000333533221502
-0.000546815369236
0.000213282147751
0.000377737937222
-0.000683024461197
0.000309131237128
-1.02914086506e-05
-0.000303399837025
-0.000101933296077
0.000838316142828
-0.000563884123928
-0.000292198084695
-0.000515974987954
0.000808173072608
-0.000553244459146
-2.773736099e-05
0.000634818899482
-0.000607081538502
0.000378638125986
-5.65867435766e-05
-0.00032205138241
-0.000327300357091
-0.000532296821219
0.00030405185035
0.00030016792833
-0.000259582003922
0.000627759852828
-0.000368177848901
0.00070825576297
-0.000272038135281
0.000595477885225
0.000230253309114
-0.000131291876603
0.000338917847375
-0.000475610491815
0.000215547914688
-0.000215945570569
-0.000415147483646
0.000601613559644
-0.000186466076002
-0.000191967007292
0.000787444892507
-0.000802292054375
0.000302167694959
0.000210533498221
-0.000391773983663
9.98218030524e-05
0.000291952180604
-0.000107178798938
-0.000672060330331
-0.000664602229062
0.000405020225149
0.000475476602015
0.000131321729351
0.000618183096392
7.52382889636e-05
0.000159126281156
-0.000719746595588
0.000560620314425
0.00056573205554
-0.00044410243574
-0.000121629619801
-0.000823734279682
0.000383179983931
-0.00024026862037
0.000422596944712
0.000322845793391
-0.000745442738097
0.000150584571892
0.00014964479746
-0.00044457564877
0.00029493085131
-0.000162408112332
0.00026633153563
-0.000789831440535
0.000681321292401
-0.000621013996286
9.45894319294e-05
0.000232736161878
-0.00070180285787
0.000469066696
0.000733159730039
-0.000410866403939
0.000440316150087
-2.94497461437e-05
-0.000757734770802
-0.00067346307662
-0.000492725605059
0.000622207560069
0.000431866067184
0.000213207410187
-0.000480087881305
0.000609088070931
0.000551760235733
-0.000585557247125
3.37970113857e-05
1.88760252017e-05
0.000350206869319
-0.000369082894531
-0.000201129781907
0.000520824304165
-0.000544814690712
-0.000366932262547
-0.000189830505886
0.000721789416166
-0.000402370194065
-0.000319419222095
-0.000243516524301
-5.00300532856e-05
8.86707111918e-05
-3.86406579069e-05
-0.000161274336296
0.000500192183682
0.000679314761586
-0.000786493560529
0.000683135564303
0.000237633871709
0.00057572624278
-0.000140969945972
-0.000648861494546
0.000439732152997
-7.67538072917e-05
-0.000362978345692
-8.74505796348e-05
-0.00038748106046
0.000409773484082
-0.000422580063044
1.28065789741e-05
0.000525432221233
-0.000321993325038
-0.000663579457485
0.000614695216745
-0.000525318148199
2.53622696657e-05
0.000496843969799
-1.0929198526e-06
0.000434457690579
-0.000219711237634
-0.000772681176379
0.000607089784051
0.000333158796002
-0.000389745539583
0.000394891387368
-0.000587968917394
0.000193077530027
-0.000206742367841
-0.000253109638153
0.000459852005971
-0.000328871351377
0.000533904866452
-0.000127923222481
-0.000485378337474
0.000613301559941
0.00032881137345
0.000151969022596
-0.000480780396042
-0.000196461023323
0.000839697051174
0.000691329085686
-0.000215852483671
0.000384492133867
5.524001913e-05
-6.92537605543e-05
0.000301140188966
-0.000364092287629
0.000382968312834
-0.000450898728219
0.000358425402348
-0.000749256108948
0.000730482059783
-0.000596321731952
0.000267450380554
-0.000156974745501
-0.000416065206893
0.000240604217823
0.000175460989056
-0.000216829356766
0.000575600446384
-0.000358771089618
0.000635494283294
-0.000776464229241
0.00042122561976
-0.000473739691655
5.25140719068e-05
-0.000477123815851
-0.000186455641638
-0.000626957731081
-2.24483021947e-05
0.00064940603329
-0.000692055017067
-0.000321886258359
0.000699624195586
-0.000204958888075
-9.81558885969e-05
0.000541622973472
-0.000438710990089
-6.30247134575e-05
0.000501735703566
6.30982419466e-05
-0.000427190529587
-0.000718741978193
0.000278004236048
0.000440737742159
0.000608098797555
-3.8087929173e-05
0.000362713368023
-0.000223246628668
-0.000139466739346
-0.000325181964809
-3.97415413539e-05
0.000403212797895
3.71033522017e-05
-5.64485439539e-05
0.000459661341862
0.000185955187403
-7.97914397447e-05
6.79568425444e-05
-0.000202089819485
0.000174151076628
0.000517178009055
-0.000411853242591
0.000486824041593
0.000600511029147
-0.000402790892523
-0.000197720136643
-0.000752232783085
0.000574649242682
0.000177583540453
0.000384784202876
0.000155990501563
0.000291206345371
0.000267284404768
0.000102576862417
2.57774144124e-05
-0.000302096660699
-6.85768604094e-05
-0.000217933242411
-0.000554747934017
0.000390336235617
0.000210174793517
-0.000648200787579
0.000248557906973
0.00037682571351
6.14259931571e-06
-0.000561163761992
0.000158372869463
-0.000136824240716
-0.000175195382878
-0.000403122603295
0.000578317986213
-0.000585815163249
0.000540160614879
-0.000819767548367
0.000279606933464
0.000676442877911
-0.000394117343995
4.96213206584e-05
0.000290299245034
-0.000339920565688
0.000360531021017
0.000172915139821
-0.000533446160836
-0.000451924092711
-0.000581936888915
0.000454013666423
-0.000274316473937
0.00053545931377
0.000553608551045
-0.000444411689323
0.00064873119779
-0.000332451269022
0.000398810940775
-7.12332538859e-05
-0.000379665474324
-0.000347988288813
-0.000603434789457
0.000328595694103
-0.000275577923743
-9.29633164676e-05
0.000273886749923
-0.000686260023977
0.000412373274067
-0.000260074705329
0.000118015449156
0.000605837679216
-0.000723853128334
-0.000145652947
-0.000415510815003
0.000286165689534
0.000418289404309
-0.000467041636056
4.87522317483e-05
0.000253957496867
-0.000460699864722
-0.000242336911049
-0.000307719945118
0.000550056856182
-0.000357084394053
-0.000189730975167
0.00021071251013
0.000202001743178
0.000305175558315
-0.000483961419712
0.000178785861392
0.000238211541829
-0.000337084172156
-5.46898115154e-05
-0.000354613667274
-0.000382147755567
0.000736761422831
0.000396193757232
-0.000128909352461
-0.000306522952709
-0.000495159534035
4.71967746794e-05
0.000511694695107
0.000110512864959
-0.000211236910377
-0.000540995872746
0.000346621737709
-0.000194747632125
-0.000619607072182
0.000613514585218
-2.50249045099e-05
-0.000312398786182
-0.00051830825593
0.000455283542493
0.000611326647842
0.000120717917447
-0.000240401921875
0.000119684004429
-0.00023521401545
0.000500429563972
0.000436948488038
-0.000281838608421
-0.000155109879622
-0.00026339124948
0.000197729158931
6.56620905549e-05
0.00061176006486
-0.000621779884556
1.00198196903e-05
-0.000249675282193
0.000213507427413
0.000133114310281
-0.000395697368236
0.000646188016154
-0.000499699528293
-9.53633465963e-05
0.000308870774003
0.000262758729546
-0.000546649745509
0.000283891015953
-0.000290737969616
0.000582058448677
-0.000291320479072
4.01247070395e-06
0.000607747594164
0.000571908536445
0.000215536356049
0.000362971850531
-0.000763090107202
0.000400118256674
-0.000575977483891
0.00022606204863
0.000349915435295
0.000404395747996
-0.000155705436483
0.000433042453007
0.000414285123946
0.00044044344117
-0.000377345199226
0.00083141201658
-0.000480918832903
-0.000350493183685
-0.000579385920922
0.000337049009885
-0.000495712036779
-0.000186569786387
0.000753509732467
0.000303157301628
-0.000458880118872
0.00015572281723
-0.00038589861232
-0.000190078871543
-0.000274472633666
0.000514732568167
-0.000209557009865
-0.000217712276115
-0.000273811945395
0.000491524221501
7.21802814103e-05
2.01259399811e-05
-0.000393683095435
0.000373557155445
8.5409620314e-05
-0.000529512056061
0.000469405204009
-0.000178198858645
8.34404839096e-05
0.000342794144195
-0.000426234628107
-0.000152261892126
0.000272979809573
0.000322776615616
0.000280293101184
0.000192194544954
-0.00062294526038
-0.000128877340624
0.000640702020234
0.000197046274963
-0.000708867575859
-4.03885330618e-05
-0.000382497553485
0.000187749921354
7.80021145686e-05
-0.000604992578431
0.000108707350277
0.000245397561793
0.000554270645941
-0.000799668207762
-0.000129909664935
-0.000314665983837
1.83686865397e-05
-0.000249002811172
0.00023063412463
-0.000194251568025
0.000807882405832
0.000155618231543
0.000240575525691
-0.000172968366706
-0.000163965631798
0.000409205076314
-0.000300497726041
0.000324561164129
-0.000454470829068
-3.69068632505e-05
-0.000141548102824
0.000178454966074
0.000750785125706
-0.000421266362539
6.33954762307e-05
2.5275234962e-05
0.00057939681492
-0.000316638085378
0.000480639319734
-0.000177482018128
0.000284648577364
0.000230083990795
-0.000265787412177
0.000191722912705
0.00021239535376
-0.000708107390542
-0.000142483501732
0.00010557663848
-0.000531132015778
0.000792145251588
0.000569657215498
-0.000818904238928
0.000160856975438
-0.000231619305761
-3.83335501919e-05
0.000269952855944
0.000189745001322
9.21315520643e-05
-0.000661388479838
0.000569256927801
-0.000195593258614
0.000436197476436
-0.000620000983335
0.000162740847376
0.000457260135995
0.000401994252007
-0.000381868312035
0.000797900256586
-0.000228243041068
0.000324561335211
-0.000274940014556
-0.00015940025559
-0.000229877872846
-3.35133766292e-05
0.000455343093499
-0.000727869660504
0.000272526566978
0.000381752808641
0.000337397535571
0.000249920656993
0.000230718662731
-8.44198596673e-05
0.000254576218501
6.99851167135e-05
0.000101993739453
-0.000325240368118
8.8872453755e-05
0.000404525637165
0.00044196438535
-0.000846490022517
0.000501726513272
0.000179458833264
-0.000450261469649
0.000270802636387
-0.000771145340469
5.1794137757e-05
-0.000389887149341
0.000396029748653
-0.000207036564433
-0.00041809004317
0.00011759231713
-0.000364674768196
8.90968444518e-05
-0.000448002292913
8.50239472143e-05
0.000209334317875
0.000128063217698
0.000237040656768
0.000189374198233
-0.000426414854986
7.72514682402e-05
-0.000262001168155
0.000819991849676
-0.000663471052984
-0.000432348639949
-9.61738882376e-05
0.00052852252819
-0.000459969275638
0.00024880388009
0.000211165395562
0.000309177072763
0.000272881375913
0.000252774521929
-0.000503893832177
0.000251119310245
-0.000169490688255
0.000719760026278
-0.000550269338046
0.000364952549419
-0.000733144777867
0.000411258519509
0.00045336423859
-5.51429821317e-05
0.00050402337041
-0.000254102713434
-0.000695969825324
7.8564022257e-05
-0.000750624352596
7.6377539813e-05
0.000465245433652
-9.67165948548e-05
0.000427201799512
-0.000101272377245
0.000181171807921
0.000183780741499
-0.000573233508284
-0.000270661382876
0.000589466154869
-0.000318804771971
-0.000596035569587
4.48069127815e-05
-1.03382037934e-05
-0.00045914400789
0.000625392984902
-0.000217718767577
-0.000407674217342
0.000299722898383
9.16061726965e-05
-0.000455902296647
0.0006319793574
-0.000176077060773
0.000426523967694
0.000188171249042
0.000491375833144
-0.000238601311215
0.000141802611793
0.000295145876242
0.0001768329694
-0.000171193535055
0.000419426226714
5.49626760925e-05
-0.000516593412411
0.000458323054699
5.82703577096e-05
-9.54502450161e-05
-9.14956270073e-05
0.000107624269973
-0.000273809841386
-3.90804386153e-05
-0.000229018881112
-8.58991737861e-07
0.000416599279914
-3.45623127165e-05
3.06400687382e-05
-0.000259658949843
-0.000158457467751
-0.000423479421173
0.00076683108706
0.000141202837902
0.000619271486492
0.000420034358956
-0.000201270794102
-0.000398285687857
0.000599556481947
-0.000146485581883
0.000764668678263
-0.000254279120765
0.00037745594304
-1.20373101546e-05
-0.000365418632879
0.000158554419042
-0.000561677022311
-0.000609749251118
0.000110049722845
-8.98240480523e-05
-0.000552199516012
0.000393742048257
0.000306213350984
-0.000511540229722
0.000205326878754
3.98176943301e-05
0.00033763824871
-0.000428854454502
8.92556814158e-05
0.000339598773113
0.000363608221514
-0.000135368009838
-0.000110555822452
0.000564569488868
-0.00071509198737
0.000397669499458
0.000172815540667
-0.00074988234265
0.000577066802014
0.000697969231291
-0.000401978020191
0.000294327215561
-0.000541929917805
-0.000119458562009
0.000503699024622
2.09500447669e-05
-0.000365589001901
-0.000186610514112
-0.000395442715169
-0.000834072772443
0.000318097784467
-0.000316114056307
0.000596407157491
0.000213491932434
0.000277883900718
0.000152634294974
-0.000304896187098
-0.000528206598836
-0.000765053257535
0.000410439590252
0.000350269415393
0.000349354780192
0.000433210786832
0.000385950061566
-0.000819160848399
0.000703236847684
-0.000104367147355
-0.000598869700344
0.000837736423997
0.000238845612021
0.000296613701747
-0.000843903714317
0.00018312082483
-0.000540205218864
-0.000596438900752
0.000603648688574
-3.51532875475e-05
0.000101622135746
0.000513074682709
-0.000117185089462
-0.000304101668997
0.000759444762481
0.000175218376435
9.77614331385e-05
0.000333806102895
0.000404116792714
1.34523844446e-05
-0.000417569177151
0.000365537534001
0.000294548322779
0.000255508533395
0.000521548527202
-0.000308056594765
0.000227108834506
0.000257173211234
-0.000484282045719
0.000776089243571
-0.000563693889814
0.000546653982557
-0.000774897023627
0.000392079482561
0.000674102817432
0.000508637864491
0.000519495498738
0.000193312245786
6.77194557572e-05
-0.000261031701545
0.000449073829092
-0.000499168411068
-0.00072928437495
0.000688895841913
0.00066497195575
-0.000111676684878
-0.000305537399041
0.00015767921163
-0.000281527853874
0.00028525895248
-0.000254618883743
-0.000502326807179
0.000385141717732
-0.000493544325635
0.000258330310189
0.000473716712698
-7.5851976223e-05
0.000683103213502
-5.88193025919e-05
-0.000252495348823
0.000311314651414
0.000146601019918
-0.000476785924269
0.000305523480949
0.000171262443325
0.000255281013709
-0.000191412142245
-6.3868871454e-05
5.11762749619e-05
-0.000518010413726
-7.80251558643e-05
0.000746060600545
1.79253736832e-05
0.000258659513613
0.00023286470788
-0.000545225476809
0.000575729118206
-0.000412988270809
-0.00020322836008
0.000208547248272
0.00016775387173
-0.000402076933223
0.000844041318571
-0.000774069773412
0.000648292441858
0.00039417299297
0.000443563431025
-0.000208556458184
6.70083553611e-05
-0.000235872543983
0.000746611141793
0.000445806072499
-0.000681678616479
-0.000264034526522
0.000680351087971
0.000361310248914
-0.000655992342412
-0.000500024065541
0.000896358394511
-0.000382470887565
-0.000292407035706
-0.000298292447052
-0.000198902023553
-0.000229371265323
0.000759643816992
-0.00053027255168
0.000437811616238
6.35031936291e-05
-0.000501314809856
0.000424889656537
-0.000535445478992
-0.000214030912716
0.000236240928098
-2.22100153779e-05
-0.000547365228372
-0.000160742162175
0.000701021343786
-0.00041241288178
-0.000288608462019
0.000512833103206
-0.000716061463282
-0.000566859795998
-0.000402908758884
0.000348218947363
0.000223349660612
0.000169875957363
-0.000393225617963
-0.000257597326489
-0.000264420687115
-0.000556083329775
0.000820504016884
-0.000561410653089
0.000924461178568
-9.1703755873e-05
3.08629945581e-05
-0.000352914376973
0.00033493801309
0.000384992361429
-0.000386085281272
0.000371715924344
-0.000459761887725
0.000335921486727
0.000123840400999
0.000512589708309
0.000207170317956
-0.000636200859504
0.00075858181977
0.000408472228787
-0.000595042015183
0.000307350902513
0.000196672467892
-0.000282286305541
0.000154042827668
-0.000581937494728
0.00043628454772
-0.000206150253056
0.000389930994557
-0.00072407942051
0.000176714192132
0.000461121594757
-0.000200539454481
0.000471342090871
0.000246375610136
-0.000488593833863
0.000242218223739
-0.000323477525286
-0.000441575732256
-1.66587159355e-06
0.000522490175753
0.00049511878868
-3.67957339833e-05
0.000493452917084
8.72689955715e-05
-0.000125909653481
-0.000449730721344
-0.000232860441125
0.000234668927326
-0.000293488229911
0.000627384871457
2.29798345211e-05
-0.000448514254395
-0.000486544333004
-0.000616004455435
0.000688716244111
-0.00017588314088
0.000239920948656
0.000229489303986
0.000123950574253
8.23692335904e-06
0.000133449589128
-0.000154238406775
0.000556287187138
0.000107366594992
7.56637625039e-05
-0.000183030357496
0.000557504378087
-0.000786875643415
-0.000275919028322
1.79486628905e-05
0.000257970365428
-0.000484901407185
-0.000361588615337
0.000318873588215
0.00020413043082
-0.000204989422556
0.000511668556453
0.000440112229228
-0.000104190742496
-0.000447716058682
0.000248814035136
-0.000302115263275
-0.000425754397248
0.000212325663228
0.000288103900736
3.62108173853e-06
0.00031133332397
-0.000314954405707
0.00028127730777
-0.0003511510183
6.98737105297e-05
9.52911462111e-05
-0.000788059249066
0.000224365359248
-6.94613827682e-06
0.000690049351769
7.53430014396e-05
-0.000327838350252
-0.000431046615708
0.000444499000154
-4.12501009922e-05
-0.000640474697561
0.000232800480206
-0.000814639170288
0.000664787594071
-0.000442036753694
-0.000222750840382
-2.37810011654e-05
-0.000341637631708
0.000429335083361
0.000252374712288
0.000275837416269
3.54772351456e-05
0.000172813824404
-0.000374123891918
-0.000152379831875
0.000375729492487
-0.000792399648665
-9.05633928389e-05
0.000288880034218
0.000146786326319
-3.60714984752e-05
-0.000223154478045
-0.000224561580634
0.0003886304057
-0.000107353097927
-0.000172242856885
0.000213034603544
0.000223162872883
-4.86656267956e-05
-0.000368903550347
0.000394829636358
0.000452137976809
-0.000307327608308
-0.000144810368495
0.000722649438543
2.34111619948e-05
0.000406916614134
0.000467842349692
-0.000396633670803
-7.12086788815e-05
0.000261848917951
-0.000255366657589
-0.000826345576169
0.000270262246389
-0.000150853536602
0.000155998185752
-0.000399935147686
-0.000364497025677
0.000488337426676
0.000468525796324
-0.000792003321614
-0.00062463959387
0.000505181031878
0.000436748235424
5.00758061586e-05
0.000350635052076
-0.000835536459269
-0.000426115832053
0.000215925685703
0.000210190146365
0.000249163666357
-0.000470910281182
-5.86017748824e-05
0.000476648629776
-0.000652531770647
-6.24325742564e-05
-0.000197226375589
0.000160614138925
-0.000126985032587
2.25426359022e-05
0.000796389651822
-0.000176952165693
0.000527777989882
0.000312332551265
-0.000840110541161
0.000314729458361
0.000505774558518
6.51384998253e-05
0.000193599155808
0.000455132041989
-0.000365413479578
-0.000550826039949
2.9855250959e-05
0.000520970789008
-3.90151705697e-05
-0.000632370540779
0.000671385711381
0.000842507448239
0.000242226731796
-3.52455200348e-05
0.000473057136284
0.000462301295843
0.000438178078326
-0.00073018419428
-0.000394310597227
-0.000431336299632
-0.000622457284766
0.000141703430735
-0.000506200456415
-6.46891353215e-05
0.000633946063144
0.000290925846215
-0.000286976220113
0.000497685412254
-0.000470414558801
0.000533917752449
-0.000338735406871
-0.000499530169072
0.000693937927063
-0.000194407757997
-0.000611345056936
-0.00014214100219
0.000371630306178
0.000157857605321
0.000423772898831
2.95913397468e-05
-6.90458781442e-05
0.000406094638115
-7.1276592502e-06
0.000413222297376
0.00059227484418
-0.000572995862022
-4.99493983521e-05
-9.21975563882e-05
9.6543354437e-05
-0.000279598382509
0.000435596568269
9.16352284742e-05
-0.00056204978726
-0.000169455285288
1.05264636311e-05
-0.000285736597328
0.000275210133707
-0.000147990964086
-0.00023467543114
-0.000470645224379
0.000628502829696
0.000205660086599
4.41318255243e-05
-0.000249791912113
0.000339161900476
-0.000251704970454
-0.000205485489353
0.000303246922493
-8.15306264965e-05
-0.000211957603408
-0.000381153307713
0.000374025648473
0.000596816260363
-0.000849258435664
0.0006380215253
-0.000390303258502
0.000441905212312
-0.000589896176391
-0.000787759708623
0.000717313127865
7.04465807508e-05
0.00015260168365
-0.000392870304023
-0.000523203908006
-0.000328419404886
0.000497182294694
3.67354577695e-05
-0.000310085616872
0.000320612080513
0.000275185811118
0.000637158915161
0.00053212712505
-0.000471187086681
-0.000258997107605
-0.000261036750442
-0.000513860273183
3.70758275158e-05
-0.000347161444377
-0.000226953731434
-0.000339906064562
-0.000367708561966
0.000350690399816
1.70181620688e-05
-8.27876115748e-05
0.000108062846537
0.000207721823442
-0.000360101655308
1.14830462394e-05
0.000415233231901
-0.000426716278157
-0.000213408022741
0.000714039948203
0.000652385050551
-0.000329608434932
-8.46368155322e-06
0.000505645976262
0.000736387503406
-0.000175767188988
0.000535010326199
6.92584202351e-05
-0.000401204158111
0.00077041392399
0.000162441162792
1.60138032798e-05
-0.000513463686079
1.83041520552e-05
-0.000623984537142
0.000426264400489
0.000568862582831
0.000309437496646
5.05562918208e-05
-1.96420044395e-05
0.000225302091043
-0.000241604771799
0.000114064698418
0.000229793914604
-0.000343858613008
-0.000236371114398
-0.000120144574944
-0.000446930792356
-0.000205600978292
0.000306489221457
-0.000236504104742
0.000619445715176
-0.000106371032471
-0.000388170161454
0.000464593454738
-0.000411898250341
-0.000177997926046
8.94214164887e-05
-0.000286647792074
0.000414680706235
-7.70424575232e-05
-0.000278955166958
0.000381000187044
0.00046949570575
-0.000423068081418
-0.000225132706161
-0.00031240605902
5.77871752798e-05
-0.000601980216921
-0.000689938399851
0.000333182019988
-0.000477992388479
-9.83285612403e-07
0.000237224213709
-0.000569848294772
-5.53647427161e-05
0.000190235772001
-0.00013487102928
-0.000485200982886
0.000107855783652
-3.24094557847e-05
-0.000100979197308
0.000133388653097
-0.000514491395197
0.000301083372461
-0.000245275299504
0.000359339997925
-4.51808385502e-05
-0.000228586480821
0.000273767319372
1.15202504813e-05
0.000557342332365
0.000548022684785
-0.000653808396071
0.000789932931069
-0.000136124535004
0.000663685684427
-0.000101745847781
6.9336391998e-05
0.000182702913337
-0.000156343940023
-0.000381650799812
0.000500646709383
0.000587138106616
-0.000782451627691
0.000128643231615
-0.000113286616165
0.000134350573199
-2.10639570292e-05
0.000170593767563
-6.87901023892e-06
-0.000160323033883
0.000256866388317
0.00017858787413
-0.000233420295615
-0.000482641167671
-0.000143069258441
7.74689045758e-05
0.000655450442734
-0.000691521941217
0.000617499228634
-0.000236499041588
-0.000540080464827
0.00018130937521
4.91979702746e-05
0.000145488782078
7.11361060295e-05
-0.000105698418743
-0.000377026532405
0.000213884105902
-0.000385788233741
0.000113813561837
-0.00059877563839
0.000433880789658
-0.000222984642533
0.000402710743827
-0.000399998114261
-2.71262955554e-06
0.000425690578353
-0.00028094823159
0.000721800674728
-0.000643236652479
-0.000659190728227
0.000554823580861
0.000440831714311
-0.000309057571132
-0.000245031395424
0.000252294594952
-0.000642931008162
0.00082151888229
0.000388587011052
0.000807957993199
-0.000389495892935
-0.000374209959747
0.000128320613542
-0.000212615934759
0.000190405919383
-0.000461755789262
0.000105037818311
0.000688465466746
-0.000668053717008
-0.000118491290163
-0.000168156501905
0.000130454192992
0.000257056142153
-0.000826904436928
0.000301187058793
-2.32171707944e-05
0.000284692308503
-0.000180790773294
-6.5598690512e-05
0.000448658298512
-2.74326787446e-05
-0.000506232913674
-0.000103516337431
-4.56091097538e-05
0.000102326016529
-5.67169067677e-05
0.00014550242884
-5.82334332709e-05
0.000594930892584
-0.000482291257369
-7.93857649051e-05
-0.000356674173084
0.000194864646082
-0.000126999956503
3.55043294996e-05
0.000165026985034
-0.000214204765832
0.000269167441941
-0.000272942768739
-9.08884904398e-05
0.000508939364973
0.000113637653632
-0.000336622296161
0.000197045893245
0.00029135661223
-0.00081456052024
0.000205615269012
0.000872865031609
-0.000593081021146
-0.000279784010555
7.46604416729e-05
4.32830755056e-06
6.8107959986e-05
-7.24362675314e-05
0.000219538665367
0.000125108989584
-2.98897489975e-05
-1.14509347874e-06
-0.000112141522684
0.000588072234915
0.000389880624186
-0.000693982293198
-0.000585044215154
0.000125900207285
0.00056462244145
-0.000227573431547
-4.6073970128e-05
5.04022776817e-05
-0.000312722338767
0.00029553623607
-0.000557537404236
-7.48154778073e-05
-5.54288597533e-06
0.000407537137971
4.52288142646e-05
-0.000146783797706
0.000144999365238
0.00024957448531
0.000135158160411
-0.000384732645716
-0.000123825314122
-0.000458112180615
-4.53919525494e-05
-0.000215639748995
-0.000231809005763
0.000360129619306
-0.000142735656592
-4.40170264628e-05
0.000400784524895
-7.97515864061e-05
-0.000393988105243
0.000363212138943
-0.000491205262132
0.000237102548685
-3.36378877928e-05
-0.000607365771563
-1.26032742806e-05
1.44044120761e-07
1.20960916439e-05
0.000150345071145
0.000606451143077
-0.000192921666837
-0.000405853971551
-6.41370697629e-05
0.000500537039792
-0.000366754926775
-0.000133782113011
0.000579287312709
-0.000359122651868
0.000458703552998
-0.000439246210609
0.000494486229752
0.000419363119419
-0.000630784570084
0.000618181295796
0.000427430793005
-0.000373864715939
0.000412230093641
-0.000277071933228
0.000356284371859
-5.20759711339e-05
-0.000304208400719
0.000343182134721
-0.000267839133273
0.000106798091269
0.000561565506497
-0.000267017183704
-0.000748667476901
0.000346297282838
-4.46942538225e-05
-0.00034898884161
0.000269966508336
2.09593378945e-05
-9.80444356453e-05
5.87445276959e-05
4.54184859067e-05
-0.000104163013597
-0.000350646429115
-3.90991104739e-05
0.000308039351147
0.000403411894356
0.000201495064043
-9.41284690511e-05
0.00040587889602
0.00035450288114
-0.000760381777131
-6.60601448897e-05
-0.000360174483226
-0.000142547305498
-0.000194074990659
0.000199906871311
0.000431310340002
-0.000182496304863
0.000355179054077
-0.000377302490901
0.000360723011606
0.000182474669578
-0.00012452637823
8.13610805186e-05
-2.26165528197e-05
0.000316351585035
8.22639073548e-05
-0.000258794921748
0.000389249114743
-0.000474994492306
-0.000330998789935
5.12527189687e-05
0.000279746070967
0.000167928876164
-0.000231797747614
6.27148172638e-05
1.49263814528e-05
0.000656459329953
-0.000273253932846
0.000234173494247
1.64971405294e-05
0.000540845191853
0.000148121692393
0.000290904123621
0.000285660426674
0.000522143116798
-0.000366039586165
0.000678065764277
-9.7931059178e-05
-5.58638504729e-05
-0.000642041740165
0.000291256505694
-0.000468738523844
2.36442779305e-06
-0.00057327434214
-4.60251040291e-05
-0.00025059407338
-0.000379352963867
0.000446702918827
-6.73499549616e-05
-0.000111279468204
-0.000585977657306
0.000164206039858
-0.000596554679808
0.000266950679298
0.000322515475583
0.000357892046879
-0.000339581264358
-1.3333112622e-05
0.000328118349637
2.81660222169e-05
5.06771571811e-06
-0.000565451110855
0.000560383395173
-0.000162441430302
-0.000386365645872
0.000548807076179
-0.000333312559627
0.000120042147599
-0.000187699989425
-0.000265488359527
0.000299014082661
-0.000144971254993
-0.000843584828738
0.00028828899004
0.000555295838687
0.000293786079158
0.000256987079816
-0.000124241236307
0.000201710140879
0.000281896057291
-2.4908977476e-05
-7.04875426712e-05
0.0003025388099
-0.000232051267208
0.000647120132247
0.00019476103802
-0.000321746070595
-0.000124333370286
0.000126697798078
-1.25783457873e-05
0.000619029488889
-0.000291106163587
0.000326583398737
-8.02159870398e-05
2.3499080275e-05
-0.000199948756463
0.000243258150413
-0.000796687502519
0.000508902014747
0.000213472311751
-2.15844647133e-05
-0.000191887847036
0.000158121988795
-0.000310002039047
-0.00016379961362
-0.000162060230631
0.000401672037072
-0.000239611806451
0.000256338348262
-0.000351158734112
0.000650114727069
-0.000136338462187
0.000514168047017
0.000498187464532
-0.000330409975789
-0.000220295991418
-3.48970262819e-05
0.000443811340738
-0.000408914314458
0.000456027580766
7.92327165943e-05
0.000106548934552
0.000214947979326
-0.000298820108835
0.000396848370097
-0.000698963633388
-0.000189187550387
0.00047729145112
0.000114203131689
0.000205343950693
-0.000295907343533
-8.4528358329e-07
-0.000217963087547
0.000341913661799
0.000414249990149
-0.00048402473794
6.97747477974e-05
-0.000474330962044
0.00014480359475
-0.000198393440557
0.000703822223378
7.63328998995e-05
0.000511665754865
-0.000587998654758
-0.000287238435166
0.000524340983826
-0.000475777086633
0.000188538651449
-0.000136136789561
0.000122394584571
0.000313985033448
-0.000436379618056
0.00080575921212
-0.000501636824052
0.000173217419184
-0.000264955583197
-0.000338479206278
0.000764502903632
0.000409896206826
-0.000117944026232
0.000129743708103
6.46466145885e-05
2.1731898756e-05
-0.000328081901531
0.000306350002749
-0.000168182635946
0.000416442612866
-0.000248259976931
0.000713111374343
9.15008646533e-05
-0.000135959714412
2.38181917289e-05
-0.000363789256788
-0.000346343939275
-0.000368854535668
-0.000379812941237
2.41360465253e-05
0.000239490750357
-0.000164338995719
0.000435255945065
0.000477404591559
4.47385252544e-05
0.000118223309368
0.000761226941399
-0.000373522322239
0.000643880984178
-0.000262840173579
5.40818312698e-05
-0.00016536129947
-0.000122448479921
-0.000341540447191
0.00046398892711
-2.25748898513e-05
0.000466339575163
1.14629147206e-05
0.00031512048401
-4.46870585949e-05
-0.000562283142908
0.000805541293313
0.0005153212398
0.00038900533668
-0.00048517922492
0.000474029283903
0.000582186166871
0.000247835976193
9.05412285049e-05
6.64366747912e-05
-0.000156977903291
0.000342142047395
0.000418233089991
-7.00141426389e-05
-0.000537653665625
0.000567508916596
-5.08974079772e-05
-0.000173856691149
-0.000186244964149
0.000409690345921
0.000333584041649
-0.000492984297247
0.000190200783209
0.000318738581763
-0.000434613665958
0.000368553521061
0.000408261568101
-0.000514632600575
-0.000400986438602
-0.000362103668604
0.000284755605248
-0.000263805560482
0.000124666247152
0.0004949778606
0.000252937870074
-0.000542913432217
-0.000500654518645
0.000433316558938
6.73379596948e-05
-0.000100358979552
-0.000358521139324
-0.000543448212344
5.79454672763e-06
0.000280308155365
0.000591958525599
-0.000296422289542
0.000300289063752
-2.22413519542e-05
-0.000377032241759
0.000399273593699
-0.000312954187726
0.000454756799516
0.000168285356251
6.96790130806e-05
0.000456186361786
-0.000310852632753
-0.000145333729036
0.000555313380689
-0.000605262779035
-0.000339288605841
0.000367454628057
0.000531428615333
-2.06957713357e-05
-0.00047995874732
0.000329287748502
-8.52902014149e-05
-0.000356294225108
0.00044158442651
-0.000680665407907
-0.000183786804598
0.000431622780769
0.000644921933611
-0.000672659294613
-0.000100085962423
0.000496302719996
-0.000301961369967
-0.000194341350032
0.000484676159595
-0.00024576690362
-0.000299848992034
0.000429480904864
-0.000378924613054
-0.000297133923108
-0.000426308367752
0.0004508949293
-1.56389842442e-05
0.000513240540212
-0.000494936388138
-0.000482682067021
0.00034634360483
0.000385295786012
-0.000381835855434
0.000106968187633
-0.000781038279196
0.000634552697311
-0.00036397954174
0.000143064881104
-0.000556053151895
6.12760029266e-05
2.44022444748e-05
0.000315040647669
-0.000524597657546
0.000333737881865
0.000743619642929
-0.000332361123423
0.000270490981454
0.000167687096881
0.000713161481885
-0.000363806701693
0.000383982859664
-6.84162419267e-05
-0.00031556661773
0.000101624178455
0.000202804423721
0.000198867613347
0.000166438818364
-0.000630986677711
-0.000376513705083
0.000607843092
-0.00046266283477
0.000541383643308
-3.47508631772e-06
0.000165281541273
-0.000141463349543
-0.000389285894866
0.000553491934715
0.000167340883332
-0.000312312138326
-0.000162485344292
0.000329826227619
-0.000190065880302
-0.000230367031475
0.000363481341752
-4.93178799529e-05
-0.000485177400128
0.000143636952934
0.000470285378487
-0.000762692414193
-0.000353852255001
-6.79683371498e-05
0.000545372928721
-0.000442494850644
-0.000292806645818
0.000671235197549
-0.000640152275279
-3.10829222878e-05
-0.000304977047498
0.000769643626813
-0.000448366904222
-0.000321276722592
0.000401906123277
-0.000408785133528
-0.000627107778469
-8.96975369654e-05
-0.00039374225979
-0.000286923148115
1.76988925827e-05
0.000127300472663
-0.000554004666986
7.90101746883e-05
0.000418612673848
-0.000578725498594
-6.2965238933e-05
0.000641690737557
-0.000586079513039
0.000462254198911
0.000125323162558
-1.79609614474e-05
-0.000643315568316
0.000379794995483
0.000263520572815
-0.000436896442759
-0.000528929879134
-0.000592543346719
0.000714696468601
0.00051948853171
6.06291287663e-06
-4.0303990295e-05
0.000581149182165
0.000181564425872
0.000521045235892
-0.000106760111917
0.000163817056221
-0.000769840974273
0.000252720920653
-0.000452669677131
-0.000242496756575
0.000220915589495
-0.000179428317507
1.48192765314e-06
0.000738247323609
-9.33253900102e-05
0.000447995252244
-0.00011715228173
-0.000479402398086
0.000275320440215
0.000325964567885
0.000370760645106
-0.000660093792256
0.000289333147134
-0.000532446455885
0.000206540650447
0.000683139319398
-0.000653071906265
0.000583818145706
0.000145561387438
-1.88635893598e-05
-0.000152242950366
-0.000349393873664
7.4393052286e-06
-0.000362573529503
-0.000122605695423
-0.000679465585528
0.000226558484142
0.000205064296616
0.000588901489276
-0.000716046979781
-0.000479725811238
0.000407539958209
-0.000186150408136
-0.000136607379013
-0.000453015671219
-0.000561409173788
-0.000463076407609
0.000351399722724
0.000490962115299
2.43591244934e-05
-3.55846013433e-05
-0.000189827778324
-0.000120174260713
-0.000427562861679
-0.000416021967068
0.00018334853227
-0.000215702344848
0.000245603140805
0.000268564906216
3.26173147712e-05
0.000418277614518
0.000408819276553
0.000513180845021
0.00053650726443
-0.000430152944606
-0.000191013615904
-0.000492728664055
-0.00022305616599
0.000191223874785
0.000807275884473
-0.000768789490883
-0.000138684643721
-0.000766538607733
0.000749029041641
-0.000464095916983
0.000448456932724
1.42409706433e-06
-0.000809135470466
0.00080771137338
-7.44204989206e-05
0.000281123777987
0.000108125336758
-0.000416686778249
0.00029760525775
-8.97675988885e-05
0.000709039085372
-0.000442307660692
0.000392989780729
0.000372624642646
-0.000254277793905
0.000680542194384
0.000207615052234
0.000248412528533
-9.45228865522e-05
0.000234545894468
0.000322195263185
-0.000717892631422
-0.000328202988288
-4.97434189202e-05
0.000425426097481
-0.000533893750163
-0.000768895235471
0.000436534112041
0.000621453560433
0.000198534351017
-0.000119713733343
0.000123200268123
-0.000759896173311
0.000228764157519
0.000632448065775
0.000302661523211
0.000333306862233
-0.000781673766461
0.00031272637618
-0.00047617995845
-0.000668083985523
0.000339303878021
0.000328780107491
0.000378048807637
-0.000316757660385
-0.000450331530831
-0.00028205717425
0.000159937737948
-0.00052808400378
-0.000418830021952
0.000263720142324
-0.000252979332705
-0.000496497421794
0.000345947697951
0.000150549723852
-0.000298609856989
0.000170417493419
3.4783073298e-05
-0.000351787338261
-0.000240238824325
2.24365817249e-06
0.000523325066884
0.000588298165383
-0.000846821140628
0.000445499170996
0.000557061370052
-0.000313794508452
-0.000125297970684
0.000419625186264
0.000711261528613
6.8886810088e-05
0.00026571807507
0.000355735485352
-0.000293077933278
-0.000141584574529
0.000470307398088
-0.00047016335396
0.000219437995713
0.000110604374919
-0.000330042370639
0.000750253735844
-0.000175604493106
-0.00075122810472
0.000501552822533
5.21451034764e-05
0.000209530558435
0.000444156962777
0.00017649844294
-0.000341053009039
-2.88610129751e-05
0.00012593335284
0.000292679321011
-0.000249607152915
0.000146013599396
0.000103593553528
-0.000219799489392
0.000258888488217
-0.000476041418532
0.000494318259858
-0.000702813357565
0.000493205773465
-0.000261139591659
0.000428594876052
-0.00076069593567
0.000366129424499
-0.000106048969158
0.00077624147792
-0.000187339988645
0.00011616169662
0.000247319645126
-0.000320789914236
-0.000642521105524
0.000611438183226
0.000301995746017
-0.000506429393726
-7.96501193193e-05
-0.000244731068572
-0.000747719473506
0.000365248585941
-0.00021384711512
0.000521198017624
-0.00102296180315
0.000766944387759
0.000626970716283
-0.000533849294769
0.000558208419253
-3.7142982253e-05
-0.000389573295915
0.000469147966078
-0.000340179515298
0.000227825566571
-0.000400804657769
8.523804004e-05
-0.000648921261377
0.000279884356119
-0.000716820647108
0.000266489116262
-0.000628843793147
-0.000394118010081
-0.000435377253612
0.000413976061918
0.000134831014267
-0.000521589677025
0.00013956789145
-0.000813030968034
0.00067567692728
0.000309405805907
-0.000605828095463
-0.000137170860765
-0.000387642861144
0.000320201200322
5.42229401404e-05
0.000384971896546
-0.000433199537107
-0.000675021054247
-0.000499500279436
-0.000352825791068
0.000316437132875
-0.000479378735394
0.000162941602507
-0.00016328867837
-0.000352644045482
0.00055644198853
-0.000324571113366
6.07655528779e-05
-0.000254476253477
0.000458049786554
-0.000322690194835
-0.000448562785966
0.000357320395335
-0.000436891057391
7.95706620526e-05
-0.000495090823639
-0.000515795130293
-0.000801721793008
0.000667718443765
-0.000338938336289
0.000218157901181
-6.16908989573e-05
0.000419011294288
-0.000396123477304
0.000308762202389
8.73612749137e-05
-0.000251302315045
0.000456366611648
-0.000207918632351
-0.00058067686055
0.000363312157985
0.000217364702548
0.000379881838941
4.68732536651e-05
0.000587945645809
0.000144478177463
-0.000568711803925
-0.000339515455477
0.000208549690923
0.00078958827499
-0.000564569919145
-4.01080675253e-05
0.000325441700528
0.000103153175526
-0.000270829044475
0.000473594251691
-0.000300376832495
-0.000441709672472
2.41549059024e-05
0.000410679740568
0.000280782101604
-0.000619720437906
0.000365145615998
0.000103518186642
-0.000325045993867
0.000752150733649
0.000681368893649
-0.00041482084839
-9.22566437297e-05
-0.000409058166118
-0.000390086981394
0.000169349215211
0.000267523406525
-0.000423775910406
-0.000323027761614
-0.000332111202513
0.000431437794123
6.14474844459e-05
-0.000492885278586
-0.000253923701218
-0.000194639084733
0.000660659307317
-0.000356199865099
-0.000351453870705
-0.000124940905759
-0.000337309675604
-3.17732189319e-05
-0.000665119880012
0.000326640673714
-0.000106686553225
-0.000100977601066
-0.000491640224388
-0.00037118662303
0.000581361416533
-9.36741708471e-05
0.00052511196496
0.000287394838254
0.000804858621871
-0.00037552353851
-0.000434956937924
-0.00044471627805
-0.000456203499156
-8.57841482169e-05
0.000544785932176
-0.000386413062727
-0.000250571446056
2.3195873316e-05
-4.57012113859e-05
0.000354463413767
-0.000567542750447
-0.00048115233829
7.80528901357e-05
-0.000479725098964
0.000401672208811
0.000148979379762
-0.000744041306404
-0.000460788287676
0.0001604114552
0.000464025072093
-0.000117681467269
0.000471042670861
-0.000603455512054
4.7325644321e-05
-0.000313171535492
0.000173599309142
-0.000400095517175
-0.000133798232963
-3.78220766547e-06
0.000225161551428
-1.4936733278e-05
1.02942101573e-05
0.000660044266507
0.000115845935621
-0.000775890202131
-0.000295947234493
0.000633209245356
-0.000372655264677
-2.04409285214e-05
-0.000515468527125
0.000173924999619
0.000274545482725
0.000339669790745
-0.000278904237875
-0.000224941375198
-0.000332119994854
0.000393127558687
2.4709091503e-05
-0.000342381199026
0.00078601188296
-0.000356777409308
-0.000124002986727
-1.99772397236e-05
-0.000511273358762
0.000124860296024
-0.000140587087342
-0.000533394814933
0.000529202741062
-0.000378653017203
-0.00012402943213
-0.000556650943246
-0.000444616215014
-0.000347120384809
-0.000205497881558
0.000537237157598
0.000310181483737
4.35664471831e-06
-0.000359795505796
-0.000551786351469
-0.000302941944283
-0.000412125153411
0.000324763878497
-0.000501380080329
0.00022349089665
-0.000616089490316
-0.000109601149957
-9.02746670266e-05
0.000562565063967
7.8092002785e-05
-0.000584521396521
-0.000376519784309
9.58962978882e-05
-0.00047369434869
0.000537648142856
2.49169211002e-05
0.000783816600563
-0.000227374612035
-3.78958115498e-05
-4.44283458686e-05
8.74273510111e-05
-6.9550552277e-05
0.000518122694559
0.000308713628971
0.000171197571427
9.85499908931e-05
0.000106947890665
0.00070894026789
-0.000462236609482
0.000583494127038
0.000294119419502
0.000279624371349
-0.000397305838617
-0.000512173148176
-0.000153668720406
0.000788221417727
0.000522677008896
0.000294603682761
-0.000780139102047
0.00048553541928
-0.000665772006322
0.000781322542312
-0.000632343162554
-0.000590259440213
-5.04179992876e-05
0.000191063102097
-0.000731667176483
0.000740207476624
-0.000510514197529
-5.59902491946e-05
-0.00069538057929
-7.126180244e-05
-0.000487070083705
-0.000600881429081
0.000791944531179
-0.000695677722544
-8.02124795791e-05
-0.000263002931807
0.000785679940694
-0.000350332080026
0.000521529651438
0.000526585343175
0.000233162047003
0.000277970867147
-0.000253553758882
0.000442229563842
-0.000763506286427
0.000736348983343
0.000396169468043
0.000704883097012
-0.000662420535266
-0.00035223905153
0.000360857574366
0.000262636411992
0.000599069116184
0.000546313144262
-0.000172404687345
0.000190019987897
-0.000692588151192
0.000502568163292
0.000135868945498
-0.000731108966768
0.00053333767542
0.000272203617881
7.46069570428e-05
0.000410904745831
-0.000485511702843
-3.80420109891e-05
0.000578006422791
-0.000539964411769
5.39410184029e-05
0.000420081507614
-0.000474022526112
-0.000415955963007
0.000605975950895
-0.0004662842023
8.73595892387e-05
0.000358428418648
0.000394650483766
-0.000676707658008
-0.000465861671031
0.000767857417024
0.000164777350287
-0.000172866859369
8.08950906796e-06
0.000155935263549
3.18399372716e-05
-0.000136430102698
-5.43480968975e-06
-0.000260360704872
0.000265795514536
-9.93310116499e-05
0.000315746350166
-0.000216415338518
0.000170249882213
0.000626857088
-0.000276941652689
-0.000453715555308
0.000607315423055
0.000163098500921
0.000142114685142
0.000596132638459
-0.000730060330951
0.000650410211623
0.000647408221343
-0.000771866974309
0.000851435459881
-0.000565139148613
0.000340262322392
0.000639156913632
-0.00017690271473
-0.000451456924207
0.000249180921942
-0.000700907031891
-0.000596293941847
9.55693485466e-05
0.000529890499549
-0.000313664392955
0.000546443796876
0.000441951789837
0.000757289156556
-0.000389857342124
-0.00084507068083
-0.000776055878864
0.000462052424376
-0.000673723732215
0.000938348898021
-0.000726626513383
0.000620356245984
-0.000177645950807
0.000306719276298
-0.000252856492029
0.000154528715016
-0.000456289034609
-0.000556194946195
-0.000377144682209
0.000364338103235
-0.000450989953653
0.000562578882861
-0.000362008368929
-0.00043960033535
0.000276658732842
-0.000423130387632
-0.000230127211152
-0.000578348501191
-0.000610230178453
0.000420151306934
-0.000581223184424
0.000597705036301
-7.67342472822e-05
0.000576812458846
-0.000655614887128
-0.000273168491252
0.000591973263223
-0.00029436800545
5.19021649815e-05
0.000317768630895
-0.000482604915297
0.000422522952661
-2.05828160478e-08
-0.000673266524972
0.000604379714884
0.000108731659447
0.000231674220593
-0.000535726070944
-0.00039018610982
0.000631276987183
-0.000455672494077
-0.000152135428682
-2.07357298049e-05
-0.000132144987027
0.000290672986966
0.000326355129714
-0.000650146527333
0.000681202909764
-1.25955479042e-05
-0.000287028132713
0.000342311401566
0.000636969321167
0.000399283656467
-0.000375635654393
0.000624816576323
0.000406570412096
0.000405951074712
0.000736745877243
0.000494268424556
0.000418332123943
0.000822851779098
-0.000420495791023
0.00072257143103
0.000265936392224
-0.000382284847588
0.000199546959846
-0.000242931121242
0.000679700433406
-0.00039036728629
-0.000374057904736
0.000327241193734
-0.00020746045522
0.000651393573691
0.00061374073005
-0.000562864885956
0.000330064405751
0.000340048244141
0.000290897178345
-0.000170650168789
-0.000258792735963
7.16231819153e-05
-0.000106838020306
9.12237591097e-06
0.000259195503112
-0.000248041035846
-2.10531605294e-05
0.000104572562996
-4.16987493143e-05
3.63012865651e-05
0.000447216124701
0.000500419644361
0.000541561444212
-0.000450814780004
0.000257674933707
-0.000360435986465
0.000102761052721
-0.00048467846184
0.000356395983582
0.000128282478199
0.000459417763881
-0.000424634690571
0.000528349031138
-0.000331676563265
0.000755484911968
-0.000390838498618
0.000704780584741
-0.000779616531313
-0.000334104089133
0.000653702593501
-0.000604955272688
-0.000240115408128
0.000427680721619
-0.000469243107009
-0.000419907237099
-0.000374464774093
0.000750876165612
-5.33674861909e-05
-0.000438178728373
6.38393653726e-06
-0.000466762100389
-0.000259213679202
0.000447752330637
2.78648865052e-05
0.000124372922758
0.000452439536124
0.000266445818631
-0.000543387471295
-0.000709688490666
-3.7697900512e-05
0.000523656579236
0.000582810658544
0.00058618684066
-2.16207082114e-05
-0.000564566132414
3.96681260117e-05
0.000441501427255
-0.000275389936612
-0.000166111490663
0.000218445261277
-0.000414074580344
-9.20738303549e-05
-0.000322000750013
0.000467402141431
-0.000248956880175
0.000529983513241
-0.000490315387204
0.000329732489489
0.000156914776116
0.00049249125718
-0.000184922193308
0.000580470734215
-0.000417372233304
-8.84698847262e-05
-0.000465863395935
-1.88150659321e-05
-9.18047848679e-05
-0.000208188462229
2.53764941583e-05
0.000496754418066
0.000258730493899
-0.00041473341927
-0.000389169068478
0.000432617926191
-0.000388946702271
0.000565001691903
8.54085197102e-05
-0.000392207020891
0.000549121797015
0.000487121697731
-0.000672043891055
0.000388098977167
0.000646391726232
-0.00077237419945
-0.00012043629768
-0.000116348455381
-4.68167110102e-05
-0.000123236164343
-0.0002755098454
0.000582162937773
0.000678154692589
0.000415757009897
0.000254184705347
-0.000285252501727
-0.000193920019912
-0.000100128816133
-0.000251238328969
0.000208908329857
-0.000253675679111
1.48710297021e-05
0.000215608664596
0.000229288573805
-9.63313739302e-05
-0.000318031175153
-0.000229456451555
0.000166453676619
0.000102649363954
9.17508398138e-05
0.000555947784142
-0.000302826520585
-7.52094267925e-05
0.00010388783763
-0.000324166306967
-0.000386427549567
-0.000358146206764
-0.000125462983531
0.000291574474194
-0.000202477629737
0.000294551460092
9.56144337604e-05
-0.000468951698648
0.000175161182626
0.000372951402673
-0.000452124791048
-0.000563532043226
0.000529637998116
-0.000262093664302
0.000165438425235
-0.000849424410495
-0.000731843714841
-0.000613746808547
-0.000274958153293
0.00088163046375
0.000789844046801
-0.00114411229445
0.00100816095997
0.000790945080849
0.00051456954647
0.000552082292898
0.000191695495331
-0.000634638118938
-0.000641409026081
0.000811350277758
-0.000786552679776
)
;

boundaryField
{
    bottomWall
    {
        type            calculated;
        value           uniform 0;
    }
    leftWall
    {
        type            calculated;
        value           uniform 0;
    }
    rightWall
    {
        type            calculated;
        value           uniform 0;
    }
    movingTop
    {
        type            calculated;
        value           uniform 0;
    }
    front
    {
        type            empty;
    }
    back
    {
        type            empty;
    }
}


// ************************************************************************* //
