/*--------------------------------*- C++ -*----------------------------------*\
  =========                 |
  \\      /  F ield         | OpenFOAM: The Open Source CFD Toolbox
   \\    /   O peration     | Website:  https://openfoam.org
    \\  /    A nd           | Version:  14
     \\/     M anipulation  |
\*---------------------------------------------------------------------------*/
FoamFile
{
    format      ascii;
    class       volScalarField;
    location    "0.99999999999999567";
    object      T;
}
// * * * * * * * * * * * * * * * * * * * * * * * * * * * * * * * * * * * * * //

dimensions      [];

internalField   nonuniform List<scalar> 
400
(
0.0829438029124
0.137243664252
0.178109159502
0.201540089261
0.20524287087
0.188855050267
0.153980781514
0.104033801019
0.0439032672339
-0.02052482424
-0.0829438029124
-0.137243664252
-0.178109159502
-0.201540089261
-0.20524287087
-0.188855050267
-0.153980781514
-0.104033801019
-0.0439032672339
0.02052482424
0.137243664252
0.178109159502
0.201540089261
0.20524287087
0.188855050267
0.153980781514
0.104033801019
0.0439032672339
-0.02052482424
-0.0829438029124
-0.137243664252
-0.178109159502
-0.201540089261
-0.20524287087
-0.188855050267
-0.153980781514
-0.104033801019
-0.0439032672339
0.02052482424
0.0829438029124
0.178109159502
0.201540089261
0.20524287087
0.188855050267
0.153980781514
0.104033801019
0.0439032672339
-0.02052482424
-0.0829438029124
-0.137243664252
-0.178109159502
-0.201540089261
-0.20524287087
-0.188855050267
-0.153980781514
-0.104033801019
-0.0439032672339
0.02052482424
0.0829438029124
0.137243664252
0.201540089261
0.20524287087
0.188855050267
0.153980781514
0.104033801019
0.0439032672339
-0.02052482424
-0.0829438029124
-0.137243664252
-0.178109159502
-0.201540089261
-0.20524287087
-0.188855050267
-0.153980781514
-0.104033801019
-0.0439032672339
0.02052482424
0.0829438029124
0.137243664252
0.178109159502
0.20524287087
0.188855050267
0.153980781514
0.104033801019
0.0439032672339
-0.02052482424
-0.0829438029124
-0.137243664252
-0.178109159502
-0.201540089261
-0.20524287087
-0.188855050267
-0.153980781514
-0.104033801019
-0.0439032672339
0.02052482424
0.0829438029124
0.137243664252
0.178109159502
0.201540089261
0.188855050267
0.153980781514
0.104033801019
0.0439032672339
-0.02052482424
-0.0829438029124
-0.137243664252
-0.178109159502
-0.201540089261
-0.20524287087
-0.188855050267
-0.153980781514
-0.104033801019
-0.0439032672339
0.02052482424
0.0829438029124
0.137243664252
0.178109159502
0.201540089261
0.20524287087
0.153980781514
0.104033801019
0.0439032672339
-0.02052482424
-0.0829438029124
-0.137243664252
-0.178109159502
-0.201540089261
-0.20524287087
-0.188855050267
-0.153980781514
-0.104033801019
-0.0439032672339
0.02052482424
0.0829438029124
0.137243664252
0.178109159502
0.201540089261
0.20524287087
0.188855050267
0.104033801019
0.0439032672339
-0.02052482424
-0.0829438029124
-0.137243664252
-0.178109159502
-0.201540089261
-0.20524287087
-0.188855050267
-0.153980781514
-0.104033801019
-0.0439032672339
0.02052482424
0.0829438029124
0.137243664252
0.178109159502
0.201540089261
0.20524287087
0.188855050267
0.153980781514
0.0439032672339
-0.02052482424
-0.0829438029124
-0.137243664252
-0.178109159502
-0.201540089261
-0.20524287087
-0.188855050267
-0.153980781514
-0.104033801019
-0.0439032672339
0.02052482424
0.0829438029124
0.137243664252
0.178109159502
0.201540089261
0.20524287087
0.188855050267
0.153980781514
0.104033801019
-0.02052482424
-0.0829438029124
-0.137243664252
-0.178109159502
-0.201540089261
-0.20524287087
-0.188855050267
-0.153980781514
-0.104033801019
-0.0439032672339
0.02052482424
0.0829438029124
0.137243664252
0.178109159502
0.201540089261
0.20524287087
0.188855050267
0.153980781514
0.104033801019
0.0439032672339
-0.0829438029124
-0.137243664252
-0.178109159502
-0.201540089261
-0.20524287087
-0.188855050267
-0.153980781514
-0.104033801019
-0.0439032672339
0.02052482424
0.0829438029124
0.137243664252
0.178109159502
0.201540089261
0.20524287087
0.188855050267
0.153980781514
0.104033801019
0.0439032672339
-0.02052482424
-0.137243664252
-0.178109159502
-0.201540089261
-0.20524287087
-0.188855050267
-0.153980781514
-0.104033801019
-0.0439032672339
0.02052482424
0.0829438029124
0.137243664252
0.178109159502
0.201540089261
0.20524287087
0.188855050267
0.153980781514
0.104033801019
0.0439032672339
-0.02052482424
-0.0829438029124
-0.178109159502
-0.201540089261
-0.20524287087
-0.188855050267
-0.153980781514
-0.104033801019
-0.0439032672339
0.02052482424
0.0829438029124
0.137243664252
0.178109159502
0.201540089261
0.20524287087
0.188855050267
0.153980781514
0.104033801019
0.0439032672339
-0.02052482424
-0.0829438029124
-0.137243664252
-0.201540089261
-0.20524287087
-0.188855050267
-0.153980781514
-0.104033801019
-0.0439032672339
0.02052482424
0.0829438029124
0.137243664252
0.178109159502
0.201540089261
0.20524287087
0.188855050267
0.153980781514
0.104033801019
0.0439032672339
-0.02052482424
-0.0829438029124
-0.137243664252
-0.178109159502
-0.20524287087
-0.188855050267
-0.153980781514
-0.104033801019
-0.0439032672339
0.02052482424
0.0829438029124
0.137243664252
0.178109159502
0.201540089261
0.20524287087
0.188855050267
0.153980781514
0.104033801019
0.0439032672339
-0.02052482424
-0.0829438029124
-0.137243664252
-0.178109159502
-0.201540089261
-0.188855050267
-0.153980781514
-0.104033801019
-0.0439032672339
0.02052482424
0.0829438029124
0.137243664252
0.178109159502
0.201540089261
0.20524287087
0.188855050267
0.153980781514
0.104033801019
0.0439032672339
-0.02052482424
-0.0829438029124
-0.137243664252
-0.178109159502
-0.201540089261
-0.20524287087
-0.153980781514
-0.104033801019
-0.0439032672339
0.02052482424
0.0829438029124
0.137243664252
0.178109159502
0.201540089261
0.20524287087
0.188855050267
0.153980781514
0.104033801019
0.0439032672339
-0.02052482424
-0.0829438029124
-0.137243664252
-0.178109159502
-0.201540089261
-0.20524287087
-0.188855050267
-0.104033801019
-0.0439032672339
0.02052482424
0.0829438029124
0.137243664252
0.178109159502
0.201540089261
0.20524287087
0.188855050267
0.153980781514
0.104033801019
0.0439032672339
-0.02052482424
-0.0829438029124
-0.137243664252
-0.178109159502
-0.201540089261
-0.20524287087
-0.188855050267
-0.153980781514
-0.0439032672339
0.02052482424
0.0829438029124
0.137243664252
0.178109159502
0.201540089261
0.20524287087
0.188855050267
0.153980781514
0.104033801019
0.0439032672339
-0.02052482424
-0.0829438029124
-0.137243664252
-0.178109159502
-0.201540089261
-0.20524287087
-0.188855050267
-0.153980781514
-0.104033801019
0.02052482424
0.0829438029124
0.137243664252
0.178109159502
0.201540089261
0.20524287087
0.188855050267
0.153980781514
0.104033801019
0.0439032672339
-0.02052482424
-0.0829438029124
-0.137243664252
-0.178109159502
-0.201540089261
-0.20524287087
-0.188855050267
-0.153980781514
-0.104033801019
-0.0439032672339
)
;

boundaryField
{
    xMin
    {
        type            cyclic;
    }
    xMax
    {
        type            cyclic;
    }
    yMin
    {
        type            cyclic;
    }
    yMax
    {
        type            cyclic;
    }
    zMin
    {
        type            empty;
    }
    zMax
    {
        type            empty;
    }
}


// ************************************************************************* //
