/*--------------------------------*- C++ -*----------------------------------*\
  =========                 |
  \\      /  F ield         | OpenFOAM: The Open Source CFD Toolbox
   \\    /   O peration     | Website:  https://openfoam.org
    \\  /    A nd           | Version:  14
     \\/     M anipulation  |
\*---------------------------------------------------------------------------*/
FoamFile
{
    format      ascii;
    class       surfaceScalarField;
    location    "23.000000000005";
    object      phi;
}
// * * * * * * * * * * * * * * * * * * * * * * * * * * * * * * * * * * * * * //

dimensions      [0 3 -1 0 0 0 0];

internalField   nonuniform List<scalar> 
4035
(
2.05207566178e-06
-9.06436017718e-06
7.01228459266e-06
-1.76800482832e-06
-5.45391619668e-06
9.27399667283e-06
-1.08323650027e-05
1.55836842445e-06
-1.55836826846e-06
0.000632053286205
-9.8835003834e-05
-0.000533218282421
-4.68031782628e-06
0.000130586188164
-0.000125905870238
-0.000399296329215
3.672090297e-05
0.000362575426384
-0.00067627321038
0.000303866616142
0.000681807860077
-0.000309401265829
0.000338227183763
-0.000969647371372
-0.000280235892314
0.000911656080001
0.000205923190889
-4.47476127824e-05
-0.000247328408173
8.6152830144e-05
-0.000189870330703
-0.00058986888273
0.00054484310924
0.000234896104023
0.000889638821865
-0.000638979281012
8.7567643042e-05
1.45021460416e-05
-0.000780862544903
0.000770096247842
-3.73584904024e-06
3.18433860929e-05
-0.000871731305254
0.000691521869621
0.000148366049579
0.000712693723632
0.000371249963409
-0.000841656666077
-0.000242287021036
0.000475622366564
-0.000590272187063
-7.52205102984e-05
-0.000217452607897
-0.000459198823079
0.00048311411097
0.000193537320048
0.000460964906514
-0.000555619456445
0.000285107630412
-0.000190453080709
0.000215596123706
-0.000134002545596
0.000124329612792
0.000457781051422
-0.00058668502769
-4.94279305655e-05
0.00041030211609
0.000679532221529
-0.000387122837611
-0.000298397193968
-0.000334194827892
-0.000838992607989
0.000194562783807
0.000109384375027
-0.000431232339953
0.000400904128274
-8.09120814602e-06
-2.64689736752e-05
3.61185502997e-05
2.86336914393e-05
0.000227725685625
-0.000127839680597
4.10361934518e-05
-0.000140922198553
-0.000232639827369
0.00046036551298
0.000150913181297
9.33166338596e-05
-0.00025559538678
0.000197300691974
0.000127291891654
-7.0344074351e-05
-0.000230048570443
0.000358322740265
-0.000389615346388
-0.000201347221266
-8.99412421991e-06
8.99412417872e-06
1.38607564048e-05
1.57629078338e-05
-3.86177885084e-05
2.2854880565e-05
-8.92218922295e-05
-0.000127839680741
0.000137451655684
-0.000501094674868
0.000363643019451
-0.000177361951552
-0.000126665699491
0.000304027651217
0.000101700583895
-0.000593963952595
0.000492263368877
0.000532474527406
-0.000265648439721
-0.000535545388222
0.000268719300409
-0.000467975372093
0.000422579770884
0.000186434368863
-0.00014103876767
-0.000814537131052
7.50741367803e-05
0.000271487622265
0.000452328049339
0.000365060862097
-0.000394809140415
0.000306653934296
-0.000258436614328
5.94873062137e-05
-0.000107704626029
-0.000230620630436
0.000359912613187
0.000215114052391
0.000374665652704
-0.000178269917937
-0.000768420036922
0.000132152824023
-0.000709173555695
0.000556929347982
-2.602571021e-05
0.00057183303644
-0.000538078070504
4.13191707375e-05
-5.38540120517e-05
0.000667029086525
-0.000529790926389
-8.33841482043e-05
-1.62467810579e-05
-0.000711844848151
0.000590732546469
0.000137359082755
-0.000354042681029
0.000451566554165
8.89104955475e-05
0.000397382338502
-0.000440651265131
-0.000187351703807
0.000467288927522
-0.000225012537549
0.00012278447203
-0.000199856253374
9.38282840157e-05
-0.000152408644978
-0.0006244161929
-6.71783932026e-05
-0.000342771278446
-3.37821326154e-06
0.000329902710852
0.000652334478021
-0.000173713962557
-1.43849749702e-05
0.000235985793455
0.000463650263935
-0.000369386090376
0.000232607580308
8.90228639231e-05
-2.60231835211e-05
-6.45580485895e-05
-8.58601553047e-05
-0.000488586276591
0.000640676710809
-0.00019920676785
4.71163337602e-05
7.39240145698e-05
-0.000155641866135
-0.000130074542538
0.000213994737288
-0.000185998489192
-5.6529444089e-05
7.67515877177e-05
0.000130109732082
-0.00033713369513
0.000323572055876
8.74856537863e-05
0.00223400356189
-1.09684767057e-05
-0.00222303508498
0.000231830488625
0.000458173260985
-0.000690003749564
-0.00134934142141
5.04565831276e-05
0.00129888483826
-0.00118085054302
0.000561543798547
0.00106813866822
-0.000448831923701
0.000461287322469
-0.00149281483645
-0.000583612426436
0.00161513994033
0.000634212665513
-0.00017498050075
-0.000750878680076
0.000291646515369
-6.90944419257e-05
-0.000924196733389
0.000641592354333
0.000351698820962
0.00107004578919
7.69242880372e-05
-0.000685682754861
-2.47137906484e-05
-0.000765015971463
2.38040660821e-05
0.000765925695941
3.24840404244e-05
-0.0010884511866
0.000159577079149
0.000896390066936
0.00103857843634
9.59031976916e-05
-5.92079540031e-05
-0.00107527367989
0.000441094395249
6.21060524898e-06
-0.000516399442477
-0.000528721816377
-0.000849552618917
0.000358672371831
0.00101960206352
0.000288992887941
-0.000799784194022
-2.08091352026e-05
0.000531600441488
0.00054835907221
0.000333496289651
-0.000247642696332
0.000574886558716
-0.00121009040403
5.68499879027e-05
0.000875936272766
0.00193295384784
-0.000290805990497
-0.000930252890155
-0.000821427235446
-0.00155323715587
0.000404870653268
0.000112359367559
-0.00101375174196
0.000753868305108
-0.0001988800485
0.00011991739774
-4.88770299579e-05
0.000149616454775
0.00295422431213
-0.00371218341975
-0.000205027050241
0.000962986157812
0.000264021248529
0.000433954278456
0.000328161229631
-0.000423845543416
9.39539701225e-05
2.77772447119e-05
-5.20117481775e-05
0.000103160465238
-9.09444016462e-05
0.000912854907847
-0.000925070971437
0.00305738477744
-0.000365704900976
0.000365704900931
0.000185375381353
-0.000350507322642
-0.000200572959702
0.000551080282262
0.000290169388146
0.000640676710672
0.000160383521606
-0.00223856728557
0.00207818376414
-0.000252306787059
-0.00120444390204
0.00145675068915
-0.000158735182716
-0.00172625789225
0.00188499307515
0.000648311972631
-0.000285195490084
-0.000628306304455
0.000265189821839
-0.000451931316754
0.000653750370672
6.16062135847e-05
-0.000263425267373
-0.000999952773094
-4.53477548376e-05
0.000593369211296
0.000857215491671
0.000379311096152
-0.000582776217036
0.000440795157545
-0.000426892357571
0.000199123549049
-0.000213026349052
-0.000280497339295
0.000468985709737
0.000693600043304
0.00032399897002
-0.000329753720653
-0.00101318026832
0.000342981216063
-0.00077011289754
-9.76441212121e-05
0.000538003298187
0.000627966403138
-3.78556675073e-05
-0.000635458490463
-8.37090361234e-05
0.000823031527597
-0.000115423450231
-0.000623899041056
0.000280094126362
-0.000920459021144
3.93686815447e-05
0.00060099621324
-0.000373987735346
-7.41960479858e-06
0.00044301355373
0.000457708934304
-0.000218491299123
-0.000519714974544
0.000667179915724
8.38843558617e-05
-0.000371753175473
-0.00025687105977
-0.000220852958731
5.08316608873e-05
-0.00222797429121
-0.00100532035302
-0.000986674024128
0.000190593839701
0.00107617431087
0.000952508926246
-0.000387905989629
-0.000219406524698
0.00178510978334
0.000657413192721
-0.000473622973025
0.00197570362306
0.000960639577205
-0.000230091093707
-8.98717728659e-05
-0.0028798177083
0.00371218341976
-6.9276995224e-05
-0.000763088716215
-0.000257707124873
0.000172060225628
-0.000223540818283
-0.000291037366388
-0.000235882071438
0.000219968032684
-0.000166487894613
-9.44659958649e-06
7.07198645877e-05
5.65971012994e-05
-0.00061020672383
0.000725669848148
-0.00104396239247
0.00104396239249
0.000614105356394
0.000233845964173
-0.00189191371304
0.00165806774886
-0.00182026970672
-0.00072601965683
8.70403758732e-05
4.40765910256e-05
-0.000301783063843
0.000167780518258
0.000181331047132
-0.000458602917749
-0.000131669269396
-0.000173495287384
-8.18884983339e-05
5.54195246721e-05
6.90246829661e-05
0.000478236109825
0.000203571750235
0.00022264072304
0.000523353613806
0.00016816825578
0.000213952347958
-0.000595532277816
-0.000246124388293
-0.000237209537557
0.000198459915505
-0.000157423722056
-0.000191155430885
0.000565586519199
-8.6571713032e-06
2.7508448657e-05
0.000264124433933
-0.000170296149943
-0.000176526831197
0.000345920421672
0.000105646132429
0.000120907884083
5.62576342477e-05
-8.22808177597e-05
-9.93842318875e-05
-0.000391416374537
-0.000144129013751
-0.000177421637256
-0.000417355465363
-0.000112435461156
-0.000148636165011
0.000466093234265
0.000124639312136
0.000128959539104
-0.000258807508775
5.96007409143e-05
6.47645470893e-05
0.000894443321224
-0.000311603188541
-0.000582840132634
-0.000582924728708
0.000490047129687
9.2877599028e-05
-7.71052580191e-05
0.000166726864667
-8.96216066366e-05
-0.000599367535449
0.000177469214319
0.000421898321151
-3.98601989629e-05
-0.000182308729233
0.000222168928132
-7.66921651629e-05
0.000343612858649
-0.000266920693516
-0.000421145805714
0.000344453640545
0.000678898987338
-0.000214363438886
-0.000464535548405
0.000212136606526
-0.000481117406623
0.000268980800115
-0.00068228221285
0.000575957709089
0.00010632450379
-0.000609168348234
9.80081282217e-06
0.000781543232949
0.000112900088306
-0.000176213449637
9.91081916207e-05
0.000204052612413
-0.000243912811417
-0.000421699416103
0.000167760149947
0.000253939266116
0.000652111567912
-0.000618005237892
-3.41063300826e-05
0.000486066169181
0.000166045398695
0.000974893899121
-0.000590315179452
-0.000384578719643
0.000686727420517
0.000288166478608
0.000909211149075
-0.000496450077988
-0.000412761071095
0.000318895969628
0.00090055971383
-0.000388688185721
-0.000511871528095
0.000549841861263
0.000350717852571
-0.000589335808868
3.23920266947e-05
0.000556943782178
-0.00081635514401
0.000511308902163
0.00030504624182
-0.000140811059668
0.000352947666208
0.000150190780369
-0.000394870515151
0.000244679734812
0.000229044899232
-0.000506855819088
0.000277810919787
-0.000633942821755
0.000666929650113
-3.29868283326e-05
0.000800850159378
-0.000884312276471
8.34621170823e-05
-0.00020150061958
0.000253411916264
-5.19112967026e-05
-7.3683974189e-05
-0.000348015441948
-0.000124277776351
-0.000356839630268
6.09656436173e-05
-0.00065030145248
-0.000423761322047
-0.000159163406655
-0.000111794841609
-0.000522147980106
0.000452454037985
3.7593091703e-05
-0.000210211390291
-0.000472070822561
0.000560214432065
0.000118684555318
-2.60147143745e-05
0.000575856575643
0.000440994340432
-0.000467009054794
0.000296529954615
-0.00063181273308
0.000335282778477
0.000674561710191
-0.000378031755587
-0.000119447067246
0.000649734504873
-0.000530287437613
0.000567280353275
-0.000376395365753
-0.000241609872167
0.000188818477614
-0.000565213843396
-0.000404661715289
0.000380484106761
2.41776085267e-05
-0.000450415842932
0.000340677407425
0.000109738435512
0.000359400079697
0.00013863367406
-0.000498033753818
-0.000700019374282
6.82066411606e-05
-0.000213953205078
0.00080531106374
-0.000130749353538
0.000308860985739
0.000447703029614
6.38923620404e-05
-0.00051159539172
0.000916139575882
-0.000266405071001
0.000527451390163
0.000696806072179
-0.000255811731749
-0.000309239470412
-0.000141176372519
0.000145341415667
-0.00045458088608
0.000321757314913
0.000112467113361
-0.000434224428271
0.000205153879288
0.000178860113241
-0.00038401399252
-0.000199507835996
0.0005066881541
-0.00014728807445
0.000409567390667
-2.90832839108e-05
0.00044780831004
-0.000107130902624
0.000533434835241
-8.57318056632e-05
0.000460532535347
-0.000138775220439
0.000313149745066
-0.000162958964695
0.000275660266461
-0.000294360534173
-0.00052199460985
0.000214384536702
0.000566233821156
-0.000780618357843
-0.000350138410588
0.000527607624909
-0.000549917409788
0.000335553970935
-0.000210331530603
0.000439376429808
-0.000241813312428
4.03126928295e-05
0.000201260317661
0.000599589841734
2.60402993101e-05
0.000419648523518
-0.000731251712059
0.000466300976462
0.000200628673667
-0.000583584277478
-0.000300727999001
-0.000102171619617
-0.000404684199503
-0.0003438418939
0.000113088831379
0.000230753062487
-0.000145039624112
0.000656348526261
-0.000287306106027
-0.00011111027077
0.000398416376717
-6.85652916482e-05
-0.000650329360732
0.00071889465232
3.98121244447e-06
0.000524148628541
-0.000528129840966
3.37635158251e-05
0.000315121467478
-0.000348884983292
-0.000671063975737
0.000911878176493
-0.000240814200737
-6.85911152624e-05
-0.000275250778614
5.2819877148e-05
0.000625619733043
-0.000678439610179
-0.000391369295348
0.000300004516889
-0.000266241001065
0.000643326523359
-0.000428941986649
0.000389477725643
-0.000221717575726
-0.000470282188906
-0.000138886159319
0.000652149569126
0.000129393663829
-0.000277113601219
9.48048719502e-05
0.00033584770059
7.7651580438e-06
0.000202662512722
9.17083028717e-05
-0.000294370815661
-0.000241818704465
2.19023306307e-05
0.000219916373839
0.000463427434512
-0.000310936078478
-0.000152491356036
0.000327777387609
0.000135650046919
0.000117372581152
0.000136039335087
0.000148022605097
1.87042595802e-05
0.00034452322503
-0.000141860712344
-0.000512414687584
0.000565234564739
6.55490062855e-05
-0.000736612981976
-0.000504489273319
0.00050383255266
6.56720657208e-07
0.000619838344741
-0.000582002433277
-3.7835911452e-05
-0.000535681574816
-0.000783998450034
0.000622932828389
0.000161065621612
-9.32670880514e-05
-0.000411222185294
0.000160193069032
0.00045964527572
-0.000270190358869
-0.000513808091179
-0.000241223240189
-0.000610867616755
0.000852090856957
0.000446210361541
0.000465667814983
-0.000331386399964
0.000262795284688
-0.000293473028855
5.16543243939e-05
-0.000154311119002
0.000295760915261
0.000377849211614
-0.000588060601919
-0.000355848407701
-0.000148696037728
0.000504544445447
5.46053162192e-05
0.000505609115906
0.000426452563755
-0.000538247405326
-8.67066651427e-05
0.000329760014282
6.55726916601e-05
-0.000395332705931
-0.000128724481062
6.92096784434e-05
-0.000425058086136
0.000167580085666
0.000211754224663
-0.000379334310389
-0.000195783781098
-0.000213224775145
0.000409008556185
-0.000395096731745
0.000199312950612
-0.000668309143773
0.000156440097938
0.000511869045829
-0.000414870889163
0.000106031924182
0.000308838964984
-0.000347643167728
0.000128753794165
0.000218889373561
-0.000287694906805
0.000156453709319
0.00013124119748
-7.58571794438e-05
-0.000328827020077
-0.000684770750092
0.000128706077407
0.000556064672676
-0.000222570614361
0.000181488984075
4.10816302748e-05
0.00040858380251
0.000179337007678
-0.000587920810246
-0.000585525717645
-9.92450324357e-05
0.000266587990215
-0.000230705485279
-3.58825049416e-05
-0.000227516646092
-0.000581783005147
0.00042185116095
0.000159931844194
0.000565052310196
-0.00048956620283
-7.5486107255e-05
-0.000676061179095
0.000385761475621
0.00029029970348
-0.000145872786533
0.000196887557338
-5.10147708159e-05
0.000606929740053
-0.000431779035081
-0.000175150704981
0.000105355966003
-0.000292511902771
0.000187155936758
4.67917192113e-05
-0.000319242413957
0.00027245069473
0.000217292193646
-0.000251253121275
3.39609276226e-05
-5.8099952028e-05
0.000198335209341
-0.000140235257324
-0.000250155845407
0.000200882915043
4.92729303505e-05
0.000110331123148
-0.0003118004253
0.000201469302132
0.000293126847552
-0.000182795724406
5.06343202533e-05
-0.000577224890473
0.000526590570172
0.000628743541461
-0.000728276845966
9.95333045092e-05
-0.00024348309281
0.000698600763776
-0.000455117670958
-0.000302063554654
0.000166551003877
0.000135512550766
-7.59695384496e-05
-0.000338901350713
-4.99842322931e-05
-0.000558434704066
0.000608418936384
-0.000539603066363
-0.000315231568829
-0.00036082961026
0.00073335617092
-0.000288833499883
-0.000444522671032
-9.59671312809e-05
-0.000251676036447
0.000489873078116
-0.000581201365065
0.00063183568531
-0.000702851728436
0.0002601578995
0.000442693828945
-0.000123605410974
-0.000164089495832
2.48013928702e-05
0.00030301311901
-0.000327814511882
-0.000601880631811
0.000421516224715
0.000180364407096
-0.000572132212373
-0.000326772966912
0.000351574359783
0.000282727617003
-7.75523160016e-05
-0.000205175301005
0.000610152525684
-0.000349779431179
-0.000260373094504
0.000384170522696
0.000225982002988
0.000236440257924
-1.91480642796e-05
0.000358882809427
-0.00026743995035
-9.14428590762e-05
0.000554733782676
-0.000469308092372
-8.54256902606e-05
0.00049022972693
6.45040557738e-05
-0.000158421597636
0.000251617807334
-9.31962097091e-05
-0.000568750684764
0.000123501942069
0.000445248742683
-0.000291851143507
-0.000411000584927
0.00028670024031
-0.000156987377348
-0.000129712862971
-0.000231870550489
0.000310001454826
-7.81309043411e-05
-0.000151996694945
-7.05739194208e-05
-0.000141848791891
-0.000426901892877
9.5744217858e-05
0.0004559930628
-0.000531850242254
-0.000416023669924
0.000309568883104
0.000106454786839
4.18637047078e-05
-0.000623065069775
0.000387576877941
-5.65677820818e-05
-0.000331009095856
-0.0004077057977
2.0970273233e-05
0.000386735524477
-0.000103080909431
-0.000161432773911
0.000264513683331
-0.000135588317521
-0.000446194687623
0.000124459407274
0.000162240833026
-0.000623222209878
0.000665085914602
0.000227301358814
-0.000315629667884
8.83283090477e-05
3.82933586699e-05
0.000349283519276
0.000308820750369
-3.36143327548e-05
-0.000275206417614
-0.000369412439029
-0.000103977150101
0.000455725425024
-0.000351748274941
-0.000173535749755
2.7662963216e-05
0.000254740072985
-7.00308551925e-05
-0.000184709217799
0.000218399120757
-1.14202920195e-05
-0.000206978828737
-1.08820666997e-05
0.000229281187456
1.47946211553e-05
0.000294026129215
0.000181081333391
0.000101646283603
0.000107987435897
-0.00056995039162
0.00046196295563
-0.000190222656653
0.000178802364632
-3.96846158136e-05
-0.000150538040841
0.000465080948158
-0.000640916512284
4.89170259629e-05
0.000591999486454
-0.000217710109117
0.000249940862172
0.000140018768866
-0.000389959631045
-0.000564387668692
-7.65288435478e-05
0.000158893041096
-0.00031158873804
0.000152695696929
-0.000261502507071
0.000648251937332
-0.000529774715234
-0.000118477222074
-0.000197423589012
0.000302779555012
-5.22824060104e-06
-7.93746961194e-05
8.46029367169e-05
0.000260609799715
0.000402945806802
-0.000663555606511
-0.000210362951621
-8.21489511513e-05
0.000419426593061
-0.000434914610002
1.5488016934e-05
8.38642686743e-05
0.000719099131716
-0.000632058755789
-0.000570788549452
0.000562131378158
-0.00059138584049
0.000528376414208
6.30094263372e-05
0.000675115597435
-0.000629797455288
-4.53181422296e-05
0.000157855557215
0.000135271290329
-0.000225540740026
-8.62596852828e-05
-0.000699595539108
0.000158548263198
0.000541047275909
-0.000498240282692
-0.000201355256401
-0.000141597877541
0.000340910828105
0.000223805684798
0.000504467221296
-0.000728272906086
5.62250385943e-05
0.000350703124987
-0.000100762262831
0.000382599621798
-0.000329438283119
-5.31613386916e-05
9.22456395707e-05
-0.000252252979293
0.00016000733968
0.000649575420049
-0.000491027156866
-0.000209957112876
-7.32682188763e-05
0.000283225331742
0.000200360481079
0.000116450680449
-0.000277883454368
0.000119800704797
0.000366366506506
1.62331152766e-05
0.000184867961648
-0.000326465839232
-0.000380874329791
5.14360466648e-05
-0.000144207997444
-0.000294295657635
-8.65786721627e-05
0.000118846023938
-0.000231794168386
-1.83616770271e-05
6.15196385154e-05
-0.0002714767514
0.000262402553556
-0.000428850624633
0.000261785114482
0.000167065510094
-0.000381561947085
5.47889801757e-05
0.000283001684324
9.77526956332e-05
-1.12368943139e-05
0.000377603400807
-0.000292095863738
0.000219852527596
7.2243336138e-05
0.000298808958902
-0.000252017239699
-0.000577580824677
0.000118299661983
0.000459281162691
-6.23908996376e-05
-0.000188862221645
0.000736864102197
-0.000513058417507
0.000154176480843
-0.000516997104477
0.000362820623568
0.00067282013251
-0.000592880469981
3.44457659287e-05
-0.00054971644184
0.000261559876828
0.000363456898343
-0.000625016775169
0.000275470197649
0.000249664649388
-0.000525134847038
7.30733003914e-05
0.000285809509037
0.000229041959324
0.00034146773207
-0.00057050969139
0.000784648138011
-0.000495641622637
0.000543328636866
0.000131786960477
-0.00018269635261
0.000124596400577
0.000463771832448
-0.000752605332331
0.000581818306928
-0.0005329012808
0.000620968128411
-0.000396474502207
-0.000224493626206
0.000189189093327
0.000549427673358
-0.000273957475711
0.000280499304277
0.00046092309749
-0.000741422401759
-0.000319286196777
0.000573534529386
-0.000254248332608
0.000744271136729
0.000721080996993
7.30605689084e-05
-0.000525782266052
0.000452721697096
-0.000183927063664
-0.000108168800077
-0.000593285743793
0.000620252924881
-0.000122719430189
-0.000470566313496
0.000108702542985
0.000563036048434
-0.000671738591427
0.000556120020448
6.41329043809e-05
-0.000347486072931
0.000608095872651
0.000872215781104
0.000611191732127
0.000261024049032
-8.01874278853e-05
0.000307488786691
-0.000388141751755
0.000649701628587
0.000562760283339
0.000185699096055
-0.000255729951252
-0.000555792596718
-1.49959526368e-05
0.000313534003757
-0.000370101785838
-0.000191170260613
-0.000270038657094
0.000449135408092
-0.000179096750991
0.000204169238696
-0.000405516459966
-0.000214714393076
0.000302200046808
0.000290382210666
-0.000609668407451
0.000615760438438
-0.000433931503036
-0.000181828935411
-0.000679992895262
0.000653611724194
-0.000267850248568
-1.24149363178e-05
-0.000610650133476
-0.000629481301043
0.000233006798835
-0.000744319052097
0.000612649782705
0.000536015836776
-0.00043036970443
-1.26940202931e-05
0.000124721411992
-0.000112027391702
0.000432595784177
-0.000411625510934
-0.000157632516684
0.000316525557774
0.00011917091754
-0.000158855533356
-0.000298586371397
0.00050275561008
-0.00013050740465
0.000545279772508
-0.000526529836585
-1.87499359099e-05
0.000576870116817
-0.000568142557297
-8.72755953733e-06
0.000254356663005
-0.00028797099576
0.000494506636383
-0.000421446067455
-0.000350306797871
0.000350879442186
-5.72644336076e-07
-0.000187488432221
-0.000302232127277
-0.000113791542637
0.000312210258714
-0.000383260002565
7.10497438534e-05
-0.000172217922132
0.000159523901836
-0.000486278645807
0.000216239988719
7.95309391432e-05
-0.000373826596779
-2.42570429516e-05
0.000656217171058
-0.000631960128089
0.000384509708333
-0.000278477784154
0.000343822519601
-0.000287225418314
-0.000302956981779
0.000212012580162
0.000113942676938
0.000124525388933
-0.000391965339282
5.11488656993e-05
7.3572546289e-05
-2.82258304207e-05
-2.04918464271e-05
0.000719654237012
-0.000699162390574
0.000337295332716
-0.000657979456492
0.000320684123766
0.000563368814798
-0.000274975905013
-0.000396089220425
0.000243474596305
0.000328328624914
4.23082910611e-05
0.000534561825717
-0.000416369932411
-0.000161210892268
0.000488127686239
-8.28710343129e-06
-0.000479840582852
0.000197141765475
-0.000210007759102
1.28659936194e-05
0.000319989364759
-0.000191235570597
2.90379298768e-05
-0.000201255852013
-0.000473271823741
-5.25104423279e-05
-0.000361543692192
-0.000240488787529
9.78330224562e-06
-8.1902485408e-05
-0.00053887245862
0.000240286087213
0.000627677543381
0.000695150940634
-0.000719407983577
0.000258142126168
-0.000101688416856
0.000289618115593
0.000159517292503
0.000478518534772
-0.000436210243719
0.000153574259078
0.000462186179348
-5.16125480287e-05
-0.00024350817484
0.000295120722879
-0.000488931570953
-3.46506431143e-05
0.000523582214032
-0.00042108907221
0.000229559528472
0.000191529543736
4.07613767408e-05
0.000647329757515
-0.000342283515698
9.29664359024e-05
-0.000500083682411
0.000407117246517
0.000741822934712
-0.00047571344462
-0.000266109490089
0.000502614331116
0.000239208603598
0.00063970886336
-0.000483268765427
0.000248890457472
0.00024596089947
-0.000297573447494
-8.03884712639e-07
-0.000341494161395
-0.000195926370335
0.000537420531732
0.000319030626941
-0.000498090496256
0.00017905986931
0.000231042356497
-0.000351460481729
0.000120418125239
-0.000359375962748
-0.000270105338288
-0.000114711614587
-0.000540772430966
0.000532485327459
0.000414143504526
0.000674659094211
0.000232040367986
0.00036328999924
-0.000132247642747
-0.000360419382878
0.000145704989744
0.000405042736469
-0.000291491541879
0.00038642442658
-0.00073201269503
0.000567909740897
-0.000561152333368
0.000703511498217
-0.000142359164968
0.000189134732239
-7.64574817125e-06
0.000325727599688
-0.000485605095598
0.000159877495918
-0.000160492810399
0.000750645601002
-0.000590152790603
0.000189226907695
-0.000192359219511
-0.000228729852702
-0.000745422276179
0.000584929465784
0.000570563268881
-0.00052561192901
0.000549415995061
0.000231459843774
0.000154964582755
0.000579495004854
-0.000612285632989
-2.03222967579e-05
-0.000298920117206
0.000722703823544
-0.000220089492425
0.000429430649542
8.32683249286e-05
-0.000512698974516
-0.000240210148767
-0.000342090173086
0.000582300321851
0.000767812490691
-0.000376545914835
-0.000391266575842
0.000180950237299
-0.000763790369937
0.000421495927195
-0.000468799331086
4.73034038729e-05
0.000436883720837
-1.53877936591e-05
0.000295179340752
0.000348580720735
-0.000407788674721
-0.000180694793341
-0.000513285406404
0.000693980199742
-0.000169380468946
0.000337160987213
-0.000199315871201
-0.000538369607655
0.000737685478855
-0.00045583733177
0.0001643457899
0.000791200903811
-0.000386158167392
-0.000627717735826
0.000612721783209
0.000139926616335
-3.57182493598e-05
0.000583075161966
-0.000381142781498
-0.000201932380481
0.000150976855393
-0.000334903919061
-6.68653216907e-05
0.000312826221163
0.000551329729801
0.00053204513819
0.000190658685355
0.000202352982501
-0.000340731019292
0.000138378036802
-0.000630416952627
0.000455266247634
-4.61361118882e-05
0.000465562704924
0.000229718542604
0.000353356619353
0.000245109753443
0.000408501970753
0.000261452496232
0.000101837503008
0.000391741197856
0.0004590493958
7.20079487774e-05
-0.000374091080274
-5.59880052158e-05
0.000430079085499
-0.000719064400996
-0.000317319607085
0.000250454285403
0.000426102828451
-7.75221077033e-05
-0.000511419329471
0.000315492959141
-1.32204808148e-06
0.000685610125445
-0.00028266431864
7.56514616825e-05
0.000404197803606
-2.65944028086e-05
-0.000149107499227
0.000136884437954
-0.000307180587908
0.000270567118488
-0.000629943081242
0.000592295225255
-0.00017077900054
0.000272036248843
-1.03299094985e-05
-0.000261706339347
-0.000169054988992
-0.00036981746963
-0.000105815216322
-0.000365166141495
0.00044161389925
-7.64477577688e-05
2.07164974239e-06
-0.000801027726102
0.00059135808541
0.000209669640703
-0.000235554637689
0.000129739421382
-0.000112374100549
-0.000309820569118
-0.00034815888737
-0.000560262572171
3.90316621042e-05
0.000457658650576
0.00018205021278
0.000278690601355
-0.000380500404909
0.000101809803556
-0.000457840683733
0.00026548146422
0.000447103080587
-3.4041213554e-05
-0.000413061867031
0.000109527809283
8.73597480484e-05
-0.000281422499554
-0.000127112843259
0.000220429477126
2.47529460802e-05
-0.00026386178387
0.000239108837779
-0.000155924773602
-0.000645102952482
0.000592498857669
-0.000452837226123
0.000396849220903
-0.000507980399914
0.0005071765152
-0.000267238470043
0.000140125626793
0.000618735797105
-0.000438371390008
0.000440871692202
-0.000105654857833
-0.000335216834368
-0.000697947309061
0.000132990572822
0.000564956736241
-0.000354564700375
0.000584283242968
-0.000419207106545
0.000550994066964
0.000315926588255
-0.000791640032869
0.000393668904122
-0.000537797917927
0.000658288295836
-0.000200629645264
-0.00042780908185
0.000631380832073
0.000292352982497
0.000234373167313
-0.000526726149821
0.000145058560044
0.000473677237062
0.000174453830728
0.000158648626313
-0.000333102457032
-0.000479909703956
0.000391408377461
8.85013264341e-05
-0.000565890926749
0.0003276868656
0.00023820406113
0.000370371126991
-0.000554792006968
0.000184420879855
6.46487680623e-05
0.000429857868302
0.000694207045014
-0.000585504502036
-0.000251851436559
0.000372269561804
-0.00016590217087
-0.000585752559485
0.000718743132305
0.000617222365673
-0.000376936278472
0.000380536383863
0.000110043763355
-0.000361895199905
-0.000444548098746
0.000689657852192
0.000208141933528
-0.000453695416644
0.000245553483136
-0.000550544595816
-0.00051395525548
0.000180659137372
0.000333296118156
5.53994364168e-05
0.0006642548006
-0.000209228962565
-0.000356661964196
-0.000120533226238
0.000399223827604
-0.000195805423518
-0.000284104280463
-0.000286670436032
0.000702135984553
-0.000533967728792
0.00074130191538
-0.000210244895204
-0.000531057020178
9.6361534271e-05
0.000432445783529
-0.000528807317797
0.000219608080576
-0.000235554626399
0.000304232564784
0.000224733414529
-0.000528965979336
4.58714196509e-05
-0.000628254994405
0.000582383574759
-0.000259323148641
0.000389911104285
-8.04708502664e-05
-0.000300029554645
-0.000423550971938
-0.0002068659807
-0.000291131504831
-0.000333885270337
0.000380820043606
-0.00054480777547
0.00016398773184
0.000373220124118
-0.000683040693231
0.000277760839472
-5.72459061854e-06
-0.000302745463959
-0.000155095219774
0.000762889875979
-0.000523681272381
-0.000262776607957
-0.000443436528346
0.000706213136304
-0.000563793662946
-3.45764220449e-05
0.00066299153372
-0.000628415111671
0.000412581450382
-7.39033942332e-05
-0.000338678056154
-0.000308488646694
-0.00038947298066
0.000220092511725
0.000230492454487
-0.000270175527989
0.000643858212915
-0.000373682684927
0.000536502753244
-0.000232270188467
0.000557656192528
0.000183645722845
-0.000166277188559
0.00031336699233
-0.000433900218552
0.000248802790882
-0.000214841863268
-0.000386696593772
0.000634913868481
-0.000248217274708
-0.000157551106643
0.00071520729917
-0.000743303666129
0.000208033813756
0.000142669311217
-0.000336375106982
8.06049413066e-05
0.000255770165686
-0.000118898835255
-0.000626523440928
-0.000673380601365
0.000403205073382
0.000340697329715
0.000141314572094
0.000552892472908
0.000109835986423
0.000171936187703
-0.00069737924477
0.000525443057045
0.000615233713505
-0.000421357137947
-0.000193876575558
-0.000690585689825
0.000353513040989
-0.000194864414668
0.000316698201635
0.000261096760439
-0.000577794962076
0.000228537119733
0.000233833623898
-0.000530525167203
0.000296691543304
-0.000279186878287
0.000198999450392
-0.000683949095307
0.000607420251787
-0.000672485861043
0.00015920045464
0.000242241855443
-0.000694724579123
0.000452482723682
0.000587265320122
-0.000405893001991
0.00037779606457
2.80969374349e-05
-0.000710657588827
-0.000557680316744
-0.000499778772634
0.000644837332678
0.000431138745922
0.000227149549911
-0.00040435535571
0.000487623680626
0.000547700770314
-0.000650757058537
0.000103056288226
1.74669052911e-05
0.00030542186427
-0.000322888769542
-0.000287345379658
0.000602920900664
-0.00055704948101
-0.000348351637396
-0.000165603618053
0.000659509624946
-0.000353155876344
-0.000306353748603
-0.000236613996418
-0.000154271563848
0.00022282055485
-6.85489910199e-05
-0.000141769846978
0.000455136839322
0.000596105712369
-0.000715004547622
0.000683805233531
0.000225502642669
0.000476633341866
-0.000107249623358
-0.000576699471932
0.000396590080644
-0.000101312764168
-0.00029527731647
-1.37739766443e-05
-0.000421140633352
0.000343630156455
-0.000398518699769
5.48885433201e-05
0.000477539076966
-0.000296879939596
-0.000665680943503
0.000518740696021
-0.000454091927945
9.08470622527e-05
0.000483175588264
-6.22628455329e-05
0.000389404286656
-0.00018297361935
-0.000581585360772
0.00046914989957
0.00037049168557
-0.000444395079803
0.000397975405955
-0.00060390137373
0.000205925967761
-0.000160271058652
-0.000218702459458
0.000378973518124
-0.000225271349396
0.000362155787341
-7.04898897041e-05
-0.000576765274822
0.000647255164537
0.000319188074893
0.000162743440685
-0.000481931515578
-0.000196957170967
0.000788315256371
0.000536604929123
-0.000195907599419
0.000316130914461
8.04591661917e-05
-0.00012478509073
0.000265546072513
-0.000317400639601
0.000334867544902
-0.000413449918428
0.000332979068178
-0.000648544385355
0.000650616035108
-0.000414096094039
0.00018882474463
-9.91467741497e-05
-0.000366426509288
0.000209491297082
0.000156935212192
-0.000280888006135
0.000603352154891
-0.000322464148756
0.000599717436538
-0.000706967059868
0.000404593968353
-0.000470015446538
6.54214781908e-05
-0.000469568359766
-0.000196112583734
-0.000539402331391
-5.31034983847e-05
0.000592505829783
-0.000648044598147
-0.000311980639783
0.000685200763902
-0.000211548990867
-0.000130445915067
0.000604123152128
-0.000434755393755
-6.71442477763e-06
0.000441469818545
5.74279397216e-05
-0.00037482857931
-0.000699602059398
0.00027983561985
0.000419766439561
0.000625124955864
-8.23877853039e-05
0.000412076384619
-0.000146359907329
-0.000265716477293
-0.000285973005668
-3.13466014077e-05
0.000417280342514
-3.94842779359e-05
1.05633819567e-05
0.00040671696056
0.000135143041096
-6.61183581239e-05
3.68314533145e-05
-0.000136215685202
0.000159136218355
0.000377468710753
-0.000461849310188
0.00058014897217
0.000698526305138
-0.000466390598848
-0.000232135706301
-0.000602644758418
0.000433682407768
0.000168962350727
0.000354025862345
0.000138799052081
0.000260424775517
0.000248721054709
0.000135788653624
3.2607811352e-05
-0.000284625051057
-0.000205286334668
-0.000158738615668
-0.000422846745172
0.000439080841033
0.000259445464108
-0.000640797483745
0.000312220650061
0.000326001829674
8.86571523695e-06
-0.000661648629516
0.000195258030682
-0.00014261216404
-0.000132696795113
-0.000415861253172
0.000548558048244
-0.000552644980775
0.000492646591616
-0.000715214114073
0.000222567522452
0.000473843351244
-0.000249109936749
6.23928599992e-05
0.000265769121224
-0.000328161981224
0.000358929719343
0.000183196481119
-0.00054212620047
-0.000420357885341
-0.000626412491484
0.000555922601791
-0.000255285775014
0.000582972640605
0.000564855687101
-0.000432487522292
0.000598532920973
-0.000273317813922
0.000383361577284
-5.80489401467e-05
-0.000355400978277
-0.00026015809659
-0.000419351835426
0.000232000131621
-0.000197681482977
-3.78731547412e-05
0.000248457604765
-0.000642250228539
0.000393792623764
-0.000227627457207
8.89141010993e-05
0.000599362865935
-0.000688276966992
-0.000168841566564
-0.000492807062949
0.000295699325542
0.000393039985755
-0.000552310591633
0.000159270605879
0.000215387063635
-0.000375658122279
-0.000215991560602
-0.000283302724552
0.00049929428518
-0.000402526396535
-0.000142281378955
0.000345111281231
9.65026180085e-05
0.000321306634078
-0.000591052030332
0.000269745396257
0.000189739070756
-0.000294655228266
-4.17198787067e-05
-0.000376652097658
-0.0003513621149
0.000728014212559
0.000395501515856
-0.000146780461147
-0.000313969081911
-0.000424192011802
4.55214344629e-05
0.000533579217916
0.000111258114766
-0.000204122866046
-0.00039852189246
0.000311039180906
-0.00017552663013
-0.000565184317415
0.000601814224123
-1.94488586026e-05
-0.000278124588882
-0.000442760783633
0.000436046358845
0.000634483973743
0.000103327840187
-0.000290920900239
0.000187593060045
-0.000327410030459
0.000565614091584
0.00038274173376
-0.000249960347285
-0.000132781386475
-0.000333504591673
0.000102800126033
0.000230704465638
0.000495893280059
-0.000537951991139
4.20587110531e-05
-0.000247119335717
0.000195018204019
0.000116020976872
-0.000267869218901
0.000591387619737
-0.000485063115927
-9.29018634745e-05
0.000287920067488
0.000248733060645
-0.000645510978946
0.000396777918307
-0.00027268085716
0.000601678325113
-0.000328997467954
-3.33818761034e-05
0.000529275156165
0.00054265901176
0.0001725482874
0.000300189474099
-0.000620752768019
0.000320563293916
-0.000531009004004
0.000197944856241
0.000333064147805
0.000389054140449
-0.000154381531503
0.000499315088117
0.000427695841885
0.000386901982884
-0.000329474043151
0.000676181666179
-0.000389208380409
-0.000286973285768
-0.000531240974396
0.00031524941381
-0.000366731015512
-0.000131359480746
0.000688631537653
0.000255427797409
-0.000369886714348
0.00011445891695
-0.000370735615195
-0.000160273388773
-0.000223517163101
0.000620987605805
-0.000299680971725
-0.000194236352414
-0.000244807005997
0.000439043358411
-1.44236727948e-05
6.3670685061e-05
-0.000487162309839
0.000423491624778
0.000175431452864
-0.000596788590808
0.000418681675243
-0.000158256899727
0.000118830311214
0.0003954754465
-0.000514305757711
-0.000190807396594
0.000294135236777
0.000329133366953
0.000194252129975
0.00014290885725
-0.000572784207504
-9.46269429791e-05
0.000524484811244
0.000190099820846
-0.00063273072324
-1.58136620948e-05
-0.000337001322641
0.000161474692504
-0.000116946045264
-0.000617629679749
0.000129995877889
0.000177814006119
0.00044940529146
-0.000627219297611
-0.000196298390194
-0.00033422677701
-8.31400335335e-06
-0.0002374626245
0.000245776627841
-0.000154129418086
0.000695176694007
0.000172845845787
0.000222655670068
-0.000292506623087
-7.7595162752e-05
0.00037463057809
-0.000244634700188
0.00035892415938
-0.000555222549572
-1.70466372135e-05
-0.000211547668815
0.00022859430602
0.000564985088384
-0.000319431605235
0.000103871913453
0.000118948641388
0.000666325732705
-0.000417592672058
0.000381363429174
-0.000125935631766
0.000284141960177
0.000336845645631
-0.000260164847086
0.00022428234214
0.000162864350368
-0.000529595365878
-0.000226465311203
0.00020941867398
-0.000406593652235
0.000603894344212
0.000530463058385
-0.000731818314782
0.000126852071347
-0.000215678930193
-5.09094192568e-05
0.000266588349438
0.000119569761532
6.54632733604e-05
-0.000646150059412
0.000580686786078
-0.000173874669246
0.000383365966332
-0.000576032906631
0.000135753634105
0.00044027927257
0.000505998132565
-0.000442327447504
0.000721237378213
-0.000190774319809
0.000287316427325
-0.000224923567328
-0.000232127870954
-0.000132924361359
-0.000200580230315
0.00052158550786
-0.000774404592588
0.000252819084743
0.000331059226711
0.000354678027183
0.000207420103274
0.000173943325909
-0.000185383680932
0.000188028664117
9.92877632058e-05
0.000250001454334
-0.000396361361665
7.27584452327e-05
0.00037337936163
0.000366314990293
-0.00073969435192
0.000502384556011
0.000186572117083
-0.000444782606666
0.00025821048958
-0.000668448972584
0.000213399722731
-0.000337344316308
0.000346210031553
-0.000180066110454
-0.000368501457805
0.000123866757625
-0.000232111946121
3.44304631555e-05
-0.000390565115351
9.52877988927e-05
0.000190314475576
0.000164363551604
0.000159150899309
0.000317958802189
-0.000477109701511
7.22411372935e-05
-0.000361369018766
0.000730924899759
-0.000582558850183
-0.000342495965673
-9.40332976639e-05
0.000436529263341
-0.000515807562487
0.000191160536191
0.000324647026282
0.000302119326048
0.000299558999063
0.000373050591478
-0.00059606157772
0.000223010986244
-0.000132521879368
0.000764292314377
-0.000631770434988
0.000363160321361
-0.000696784866129
0.000384804226345
0.000563252606629
-0.000103971443939
0.000394325944854
-0.000186905841579
-0.000588407904002
0.000108666750237
-0.000735190191161
9.24688016398e-05
0.000511654350491
-0.000159679702761
0.000428819627128
-0.000119980662142
0.000197515443464
0.000165644877893
-0.000587926557626
-0.000247996388011
0.000530403017231
-0.000282406629186
-0.000616130330907
-1.21246634945e-05
-6.83734837766e-05
-0.000449180835278
0.00068041208843
-0.000187864748136
-0.000492547340278
0.000352801580366
-8.52829870683e-05
-0.000547890209062
0.000679082133027
-0.000131191923944
0.0003697901598
0.000148950536226
0.000564855803907
-0.000191805212432
0.000122386789466
0.00026035494429
0.000160309661996
-0.000271214225242
0.000462743768974
0.000172272150355
-0.000534773832668
0.000558203115682
-2.3429283011e-05
-0.000146875254944
2.14376921933e-05
0.000176897517142
-0.000259215932089
0.000125355297155
-0.000310780893022
0.000177856531659
0.000489321996784
7.31644654054e-05
-0.000142867713766
-0.000167913179256
-9.8068526476e-05
-0.000528343965002
0.000571482910183
0.000114345505646
0.000604397626655
0.000409227787151
-0.000158052606168
-0.000501483282766
0.000659535888945
-0.000144956996572
0.000697849469457
-0.000265751282528
0.000475009440617
-0.000143406095231
-0.000331603345391
0.000103845269807
-0.000519706523012
-0.000565628426643
8.05653107417e-05
-6.10287207823e-05
-0.00060808366148
0.000510015135006
0.000381513478482
-0.000521224471902
0.000139710993394
0.000182793334499
0.000292216106116
-0.000392952806463
-1.6799034925e-05
0.000409751841379
0.000324274107897
-0.000122804805771
-3.6831757228e-05
0.000592754359024
-0.00052436713713
0.000284156988354
0.000139859099729
-0.000710097558013
0.000570238458316
0.000664826139307
-0.000380125204956
0.000396358320221
-0.000554128444396
-9.20216150003e-05
0.00056847143862
2.91257249318e-05
-0.000481783795773
-0.000126299865707
-0.000350432262979
-0.000757403298985
0.000313966770643
-0.000234544898115
0.000428797028097
0.000157615675095
0.00040724012881
0.000133865817002
-0.000324673213601
-0.000490121484367
-0.000748980874202
0.000372328776543
0.000344309193722
0.000340891570171
0.000379043959957
0.000384283728657
-0.000763327688612
0.000716067193453
-6.35741678623e-05
-0.000652493025579
0.000752423321591
0.00029453455746
0.00028843808314
-0.00072718698967
0.000120745367338
-0.000523271763903
-0.000531900656314
0.000567107960139
-1.43882192472e-05
7.42242181719e-05
0.000378229819813
-0.000100921150373
-0.000295963539688
0.000817549047558
0.00021427002718
7.98652095919e-05
0.000331381260465
0.000507366859076
-0.000102513537541
-0.000404853321538
0.000375605107646
0.00027057616168
0.0002287181235
0.000588202286476
-0.000430586611382
0.000162914956913
0.000356270316286
-0.00051918527322
0.000604157583902
-0.000441293233535
0.000538159689671
-0.000728934009475
0.000363960763845
0.000536606052932
0.000409269950298
0.000545501210314
6.49782079094e-05
8.8655146381e-05
-0.000153633354295
0.000443986314528
-0.000478027528078
-0.00066693650446
0.000651122842388
0.000664993317487
-0.000159747103073
-0.000266632725563
0.000291385671634
-0.000248622459426
0.000213125604592
-0.000355993318361
-0.000468810240482
0.000367889090125
-0.000545109562397
0.000217699531926
0.000566436939561
-3.89844654954e-05
0.000664604198544
-0.000142153856858
-0.000151540474016
0.000293694330869
0.000102316858211
-0.000528645718631
0.000438234354318
9.04113643063e-05
0.000174689488463
-2.90549686414e-05
-0.000145634519832
3.42526646332e-05
-0.000603854735896
-1.22755950058e-05
0.000650058705748
6.15846531779e-06
0.000231663998962
0.000207379359446
-0.000441979109953
0.000536339233249
-0.000400585599117
-0.000171937868331
0.0001149872637
0.000265549120159
-0.00034208724442
0.000708402234716
-0.000588950604367
0.00050556645618
0.000332021720347
0.000420401601247
-0.000260351505278
4.88038364592e-05
-0.000217897634175
0.000588268761073
0.000341154951171
-0.000559052585359
-0.000232545080445
0.000675238909396
0.000226586049156
-0.00044507734833
-0.000433873260215
0.000792545632066
-0.00027760548798
-0.000277018426568
-0.000282039165981
-0.000121405589824
-0.000250800319498
0.000752898908663
-0.000502098589169
0.000460331570218
3.38810572208e-05
-0.000494212627426
0.00053562191029
-0.000572453667518
-6.58755734842e-05
0.000138945906662
-7.30703331846e-05
-0.000413791998845
-0.000115803367035
0.000708599413454
-0.000384325918698
-0.000324273494758
0.00052540619552
-0.000697344063844
-0.00063983640194
-0.000344808410963
0.000303088532264
0.000122562011089
0.000306287825981
-0.000428849837083
-0.000258640311497
-0.000214712367264
-0.000451412060012
0.000666124427276
-0.000490290750218
0.000818451979858
8.48077622168e-07
2.67070893786e-05
-0.000365385145533
0.000461902420767
0.000329558008707
-0.000391820854236
0.000400607752561
-0.000488759109057
0.000465437611223
2.33214978318e-05
0.000590190704423
0.000174101609966
-0.000498817147474
0.000591694746507
0.000291439918676
-0.000422799399427
0.000233764509647
0.000160561435216
-0.000283396182075
0.000201247230921
-0.000663973930423
0.000495132363872
-0.000209474833386
0.000375119711278
-0.000553701580674
0.000139909581829
0.00035499513165
-0.000205621109375
0.000463831598956
0.000323334034193
-0.000518298090384
0.000194964056192
-0.000339368846066
-0.000409612028138
8.20392161505e-05
0.000520881684516
0.000496183905249
6.20192104348e-05
0.000578223121402
0.000159424000748
-0.000227972991779
-0.00039516526932
-0.000352892605576
0.000108783959558
-0.000250937816422
0.000677082727959
1.26386841133e-05
-0.000425700551142
-0.000580478764018
-0.0006893480309
0.000672166953061
-0.000146760757523
0.000251442270933
0.000214611596337
9.82146248309e-05
-1.61516024347e-05
0.00010094095914
-5.05247547412e-05
0.000623937972742
0.000224670623309
-3.97904478808e-06
-0.000220691578519
0.000509884784443
-0.000760685103943
-0.000217597874533
6.6617536876e-05
0.000150980337655
-0.000417350054365
-0.000322344297555
0.000357237298555
0.000264245358859
-8.63888272019e-05
0.000389445216638
0.000446972381629
1.84652295916e-05
-0.000498905974955
0.000377500385129
-0.000299280399382
-0.000475124193195
0.000293299583568
0.000272314508008
0.000164976279578
0.000254849706366
-0.000419825985947
0.000218803333045
-0.000437643040864
0.000218839707814
4.34004286429e-05
-0.000630857289985
0.000189564056451
-3.55758835612e-05
0.000700180082116
0.00017214420363
-0.000323684677654
-0.000534626805619
0.00043211326808
-0.000108813914979
-0.000703251807726
0.00021070446746
-0.000649765772538
0.000686940923397
-0.000417056803366
-0.000269884120034
0.000125373407398
-0.000456976752791
0.000334094421764
0.000302615004699
0.000193871769182
9.98225616822e-05
5.72665301216e-05
-0.00033488214471
-0.000289333784272
0.000411895795355
-0.000754983867135
-5.91138399306e-05
0.000378101884168
0.000118038508677
1.01769154548e-06
-0.000343516657913
-0.000155389317045
0.000452530139356
-0.000233726806313
-0.000236926868044
0.000189218685232
0.000194147281095
8.35562929128e-05
-0.000488409614454
0.000322861831489
0.000503569724501
-0.000256198998341
-0.000247370726161
0.000613859186268
3.6199519483e-05
0.000465438725286
0.000472607595184
-0.00051404482801
4.14372328253e-05
0.000228100862874
-0.000177521653853
-0.000692858440912
0.000241446380901
-9.85197123712e-05
9.635433425e-05
-0.000427363430105
-0.000489875252558
0.000513196750388
0.00042307598604
-0.000762444832106
-0.000618025308265
0.000526003693276
0.000503562675577
7.65862965938e-05
0.000340251702572
-0.000757601756938
-0.000466491609471
0.000158697940898
0.000307793668573
0.000186813662063
-0.000458025797851
-0.000138762792955
0.000500012899139
-0.000646773656655
0.000116152096143
-0.000284065275403
0.000120129455533
4.08560611211e-05
0.000120197323552
0.000756612505204
-0.000279677947408
0.000442731147758
0.000292309479854
-0.000735040627615
0.000268821530207
0.000397302897069
5.8126634704e-05
0.000157839731576
0.00044069318939
-0.000284023242851
-0.000500506766339
-1.32322377444e-06
0.000501829990126
-1.43543540667e-05
-0.000625492451742
0.000639846805837
0.000711552677965
0.000263073863636
-2.88621630339e-06
0.000463217786534
0.00048203197509
0.000509119338379
-0.000733885522898
-0.000313236965396
-0.000350318641109
-0.0004794773625
6.24385325124e-05
-0.000552313785073
-3.90570799995e-05
0.000619743866092
0.00024036571686
-0.000352739817417
0.000485175179787
-0.000493133898554
0.000527014955786
-0.000294452578551
-0.000479205180537
0.000714792070222
-0.000235586889687
-0.000490947708155
-0.000115130933355
0.000329742529695
0.000214775019205
0.000502782347894
6.04702587334e-05
-9.27032484614e-05
0.000429709567874
2.93260263355e-05
0.000400383541544
0.000644375634427
-0.000495923541983
-7.68606655246e-05
-0.000136277644104
0.000100429607332
-0.000348414088412
0.000444768422664
6.36706949272e-05
-0.00055680459347
-2.33722453223e-05
-5.13587756927e-05
-0.000288426593463
0.000339785369156
-0.000118012409119
-0.000120774771902
-0.000450499058869
0.000665274078074
0.000306830428903
-4.05420597187e-05
-0.000266288369183
0.00031148829353
-0.000364649632237
-0.000220115949453
0.000299981159041
-0.000179268948793
-7.16688676336e-05
-0.000372070397822
0.000401396424162
0.000589674388209
-0.000719004162785
0.000514881296746
-0.00037342045988
0.000469493513075
-0.000587505922186
-0.000674824829885
0.000599743505403
7.50813244818e-05
0.000153435421712
-0.000348299836373
-0.000465292277087
-0.000400479104568
0.000515648271719
1.13666840774e-05
-0.000363308617672
0.000311949841982
0.000223891777092
0.000656640867044
0.000550617308214
-0.000444907950188
-0.000288977572712
-0.000226608109399
-0.00050232590007
-1.4665126655e-05
-0.000348643491012
-0.00018920229317
-0.00045063410877
-0.000309855737559
0.000217991863255
9.18638742649e-05
-0.000115113933017
0.000234062574399
8.26078483748e-05
-0.000371941632656
4.12480731567e-05
0.000498598292031
-0.000539846365189
-0.000294406313292
0.00058800193048
0.000633302249519
-0.00030416888257
1.70817597083e-05
0.000498566512021
0.000703904737573
-0.000178461680545
0.000619788904551
6.24314499793e-05
-0.000362461004626
0.000676292314456
0.000230938120352
-2.34381434184e-06
-0.000488885755043
6.46937432438e-05
-0.000704688505839
0.000472552799558
0.000561983992296
0.000255940962608
4.95576665776e-05
8.00987800414e-05
0.000226731648861
-0.00032896865318
0.000235756893793
0.000114113449843
-0.000349870343647
-0.000188839246119
-8.73110803908e-05
-0.000472367733151
-0.000174405923498
0.000244446444181
-0.000145158680976
0.000448749603869
-7.05197840558e-05
-0.000382194356274
0.000480299546247
-0.00044423581908
-0.000143270103101
-7.70691850694e-05
-0.000206996090336
0.000489925804655
-0.000197709698542
-0.000379474279833
0.000417156548144
0.000542346558205
-0.000403709757087
-0.000237087726668
-0.000252538650949
-0.000103454667415
-0.000503294384461
-0.000581283424385
0.000290266677819
-0.000537637403979
3.10319500751e-05
0.000107913956586
-0.000493594246716
6.94613758435e-05
0.000201750980495
-0.000271212356338
-0.000428630375181
9.91563320403e-05
0.000108685976044
-0.000244610823147
0.0001359248471
-0.000552695354619
0.000258289041328
-0.000154707912862
0.000390464806648
-2.89358809052e-05
-0.000240112708285
0.000269048589185
-1.21134437401e-05
0.00057409743605
0.000596653883505
-0.000536818736808
0.000649036120819
-0.000112217384007
0.000627602816884
-0.000105703778405
0.000214389754446
0.00013361788668
-0.000175149447303
-0.000419426494109
0.000463921335949
0.000489919615335
-0.000657870140107
0.000121051403299
4.79858215083e-05
-4.65531298169e-05
-1.43269169734e-06
0.000281849760535
1.4016205944e-06
-0.000170942967353
0.000271372574681
0.000158088412666
-0.000202871176245
-0.000494472887594
-0.000206057758971
9.14595862005e-05
0.000696778066976
-0.000695760375426
0.000618641742578
-0.00020148519443
-0.000584892825556
0.0002624286768
-0.000149632207686
0.000247384903312
0.000223112672115
-0.000149948206713
-0.00033220373108
0.000199752953766
-0.000271426782828
0.000193267071538
-0.000609971261824
0.000428142326404
-0.000329607836021
0.000380866823389
-0.000373971235766
-6.89558762563e-06
0.000393505507504
-0.000397907245968
0.000735704787283
-0.000627038037043
-0.000692507562633
0.000628933394779
0.000523231369724
-0.000301454891846
-0.000185252051182
0.0003379477481
-0.00055162663297
0.000709715045637
0.000406276669282
0.000717157115669
-0.000356355705821
-0.00025155541913
0.000111265311009
-9.76391430273e-05
2.45688098374e-05
-0.000535321870346
0.00014555199668
0.000717616833269
-0.000662217396848
4.65338571351e-05
-0.000253529947473
0.000257187882488
0.000253930988804
-0.000747525235521
0.000296763446636
-5.32701803847e-05
0.000317617712586
-0.000130461775837
-3.93336875649e-05
0.000440022839943
-3.54288715877e-05
-0.000498608266624
-6.70201600105e-05
-3.80498069e-05
-7.37562520145e-05
0.000111806058912
0.00024090092054
-8.14769197999e-05
0.000605389512032
-0.000486759155364
-3.29473676913e-05
-0.000407376479258
0.000307354451928
-0.000185394367175
0.000206832059368
0.0001655304827
-0.000156631432145
0.000328903582488
-0.000208323917438
5.41317401526e-05
0.000581737666706
-3.50150424824e-05
-0.000294592793543
0.000234137982728
0.000298523496157
-0.000763815773247
0.000189746868544
0.000767539805445
-0.000524961162331
-0.000242578643082
5.98684507554e-05
0.000167416751299
-9.43936987104e-05
-7.30230525914e-05
0.000206420661177
-3.28366276685e-05
0.000146779304606
-3.47500927289e-05
8.27359142326e-05
0.000626048019556
0.000467932968145
-0.000763896507824
-0.000550896541448
0.000101715706196
0.000513900415709
-0.000198651001874
0.000130051088389
3.73656629056e-05
-0.000396924239884
0.000303972529163
-0.000665341547924
-6.5259696201e-05
1.80635039425e-05
0.000487934628624
9.0578796226e-05
-0.000220647495104
3.5938277301e-05
0.000371564476314
8.13117007893e-06
-0.0003796956464
-0.000136217843342
-0.000527756087083
-5.16221403699e-05
-0.000102011213926
-0.00023102817731
0.000342293488316
1.48369527233e-05
-4.30627831473e-05
0.000350693377735
-8.62605650234e-05
-0.000383754881514
0.00033654943383
-0.000378006575667
0.000191100734089
-0.000200097477115
-0.000541104574344
3.45606701298e-05
1.43222888021e-05
3.47059202405e-05
0.000196232200101
0.0005932760683
-0.000207998581543
-0.000401972680292
-1.86776474658e-05
0.000502627280824
-0.000362833863549
-0.000139793417279
0.000594805828937
-0.000362765460959
0.000332946236832
-0.0003568790451
0.000437338211294
0.000424408774127
-0.000641531512465
0.000676092182597
0.000409400107354
-0.000354611127179
0.000416313042429
-0.000408181872353
0.000402168606894
-0.000129719964317
-0.000272448642586
0.000364601619752
-0.000192457416131
-5.00553986704e-05
0.000508020623658
-0.000237444461956
-0.000662535663672
0.000309379787326
-0.000110131564993
-0.000377030744849
0.000361173781827
-0.000120808064976
-0.000209571227812
-0.000139433413211
0.000102033496813
3.73999163904e-05
-0.000404309682858
-4.00853969427e-05
0.000434778272019
0.000422341715626
0.000252143317065
-2.74726937533e-05
0.000366301799382
0.00031185110204
-0.000678152901385
-8.45765396481e-05
-0.000429729218062
4.6394900007e-06
-0.000299232283547
0.000307221007472
0.000458706627094
-8.12062419681e-05
0.000324356475397
-0.000344678772158
0.000300973791983
0.000245505130447
-0.000145965736963
-7.49748352165e-05
-6.44585779993e-05
0.000274595109657
-6.13578121397e-05
-0.000191945735236
0.000449133617718
-0.000470331230706
-0.000310719079995
4.2005002845e-05
0.000268714077149
-1.19938262089e-05
-0.00013364069363
0.00012578698752
-8.39674913464e-06
0.000648243554993
-0.000217139683124
0.000342494980265
3.9068551192e-05
0.000535028884869
0.000273492990046
0.000260024235653
0.000241945236666
0.00053763506322
-0.000322175588338
0.000676214851008
-7.97561000288e-05
3.77183049391e-05
-0.000588626790448
0.000239291888454
-0.000365227520226
8.41143676825e-05
-0.000553610264723
-3.81045292273e-05
-0.000235318839578
-0.000321190922807
0.000353244479451
-3.20535566305e-05
-1.3815435736e-05
-0.000653656175958
0.000141968612996
-0.00048446457866
0.000243266722512
0.000287136294739
0.000337792456295
-0.000372145584322
6.76043879013e-06
0.000318099053943
8.40695529491e-05
-2.64999906152e-05
-0.00047370941443
0.000500209405008
-0.000174586668183
-0.000386807247394
0.000561393915567
-0.000336484286696
0.000128760410637
-0.000209556141957
-0.000215066036089
0.000306651476836
-0.000105404245913
-0.00091437535767
0.000330698536313
0.000583676821367
0.000260489306058
0.000182012287731
-0.000164028210647
0.000255487796841
0.000196780821346
-1.47685336146e-05
-0.000160986280441
0.000341335928868
-0.000180349648439
0.000566930473052
0.000331569429142
-0.000290713368037
-0.000155336478209
0.000239450845887
-3.51017271885e-05
0.000628377795509
-0.000234881655435
0.000334704217112
0.000109724927945
2.08113096188e-06
-0.000138714687227
0.000256414600059
-0.000572695390894
0.000336813319429
6.64350284696e-05
-5.90274265944e-06
-6.0532285814e-05
0.000144091533967
-0.00028124009545
1.34042610235e-05
-0.000130978097277
0.000346906390642
-0.000215928293356
0.000250850629239
-0.000317013627632
0.000672333823424
-8.9853162595e-05
0.000460382122475
0.000392094331058
-0.000266698357721
-0.000228371400405
-1.1601678288e-05
0.000363650394074
-0.000352048715769
0.000401526640548
-2.77377600324e-05
0.000118872399312
0.000340768766707
-0.000252440457676
0.000466506796863
-0.000765787196238
-0.000290911591198
0.000563226099198
0.000212115732798
0.00021875883066
-0.000277872670585
4.09300180339e-06
-0.000215386789753
0.000313601414589
0.000332792601095
-0.00041269678425
7.99041831767e-05
-0.000268458896531
4.4918078209e-05
-0.000209355374141
0.000642726093263
9.97836959046e-05
0.000488589377943
-0.000588373073855
-0.000208565012223
0.000399665746306
-0.000352291012151
0.000143725999922
-0.000267262495276
7.60068189029e-05
0.000254324348495
-0.000330331167413
0.000750459948485
-0.000493950636744
9.34715321558e-05
-0.000185628956144
-0.000233722879284
0.000775903461862
0.000349023957341
-9.32537916498e-05
4.69680160595e-05
-9.00545225882e-05
-2.73020187302e-05
-0.000177140515934
0.000204442534612
-0.000130637714265
0.000340797870836
-0.000210160156584
0.000657004517406
0.000198007390512
1.04209683779e-05
7.23149458483e-05
-0.000325521671182
-0.000289220701319
-0.000314772971795
-0.000347762691888
0.000143651531301
0.000215691623937
-0.000248532687921
0.000544030421051
0.000471628335146
6.60067280845e-05
0.000176189701001
0.000570961788895
-0.000278608806382
0.000613141827816
-0.000209088286121
0.000208761935193
-0.00022257737093
-0.000204545754808
-0.000365877982706
0.000570423737507
0.000132132219349
0.000564032934309
5.40465303792e-05
0.000280657686732
-0.00010963296924
-0.000534680221673
0.000791094821738
0.000588240647081
0.000312911371787
-0.000406944669442
0.000408199170681
0.000564116400848
0.000218045860068
-0.000112454465191
0.000139466933085
-2.7012467903e-05
0.000330996784801
0.000353604943724
-5.05164114517e-05
-0.000534013634199
0.000532690410432
-7.09353905579e-05
-0.00031437774746
-5.75638852064e-05
0.000516661795973
0.000376280000438
-0.00060840787139
0.000256439013331
0.00032529865337
-0.000531909040323
0.000447332500678
0.000294177258085
-0.000364697042139
-0.000340339960956
-0.000280412807075
0.000268338134701
-0.000239212409773
-6.48623334802e-05
0.000428044313735
0.000264912082419
-0.000460788817607
-0.000435417924677
0.000360528873126
7.48890515605e-05
-6.40237781321e-05
-0.000305862936206
-0.000515261733201
-1.87519009938e-05
0.000251434967004
0.000688176020484
-0.000384203491315
0.00026035115208
-9.19596626726e-06
-0.000460618648733
0.000469814615005
-0.00027754369802
0.000399930487489
1.66190373361e-05
-6.40028263791e-07
0.000556726635375
-0.000310507530111
-0.000246219105275
0.000508217694788
-0.000585078360315
-0.000350606715075
0.000434676268022
0.000492355746705
-2.78222520261e-05
-0.000407595672646
0.000336280788998
-5.7787457868e-05
-0.000307760722466
0.000365548180351
-0.000662350068589
-0.000145997667662
0.00036404352774
0.000638103242477
-0.000672679664533
-0.000132742096436
0.000440214122272
-0.000269302190959
-0.000170911931307
0.000389330389549
-0.000238868940051
-0.000239692100943
0.000376217607976
-0.000326659941392
-0.000297389710957
-0.000358277133913
0.00054519838651
-1.16796545874e-06
0.000469260774249
-0.000404567031018
-0.000337091433938
0.000247238271344
0.000478738662358
-0.000345488193221
7.97339331298e-05
-0.000674158170011
0.000529201173432
-0.000397549244068
0.000122232394242
-0.000522817993339
3.40821438131e-05
8.48015736181e-06
0.000339615547973
-0.000639296519694
0.000352180880565
0.000684729945979
-0.000299925719645
0.000224501299601
0.000284618038772
0.000677858824256
-0.000336967254091
0.000460738280068
-0.000155540490048
-0.000305197790029
0.000122745700401
0.000164514466442
0.000182391924206
0.000252718569085
-0.000639060406963
-0.00047365640696
0.000607718698821
-0.000453414428975
0.000549775963242
-3.71270239543e-05
2.25592149549e-05
4.97557308874e-05
-0.000303176845301
0.000445145458299
0.000193088517881
-0.00029849276379
-0.000126456117332
0.000319544635221
-0.000183785369929
-0.00020498711025
0.000321008087122
-5.31703779657e-05
-0.000578017222455
0.000212139239745
0.000419807807007
-0.000696826233579
-0.000322755596707
-8.79526090113e-05
0.000559580944162
-0.000326428888425
-0.000211369029518
0.000656679081356
-0.00063446856988
-2.22105114828e-05
-0.000261199205323
0.000600826650346
-0.000361232571346
-0.00023959407901
0.000349796976551
-0.00034839535595
-0.000708975246535
-0.000226556415719
-0.000371505075653
-0.00029084499294
-0.000177023538944
0.000212961816238
-0.000527203303339
5.68720726388e-05
0.000497994289646
-0.000566482926591
-8.3006077907e-05
0.00064948900452
-0.000642452651167
0.000506234807832
-1.26021804817e-07
-4.53925699341e-05
-0.000732684216005
0.000412769338865
0.000319914877151
-0.000364700127114
-0.000485294664414
-0.000623921971897
0.000753315635733
0.000592719802328
-2.0797205115e-05
-6.18948689179e-05
0.000596923753796
0.000145957159771
0.000474531229031
-4.68353871752e-05
3.85601727452e-05
-0.000655112932759
0.000199145482394
-0.000337860169623
-0.000325725999948
0.000341135473655
-0.000187145297258
3.59634759765e-05
0.000739415201159
-0.000101311958688
0.000536053005773
-0.000106381645801
-0.000378082932854
0.000270583348429
0.000308004708966
0.000426976083279
-0.00071583048047
0.000288854397201
-0.000315757329031
9.49043702749e-05
0.000589437252269
-0.000698297495047
0.000573512404316
0.000188838110779
5.06127351055e-05
-8.07256874806e-05
-0.000413224949286
2.73938252399e-05
-0.000288804187276
-0.000118140482158
-0.00066853179554
0.000182532828388
0.000181510699362
0.00051938778891
-0.000639923223138
-0.000395185833072
0.000320413843268
-5.98772383559e-05
-0.000104348975028
-0.000384838839872
-0.000560654303134
-0.000572491247989
0.000412744144918
0.000551727543341
3.6513103742e-05
-5.53899677202e-05
-4.07422136895e-05
-0.000240497881769
-0.000461787720929
-0.000452587636732
0.000162670424258
-0.000131998420282
0.00022078808465
0.000239594037838
2.51568246141e-05
0.000520041561894
0.000361123474625
0.000508971144787
0.00048081232031
-0.000421102287139
-0.000263016519256
-0.000493121159522
-0.000153145529761
0.000332347219074
0.000738483623785
-0.000589430724854
-8.35358211578e-05
-0.000637054208064
0.000650073990561
-0.000545439017337
0.000544271051875
1.60005831771e-05
-0.00077616025718
0.000760159673985
-4.29141758518e-05
0.000229981742126
0.000219151875586
-0.000337807732686
0.00027645595376
-7.82012846603e-05
0.000682598911315
-0.000541818620587
0.000488648242623
0.000427989132634
-0.000282838296331
0.000755391095897
0.000181278240749
0.000220248399807
-0.000125158747309
0.00021151012936
0.000245296217674
-0.000513165436584
-0.000338811112955
-7.2064925192e-05
0.000364924752598
-0.000500152181612
-0.000680419690259
0.000380493970599
0.000555117824555
0.000153267446664
7.95896947256e-05
7.53559836378e-05
-0.000595022277789
0.000188428625553
0.000608840506708
0.000289833900497
0.00027461896216
-0.000635851533521
0.000223475715956
-0.000420872278587
-0.000743467875178
0.000354705797091
0.000388762078097
0.000374148324543
-0.000329457147665
-0.000306100606901
-0.000248691400083
0.000149858716516
-0.000500858387167
-0.000365954667293
0.000233173280816
-0.000293603374968
-0.000501542186107
0.000391260661726
0.000110281524388
-0.00026061188326
0.000145706267486
5.13201255792e-05
-0.000438391898102
-0.000314840981571
1.85939169703e-05
0.000536431788264
0.000598013566347
-0.000906760268221
0.000425239858313
0.000498646424106
-0.000367924299426
-1.92453354809e-05
0.000415603655698
0.000670119918507
4.81303414314e-05
0.000240572509258
0.000314545315303
-0.000234980123349
-0.000195663726472
0.000469374466732
-0.000455052177923
0.000157613849165
6.67962457252e-05
-0.000224410094893
0.00060985622138
-0.000176173813508
-0.00070430946161
0.000457190125895
-4.6253004635e-05
0.00016850748884
0.000343736247629
6.33296085482e-05
-0.000374444915434
-8.65306134193e-06
0.000235221515405
0.000262772774237
-0.000167650571871
-4.20623895704e-05
0.000209712961432
-0.000211953714914
0.000187622612969
-0.000372381554754
0.000497867261723
-0.000503850525689
0.00057032146031
-0.000239636107684
0.000525055415901
-0.000668616822993
0.00031847841241
-0.000126186894509
0.000694121860839
-0.000174734071935
9.94534441637e-05
0.000221554642953
-0.000361124683377
-0.000654456158509
0.000632245647025
0.000258999277323
-0.000557259169497
-8.51934816731e-05
-0.000243620005954
-0.000558986000005
0.000281380512019
-0.00017924878202
0.000413013291678
-0.000903051821302
0.000710858613696
0.000494432771194
-0.000569605427394
0.000606118531135
-8.59542689583e-05
-0.000453892096233
0.000466616645368
-0.000238572156742
0.000227217602539
-0.000481924649823
0.000176726859792
-0.000735781609057
0.000258008225201
-0.000530017998891
0.000223917391948
-0.000552320708112
-0.000350731113136
-0.000346109341757
0.000409934918486
0.000151458997082
-0.00050177422086
0.000142621436871
-0.000700301753551
0.000614729950795
0.00032199489741
-0.000706198388719
-0.000253685111802
-0.000270839250841
0.000405994522827
5.64425921617e-05
0.000370636595027
-0.000446606133473
-0.000462334711901
-0.000396726843133
-0.00021703849424
0.000249559078754
-0.000389958947379
0.00014039986864
-0.000145626754311
-0.000231784924571
0.000482168145925
-0.000293795780246
5.45833704654e-05
-0.000247873805314
0.000463603030931
-0.000283849179496
-0.000484891025865
0.00039654934157
-0.00054520003651
0.000148650694936
-0.000587148932953
-0.000520526121852
-0.000629063458853
0.000752597824598
-0.000363835746494
0.000246223560171
-0.000131732374895
0.000528281716462
-0.000346081605855
0.000271569663842
7.45119420104e-05
-0.000199096178285
0.00038060687766
-0.000193204679454
-0.000517676658222
0.000321039773676
0.00019663688456
0.000332626724974
4.95716925627e-05
0.000613419841158
0.000239839642799
-0.000579601323485
-0.000413786711643
0.000179877339845
0.000632410885041
-0.000453073877379
-0.000181181497929
0.000332036259952
0.000193019155945
-0.000210081607529
0.000489881804043
-0.000396410271895
-0.000426970556305
4.28150838024e-05
0.000508763119743
0.000353851653124
-0.00071768739961
0.000409212845237
0.00012354584229
-0.000352346735593
0.000568505085947
0.00046239926922
-0.000295333759141
-5.49911344333e-05
-0.000439221492985
-0.000280374809737
-1.38904399413e-06
0.000187184659187
-0.000287946922023
-0.000233629320662
-0.00031807068069
0.000520043624378
6.51631035765e-05
-0.000585206727955
-0.000374483501666
-0.00011040752421
0.000466373298929
-0.000397772522458
-0.00037500969321
-0.000232512905354
-0.000295391190665
-2.74975788661e-05
-0.000472981732984
0.000239258853694
-6.43707599422e-05
-8.572666157e-05
-0.00047771103805
-0.000429397323647
0.000688842787757
-0.000103891286697
0.000623934911082
0.00019444530248
0.000628927447491
-0.000294833025724
-0.000450931259438
-0.000557863540173
-0.000336744524162
-0.000175703083203
0.000656753132924
-0.000461495102243
-0.00025723061708
1.18179721047e-05
-3.97770945156e-05
0.000311346758362
-0.000678072735538
-0.000475010251644
9.35029176118e-05
-0.000585204665471
0.000491701747859
0.000120503746697
-0.000550873451177
-0.000458332278455
6.19220065515e-05
0.000319670388672
-7.24321173305e-05
0.000582151160236
-0.000618857082946
-9.53366045633e-05
-0.000221150676301
0.000227355809278
-0.000428395117142
-7.1757064498e-05
-0.000117760264703
0.000291070265303
-8.8109332709e-05
-0.000143815835025
0.000518752240229
0.000111122121578
-0.000629874361821
-0.000231760561785
0.000420074760426
-0.0002651101777
-6.24950734498e-05
-0.000458185505458
0.000155953378192
0.000389009252887
0.000301483433863
-0.000246900063404
-0.000203131342912
-0.000295515081193
0.000287467296127
-0.000159795182565
-0.000387002470236
0.00062673967613
-0.00034362236879
-0.000138309146786
-4.62225919248e-05
-0.000622829595996
0.000161334493756
-5.23377556375e-05
-0.000650018989491
0.000526532573376
-0.000416251048982
-0.000218750866417
-0.000559521152081
-0.000434076954322
-0.000391013663239
-9.61133884811e-05
0.000476993151871
0.000186445439753
3.83053535171e-06
-0.000422663180214
-0.00063164737378
-0.000280532049254
-0.000360650886865
0.000286138944854
-0.000618326906684
0.000130438858045
-0.00055851621988
-0.000131127848133
-0.000109885938156
0.000609949066488
8.25645456995e-05
-0.000639823715196
-0.000456992412927
0.000113386256541
-0.000549082828082
0.000590252022634
1.96970438537e-05
0.000682810598913
-0.000200642452995
0.000161996316964
-4.09356760808e-05
0.000161870295156
0.000134857827249
0.000590018504163
0.000197289091515
0.000154817563538
-0.000102074047313
0.000198187435794
0.000495612110902
-0.000331266321003
0.00051511529697
0.000200278351761
0.000203678272285
-0.000276110389609
-0.000520503503058
-0.000138103339396
0.000667304512835
0.000443174491217
0.000233224495202
-0.000604361921488
0.000371137426272
-0.000493198803915
0.000609140083415
-0.000488636336734
-0.00044799419393
-2.07318226033e-05
0.000161145889479
-0.000684749534463
0.000530622312384
-0.000370744816477
-7.00195836621e-05
-0.00059506633094
-7.66722604698e-05
-0.000402627038328
-0.0004925704409
0.000653716330375
-0.00055516342484
-7.47109369823e-05
-0.000220064430389
0.000663238921588
-0.000305242788747
0.000460060352291
0.00041234645464
0.000209872508223
0.000199355991384
-0.000192015466862
0.000330899338649
-0.000570493417656
0.000531177690405
0.000292605533657
0.000489894625166
-0.000444555140342
-0.000258109700595
0.000211635757146
0.000197372798992
0.000401374827878
0.000462085509036
-0.00013232549475
0.000207324351696
-0.000699123146243
0.000491798794579
0.000148701612867
-0.00067069622273
0.000486354652927
0.000304740168818
3.06715741764e-05
0.000383806025141
-0.000414477599345
-1.84357006085e-05
0.000477401057127
-0.000458965356548
3.99320540818e-05
0.000327833882906
-0.000367765936992
-0.000423812455653
0.000631136807357
-0.00041052064661
8.38607052285e-05
0.000311364314569
0.000292079382956
-0.00054077078304
-0.000387808309094
0.000646807586426
0.000130508332702
-7.97271527794e-05
-5.07811799795e-05
7.94994263996e-05
8.92490270615e-06
-9.1205720458e-05
-4.50284121975e-05
-0.000131438192512
0.000176466604662
-7.38771773201e-05
0.000248794269196
-0.00017491709191
0.000127290782496
0.000570736291231
-0.000237672143411
-0.000384882249496
0.000559292245933
0.000117000068515
0.00015127048473
0.000588144716414
-0.000764690325888
0.000679496844202
0.000516729023762
-0.000725549871012
0.000800321423575
-0.000348843636391
0.000237733365583
0.000696667886652
-0.000190433078823
-0.000487111744695
0.000238115753378
-0.000607933223017
-0.000493906269929
7.2460202491e-05
0.000466717933009
-0.000306967450065
0.000508899830546
0.000389508049886
0.000702653609504
-0.000376365839821
-0.000738914367463
-0.000683070061618
0.000408464118353
-0.000565905093246
0.000843377978418
-0.000642950985834
0.000530980294453
-0.00013935753843
0.000262258194455
-0.000224359679591
0.00012242819748
-0.000386449446009
-0.000455675443926
-0.000351050382095
0.000296161838775
-0.000362638984248
0.000449202004389
-0.00027397711288
-0.000353905324324
0.000213505455684
-0.000419882545834
-0.000184497711432
-0.000465803741038
-0.000558963827888
0.00039869043914
-0.000488378170945
0.000539090982572
-3.72609924405e-05
0.000505715614278
-0.000591141304486
-0.000251700337622
0.000534106966808
-0.000257651013018
6.57720383194e-06
0.000256218080826
-0.000393573807721
0.000310627873212
3.7898966452e-05
-0.000627458644315
0.000579328302884
7.76762145155e-05
0.00017361579304
-0.000393708304765
-0.000342022980982
0.00054092159609
-0.000364747782582
-0.000114227728696
-3.4194334606e-05
-0.000106390545366
0.000167266428543
0.000231149948112
-0.000537576440548
0.000648550577948
3.24589066099e-05
-0.000266973202411
0.000318404827215
0.000615120049867
0.000372085289374
-0.000312029954948
0.000550145708317
0.000461185420647
0.000390905436319
0.00078493713903
0.00036916347424
0.000306581720711
0.00073184053333
-0.000259514115533
0.000707234410583
0.000215098038535
-0.000269543044734
9.69980166688e-05
-0.000177002197987
0.000715938393932
-0.000427083996717
-0.000249326451865
0.000273924756139
-0.000153347402059
0.000503929316666
0.000635287030616
-0.000599311528373
0.000388607060914
0.000283067910842
0.000191709448834
-0.000144593115097
-0.000201159701755
6.02375031985e-05
-8.12423040246e-05
-3.83816448851e-05
0.000141968974653
-0.000211245969921
-6.30580756083e-05
7.75516261757e-05
-4.14330758615e-05
1.29935775901e-05
0.00041981057838
0.000480573663425
0.000467838896849
-0.000403705992514
0.00020220292543
-0.000268475596405
6.62726709815e-05
-0.000368284728831
0.000272138627802
9.6146101055e-05
0.00039332395711
-0.00034200383153
0.000407735825489
-0.000247174390271
0.00074921033801
-0.000356551086311
0.000644717564932
-0.000717380696566
-0.000293562011687
0.000568041197462
-0.000533934867379
-0.000204979500145
0.000398484726938
-0.000409313207535
-0.000380692791364
-0.000319696706037
0.000670414558609
-3.49247988211e-05
-0.000363961032331
-6.47343950174e-06
-0.00035149922058
-0.000183025946851
0.000326751946772
-7.5449031795e-07
9.82527492607e-05
0.000407462865061
0.000255465754555
-0.000493137897934
-0.000718486899726
-6.2131458101e-05
0.000470338038649
0.000498227788911
0.000507903749036
-4.32412790228e-05
-0.000464662470051
2.43222916275e-05
0.000317437867165
-0.000214581083454
-0.000102856783713
0.000164292337417
-0.000298116904619
-3.87984405032e-05
-0.00025931846413
0.000333291881962
-0.000168999544549
0.000425217961302
-0.000400895669674
0.000287906735995
0.0001672023975
0.000425303432283
-0.000189749302393
0.000488320699069
-0.000371320630558
-9.7374946565e-05
-0.000352468860544
-1.58158682942e-05
-6.1256928971e-05
-0.000150265935111
2.37218329709e-05
0.000501511095344
0.000247699242661
-0.000357594120585
-0.000335675549904
0.000313042717745
-0.000275449626038
0.000594080387724
8.54164564616e-05
-0.000299788967005
0.000466991364505
0.000416562260827
-0.000606311563209
0.000403647308894
0.000529931876828
-0.000669796039535
-0.000119612523951
-5.44450061984e-05
2.45983042649e-05
-9.44474587689e-05
-0.000246382169698
0.000586927551806
0.00069564560514
0.000388042439832
0.000230142909828
-0.000253233778705
-0.000142785228404
-7.82121428629e-05
-0.000169819837413
0.000167551965164
-0.000215185577909
-1.7205994961e-05
0.000204052810648
0.000212687025653
-4.72632565811e-05
-0.000327604403164
-0.000175317123208
7.50149654624e-05
6.74589331659e-06
5.95078832827e-05
0.00049748679289
-0.000258162275749
-5.64630162497e-05
9.45254318117e-05
-0.000225462560791
-0.00030637023786
-0.000312422047001
-9.57231393901e-05
0.000198579923103
-0.000164149459933
0.000202947900437
6.46168574767e-05
-0.000400045612576
0.00017320942984
0.000325560379672
-0.000411161657138
-0.000471360798895
0.000532560171329
-0.000200018162093
0.00012690715835
-0.00073100089712
-0.00063890927216
-0.000525127001986
-0.000223794121872
0.000774576656551
0.000691410566783
-0.000979127578828
0.000912204977818
0.000601012724535
0.000288565026432
0.0004242636178
8.6594831776e-05
-0.000443885424632
-0.000454936690383
0.000585608419565
-0.000671224841949
)
;

boundaryField
{
    bottomWall
    {
        type            calculated;
        value           uniform 0;
    }
    leftWall
    {
        type            calculated;
        value           uniform 0;
    }
    rightWall
    {
        type            calculated;
        value           uniform 0;
    }
    movingTop
    {
        type            calculated;
        value           uniform 0;
    }
    front
    {
        type            empty;
    }
    back
    {
        type            empty;
    }
}


// ************************************************************************* //
