/*--------------------------------*- C++ -*----------------------------------*\
  =========                 |
  \\      /  F ield         | OpenFOAM: The Open Source CFD Toolbox
   \\    /   O peration     | Website:  https://openfoam.org
    \\  /    A nd           | Version:  14
     \\/     M anipulation  |
\*---------------------------------------------------------------------------*/
FoamFile
{
    format      ascii;
    class       volScalarField;
    location    "64.999999999946";
    object      p;
}
// * * * * * * * * * * * * * * * * * * * * * * * * * * * * * * * * * * * * * //

dimensions      [0 2 -2 0 0 0 0];

internalField   nonuniform List<scalar> 
2646
(
7.71638848164e-10
0.00017481251002
0.000357871201379
0.000635871407079
-0.000110645043719
0.0160851894296
0.000951571990279
-0.0128058202085
-0.00733033416051
-0.0212168453389
-0.00311928130924
-0.0104398320501
-0.0299698561308
-0.0169795426279
-0.0200036251937
0.00746393536048
-0.000577253644167
-0.0001990076774
-0.0064739161515
-0.00304584354433
-0.00266729994032
-0.00114479678538
-0.00216919647414
-0.00429659541907
0.00966807280922
0.00339253657506
-0.0092513003984
-0.00825935693169
-0.0160936307661
-0.00464213642436
-0.00241607949727
-0.000574245319244
0.000492924947864
0.00701567860513
0.0106532077747
0.00106936825846
-0.0103728532298
-0.0193187854222
-0.0334864928599
0.00097293606793
0.0141283354952
0.00862302959075
0.0070695557748
0.00673232489563
0.00743770713164
0.00716131483013
0.00772236667655
-0.0055966538406
0.00338574287071
-0.00199695392979
-0.0137064462569
-0.0195608043665
-0.0215271982879
-0.0208116021574
-4.72473623767e-05
0.00154805089989
-0.0113746160156
-0.03015999628
-0.0300661500271
-0.0255279099399
-0.0157946112459
-0.00468254677518
-0.0318525656207
0.00122583145131
-0.0205715089457
0.00233800332632
-0.00706813968062
0.00160312362483
-0.00430090872146
-0.00245919582843
-0.011700750243
-0.00023538309607
-0.00355685177062
0.00166351641346
-0.00552351094316
-0.0250572864985
0.000453082412854
0.00127857887381
0.00445164466371
-0.00412072629864
0.00115097877625
-0.00332532596116
-0.0204396170761
-0.021055921378
-0.00736652202568
-0.00774054485768
-0.00302173402344
0.00848110154149
-0.0334339164549
-0.0262589548227
-0.0587207501726
-0.000627807765607
-0.0554623910814
-0.0538579488164
-0.0585127721792
-0.0386224141334
-0.0264587310291
-0.0571345182603
-0.00122037325772
-0.0447494488032
-0.00272735105373
-0.0410630999418
0.00295554904511
-0.0410693670058
-0.067817444242
-0.0401830925334
0.0135582115532
-0.050903877564
-0.0102353628063
-0.0406065773413
-0.0247398269317
-0.00352228179139
0.00693407684915
0.00737279496953
0.01371362743
0.00826477743015
-0.019261913093
-0.0512652152636
-0.0596597183909
-0.0364460151193
-0.00756690966461
-0.034449499044
-0.0158173201385
-0.00353198153876
-0.0172615015897
-0.00106433465477
2.14236714992e-05
0.0252729527396
-0.0332106782271
0.00351988398804
-0.0529186372431
-0.0364325854516
-0.0561388635201
-0.0628608948738
-0.0282209315879
0.00480506423499
0.000216132637102
-0.0496495821589
-0.0405970752312
-0.0477218264388
-0.0582533604492
-0.0435308745219
-0.0238381882908
-0.0567010410034
-0.00369192975148
-0.0485785085417
0.006977280785
-0.060245076311
0.017458574182
-0.047691110191
-0.0231238299465
-0.0656076860044
-0.00697990427315
-0.0207047724499
-0.0111108545643
-0.000447964210782
-0.0355553793351
0.000903034615846
-0.0141284237234
0.0153933004439
0.054040903022
0.00707461751532
-0.0195794682519
-0.0675147064342
-0.0504576073414
-0.037431672368
-0.0273080408098
0.227319735898
0.0609983494412
0.0673325010845
0.0521430189887
0.0552555818356
-0.0225109247461
-0.0271000851305
-0.000346976735488
-0.0019782278909
-0.00841311944273
-0.0139393411299
0.000462179258278
-0.000263401311214
-0.0180221261537
-0.000150265736742
-0.0139686760308
-0.00822916395556
0.00502686387086
0.000274087807809
0.0101416989481
0.00751306988858
-0.0312316951856
-0.0211241993074
-0.00225025540722
-0.000765831547333
-0.0174450183959
-0.0175913828164
0.000122777053329
0.000787063798015
-0.00196492242253
-0.0104108587017
-0.00947883300692
-0.0208135665759
-0.0081936739659
0.00334144535694
0.00424831506809
0.00460776709875
-0.032464945891
-0.00978473428844
-0.000403643071265
-0.0610875344326
-0.000191096981614
0.00331541087779
0.00721298688819
-0.0673197785046
-0.0434383345023
-0.0615208776167
-0.0649014129398
-0.0292461442631
-0.000256114802582
-0.00205345317425
-0.0065208664773
-0.0536487349372
-0.0578640018759
-0.0383484830681
-0.0251806288559
-0.0402569927459
-0.0343339669966
-0.0108129474073
-0.00670968485459
-0.0160495177011
-0.00414216111447
-0.0400592845309
-0.032005472525
-0.0198843620814
-0.0683092800046
-0.0390708113058
-0.00202246526978
-0.0102538485479
-0.0432371467711
-0.016874628718
-0.0112775736603
-0.0694888828329
-0.00787148217701
-0.0603937714482
-0.0692135494206
-0.00437843818021
-0.00286813552022
-0.0519160095704
-0.0496372794624
-0.0225359125229
-0.0240211281672
-0.0605850060841
-0.0605491044972
-0.0542725458098
-0.0743968678704
-0.0686205156449
-0.0521213056314
-0.0519990449652
-0.0435860126092
-0.04216010137
-0.0676611648614
-0.0140406188554
-0.0132615343694
0.000490333961748
-0.0724250301733
-0.0713310081274
-0.0558210679447
-0.0478160368713
-0.0497507810844
-0.0681414688107
-0.0531921138775
-0.0733305916642
-0.0668532930141
-0.0585765486784
-0.0272572220005
0.000775349273334
-0.00881837904469
-0.0448248164688
-0.065597477944
-0.0630454785177
-0.02576545705
-0.00245357145914
-0.0373692373578
-0.0607251716349
-0.0340990163404
-0.0655569905558
-0.039329832476
-0.0202889702167
-0.0161777191698
-0.0136313157846
-0.0110047803144
-0.0295194348749
-0.0617006585144
-0.0390342694645
-0.0430576602121
-0.0181855238411
-0.0420680514548
-0.0125131108513
-0.0327508760564
-0.0494254786396
-0.0150322059306
-0.0652451973038
-0.0328662817284
9.03339948992e-05
0.00668607855414
-0.00515219226802
-0.00112638158025
-0.0341129218623
-0.0349777988942
0.00107376446044
-0.000351922961115
-0.00486901345374
-0.0387694135325
-0.0110521937189
-0.0267614718327
-0.0652881420161
-0.037414379254
-0.0349870899429
-0.0180468766887
-0.0346283093615
-0.0168313110167
-0.0337631910661
-0.016108067674
-0.0172842987167
-0.0493178184472
-0.0415495591421
-0.0257185175475
-0.00104319139152
-0.00248649776727
0.00101587478373
-0.0540832050471
-0.063411939917
-0.0678769811062
-0.0706777296533
-0.0289662220657
-0.0568718750272
-0.00995685319404
-0.0629783620149
-0.00761105909249
-0.011384631371
-0.00633263870488
-0.0665344745889
-0.0893703183517
-0.0950043230071
-0.0990914044394
-0.0235191355325
-0.061315002397
-0.101701389655
-0.0319382717013
-0.060198301457
-0.0959614957988
-0.0104248048977
-0.0765588968294
-0.0652115856064
-0.0447489134451
-0.102911054228
-0.0482867107612
-0.0944885671409
-0.0935512473009
-0.0985983027395
-0.102784673056
-0.0998057640371
-0.0954661089251
-0.0961282682184
-0.0349746433229
-0.0323602571471
-0.0362693135951
-0.0957546258891
-0.0884297120444
-0.0648676134785
-0.0654961695504
-0.0460122684211
-0.0411243818523
-0.0943900302535
-0.0372094167481
-0.0404539903068
-0.061235959888
-0.0987711701393
-0.0915208253954
-0.0581679322651
-0.0659790341653
-0.0899868889554
-0.0986760696099
-0.0566107839162
-0.0565990870179
-0.0984248486976
-0.0915304816495
-0.0682875372788
-0.0661279919737
-0.0999454589125
-0.0378819226506
-0.0618592597766
-0.0996876808423
0.00716449401659
-0.101661379538
-0.0408806625971
-0.0643992903957
-0.0279611093919
-0.0776969706769
-0.0414103289807
-0.0908596059144
-0.0876569379713
-0.0981986825509
-0.0755736962174
-0.0989182233165
-0.0477495492415
-0.0970948732127
-0.0903657092147
-0.0957720636562
-0.088400692753
0.00378758755652
-0.103140522592
-0.100962498476
-0.09913721312
-0.0992437573374
0.00373999649143
-0.095591146731
-0.0981259430515
-0.0335920196658
-0.0999524669907
-0.0996221287195
-0.0456449390425
-0.0366367432755
-0.0586073008236
-0.0051309148309
-0.0400547045659
-0.0967277276913
-0.0998406384986
-0.0370004114138
-0.0964241411509
-0.101435615783
-0.0225229847119
-0.0950048738376
-0.081501638486
-0.033567441488
-0.0332409216241
-0.0358178328378
-0.0592165283991
-0.0640305958527
-0.0969901963152
-0.0943064825563
-0.0357745958684
-0.0391872297002
-0.00647713127172
-0.0165059647746
-0.0955600551692
-0.00286533101084
-0.0911490104725
-0.000671371316902
-0.0321873243052
-0.0967362477065
-0.0320516760739
-0.0979949850939
-0.0302298230724
-0.0899968238928
-0.00209886134661
-0.0903433871394
-0.0950627239371
-0.0913208514093
0.00782984140406
-0.0987414327666
-0.0980840882286
-0.0987423110038
-0.0113554428172
-0.0879172160841
-0.0960569917689
-0.100344302588
-0.0904282498947
-0.0945426286451
-0.00175630798202
-0.0946235147519
-0.0653944732247
-0.0985253516935
-0.019440147644
-0.0255426154892
-0.0275348620176
-0.0630798650463
-0.0364598498784
-0.0717852038456
-0.081034871896
-0.0906989036021
-0.0775591345677
-0.0364468057788
-0.0632758092164
-0.0627559171684
-0.103269903628
-0.0430190443179
-0.0352297546614
-0.0460924943429
-0.0432577742127
-0.0785601303309
-0.0527274838289
-0.0755572771155
-0.0501037675954
-0.0579823023519
-0.0521765680675
-0.0945547105593
-0.0564227113987
-0.0583009300916
-0.0573019183939
-0.047840961647
-0.0603264713251
-0.0220908966416
-0.0369854024855
-0.0322232212911
-0.0976261765739
-0.06868792535
-0.0293904270068
-0.0999687146141
-0.0363440415986
-0.0925753010635
-0.0980086135284
-0.0858582654436
0.0106860542701
-0.0101449695406
-0.0725710859168
-0.0626145918699
-0.0327097026609
-0.0651247784522
-0.048487731414
-0.0422967633589
-0.0407248570982
-0.0184143277785
-0.0299572831759
-0.0992263633056
-0.0854324594618
-0.0979304145627
-0.100201246675
0.00315371840637
-0.0974001263803
-0.0591220063114
-0.0563052417032
-0.0970318221676
-0.0544940893663
-0.0924901261753
-0.00383646727526
-0.0781141812237
-0.0870337667268
-0.0980883609129
-0.0833935253463
-0.0901280001179
-0.028408753306
-0.0914868203174
-0.00800249687739
-0.0101052475959
-0.101050862107
-0.089457237684
-0.0999925877702
-0.100849020731
-0.0426076370946
-0.0659177821994
-0.0130034485113
-0.097059440768
-0.029471497586
-0.0981914361996
-0.0940905307921
-0.0593256492958
-0.0668547608116
-0.064081582234
-0.000979684868395
-0.0966610322947
-0.0971308649588
-0.0556877695348
-0.092205481662
-0.0962809054527
-0.0691712432595
0.00577191943882
-0.0693971381374
-0.0334701349876
-0.100299341462
-0.0853175862908
-0.0603684912907
-0.0609169046419
-0.0871993422203
-0.065915636436
-0.0897721704659
-0.0340855359555
-0.0343431762057
-0.0643656580157
-0.00227401167049
-0.0821463436595
-0.0356193480742
-0.0284001182507
-0.070127503682
-0.0957051651392
-0.0836417385586
-0.0668557708434
-0.0778727587865
-0.00973610244432
-0.0879895215936
-0.0437507249824
-0.00746138293109
-0.0627434883591
-0.0876519351835
-0.0363188720834
-0.0750388872424
-0.0901031856048
-0.00935051961179
0.00253730931005
-0.0138484205809
-0.0104372823832
-0.0229689716872
-0.0363502407645
-0.013409303197
-0.102486436764
-0.0191145853571
-0.047559390317
-0.100174421417
-0.00165491230175
-0.0895021710694
-0.0407290268488
-0.0662001053721
-0.0660395139417
-0.00861431373688
-0.0322773325745
-0.0660832276749
-0.0919252970465
-0.0366685656626
-0.0435865206187
-0.0167775664964
-0.00633859855239
-0.0231799188556
-0.0361173061405
-0.0345103785308
-0.0783492841168
-0.0438676156238
-0.0322531303596
-0.0609954004449
-0.00326661019016
-0.0537696575724
-0.0166022223086
-0.00788472985123
-0.0398249178125
-0.0193400999768
-0.0271741237267
-0.0424580756251
-0.0590456511634
-0.0931526100035
-0.0828864548998
-0.047804261378
-0.0316228000303
-0.0861137891618
-0.0525345385461
-0.0803707235783
-0.0614729187536
-0.0485715413763
-0.0893467561834
-0.0884232144001
-0.00794852833076
-0.053969532158
-0.0431665570272
-0.0563056575643
-0.00951983909035
-0.0787968127101
-0.038280836265
-0.0805335581175
-0.0654388334129
-0.0314037847879
-0.098519365872
-0.0890841322549
-0.0886591927474
-0.00191689001465
-0.0378543607152
-0.0601841001961
-0.0885605417505
0.00146649029229
-0.00481260152263
-0.0876369108682
-0.0429017445288
-0.0346410040698
-0.00683670422273
-0.0909658024495
-0.002286418766
-0.0185300332961
-0.0664644437288
-0.0650839969457
-0.0892072762021
-0.071033385858
-0.0903936318011
-0.0875720749222
-0.0812916761227
-0.103288867733
-0.0878150831423
-0.000959376686225
-0.0978680837282
-0.037979386741
-0.074858246634
-0.0373140876465
-0.0463447775786
-0.0690738511882
-0.000279105860291
-0.0527783355
-0.0847596437437
-0.0342059650462
-0.0634625699746
-0.0654160024114
-0.0234044600295
-0.0146741798246
-0.068468914725
-0.0203669129859
-0.00967784234747
-0.0517609507572
-0.0836697999688
-0.0174337944123
-0.0696451359362
-0.0600306371127
-0.0380825508818
-0.0547690559782
-0.0536083021442
-0.0865718325782
-0.0383262567449
-0.029952022269
-0.0030685705779
-0.0914193337548
-0.0841314244625
-0.0435265499113
-0.00444832364714
-0.0169522170443
-0.0819146617079
-0.0436333308686
-0.0702504490467
-0.0881804563852
-0.0202076426354
0.00959721909034
-0.0243138269349
-0.0180679948174
-0.0744900940436
-0.000511864547224
0.00631169438614
-0.0222870836846
-0.0652872296968
-0.0283678519863
-0.0910831058343
-0.0887500871071
-0.0547393153598
-0.0717136325764
-0.0702376602856
-0.0626032483721
-0.0882009901688
-0.0870532043176
-0.0278794374333
-0.0259591669861
-0.06750633917
-0.0365345708131
-0.0880748339836
-0.0890256275386
-0.00482268647503
-0.027139244536
-0.069703835628
-0.0274042056199
-0.0120392864814
-0.086712380374
-0.0959422356672
-0.0869707418869
-0.0966282114504
-0.070370576345
-0.0208391458863
-0.0232940327219
-0.0032898829581
-0.0731123195702
-0.0405382143851
-0.0661328686848
-0.0239168307323
-0.0541702978768
-0.00305893642403
-0.088821201544
-0.0598446010809
-0.0721757397327
-0.0202465344988
-0.0823969499969
-0.0283735241457
-0.072991813409
-0.0833202464872
-0.0986290463829
-0.0423652464952
-0.0636269174936
-0.0620413962532
-0.0346624831424
-0.0808283017883
-0.0375812333971
-0.0650937824003
-0.0463711600351
-0.0689001789043
-0.0466694093571
-0.06472469249
-0.0807247601917
-0.0987480599759
-0.0692106250191
-0.0805625523058
-0.0497986734929
-0.0836310195806
-0.102372077207
-0.0845338934078
-0.0331584913315
-0.0640747304443
-0.0810443858141
-0.0198154519515
-0.0456192661333
-0.0661135203735
-0.0777889928902
-0.081059948556
-0.0793974551475
-0.0834884509252
-0.0428278224312
-0.0570602043709
-0.0858338988844
-0.0646424730021
-0.0817026287559
-0.047338573305
-0.0675270225613
-0.0235612037955
-0.0591042896288
-0.0858349088019
-0.0748848408421
-0.0629003933926
-0.00315186908039
-0.0647626902257
-0.084672572216
-0.0352065085326
-0.0292662291894
-0.0776644561413
-0.0624191980658
0.00749665404652
-0.0763844286551
-0.0873545590115
-0.0470637948878
-0.00543307525242
-0.00160093487001
-0.0916806566991
-0.0742272081994
-0.0486220020108
-0.0799461053211
-0.0451599609585
-0.0530052953658
-0.0993972908686
-0.0501655684118
-0.0594474129396
-0.0620759474103
-0.0541285189819
-0.0778044541083
-0.0766978557791
-0.0586984722085
-0.072286935344
-0.079986539851
-0.091049710981
-0.0794118465635
-0.0820873271774
-0.0814439072018
-0.000155261938999
-0.000689874870307
-0.0257922889646
-0.061293994783
-0.0565733129058
-0.0622423262593
-0.0505792672908
-0.0709591634192
-0.089657910031
-0.0921048039196
-0.0959813824747
-0.00267272872804
-0.0260103062381
-0.102872620198
-0.0222586383653
-0.0582644001543
-0.0587497124235
-0.0745359852241
-0.075578900363
-0.0742338366621
-0.0601709025466
-0.0974123896722
-0.0676384133545
-0.0294257421962
-0.000784932280503
-0.0185879561671
-0.0922574563699
-0.0801036211032
-0.0403991555892
-0.0688056382399
-0.0664488429129
-0.0203846686557
-0.0778362168738
-0.0591462806745
-0.0824752645351
-0.0853848075443
-0.00639100957975
-0.00402454217277
-0.00996998612566
-0.0532521576797
-0.090542628291
-0.0569691695937
-0.0581410965132
-0.0696184048539
-0.0796146853412
-0.0566540217421
-0.0818952415516
-0.0706934168835
-0.0874483847731
-0.0785321369405
-0.0152832312216
-0.0739327615378
-0.0580251686419
-0.0908589490569
-0.072838778079
-0.0785010334178
-0.000250063302627
-0.0444043773573
-0.0485394518142
-0.093519927183
-0.0628161314972
-0.0399946838722
-0.0562370971795
-0.0841774331789
-0.0744372118266
-0.0506686796313
-0.0984887383114
-0.072818278664
-0.000553630297088
-0.0590951888437
-0.0855503463074
-0.0955266889009
-0.039778160779
-0.0198283333352
-0.0593132958886
-0.0940369361382
-0.0253985751619
-0.0669234667947
-0.0942116438385
-0.0736871156056
-0.0588861675081
-0.0435071898003
-0.0134573124357
-0.0345193119217
-0.0771278994407
-0.0836063109436
-0.0317106395307
-0.0855549241905
-0.0783166531364
-0.0725102525615
-0.0263588152708
-0.0803014951461
-0.00995889251662
-0.0538537807129
-0.0505186805196
-0.0765724097012
-0.0847302306065
-0.0758511103227
-0.0856403954724
-0.0820466646613
-0.0811210104686
-0.0744798034861
-0.0871575153549
-0.0814784515626
-0.0976820239932
-0.0567140870192
-0.0040733943777
-0.0499236222313
-0.0519498225869
-0.0964723831687
-0.0493987442849
-0.0931246560475
-0.0995370215904
-0.0540840018824
-0.0847093682016
-0.0818213563504
-0.0206433861342
-0.0827834074107
-0.0942294084263
-0.0430263022132
-0.0911731529045
-0.092818826196
-0.0802611828502
-0.0801422120284
-0.0802363232768
-0.0796424136304
-0.100663790389
-0.0119650248898
-0.102825370442
-0.0631242876129
-0.0701322696515
-0.0965431834119
-0.0487977419696
-0.076354742651
-0.0936354248977
-0.0117230866924
-0.10113984827
-0.0154859392392
-0.0420733500825
-0.0691583721332
-0.0944354947058
-0.0909958633505
-0.0643216128156
-0.0891682195326
-0.0748459381113
-0.0744227628575
-0.0782435505008
-0.0482780156562
-0.0939277173839
-0.07790814984
-0.0952832065818
-0.050569881489
-0.0778595778477
-0.094032656103
-0.0483993891772
-0.101372863302
-0.094381635645
-0.0925105090776
-0.100340598365
-0.0797618440758
-0.0326023625237
-0.0827752583346
-0.0874398556065
-0.0452019875398
-0.102794753045
-0.0704531398028
-0.0923119735048
-0.0768786736481
-0.00685612579845
-0.0749679465947
-0.0943485490855
-0.0851533014336
-0.0944558159898
-0.0732817477553
-0.0271038427941
-0.0671007910784
-0.0805625725347
-0.0502121873863
-0.0595547451092
-0.0788650451302
-0.0568989060736
-0.0931901844606
-0.054540928254
-0.0676106037817
-0.0458668255311
0.00552853238087
-0.088414344419
-0.0427592446714
-0.0528458052995
-0.0984504035734
-0.0880370150722
-0.0932095723466
-0.0757162241625
-0.0770638553553
-0.0635552303178
-0.0633667151996
-0.0719918294853
-0.0624285155988
-0.0942899659987
-0.0996516707764
-0.063947944527
-0.0567144867644
-0.0809905789911
-0.0857639226909
-0.0969812820596
-0.0877570414909
-0.0958375653609
-0.0744891858799
-0.092910217787
-0.102764745895
-0.0787437765757
-0.0971484476495
-0.0962822342621
-0.0840456409475
-0.103008706449
-0.0958050394842
-0.069876664539
-0.0214438021133
-0.0246313581911
-0.0897198852857
-0.0683202156885
-0.0520097627614
-0.0967227037813
-0.0868179572173
-0.0696474767907
-0.0688631648559
-0.0483896674791
-0.0735289837833
-0.0759094764182
-0.0874420049806
-0.0611359339155
-0.0852604408949
-0.0935419167118
-0.0706167852628
-0.0103480481386
-0.0945353299138
-0.0545314918207
-0.0609726735664
-0.0880200049769
-0.0658503439009
-0.0631792957882
-0.0777116804378
-0.0944267060257
-0.0741415393621
-0.0927650831521
-0.0274163653021
-0.00446638844753
-0.0808178170272
-0.0961200991764
-0.0830672352077
-0.0527442126505
-0.058260985188
-0.0430374763016
-0.0518335314536
-0.0414346169254
-0.0657124558896
-0.0328024094765
-0.0727125096313
-0.0315443579046
-0.0454168280765
-0.0939829030033
-0.0103547252922
-0.0851626093559
-0.0861021487547
-0.0526254242959
-0.0974352867656
-0.0950511877614
-0.083253419646
-0.0514667041578
-0.0907575995798
-0.0826261288213
-0.0778491228842
-0.0783913034607
-0.0179677025767
-0.0512799803671
-0.0841339301676
-0.0503139261819
-0.0416236177737
-0.0738639160852
-0.0983414884462
-0.0790974824154
-0.0530553965122
-0.0625517915826
-0.079418824156
-0.0967789085015
-0.09609014692
-0.0914502583678
-0.0940855879588
-0.0835604641864
-0.0754031037508
-0.0810255546523
-0.0450813246702
-0.0953858137345
-0.0627227150829
-0.0822131262018
-0.0912530205254
-0.0993037210343
-0.0877839465702
-0.0653314886673
-0.025653931623
-0.0866641811794
-0.0479355063861
-0.0768521970266
-0.0565877173075
-0.0914372142281
-0.0318534855371
-0.0272183937587
-0.0380683900763
-0.0995423079856
-0.043483665119
-0.043460486557
-0.0651412451623
-0.0156427676569
-0.016631118559
-0.0320337813643
-0.0558589300559
-0.0871130377607
-0.082674922585
-0.0515374692204
-0.0800041027559
-0.0742176735292
-0.0994105204222
-0.0120588649165
-0.0612034765864
-0.059781114071
-0.0722694297383
-0.0687021960518
-0.0891387910514
-0.0997796081124
-0.0524187893965
-0.0241415463805
-0.0342791787843
-0.0758549175586
-0.089604916982
-0.0774665364522
-0.0834965432732
-0.0851397820263
-0.0830676135977
-0.0548965503975
-0.0149002848757
-0.0066252984427
-0.0467159840453
-0.0926928641049
-0.0541919058459
-0.091854281418
-0.0240296075701
-0.0142375451827
-0.0311372901218
-0.0856502451115
-0.08264273644
-0.0536902140532
-0.0476956090979
-0.0706934872211
-0.0759012122132
-0.0742346653033
-0.102199975523
-0.0368374691686
-0.0812568098636
-0.0397214358329
-0.0968477567637
-0.0506323951591
-0.0832392272904
-0.0709178727724
-0.0665401034797
-0.0637677365364
-0.0725923540831
-0.0785693654729
-0.0822785766722
-0.102255034337
0.000153244911256
-0.0848141605811
-0.0838084214247
-0.0686748646728
-0.0998202908465
-0.0449433430352
-0.0969300350404
-0.0362263245698
-0.0611732000923
-0.0977082664971
-0.0163717725468
-0.0844294944964
-0.0852752429075
-0.0676981016536
-0.0504833398312
-0.0716824498814
-0.0910546830205
-0.0902307970879
-0.0632426302868
-0.0191779501108
-0.041926504598
-0.0943380276025
-0.0802955803429
-0.0976360805568
-0.0596960655621
-0.0284092998618
-0.0638470703448
-0.088056999802
-0.0224752919907
-0.0643089478155
-0.094625799803
-0.097996275041
-0.0933786014879
-0.0908721622182
-0.0355131306481
-0.0931536512501
-0.09310183559
-0.0623592840204
-0.0448490391016
-0.0969745464317
-0.085493136738
-0.0887678214957
-0.0984920120824
-0.0901128954651
-0.0845313805484
-0.0898322195007
0.00097007527362
-0.0845922598385
-0.0260698945571
-0.0872352714007
-0.0804684080452
-0.0858370386992
-0.0923159442434
-0.0250010058652
-0.00462155762619
-0.0965648015153
-0.0889921653865
-0.0942932334993
-0.0801255064774
-0.047430485479
-0.0691107525544
-0.0597621522859
-0.0372894389503
-0.0871159029583
-0.0590059161479
-0.0889179047331
-0.07345781487
-0.0670922957894
-0.0965639891479
-0.0493352118514
-0.0965583130065
-0.0754487603374
-0.0501492532586
-0.0872113034063
-0.0311817484729
-0.0214954464952
-0.0172393097477
-0.0616122311672
-0.0121918461842
-0.0616547074779
-0.0620594105878
-0.0304042668924
-0.0988257718756
-0.0819499885028
-0.0851554616375
-0.0830401019789
-0.0565223690362
-0.0270194457389
-0.07913536884
-0.0135401258697
-0.0785622454254
-0.0886643200613
-0.0672719752345
-0.0923741248303
-0.0699416715194
-0.0772432661533
-0.0904098023116
-0.0591177276957
-0.0202592288463
-0.0813026395836
-0.0619353410856
-0.0658465237909
-0.0430875827573
-0.0844402842775
-0.0860422339187
-0.0676100608094
-0.0518982169786
-0.0971834890543
-0.0454177936169
-0.0977604341048
-0.0870429032929
-0.0749386420461
-0.0993245343935
-0.0942678976898
-0.0790995697046
-0.0752421676676
-0.070211144853
-0.097978662283
-0.0659780809719
-0.0964141967026
-0.0892951241106
-0.0988771302613
-0.0927877491866
-0.096460683407
-0.0792766156617
-0.0973313780098
-0.0883027108316
-0.0686423986628
-0.0718951551542
-0.0269769655702
-0.0532191418347
-0.087185841898
-0.0733267804144
-0.0834171507329
-0.0259371271353
-0.0788503987202
-0.0399950348591
-0.0786798600785
-0.0766296503844
-0.0759783179414
-0.0924750229889
-0.0847335508888
-0.068040374862
-0.0705767770941
-0.0566735166142
-0.0534335781655
-0.0912386245344
-0.0724315527898
-0.0667804034352
0.00786835946308
-0.102053151758
-0.0925521116102
-0.0714883806232
-0.0827262393775
-0.0369462252882
-0.0504172642485
-0.077942764653
-0.057460808382
-0.0758888719272
-0.0906789272269
-0.0115726546665
-0.0595681055743
-0.100153458569
-0.0774537615775
-0.0242756307357
-0.0526598774652
-0.0729368989081
-0.0059707838054
-0.071244226758
-0.0973087383561
-0.0948752497742
-0.0936440777087
-0.0762198215353
-0.0759634176718
-0.0679698541526
-0.0958006008104
-0.00697095104928
-0.0794185081262
-0.0807068815122
-0.0740930220834
-0.0958582605731
-0.0859541255327
-0.0790465992154
-0.0863337003436
-0.0684455158539
-0.0892373648994
-0.078237016523
-0.0604071812548
-0.0934103678214
-0.0272208491802
-0.0355727578503
-0.0818417763605
-0.0987511746186
-0.0338838961103
-0.0989451327081
-0.072126408401
-0.100624926557
-0.0799520979221
-0.091948884846
-0.0974325273933
-0.0714145735162
-0.0617596027472
-0.0935393547268
-0.0222898988311
-0.0511907852448
-0.101526709854
-0.0848244619666
-0.100037502167
-0.0741019703333
-0.0511202493215
-0.0514467625468
-0.054069934841
-0.0758906933312
-0.0238832663553
-0.102214718279
-0.0986455907785
-0.0694640380316
-0.0983022432035
-0.0219332829933
-0.0610885188791
-0.0985231907687
-0.0996464002996
-0.0497121335244
-0.0716560849527
-0.0767422639393
-0.101027579149
-0.102243511916
-0.045963501805
-0.0897370666488
-0.00573523683626
-0.102004280844
-0.0663577785782
-0.0941505345524
-0.031490566031
-0.0868622326339
-0.085198603861
-0.0913888179679
-0.0237749754636
-0.0490835094048
-0.0161426656517
-0.0563483916283
-0.0825909563036
-0.0915492500109
-0.0957504201505
-0.0296091071409
-0.0674541560042
-0.0312409833767
-0.0762268723434
-0.00307555158138
-0.000647693222072
-0.0644486048912
-0.0947903116302
-0.100441545735
-0.0711621763369
-0.0835911907359
-0.0498252296486
-0.0498314846116
-0.0566498968392
-0.0963728589723
-0.07974992279
-0.0275665001928
-0.0904286505363
-0.0349366889275
-0.0831310243315
-0.0131142586359
-0.0936970347127
-0.0554426174369
-0.0824600000125
-0.0216611155554
-0.0220167820167
-0.0661031256976
-0.102432966533
-0.101423238685
-0.0656261676202
-0.0700758520199
-0.0845382868888
-0.0877899362451
-0.102012829168
-0.0311534915398
-0.0949606837528
-0.0985829808522
-0.100105827136
-0.0686513996043
-0.0932410618053
-0.0983065025331
-0.0414332134922
-0.0450595738031
-0.0460218466227
-0.0959274555227
-0.10220535141
-0.0282504002481
-0.101423822379
-0.10253371023
-0.0474516833267
-0.0578766287409
-0.0745673068992
-0.0785404113449
-0.102510375891
-0.048779665822
-0.087411383694
-0.0709128306943
-0.0774895383046
-0.0765599440123
-0.0512805724226
-0.101376987931
-0.0901039346151
-0.0521080306521
-0.0981920440484
-0.0977873612555
-0.093534951368
-0.100996003939
-0.0905849070512
-0.0813204298968
-0.0589097080672
-0.0431580493693
-0.0912329726629
-0.0392220079427
-0.101539046095
-0.0367058863315
-0.0522004554711
-0.0546687528301
-0.0589527135729
-0.0807972242179
-0.101111454462
-0.068046874169
-0.0676334469289
-0.0520958272686
-0.0797885115949
-0.0719286413851
-0.00839955988018
-0.0995323599702
-0.0749562657935
-0.0482364719385
-0.0572928526838
-0.0860072435072
-0.0877917180539
-0.0898636507059
-0.092638988933
-0.10201546856
-0.0934036612745
-0.0797861795162
-0.0440282539567
-0.082545873573
-0.0937274240229
-0.0948867218686
-0.103122309292
-0.0848363575798
-0.087059025776
-0.0894278740718
-0.0995725660426
-0.0718073239051
-0.0804407357
-0.0937318084015
-0.0919066855531
-0.0813511524672
-0.101499275305
-0.0869036935809
-0.0729389906147
-0.0905413703434
-0.095440019165
-0.0819141868054
-0.100328842109
-0.100960020798
-0.103040872813
-0.0928456985719
-0.0905027665152
-0.0884898792483
-0.0720615979364
-0.100804744867
-0.101999454478
-0.0939588008493
-0.100352687469
-0.101963519617
-0.0881749188686
-0.0601481073912
-0.0960734271443
-0.0733695490577
-0.0866708280989
-0.080434280719
-0.0475846996001
-0.0764412436171
-0.0733738440665
-0.0391681359557
-0.0814329978411
-0.102299876139
-0.0473094948207
-0.0409630020202
-0.102347696242
-0.0581106932595
-0.0888850776753
-0.0600320546454
-0.0451095413732
-0.101834904557
-0.0591309085288
-0.0627293575304
-0.0776482074606
-0.0928244752764
-0.0886437913865
-0.0887740745277
-0.0707269851114
-0.0740876019291
-0.0756419037441
-0.099047211073
-0.0510664371292
-0.0846247678532
-0.0774581421198
-0.0919744118927
-0.0464750607888
-0.0954779490849
-0.0975262732401
-0.100066341247
-0.101125229987
-0.0965860374066
-0.0920587419358
-0.0709318645158
-0.0952831773729
-0.101294952577
-0.0662873937796
-0.092931517042
-0.102740193607
-0.0391883700352
-0.0308008676281
-0.0960001539939
-0.0254340725432
-0.100103186539
-0.0915821326195
-0.0963529275984
-0.0873183338803
-0.101591230216
-0.0760311058339
-0.092986237286
-0.0886037998148
-0.0947777226741
-0.0543105041232
-0.0590275289279
-0.00629028966652
-0.0836580370296
-0.0836749629019
-0.033706126734
-0.0752748746573
-0.0969872120382
-0.0918190790694
-0.0809597648102
-0.0546381843484
-0.102995451248
-0.0872786550984
-0.0980680428698
-0.078700759484
-0.0959194768098
-0.0544318586164
-0.0747105256335
-0.0784314016769
-0.0904564583422
-0.0770739253574
-0.0270170992605
-0.0932973728736
-0.0782096349233
-0.0575204409289
-0.0864298490733
-0.0858809515942
-0.0497601919489
0.00324394303905
-0.0456728592213
-0.0561672452384
-0.100199106178
-0.062650053216
-0.0366928032013
-0.0302113652389
-0.09399401294
-0.0338784315959
-0.0835444151553
-0.0389218180326
-0.038167963842
-0.0781647119447
-0.0476774831643
-0.00541924343723
-0.0433686021012
-0.0720328136151
-0.0991603078697
-0.0938174517806
0.00399337616745
0.00567760423548
-0.0217339690774
-0.0926229296887
-0.0913269620115
-0.102553752141
-0.0814255371216
-0.0419878389087
-0.0930871091751
-0.0467859349332
-0.0990950320325
-0.0942745004054
-0.0704243710914
-0.101291484844
-0.0679548836523
-0.0780645921745
-0.0914261653523
-0.0172458789138
-0.0624253662036
-0.0931438934588
-0.100807383872
-0.0718431876962
-0.102997694958
-0.0618736771914
-0.0918976422135
-0.10082055634
-0.100474953674
-0.0692897004116
-0.0406416235291
-0.0710614110443
-0.054982047994
-0.0693439391562
-0.0726354583455
-0.0949681552503
-0.0642695992924
-0.071186809704
-0.0868218647305
-0.102463164924
-0.0940491723823
-0.0676005825355
-0.0653117600842
-0.0414659332981
-0.0927237730591
-0.0733397592348
-0.0751230334686
-0.0677243496731
-0.0775499669127
-0.00601599101251
-0.0642777505025
-0.0381029392705
-0.0842481812492
-0.0917795703606
-0.0989377528368
-0.0680109497788
-0.0687250307428
-0.0410585674143
-0.0781610171927
-0.0913681875783
-0.0572692043958
-0.0516355597483
-0.0673041223511
-0.0899455067806
-0.0773084354683
-0.0671198591457
-0.0665207080522
-0.0810084923627
-0.0821545774038
-0.0941649566472
-0.093664032878
-0.0761811648619
-0.0443629530253
-0.0565882771467
-0.0865326220811
-0.0572490905634
-0.0584656825662
-0.0613720841299
-0.0832355369947
-0.0601740042652
-0.0562056007804
-0.0699891995186
-0.0311765686145
-0.0993600068757
0.000773429390501
-0.102618787621
-0.0818660704209
-0.0546747708511
-0.0969003483056
-0.0532416158627
-0.0951495399101
-0.0409275746979
-0.0666667313888
-0.0570639712895
-0.0614232216818
-0.0658953860117
-0.0751121697954
-0.00379382092451
-0.0781001185264
-0.0453130541184
-0.0885053186853
-0.0866938146865
-0.0467818432261
0.00486824398508
-0.0863991200075
-0.0792689171926
-0.0684330990169
-0.0562371577346
-0.0948641544949
-0.0733003958688
-0.0749459366626
-0.0517636777983
-0.0823225721688
-0.0550005758927
-0.086248247
-0.100704561086
-0.0753101761859
-0.0735552212513
-0.0641376621158
-0.095166491964
-0.0665238459216
-0.0587650125376
-0.0389547165811
-0.0713433540623
-0.0826193219139
-0.074599995456
-0.101894764042
-0.100907249937
-0.0602517635863
-0.089291563308
-0.0771457191938
-0.0884080041679
-0.0794821193254
-0.0914728958568
-0.0762217625432
-0.0692335536435
-0.0503387274324
-0.0652013716423
-0.0762992133148
-0.0153250820511
-0.0299883687043
-0.0575941914143
-0.0811822780648
-0.034582400472
-0.0637467793654
-0.0643177744055
-0.101157735192
-0.0578922967174
-0.102103333493
-0.074388946654
-0.0844870867099
-0.066182759623
-0.0474955961565
-0.10235700996
-0.0573178768188
-0.0822655202144
-0.0597934730175
-0.056386850629
-0.0643002639153
-0.0586019379456
-0.0531950964324
-0.041059353934
-0.064004444694
-0.092809592098
-0.0716071290925
-0.0806737064293
-0.0772808831154
-0.0925877860842
-0.0403361162223
-0.0313122455971
-0.0681773346057
-0.0700464995974
-0.0626888330056
-0.0967753612648
-0.0892055438998
-0.0898066014626
-0.0842671602335
-0.101551775646
-0.0275225757847
-0.0799230215512
-0.0623991495553
-0.0680719042821
-0.0955279376888
-0.0505042421487
-0.100725248186
-0.0853063553366
0.00276128845765
-0.00222555883726
-0.00147315269424
-0.0579141684914
-0.101435307419
-0.0905810644709
-0.0564505293586
-0.0649657846198
-0.0786908923924
-0.0492222089677
-0.0694428006345
-0.094493684058
-0.0496617322697
-0.0623196998354
-0.0691306469135
-0.0521553309373
-0.0327020637019
-0.0704857256447
-0.0850915226286
-0.0651552507252
-0.0307399421885
-0.101673752492
-0.0554438522892
-0.0653412912796
-0.0712206295908
-0.0642593675183
-0.0765563859184
-0.0533113528711
-0.0605010384883
-0.0966250725602
-0.0464581906369
-0.0820574533997
-0.0851802088706
-0.0856040551949
-0.0844046844714
-0.0678527482038
-0.101254462505
-0.084285080828
-0.0732318577665
-0.0810374226028
-0.0769890170632
-0.0723678163789
-0.0715638431044
-0.0288566426266
-0.0910654169623
-0.0300785686873
-0.0288013323055
-0.0326264642213
-0.0624157504414
-0.056052532903
-0.0621031768939
-0.0190125976917
-0.00386758328665
-0.0919167188721
-0.0877801041209
-0.0509095334162
-0.0784742000529
-0.0288932035027
-0.0308784980311
-0.0729936020365
-0.0893729291925
-0.0498370149989
0.00076960618805
-0.0879965903503
-0.0754245191933
-0.0816059614431
-0.0198658866837
-0.0542764858646
-0.0660806457195
-0.088480893628
-0.0740025865468
-0.075317164016
-0.0455278478198
-0.0737896312797
-0.087838376414
-0.101772271275
-0.0864960206592
-0.013085195093
-0.0268161107053
-0.0894248233324
-0.056750300279
-0.0788821155093
-0.0361535927342
-0.0135060647323
-0.0853563854168
-0.0529729673941
-0.0614657270372
-0.0898549476831
-0.0375254005981
-0.0733496125056
-0.0298627239388
-0.0793535349902
-0.0887850753865
-0.054471452407
-0.082039138874
-0.0480231033707
-0.0954548372251
-0.0912110166078
-0.0652663393614
-0.073026106219
-0.0637540319132
-0.0973773974009
-0.0713643504071
-0.0599580182233
-0.080352487403
-0.0359311352612
-0.0412235840207
-0.0775599527402
-0.0841100846169
-0.0590433099439
-0.0777279302754
-0.0825943183321
-0.0867752179039
-0.0542356317519
-0.0432975997946
-0.026331479428
-0.0728769694923
-0.0717860986218
-0.0741416791469
-0.0506344652517
-0.0904685435093
-0.0783762469282
-0.00203367696974
-0.0534481757769
-0.0848194825763
-0.0540117911342
-0.0542199590627
-0.0854940222122
-0.0800569102843
-0.0068519573884
-0.101520989671
-0.0925383986989
-0.0768774204806
-0.0683533931283
-0.0764309736512
-0.083644326946
-0.0875247015562
-0.0998487007205
-0.0549378276194
-0.00745245643582
-0.0172960986217
-0.0773017964064
-0.0102252696212
-0.0554696770208
-0.0518498063872
-0.0811828852228
-0.068024122309
-0.0644787644127
-0.0502535736339
-0.0918077219896
-0.0684040833506
-0.0502658305103
-0.0417032273983
-0.0368067890328
-0.0142389791091
-0.0452456289506
-0.090882506625
-0.0255996809865
-0.0519251266328
-0.0268578570719
-0.0333323167414
-0.0537615025558
-0.0478492102514
-0.0732471296702
-0.0883473678529
-0.0842864254993
-0.0290208331054
-0.0856872657339
-0.0845754561424
-0.061772839377
-0.0915994436229
-0.0297160544525
-0.0387059906962
-0.02505864148
-0.072975113951
-0.0737319178798
-0.0591055962313
-0.056051165216
-0.0649718256028
-0.100702229868
-0.00201155987806
-0.0843279155339
-0.0454718347665
-0.0861201212453
-0.0141236221113
-0.0249158849705
-0.0617180648858
-0.0168697007241
-0.0601860282271
-0.0654556347697
-0.0231488813596
-0.0490487127351
-0.085565502993
-0.091921111805
-0.039498219609
-0.0912953964669
-0.0900124410752
-0.0847043880801
-0.012405766276
-0.0847115852816
-0.0832586872657
-0.0759033281609
-0.0645110038323
-0.0707432625656
-0.0177007673223
-0.0571214639506
-0.0982600007304
-0.0779646995739
-0.0856338698152
-0.0677703569002
-0.0319836954969
-0.0735772173915
-0.0888768513476
-0.0397093163992
-0.0347982397511
-0.100090053403
-0.0681808157394
-0.0606488543171
-0.0621737462959
-0.0918493613682
-0.0671142203997
-0.0391882790491
-0.102593752464
-0.0800670103251
-0.0605022531054
-0.0813950061261
-0.0877905237137
-0.0581107452462
-0.08805712856
-0.0756588071496
-0.0820602403117
-0.0758765616301
-0.0608404911838
-0.0704244195053
-0.0546572257288
-0.100077852671
-0.0772784173595
-0.0637308453119
-0.0151610792437
-0.0175527307579
-0.0810221479868
-0.012397398262
-0.0978804913258
-0.00241011211536
-0.00766043475911
-0.0539235055894
-0.0191892734762
-0.0617769664766
-0.0808070912956
-0.0836366936989
-0.0764523335765
-0.00843265104976
-0.0596140589178
-0.0656760293106
-0.0997646923073
-0.081291381249
-0.00738115066655
0.000136275405349
-0.0857104513515
-0.0696444338628
-0.0835034779527
-0.0726361582937
-0.0618133210379
-0.0591171609632
0.000656127624431
-0.0218976321586
-0.0546212149227
-0.0853579232835
-0.0711935816441
-0.00698663883342
-0.0120167824797
-0.10049745433
-0.0696672189148
-0.00860865497145
-0.0633637589119
-0.0979737667661
-0.0966292611235
-0.0854372582847
-0.0675757320612
-0.0822976325664
-0.0809005165953
-0.0674007578256
-0.0727537292203
-0.0179450580273
-0.0290882919785
-0.0829511253351
-0.0499564314303
-0.00230174631552
-0.0707621312904
-0.0724280866309
-0.10312561148
-0.00118970850761
-0.0630777814816
-0.0651701561084
-0.076017889029
-0.0987863765133
-0.100386806559
-0.0635397688147
-0.0967692480893
-0.102556205059
-0.0397732162726
-0.0206679364789
-0.0144328219565
-0.0768641559973
-0.0916123113193
-0.0779995602072
-0.0869637398655
-0.0889379792569
-0.0741662256225
-0.0784108190424
-0.0138659429324
-0.103350192855
-0.066139431981
-0.0383718891353
-0.0840192972092
-0.0848435074071
-0.066517898108
-0.0830122999816
-0.0519231844401
-0.0695410138648
-0.0125211041809
-0.0795274793544
-0.0831078458905
-0.0787487377837
-0.0975287507468
-0.0888179378658
-0.0769627704645
-0.0808460114996
-0.077473858598
-0.101373283269
-0.0746397052456
-0.097928183294
-0.0655249221533
-0.0854837400225
-0.0740201748563
-0.0800785934987
-0.0111295286005
-0.089034374698
-0.0396749326453
-0.0682297391226
-0.000576490513642
-0.0549219049598
-0.0945044294177
-0.0815534940008
-0.0820045121809
-0.0711429382566
-0.100279770042
-0.0850854823431
-0.00368018218292
-0.0713046414348
-0.0955923177145
-0.0134095402212
-0.0646325956457
-0.046326578166
-0.0711966393117
-0.045735295039
-0.047378726033
-0.0697413335632
-0.0722880385599
-0.0776062629904
-0.0613044710263
-0.0531150996868
-0.0482514226458
-0.0472732108495
-0.0777020683221
-0.0458606340584
-0.103035445286
-0.101835640462
-0.10291188937
-0.0992438695685
-0.0597968557493
-0.102823244299
-0.0951794171816
-0.10227986864
-0.0819431360069
-0.0532954909079
-0.0895600352863
-0.015414602038
-0.0731413566272
-0.100659322906
-0.101952876743
-0.0554385071742
-0.022620549805
-0.0702077637912
-0.082322221835
-0.0856638185817
-0.0189250244378
-0.00180312890701
-0.0814045107929
-0.0446177052684
-0.101232046422
-0.0455507282266
-0.0315429931629
-0.0804243884501
-0.0328695801635
-0.0385300600249
-0.0336927741211
-0.0677022871511
-0.0313975073208
0.000162727240392
-0.0344063079303
-0.0556138999838
-0.0282325105283
-0.0540821199706
-0.0474801291609
-0.0389773739463
-0.049274247319
-0.0396120176227
-0.0422267999201
-0.0432739698416
-0.0407844954618
-0.0418891361377
-0.0435937750843
-0.0695570355505
-0.036909817183
-0.0676684935055
-0.0328618667779
-0.022951793245
-0.0404382209096
-0.0352160933956
-0.0283506774546
-0.0412392776727
-0.0271849225337
-0.0260235662811
-0.0223545762705
-0.0199246669313
-0.0136191450272
-0.0153225118044
-0.0172284195236
-0.0308097595322
-0.0082182564963
-0.0110902076158
-0.0537715721091
-0.0390755131541
-0.00693815738039
-0.00120381762441
-0.0375283095985
-0.0713716034286
-0.0672740200506
-0.0490229974642
-0.0444089440998
-0.0661588437068
-0.0677515029619
-0.0401384557893
-0.0249679817785
0.0176392367979
0.00753660043205
-0.000677977206922
0.00336423656452
0.00582173822209
-0.00183529953433
-0.0755181556952
-0.0602347418407
-0.005701890267
-0.027509502043
-0.0382014594172
-0.0620194538767
-0.025833438726
-0.0363044578078
-0.00332680823616
-0.0444760376199
-0.0424173351858
-0.000860442882034
-0.0576738407331
-0.0741151492014
-0.0534162643242
-0.0568897512686
-0.042745520208
-0.0469366892194
-0.0645536694727
-0.0455496333146
-0.0354461299228
-0.0527766563266
-0.063665596805
-0.0233973724881
-0.00963504126207
-0.0647152590745
-0.00548524462463
-0.0119690118743
-0.0314869969919
0.00174453063015
0.00410122835916
-0.0564631983729
-0.0767358815346
-0.0756328850606
-0.0696112034135
-0.0500783067968
-0.044700773221
-0.0587930830993
-0.052808436769
-0.0725941156943
-0.0185188361758
-0.0734920323635
-0.0395422179426
-0.0597246774085
-0.0706325579512
-0.0721285804311
-0.0758155437273
-0.0222030800434
-0.0174221912784
-0.0327721447383
-0.0208513242391
-0.0184319429496
-0.016094304229
-0.0681829488263
-0.00963584238042
-0.0046691517759
-0.0592672737227
-0.056004983937
-0.06168629982
-0.0696554206036
-0.0676132896715
-0.0550661842725
-0.00960135224328
-0.0646774399006
-0.0268919830424
-0.0505598190371
-0.0454151989423
-0.025276547396
0.00294686826636
0.0051669666914
0.000674149800428
0.000558008835316
-0.0158704606047
-0.0753018242873
-0.00531411165776
-0.0471312879526
-0.0445554796462
-0.0286926001371
-0.0310506356452
-0.011647134912
-0.0525061427373
-0.0111213479127
-0.0404542887835
-0.0165619990665
-0.00548022122976
-0.00303937633486
-0.00166322542123
-0.0472263688672
-0.0174642909575
-0.029230285967
-0.00439520522167
-0.0239654819048
-0.0178533367038
-0.0372774558141
-0.0562801374488
-0.0228127871023
-0.0526135559147
-0.054528135575
-0.0526421156315
-0.0384803553586
-0.00141494127868
0.00304936127918
0.00409993722246
-0.0030091301229
0.0204461311158
0.0181952799908
-0.000138228907148
-0.000697244137136
-0.0060686499296
-0.0124708918129
-0.0365673104593
-0.0613563571467
-0.0167648525185
-0.0254848474875
-0.0694573215067
-0.042695982235
-0.00716617407987
-0.04590012675
-0.0597979320151
-0.0261078504078
-0.0403262493436
-0.0392689402105
-0.0593424837696
-0.0378345337797
-0.0479428241629
-0.0485883683299
-0.0513170179702
-0.0491740780065
-0.0680441113802
-0.0741596653397
-0.00576763650103
-0.0427033226654
-0.0149279345115
-0.016160233323
-0.0365028514821
-0.0135767947865
0.00222516356802
-0.0661225267397
-0.0779579446456
-0.0653331197138
-0.0475117091289
-0.0391971867725
-0.0585251821671
-0.0271376502234
-0.0722027565416
-0.0418106928574
-0.0714794928437
-0.0625153298887
-0.00451678350889
-0.0724416102188
-0.0455294091595
-0.0746445590939
-0.000838597603299
-0.0763789742042
-0.0709103085688
-0.0682248147369
-0.070881811484
-0.0730693568686
-0.0559007898563
-0.0621350208841
-0.0229328150533
-0.0219535240721
-0.0227838956453
-0.0259262631301
-0.0211525849882
-0.0194955530709
-0.0647054278246
-0.00662173146853
-0.0347183742907
-0.0556857526152
-0.0521577268671
-0.0354295676986
-0.0158823176511
-0.00325386695147
-0.0614695397053
-0.0297259873941
-0.0704397250356
-0.0198532493241
-0.0438270344404
-0.0353569248816
-0.027660598168
-0.0619340013879
-0.027064323976
-0.0210327246226
-0.0479771274086
-0.0719297369723
-0.00654235796664
-0.00853298395066
-0.0368884086959
-0.0459713800958
-0.0472891821092
-0.0276386170562
-0.0362107069517
-0.019939823808
-0.0463534361139
-0.00498052772783
-0.0396366485036
-0.0416271646899
-0.0264507215862
0.000486461093206
-0.0671944266157
-0.0659534017042
-0.021829174896
-0.0279581464549
-0.0382037399192
-0.0096282021794
-0.0370145429727
-0.00254712641965
-0.00291904479706
-0.00560063268653
-0.0494618169181
-0.0475464141625
-0.0245511098117
-0.0729323746503
-0.0589032790142
-0.00380650392033
-0.0314830127921
-0.0440792727972
-0.0557044696886
-0.0450716756448
-0.0277427103106
0.0108286293944
-0.000244761282926
0.00189653623711
0.00649401207747
-0.0658178079143
-0.0498684622047
-0.0440189608788
-0.057184654495
-0.0745937987321
-0.0362857631264
-0.0357761470505
0.00644660960831
0.00037496177012
0.00764908729824
-0.000281437807678
-0.0135437732178
-0.0430189778865
-0.0637142324599
-0.0135599313943
-0.0649871285336
-0.0673986758889
-0.0297434699989
-0.0379247633253
-0.0163733648016
-0.0647769533222
-0.06186500743
-0.0614452394348
-0.0439984097888
-0.0131356317952
-0.0170373519483
-0.0132206982366
-0.0207935916509
-0.0174892675075
-0.067398485191
-0.0505082662248
-0.0693829206798
-0.071284106823
-0.0712890278485
-0.0599956738033
-0.0405024080203
-0.0195860789359
-0.00135753982139
-0.069687676159
-0.0677824573228
0.0054844949637
-0.0289231315637
-0.0212070522777
-0.0350914126036
0.00327518214948
-0.000288911108894
0.00091816217974
0.0059799931899
-0.0275907656006
-0.0684594665586
-0.0627159609978
-0.0543735428501
-0.0473767105759
-0.0304399225518
-0.0725794672285
-0.000444849630726
0.00194444943686
-0.0119890879684
-0.0404729974796
-0.0614944816532
-0.0585622466838
0.000972790511926
-0.00152663827419
-0.05642698037
-0.0504641904838
0.00745066070376
0.00711123497052
-0.0299336402516
-0.0134290935575
-0.0372924636134
-0.0377924142671
-0.0345209887538
-0.0104419293001
0.0226394883488
-0.00841248106069
-0.0613809221651
-0.0567781508064
-0.00589192290712
-0.00363113151883
-0.0462315426394
-0.0447898588173
0.00751614680317
0.0037091050349
-0.0254692570397
-0.0287931465088
-0.0415285194074
-0.0433494272822
-0.0309464040785
-0.0211193573048
-0.0253588541775
-0.0174096958786
)
;

boundaryField
{
    bottomWall
    {
        type            zeroGradient;
    }
    leftWall
    {
        type            zeroGradient;
    }
    rightWall
    {
        type            zeroGradient;
    }
    movingTop
    {
        type            zeroGradient;
    }
    front
    {
        type            empty;
    }
    back
    {
        type            empty;
    }
}


// ************************************************************************* //
