/*--------------------------------*- C++ -*----------------------------------*\
  =========                 |
  \\      /  F ield         | OpenFOAM: The Open Source CFD Toolbox
   \\    /   O peration     | Website:  https://openfoam.org
    \\  /    A nd           | Version:  14
     \\/     M anipulation  |
\*---------------------------------------------------------------------------*/
FoamFile
{
    format      ascii;
    class       surfaceScalarField;
    location    "64.999999999946";
    object      phi;
}
// * * * * * * * * * * * * * * * * * * * * * * * * * * * * * * * * * * * * * //

dimensions      [0 3 -1 0 0 0 0];

internalField   nonuniform List<scalar> 
4035
(
-7.4409531811e-06
-2.73859692419e-05
3.48269221448e-05
-6.63897173068e-06
4.95514585024e-05
-5.03534399667e-05
-3.4024940978e-05
8.43783806321e-05
-8.43783809509e-05
0.000927315226167
-0.000168242496134
-0.000759072730008
1.75364585727e-05
0.000239618569771
-0.000257155028366
-0.000648244941708
3.23275874815e-05
0.000615917354183
-0.000994943644693
0.000468244538927
0.000982800717697
-0.000456101611921
0.000427333645719
-0.00137470782977
-0.000381988836146
0.00132936302004
0.000362533434155
-9.02224622688e-05
-0.000398700349419
0.000126389377546
-0.000276796274524
-0.000769472591565
0.000760048884907
0.000286219981333
0.00120122767517
-0.000864151501141
9.02574716145e-05
5.50426214967e-05
-0.00100338502345
0.000974584395544
-2.62419936586e-05
6.51926005913e-05
-0.00118034007227
0.000941222745655
0.00017392472599
0.000932261291077
0.000575219385981
-0.00115405619
-0.00035342448704
0.000609463624017
-0.000765994399274
-0.000120265499321
-0.000370449459198
-0.000704709863433
0.000775919315251
0.000299240007363
0.000651585440981
-0.000701867472415
0.000323416971672
-0.000273134940327
0.000337070631469
-0.000193011370216
0.000218474172895
0.000662534874983
-0.00078042202549
-7.26860037072e-05
0.00055961632328
0.00103023377789
-0.000557688476766
-0.000390976044915
-0.000529531238861
-0.00124914096538
0.000319389921258
0.00011254964212
-0.000678152247083
0.000616865547146
2.09334325086e-05
-1.31002529053e-05
7.65452010456e-05
7.4636806351e-05
0.00022846095994
-6.71738145667e-05
2.23366556345e-05
-0.000183623801023
-0.000346368429019
0.000574829388975
0.000243779550851
0.000167927886967
-0.000384739595137
0.000296895278851
0.000133437244982
-0.000107701418138
-0.000327294658136
0.000448923615172
-0.000509229652077
-0.000286062392116
-1.38454228492e-06
1.3845422568e-06
-1.46764302016e-07
3.88004344098e-06
-5.11782145087e-06
1.23777793467e-06
-6.20559931913e-05
-6.71738146729e-05
0.000245353265083
-0.000885616324761
0.000640263059607
-0.000318677419886
-8.52737951313e-05
0.000403951215048
0.000156972847098
-0.000977893754537
0.00082092090752
0.000912863682293
-0.000429099519623
-0.000911240282847
0.000427476120144
-0.000786160982633
0.000760890668528
0.000284800604446
-0.000259530290385
-0.0013884440502
9.99140673412e-05
0.000502369000126
0.000800856842676
0.000653259656171
-0.000693225830364
0.000471826585704
-0.00043989063565
0.000112359424498
-0.000144295374633
-0.000433428392512
0.000586577558338
0.000354305365143
0.000691904742648
-0.0003407102341
-0.00130328606339
0.000255552247334
-0.00113133168797
0.000854026484015
-6.34050301591e-05
0.0009418973336
-0.000884832430512
4.28491642913e-05
-4.47544844324e-05
0.00107069023494
-0.000873828422098
-0.000152107328366
-0.000118584265863
-0.00126623730688
0.00111844413953
0.000266377433177
-0.000584045659211
0.000746661357377
0.000122184906343
0.000687755386123
-0.000796534930822
-0.000324648847823
0.000810411037637
-0.000370557080121
0.000213405698661
-0.000357798757274
0.000173213044953
-0.000255304923332
-0.001076473155
2.70856293607e-05
-0.000610399223403
-2.72560653061e-05
0.000519071022829
0.00110870159109
-0.00024059239327
-3.76116251191e-05
0.000384169201383
0.000814534932854
-0.000657056894218
0.000356913136073
-9.68956322915e-06
-1.78640704947e-06
-7.29024106959e-05
-0.000126899308499
-0.000633867726125
0.000659174580085
-0.000187651298029
0.000162344443999
0.000242116432794
-0.000273368435629
-0.000211329630154
0.000348867426767
-0.000318168934866
-9.82530780815e-05
9.83213840355e-05
0.000236078473466
-0.000558489097967
0.000576228166516
0.000224377364185
0.00273390239443
-3.12445986105e-05
-0.00270265779575
0.000240859009099
0.00054458357862
-0.000785442587714
-0.00161962282308
8.67259752053e-05
0.00153289684787
-0.00149131471912
0.000691519531422
0.00136142552995
-0.000561630342452
0.000606332138362
-0.00188773097535
-0.000742174183051
0.00202357302015
0.000762358593169
-0.000210275976309
-0.000883181997325
0.000331099380452
-0.000101888321941
-0.0011864582598
0.000825753621695
0.000462592960095
0.00138198124177
0.000113396863386
-0.000889045967112
-4.81898523365e-05
-0.00102358069578
4.30791670698e-05
0.0010286913811
3.13607069109e-05
-0.00140550400874
0.000217922353687
0.00115622094799
0.00133036024935
0.000225494897055
-0.000127139412855
-0.00142871573359
0.000593774708466
5.53860406102e-06
-0.000701201634267
-0.000647258503681
-0.0010558568493
0.000448176842961
0.00125493850998
0.00041429298251
-0.00102280603701
-5.7786327236e-05
0.000666299381651
0.000664941968057
0.000405705494643
-0.000308288869518
0.000738061817317
-0.00151022709465
3.05830327938e-05
0.00111016720629
0.00236179700574
-0.00040975854928
-0.00113171314377
-0.000985856922376
-0.00194584418425
0.00048589017204
0.00016445481101
-0.00123334443214
0.000939007041221
-0.000178462187335
0.000156356118352
-4.50677456828e-05
0.000183220225881
0.0033829226131
-0.00405275173816
-0.000338200498262
0.00100802962327
0.000321462785074
0.00052669940887
0.000416205569505
-0.000533055377587
0.000140932044075
3.27869728347e-05
-0.000102204336879
0.000225953429419
-0.000165452954106
0.00113244929471
-0.00119294977004
0.00360887604247
-0.000362681283696
0.000362681283695
0.000183811925897
-0.000346794894229
-0.000199698315368
0.000546493209607
0.000312379685892
0.000659174580083
0.000264729275343
-0.00272543100906
0.0024607017339
-0.000458327408156
-0.00128210041371
0.00174042782191
-5.73493574127e-05
-0.00223192837257
0.00228927773027
0.00106787577693
-0.000596129456356
-0.00101216660727
0.000540420286556
-0.000782381491237
0.00101252266052
0.000150026867815
-0.00038016803709
-0.00162587929589
-1.40640638652e-06
0.000844904210743
0.00126718579552
0.000604660738106
-0.000859323873242
0.000880006709563
-0.000757380216693
0.0002519783539
-0.000374604846932
-0.000488713919067
0.000910393220497
0.00092993830678
0.000601976764323
-0.000457747812623
-0.00161870442384
0.000450572940703
-0.00123083818054
-0.000101074070472
0.000874164438373
0.000985211508
-1.99984903424e-05
-0.000966619423916
-0.000152059081849
0.00125220826562
-0.000137328465133
-0.000962820718491
0.000238284471124
-0.00147775076197
0.000137234513731
0.00110223177753
-0.000588525923732
2.60104740992e-05
0.00071254231775
0.000884955739375
-0.000343596541276
-0.0010300731172
0.00101504434467
0.000134275865583
-0.000544659471966
-0.000623259943472
-0.000383473951592
0.000249353678358
-0.00273985067142
-0.00103012205983
-0.00134451490826
0.00017937157284
0.00140342780655
0.00149279497467
-0.000576978279544
-0.000183258806396
0.00204612513227
0.00106847883037
-0.000754215066413
0.00222549670496
0.00102779405945
-0.000311279101425
-5.73403779932e-05
-0.00330852045973
0.00405275173801
6.56497522674e-05
-0.000809881030897
-0.000376932847279
0.000320404051383
-0.000386275128243
-0.000613917662539
-0.000327149506285
0.00045789017922
-0.000161888721171
1.65175472794e-05
0.000139270347032
0.000164891870634
-0.000864290122397
0.0010198023032
-0.00106444265234
0.00106444265237
0.00065427450461
0.000285845735504
-0.00200456289243
0.00171871715688
-0.00204818884574
-0.000942810581888
7.86590807744e-05
3.17738137093e-05
-0.000480961005882
0.000287949635658
0.000294958309356
-0.000571214881103
-0.000194779517943
-0.00024779790935
-0.00011600040448
0.000102900151573
0.000127779146375
0.000705039393966
0.000277761323728
0.000320299798814
0.000730448488597
0.000210774257063
0.000274346876655
-0.000792448897144
-0.000361607292876
-0.000343525281968
0.00023943899768
-0.000217102342058
-0.000269790654394
0.000894444065979
-4.04175819148e-05
9.61163544534e-06
0.000475081146839
-0.000301868101906
-0.000321453783996
0.00058182174099
0.00016483961629
0.000211264660841
0.000117120949106
-0.000118907356155
-0.000156247486527
-0.000655995298687
-0.000255244984161
-0.000307127871945
-0.000676329479523
-0.000197498942603
-0.000248853359352
0.000855630529666
0.000262813609837
0.000297141431679
-0.000385192309575
0.000197541011551
0.000191035856959
0.00105232943343
-0.00038794199538
-0.000664387438051
-0.000887216144947
0.000748646503931
0.00013856964101
-0.000100304438365
0.000266858041756
-0.000166553603399
-0.000826652454318
0.000259660126218
0.000566992328141
3.87355401954e-05
-0.00043136802013
0.000392632479937
-0.000114254723758
0.000446009897746
-0.000331755174021
-0.000543121615261
0.000428866891497
0.000845688561757
-0.000314447026157
-0.000531241535566
0.000244376733896
-0.000665304742633
0.000420928008766
-0.00086207475948
0.000690749051142
0.000171325708365
-0.000815287653475
-1.13648008126e-05
0.000889118827074
0.000163210606354
-0.000284896189946
0.000184591751577
0.000448416604228
-0.000409681064035
-0.000806907498716
0.000388560138275
0.000418347360423
0.000885177029062
-0.0008280930684
-5.70839606903e-05
0.000638566735071
0.000246610293994
0.00124656324259
-0.000757581021358
-0.000488982221236
0.000881207325894
0.000365355916699
0.00116982379369
-0.000639058111145
-0.000530765682575
0.000412242772332
0.00112746035196
-0.000500105996915
-0.000627354355028
0.000702292215833
0.000425168136121
-0.00082811365976
4.58813776952e-05
0.000782232282056
-0.00103007753261
0.00060189333958
0.000428184193028
-0.000263839080314
0.000508215814222
0.000138090159249
-0.000557582647879
0.000419492488668
0.000448197336175
-0.000870691817444
0.000422494481233
-0.000828767131084
0.000899724711761
-7.09575805712e-05
0.000899002706804
-0.00101913832242
0.000120135615599
-0.00045008643628
0.000418656370677
3.143006551e-05
-0.000213826987982
-0.000593080510737
-0.000136223517425
-0.000529081225177
7.27148921145e-05
-0.000900828551881
-0.000634757480984
-0.000252458663968
-0.000122988665493
-0.000705778465549
0.000701035100673
4.76114032523e-05
-0.000320134380497
-0.000541940378981
0.000668737947692
0.000176950614102
-1.10196382653e-05
0.000713311854098
0.00056307474958
-0.000574094387843
0.000374056233323
-0.000825656883258
0.000451600649953
0.00087615694849
-0.000502100715167
-0.000161903776931
0.000827909591637
-0.00066600581472
0.000719303548965
-0.000486656184725
-0.000341436883702
0.000279763034921
-0.000766419219665
-0.000623708703273
0.000580369382335
4.33393209633e-05
-0.00062521936101
0.000442269874896
0.00018294948614
0.000458769786947
0.000225081556124
-0.000683851343092
-0.000931519312747
0.000105862429497
-0.000292952577669
0.00104914026698
-0.000172983318494
0.000410082155849
0.000650365014037
6.96357607577e-05
-0.000720000774796
0.00115395287367
-0.000326043282027
0.000653846876752
0.000875338745349
-0.000312263995773
-0.000462464886613
-0.000162754474388
0.000186725368642
-0.000649190255244
0.000483870383934
0.0001814561463
-0.000665326530309
0.000329067642312
0.000279355860062
-0.000608423502369
-0.000294641060956
0.000683685899171
-0.000224916112269
0.000625070943946
-4.47015615708e-05
0.0006139087121
-0.000171638837187
0.00074630615975
-9.59411457199e-05
0.000689429667385
-0.000205559283457
0.000482463638749
-0.000344373479593
0.000332217130085
-0.000337705781346
-0.000692371751269
0.000201028658457
0.000644028018869
-0.000845056677348
-0.00044178753191
0.000701447658116
-0.000710307956423
0.000395860930311
-0.000261297982507
0.000709495318678
-0.000395424712608
-5.46617236926e-05
0.000200180789331
0.000698821917468
-1.95589052625e-05
0.000449000130916
-0.000836942126301
0.00061743827858
0.000282286433222
-0.000658366013262
-0.000360772309171
-0.00024631384519
-0.000624377972262
-0.000531966232972
9.42099861633e-05
0.000437756246845
-0.000219346356751
0.000821239696332
-0.000455287879264
-0.000294144807105
0.000749432686326
-0.000106426286258
-0.000771272613189
0.000877698899437
3.17506252004e-05
0.000735584990586
-0.000767335615584
-1.45845066771e-05
0.000497775721424
-0.00048319121467
-0.000741660702087
0.00102960076932
-0.000287940067249
-1.32850564967e-05
-0.00051868117653
8.58227022879e-05
0.000672333034166
-0.000758155736464
-0.00058887610329
0.000433133813482
-0.000447718320181
0.000674028864501
-0.00047300020605
0.000701601724455
-0.000313041586187
-0.000649188903771
-0.000166098749674
0.00076479229952
0.000124326527537
-0.000509364616387
7.79965962677e-05
0.000428790202838
1.72196948935e-05
0.000468644614476
8.92289692429e-05
-0.000557873583722
-0.000385906062341
1.42695116146e-05
0.000371636550718
0.000763370086833
-0.000528560391155
-0.00023480969568
0.000539067670903
0.000224302415901
0.000346666424865
7.19899457073e-05
0.00026189164911
4.96639264224e-06
0.000665401370268
-0.000196756755796
-0.000579724681117
0.0006655473834
0.000107943148983
-0.00084960385108
-0.000786555289805
0.000728335004473
5.82202853512e-05
0.000854301200851
-0.000792932134368
-6.13690664934e-05
-0.00082142172813
-0.000941665226504
0.000776684470079
0.000164980756407
-0.000209366918483
-0.000577188371331
0.000230667341065
0.00062363385978
-0.000297333508881
-0.000644331717622
-0.000235297457527
-0.000670421497567
0.000905718955083
0.000531557884642
0.000498042884673
-0.00047998998273
0.000466704926363
-0.000483928864208
9.80228018623e-05
-0.000270626678332
0.000537645573467
0.000446650718803
-0.000766785099302
-0.000481380971246
-0.000176667497646
0.000658048468884
1.94001178127e-05
0.00064933782989
0.000553320577464
-0.000676309242913
-6.04974940949e-05
0.000420890457089
0.000116365449047
-0.000537255906127
-0.000301214726501
7.20265188259e-05
-0.000553407490078
0.00037932851365
0.000331414505348
-0.000710743019003
-0.00043070160015
-0.00031683353458
0.00074753513473
-0.000733570568064
0.000302868967912
-0.000664034649385
0.000115075748193
0.000548958901202
-0.000381086231467
3.9024979073e-05
0.00034206125238
-0.000295213835351
3.91678538345e-05
0.000256045981509
-0.000213392587156
3.85538188827e-05
0.000174838768266
-4.05899071164e-05
-0.000583788065147
-0.000708919561253
9.0040527233e-05
0.000618879034035
-0.000134983998743
3.69522652649e-05
9.80317334577e-05
0.000630200905298
0.000248158041688
-0.000878358947
-0.000644188987661
-6.47305735915e-05
0.000244407045285
-0.000187661737318
-5.67453079572e-05
-0.000354242054414
-0.000557118425566
0.000442600535381
0.000114517890198
0.000740441970318
-0.000678269980244
-6.21719899597e-05
-0.000859877035945
0.000488740974267
0.00037113606168
-5.85146857488e-05
3.40216753524e-05
2.44930103968e-05
0.000735402697132
-0.000563176064892
-0.000172226632219
0.000145973872025
-0.000269684748817
0.000123710876799
2.73942169739e-05
-0.000331355739198
0.000303961522224
0.000178284301718
-0.000199548000498
2.12636987944e-05
1.76968696164e-05
2.94430366539e-05
-4.71399062701e-05
-0.00018992186
0.000191736800226
-1.81494021515e-06
9.49622995368e-05
-0.000327532253187
0.000232569953649
0.000295266098604
-0.000200303799047
3.71061647931e-05
-0.000836403275887
0.000799297111123
0.000771581632136
-0.000863891103229
9.23094710815e-05
-0.000331980000682
0.00089878371775
-0.000566803717077
-0.00032064206429
0.000158994402186
0.000161647662108
-1.33559520719e-05
-0.00036773027939
-4.40153951778e-05
-0.000797758743821
0.000841774139114
-0.000573994122149
-0.000395640858253
-0.000464236177687
0.000883119747264
-0.000368633326434
-0.000514486420845
-1.38643960742e-05
-0.000281349439274
0.000551139746582
-0.000798190967033
0.000835297131833
-0.000721215959051
0.000308263359982
0.000412952599047
-1.38416860256e-05
-0.00019955090113
4.49180205233e-05
0.000303235109813
-0.000348153130308
-0.000694514115643
0.000491569590888
0.000202944524748
-0.000749793860706
-0.000332383788752
0.000377301809293
0.000208508767365
-0.000119418872634
-8.90898947185e-05
0.000729746910045
-0.000438476592529
-0.000291270317518
0.000464978267046
0.000264768642995
0.000168279904642
1.00043970885e-05
0.000372835845691
-0.000247871265992
-0.000124964579678
0.000725206087757
-0.000643487251843
-8.17188358193e-05
0.000666711383196
5.84947046265e-05
-0.000112349615551
0.000178056725695
-6.57071101367e-05
-0.000746564897461
0.000111842233064
0.000634722664409
-0.000334767723838
-0.000386448235231
0.000171913336855
4.0931532086e-06
-0.000176006490054
-0.000315378664479
0.000404107132823
-8.87284683534e-05
-1.30353587381e-05
-0.000121948640011
-0.000133535167226
-0.000613029730222
9.69547185234e-05
0.00073139114528
-0.00077198105239
-0.000516359544418
0.000388410035115
0.000127949509309
1.40912858988e-05
-0.000812282252922
0.000388936167025
-0.000138992856245
-0.000249943310777
-0.000419612185729
8.86703192234e-05
0.000330941866499
-9.60137916069e-05
-0.000135152711843
0.000231166503458
-8.89953492731e-05
-0.000468123076291
-3.08450307548e-05
0.000202758367604
-0.000778144090979
0.000792235376885
0.000257939185524
-0.000200702414668
-5.72367708748e-05
0.000113881423448
0.000275054743574
0.000303764923152
-0.000137417471506
-0.000166347451652
-0.000305730762282
-0.000113411538357
0.000588607373263
-0.000475195834923
-1.11413287009e-05
-4.73733570452e-05
0.000144481190128
-0.000121533491533
-2.29476985805e-05
0.000222524194228
-0.00013637851151
-8.61456827234e-05
0.000111478446864
0.000111045747352
0.000112519903649
0.000191245019504
6.01899007671e-05
0.000148318866593
0.000131459864243
-0.000861927813605
0.000730467949404
-0.000195861833795
5.9483322266e-05
-0.000161350697961
-3.45111358374e-05
0.000601867529912
-0.000858525629577
9.51954620876e-05
0.000763330167509
-0.0002295358486
0.000416063773524
0.000234804645955
-0.000650868419486
-0.000728110013898
-0.000130415615653
0.000204284332239
-0.000236051274822
3.17669425803e-05
-0.000208363407155
0.000872189232697
-0.00068746713509
-0.000184722097601
-0.000106980626285
0.00025295449831
0.000136213713678
-0.000118488183337
-1.77255303493e-05
0.000389560804535
0.000517880699555
-0.000907441504098
-0.000155410672645
-0.000114274076169
0.000449704730915
-0.000548435397435
9.87306665261e-05
0.000144079218826
0.000858395580477
-0.000779736499716
-0.000850804705938
0.000810387124036
-0.000831719024345
0.000768765791973
6.29532324791e-05
0.000938306923076
-0.000860663068091
-7.76438550911e-05
0.000180448794147
0.000114817304464
-0.000252178144417
-7.53541087635e-05
-0.0008814372389
0.000237246981415
0.000644190257472
-0.000604075082197
-0.000277362156698
-0.000368320195811
0.000671189163725
0.000305044820336
0.000580937661785
-0.000885982482107
8.89963726491e-05
0.000601375325841
-0.000185311552324
0.000314673092995
-0.000380393243415
6.57201504283e-05
0.000257050765278
-0.000463837142783
0.000206786377516
0.000883217186197
-0.000645970204774
-0.000221317283846
-4.84198601299e-05
0.000269737143992
0.000294708635553
0.000127948422279
-0.000263101134121
0.000195750051134
0.000405804104268
-9.11310112817e-05
0.000252313851107
-0.000620634046913
-0.000330867446863
-4.95257965482e-05
-0.00014019327014
-0.000354077171669
2.32097248085e-05
0.000134316478427
-0.000215045455228
2.51235952433e-05
2.28014383898e-05
-0.00024411872223
0.000214538238624
-0.00076351288653
0.00043798292588
0.000325529960668
-0.000400896979511
6.8513190777e-05
0.000286942824469
0.000148574343332
0.000108674676857
0.000297129427413
-0.000316249753319
0.000196899996084
0.000119349757216
0.000300598004547
-0.000273203787566
-0.00060562134353
0.000109080650858
0.000496540692664
-4.33200109224e-05
-0.000156227989572
0.000922802021736
-0.000617757201371
0.000248851565857
-0.000861091108351
0.000612239542472
0.00080335544585
-0.000827260496598
2.95017529126e-05
-0.000826791640423
0.000303685239687
0.000316078633167
-0.000619763872879
0.000294482464319
0.000219482946756
-0.000513965411048
9.7432553511e-05
0.000275403292201
0.000274668521845
0.000284720666928
-0.000559389188776
0.000966338729434
-0.00073476430572
0.000731607728736
0.000206699194251
-7.82349609167e-06
2.55203657198e-05
0.000489244088932
-0.000857877415377
0.000860660114926
-0.000765464652799
0.00076553984549
-0.000525037312982
-0.000240502532489
0.000202363780603
0.000540021674731
-0.000245539210391
0.0003401716981
0.000452038934651
-0.000792210632763
-0.000300195474339
0.000566847366134
-0.000266651891769
0.000829415787028
0.000760302294626
0.000129654099439
-0.000788603613223
0.000658949513803
-0.000171219636079
-0.000145030117259
-0.000835838376178
0.000845004592064
-0.000117228911549
-0.000718609464513
8.93921719067e-05
0.000724692175497
-0.000814084347398
0.000738054015805
0.00010695057619
-0.000497658905224
0.000887219709749
0.00105659620104
0.000772848144386
0.000283748056643
7.6084980628e-05
0.000181854204902
-0.000349748170079
0.000653433409753
0.000879052471155
4.21060897112e-05
-0.00016363958124
-0.000797255084748
-5.35496211594e-05
0.000220195854897
-0.00035918871115
-0.000231547445424
-0.000247013388696
0.000453713317706
-0.000206699928987
0.000243422333754
-0.000529484725876
-0.00033764346323
0.000562020827402
0.000299755215288
-0.000599950689609
0.000653599529168
-0.000477843364361
-0.000175756164787
-0.000684515893926
0.000814794196547
-0.000326053222281
1.64045163876e-05
-0.000828686769283
-0.00079740437497
0.000272367061997
-0.000923107024056
0.000728327506148
0.000855737022438
-0.000690897406149
6.80539877577e-05
0.000143596108307
-0.000211650096079
0.000451236847283
-0.000362566528072
-1.44184662489e-05
0.000218702798489
8.26333006839e-06
-0.000169614028044
-0.000417568883386
0.000660991217134
-0.000175861374057
0.000813094934271
-0.000750230663862
-6.28642704225e-05
0.000819920019905
-0.000829847698492
9.92767845572e-06
0.000138313641393
-0.000275731112904
0.000704677917043
-0.000575023817655
-0.00037177124547
0.000244417283427
0.000127353962032
-0.000272801285833
-0.000375945454717
-0.000140414089699
0.000390318404993
-0.000396145784071
5.82737909149e-06
-0.000169676291017
0.00023773027876
-0.000482894002797
0.000235880614114
-8.17504649472e-06
-0.000345902125164
-4.89145946328e-05
0.000839271535464
-0.000790356940842
0.000350254147682
-0.000311229168595
0.000599391742679
-0.000434499872126
-0.000509568521337
0.000344115567147
0.000144477043744
0.000151362469785
-0.000399233735764
-4.28368847217e-05
0.000186432993009
-0.000161325068058
-3.10969499757e-07
0.000783743842363
-0.000783432872877
0.000327936268174
-0.000663615640026
0.000335679371871
0.000675004112401
-0.00022639949891
-0.000649826447518
0.000249792088253
0.000332715758547
5.44085211492e-05
0.000765511498753
-0.000468511140086
-0.00013711020345
0.000715121869309
-2.00032840862e-05
-0.000695118585159
0.000284966121312
-0.000411721345564
0.000126755224143
0.000266514780834
-0.000227346926996
9.35123973615e-05
-0.000263188688399
-0.000683585038001
-0.000105018575306
-0.000263096568616
-0.000220975973925
3.33142366147e-05
-8.30824774799e-05
-0.000694682128367
0.000277113244975
0.00062769148347
0.000807913816445
-0.000856828411086
0.000186661562544
-0.000148107743665
0.000275008878603
0.000178704439117
0.000703067885239
-0.000648659364093
0.000141794786179
0.000511804743
-6.67195112641e-05
-0.000278154858022
0.000344874369287
-0.000700720855244
-5.62562305345e-05
0.000756977085816
-0.000397758276627
0.000200029873233
0.000197728403383
2.36189461277e-05
0.000836624194216
-0.000408440001187
3.84162191324e-05
-0.000471252126157
0.000432835907031
0.000943505484254
-0.000596413544075
-0.000347091940184
0.000622947775653
0.000320557708598
0.000621684927475
-0.000506609179272
0.000290412393443
0.000295849040213
-0.000362568551467
1.44010140578e-05
-0.00032906429004
-0.000207318981115
0.000536383271173
0.000508231865817
-0.000778610481167
0.000270378615344
0.000297471051771
-0.000373070057908
7.5599006156e-05
-0.000488151169304
-0.000309253205653
-0.000289219541569
-0.000771050102799
0.000751046818798
0.000426371348396
0.00080760284694
0.000237783076101
0.000359989133461
-6.25180816802e-05
-0.000674507821176
0.00033686435794
0.000483199707182
-0.000497135453351
0.000700796535736
-0.000890133096892
0.000842146275429
-0.000679811236487
0.000890892141679
-0.000211080905235
0.000109585021667
-7.26327563966e-05
0.000556029923924
-0.000825645241126
0.000269615317209
-0.000151982156003
0.000801766592883
-0.000649784436892
0.00013473671478
-0.000174614159988
-0.000223144116656
-0.000836734010758
0.000684751854747
0.000821775648846
-0.000727577561157
0.00077065672828
0.000377366389496
0.000323430146236
0.000843233378342
-0.000795498891797
-6.15245153039e-06
-0.000325203287659
0.000911097546458
-0.000288149770808
0.000595541360278
0.000172694856035
-0.00076823621614
-0.000354850464478
-0.000509478697126
0.000864329161593
0.000952546768028
-0.000473933250699
-0.000478613517325
0.000248102911656
-0.000912490349667
0.000577149234452
-0.000732775874093
0.000155626639784
0.00070751511207
-0.00013036587737
0.00027336978297
0.000527317691015
-0.000654457103842
-0.000149949599003
-0.000538930151163
0.000688879750155
-0.000260597148992
0.000548546784647
-0.000181545818354
-0.000579281601054
0.00076082741939
-0.000792108397389
0.000294972944044
0.00100710589462
-0.000523906187451
-0.000845759065582
0.00079220944445
0.000205910574914
-8.24288980594e-05
0.000746439834116
-0.000462301342267
-0.000284138491838
0.00017110359643
-0.000342323232522
-8.97247073555e-05
0.000385573747553
0.000620220774524
0.000649773470859
0.000261324075597
0.000266134445881
-0.000386039682106
0.000119905236238
-0.000712250758402
0.000540024126193
-0.000122928365367
0.00057263309627
0.000315855728295
0.000430584105824
0.000308691845169
0.000506102351373
0.000326518740438
3.34703930349e-05
0.000382143358502
0.000743036511768
0.000129509896252
-0.000559434274486
-9.75598087079e-05
0.000656994083327
-0.000729231200062
-0.000402227839609
0.000312503132243
0.000661638611402
-0.000134320920354
-0.000509250397083
0.000301931415982
7.94930008227e-06
0.000906185015275
-0.000388304315728
7.49385138872e-05
0.000430857409795
-0.000133727982379
-0.000106935612023
0.000241659931872
-0.000543528033788
0.000339618599567
-0.00082776976886
0.000660753708432
-0.000169184117549
0.000317004646269
-1.43192799011e-05
-0.000302685366366
-0.00019343912581
-0.000501243002562
-0.0002246024
-0.000278363562879
0.00045572301086
-0.000177359447979
-3.64773248254e-05
-0.000930764284631
0.000717950868134
0.000212813416468
-0.000474111629478
0.000249509229409
-1.93833847252e-05
-0.00030002284635
-0.000363592793665
-0.00078383379163
0.000152493846915
0.000481502086516
0.000140182840967
0.000317919236119
-0.000421855302787
0.000103936066684
-0.000424653989873
0.000250039829875
0.000487953738042
-4.94793847576e-05
-0.000438474353273
3.36634487421e-05
3.58226618541e-07
-0.000362675391029
-0.000192830151891
0.000360758038855
-0.000121712375082
-0.000132767250348
0.00025447962543
-0.000160956181108
-0.000769808103547
0.000590747155008
-0.000717358025983
0.000619798217305
-0.000719398113009
0.000733799127068
-0.000438938723228
0.000246108571334
0.000731023180235
-0.000528078655493
0.000454103137386
-0.000122906922404
-0.000331196214964
-0.000868747479372
0.000190339494875
0.000678407984494
-0.000402314337858
0.000718170066155
-0.000565802863546
0.000772502057791
0.000414973409379
-0.00101138695345
0.000585426774282
-0.000840671758439
0.000648010624248
-0.000166508537724
-0.00059441207538
0.000872173399096
0.000434921638168
0.000386128091731
-0.000821049729917
0.000177154391402
0.00055386878883
0.000232529135291
0.000166456961743
-0.000398986097023
-0.000787807896216
0.000712637855704
7.51700405082e-05
-0.000661100226825
0.000343969326716
0.000317130900104
0.000608195170038
-0.00086092447657
0.000252729306592
0.000116946330729
0.000587731586366
0.000778439064909
-0.000689046892998
-0.000332603036954
0.000408202043122
-0.000218974008514
-0.000711841575196
0.00090218107007
0.000790287140252
-0.000513173895285
0.00037113346965
8.7614553565e-05
-0.000420217590504
-0.000556245034124
0.000864936879287
0.000316769063845
-0.000692982258191
0.000376213194335
-0.000896829651335
-0.000594371415162
0.000216374801161
0.000377996614046
3.31038209918e-05
0.000750640021363
-0.000292986020015
-0.00036811420681
-0.000134698524498
0.000452617760636
-0.000254170976528
-0.000533636919684
-0.000395168247453
0.000909964865408
-0.000699190608383
0.000940567403065
-0.000290200545339
-0.000650366857727
8.611988329e-05
0.000451066410163
-0.000537186293433
0.00040432738908
-0.000305830810423
0.00051924189436
0.000314459325253
-0.000833701219607
7.8105239872e-06
-0.000603105352448
0.000595294828444
-0.00033155268788
0.000396911130339
-8.59876897005e-05
-0.000335867613083
-0.000504927173634
-0.000207323584756
-0.000330420381281
-0.00028934349161
0.000428946547644
-0.000677018180435
0.00024807163279
0.000402494535876
-0.000702517382223
0.00032247882059
-5.47417430911e-06
-0.000275631036944
-0.00014902295294
0.000968843027636
-0.000648285319038
-0.000324616117663
-0.000572357450996
0.000896973568647
-0.00069530035787
-1.01361626643e-05
0.000759932328136
-0.000749796165478
0.000395262959312
-9.34129907195e-05
-0.000301849968615
-0.000303464425991
-0.000611727373207
0.000351130224208
0.000339381298195
-0.000245412719479
0.000635934008668
-0.000390521289171
0.000817017359045
-0.000297775464677
0.000680049979952
0.000260517423105
-0.000153510546813
0.000352772902054
-0.000487471426532
0.000220385471648
-0.000199121772856
-0.000414980801606
0.000619050398785
-0.000204069597195
-0.000228124982695
0.000908174962647
-0.000939966557893
0.000355592691143
0.000245782634689
-0.00044144515482
0.000113776496659
0.000327668658152
-0.000118180140195
-0.000718553870568
-0.000675021474576
0.000429608755106
0.000562846382518
0.000116362020167
0.000662077044747
0.000119631922362
0.000141401649339
-0.000735241054203
0.000593839404879
0.000589328803517
-0.00044225405999
-0.000147074743541
-0.000919028193051
0.000431831081498
-0.000265374119752
0.000489782218189
0.000359621768086
-0.000849403986262
0.000174348001905
0.000205147847126
-0.000482470565425
0.000277322718284
-0.000152754075203
0.000228839055827
-0.000842916851823
0.000712501236168
-0.000658562172434
0.000119632021259
0.000219229771988
-0.000717000920362
0.000497771148384
0.000829400817762
-0.000483279394818
0.000501166731988
-1.78873371486e-05
-0.000903336974306
-0.00077609877394
-0.000600605438832
0.000777759830229
0.000455791702588
0.000192218921674
-0.000549371002187
0.000722065858271
0.000566765878419
-0.000630163567905
6.33976894693e-05
1.91680154971e-05
0.000381784231864
-0.000400952247366
-0.000190424956304
0.000566250659572
-0.000558440135594
-0.000388458686963
-0.000205912728173
0.000779875369687
-0.000436934569051
-0.000342940800619
-0.000263411056034
-8.48384652213e-05
8.31981550412e-05
1.64031016654e-06
-0.000167911080705
0.000520683982775
0.00073555168051
-0.000853731820712
0.000690360550543
0.000265283549004
0.000644681316387
-0.00016404329295
-0.000678873558878
0.000511156555922
-9.78176636602e-05
-0.000413338892239
-8.26980644079e-05
-0.000465737333017
0.000464820936056
-0.000493510689048
2.86897530121e-05
0.000555414001339
-0.000339039200182
-0.000819579447348
0.00071574264926
-0.000598796318559
4.55266521002e-05
0.000523852012822
-1.84584587554e-05
0.000470622164038
-0.000266353810223
-0.000873494731724
0.000675995789185
0.000328734588621
-0.000422147579355
0.000416798399314
-0.000582783376348
0.000165984977065
-0.000247010351542
-0.000291354628561
0.000538364980076
-0.000386781903381
0.000628441835241
-0.000101375232952
-0.000549796931244
0.000651172164183
0.000347917358275
0.000115247074372
-0.000463164432634
-0.000220063325815
0.000938014193922
0.000794441284658
-0.000231594902133
0.000436473131435
7.46834244976e-05
-9.17962940183e-05
0.00031746593516
-0.000403161942912
0.000422329958419
-0.000455044177582
0.000369056487907
-0.000802950745558
0.000766473420742
-0.000694532213647
0.000307750310256
-0.000187935342651
-0.000417051628316
0.000249931433655
0.000167120194659
-0.000231076747138
0.000588429973899
-0.000357353226771
0.000647301193682
-0.000811344486636
0.000421490626681
-0.000482715563861
6.12249372017e-05
-0.000576787108479
-0.000242792338874
-0.000707034970524
-1.42164685579e-05
0.000721251439103
-0.000745429706118
-0.00032750487687
0.000729999412755
-0.000193148907534
-0.000141078725081
0.000694947513905
-0.000527664523219
-5.92926488425e-05
0.000586957172079
6.55989966346e-05
-0.000468760939551
-0.000743684008379
0.000272908627117
0.000470775381269
0.000609017320995
-5.70375576046e-05
0.000386406908248
-0.000216545957734
-0.000169860950514
-0.000356275129001
-4.59527106017e-05
0.000478913001438
2.22537305617e-05
-4.73036993472e-05
0.000526216700797
0.000217910506895
-9.01313605227e-05
8.44393119255e-05
-0.000240686798453
0.000184191795628
0.000610249489035
-0.000519674983351
0.000628755634202
0.000719824971947
-0.000488093676941
-0.000231731295016
-0.000873405381037
0.000679012108408
0.000194393272718
0.000387973651641
0.000150669297603
0.000301948463036
0.00028568873541
6.45654122642e-05
5.40113146453e-07
-0.000273743900702
-6.03454548223e-05
-0.000252462073755
-0.000621032657961
0.000465431885742
0.000254393086198
-0.000685166949115
0.000258009592616
0.000420474329507
1.85562890135e-06
-0.000680680939287
0.000192587262343
-0.000148283829646
-0.000209589898895
-0.000506843539333
0.00071643343823
-0.000678642482297
0.000604471458909
-0.000908648099585
0.000304176640666
0.000797134495015
-0.000482675169762
9.17318204666e-05
0.000249024393544
-0.000340756214025
0.000381126922755
0.000140489049314
-0.00052161597204
-0.000532200912625
-0.000615412510749
0.000514037277788
-0.000338823066547
0.000682792393262
0.000547111899832
-0.00055413937864
0.000800749672637
-0.000371223555541
0.000458838109122
-6.79122970123e-05
-0.000387131880558
-0.000393742250829
-0.000703651141506
0.000379002293669
-0.000344455709383
-0.000129655920139
0.00033713950411
-0.000838253507627
0.000501114003522
-0.000266382330707
0.000140139754383
0.000604391940849
-0.000744531695233
-0.000168968675707
-0.000511712263585
0.000272341215012
0.000411666474914
-0.000502815475536
9.11490006068e-05
0.000296673984852
-0.000543684336422
-0.000262421506437
-0.000327722122065
0.000590143628531
-0.000453419142044
-0.000223599038388
0.00025816712363
0.000197555887222
0.000304567166734
-0.000541337975837
0.000236770809091
0.00026349757533
-0.000374521618906
-6.69235359273e-05
-0.000359550433475
-0.000394988084682
0.000754538518137
0.000375641742086
-8.99530066712e-05
-0.000327609474586
-0.000574968222567
5.13569034952e-05
0.000626738784649
0.000151021045577
-0.000231475782115
-0.000641929598998
0.000345844612829
-0.000184196950692
-0.00076372927755
0.000767723609937
-2.55091028635e-05
-0.000337059448596
-0.000613474520359
0.000554181871529
0.000770870994366
0.000150083963877
-0.00023903327043
8.89493065605e-05
-0.000307978108418
0.000625109008517
0.000462907759224
-0.000296319016567
-0.000166588742653
-0.000302466132171
0.00018907042643
0.000113395705736
0.000703301336066
-0.000698554311567
-4.74702450142e-06
-0.000245912859991
0.000202016578552
0.000143828034258
-0.000474079451519
0.000714496684464
-0.000543170976074
-0.000108391810034
0.000310408388589
0.000255474440026
-0.000606417666479
0.00035094322644
-0.000361503076941
0.000740850076553
-0.000379346999608
1.94347649243e-05
0.000683866571158
0.000655520929696
0.000252654032949
0.000402802662631
-0.000853580263174
0.000450777600556
-0.000628786806736
0.000249029559746
0.000379757247021
0.000420041441041
-0.000161731563348
0.000455187676994
0.00050425910766
0.000490263204718
-0.00042466420808
0.000910411189211
-0.00053007152872
-0.000380339660502
-0.000627026173793
0.00036460466737
-0.000564493916966
-0.000214116564208
0.00078744094807
0.000354613361896
-0.000546758846231
0.000192145484307
-0.000415358011133
-0.00021342879557
-0.000300312354261
0.000573628981098
-0.000269061814377
-0.000227691879274
-0.000287509441782
0.000515201321058
6.04793677802e-05
1.79380656344e-05
-0.000438535158499
0.000420597092845
0.00011868407355
-0.000560938133557
0.000483593245629
-0.000181644782594
0.00012302583911
0.000355857057199
-0.000478882896325
-0.000115154005517
0.000265237969405
0.000406220532998
0.000328082234311
0.000220464550333
-0.0006876002056
-0.000164259510213
0.000751991096628
0.000178551014436
-0.000741727556983
-6.12231885524e-05
-0.0003814201922
0.000197223241511
5.00042924061e-05
-0.000764529814808
0.000131518727247
0.000284459243037
0.000603723642975
-0.000888182886013
-0.00017973309065
-0.000302737474785
5.90502276625e-07
-0.000241074341871
0.000240483839599
-0.000219405399021
0.000863595656479
0.000115709201128
0.000259932540964
-0.000195153526476
-0.000164035184686
0.000469041219201
-0.000337522491943
0.000329965942955
-0.000509699033614
-7.4104411173e-05
-0.000113433338393
0.000187537749595
0.000850859732228
-0.000474646537899
2.25824005654e-05
6.06157544783e-05
0.000639833767706
-0.000384359327686
0.000575960776966
-0.000221347415123
0.000279779928509
0.00029384905258
-0.000262860582012
0.000206115274065
0.000236623432585
-0.000801117349552
-0.000160911300195
8.68068890169e-05
-0.00059916889302
0.000896064171861
0.000584471961696
-0.000861834118408
0.000183255148914
-0.000220897779209
-5.43677554689e-05
0.000275265534677
0.000191253381776
0.000114897123182
-0.000674805714358
0.000559908591179
-0.000196083803847
0.000446015237513
-0.000677130592312
0.000180843594735
0.00049628699762
0.000465048743002
-0.000447110677379
0.00083568750297
-0.000251215541275
0.000314683592271
-0.000222951771826
-0.000211372032889
-0.00021417042798
-8.82957041876e-05
0.000526653478093
-0.000828169433067
0.000301515954957
0.000426279628901
0.000320611393781
0.00029650066157
0.000279460115366
-6.28795667403e-05
0.000196811033285
0.000117872558971
0.000141312209916
-0.000357858167653
0.000123781995809
0.000421527089173
0.000482946876436
-0.000904473965619
0.000488406407598
0.000141378205828
-0.0004315171636
0.000290138957784
-0.000824156455039
5.62458493095e-05
-0.000440934593563
0.000442790222465
-0.000214299997537
-0.000478742269063
0.000141219777133
-0.000473153864254
0.000128698154816
-0.000519785868914
0.000106446976689
0.00023067094368
8.99404501092e-05
0.000244052008955
0.000236768479354
-0.000480820488317
8.95106093855e-05
-0.000326637737977
0.000919253934198
-0.000745329208245
-0.000506814281906
-0.000119033099134
0.000625847381062
-0.000541257776969
0.000269525270055
0.000271732506908
0.000387174290102
0.000353675786452
0.000318450667193
-0.000546246113188
0.000227795445983
-0.000161836665498
0.000789375824555
-0.00062753915907
0.000346380144818
-0.000769742949671
0.000442238072801
0.000574405882891
-7.78651902365e-05
0.000607371008164
-0.000310870346609
-0.000770047294061
9.21156331874e-05
-0.000810669503764
0.000113367658771
0.00058157985513
-6.41945021625e-05
0.000406223095901
-6.41618435233e-05
0.000141422845516
0.000204957299304
-0.000573148684964
-0.000294182829143
0.000650355420937
-0.000356172591749
-0.000623732255435
2.06269029796e-05
-3.48687394658e-05
-0.000493875443392
0.000686092082644
-0.000211472315331
-0.000474619767326
0.000330382636337
1.68189649612e-05
-0.000524255417146
0.000682097686144
-0.00015784226901
0.000484379374407
0.000231363274867
0.000518557842768
-0.000200107175586
0.000153110009729
0.000309797749492
0.000202320278675
-0.000230272994605
0.000428001397974
7.70931242527e-05
-0.000525738527184
0.000507043572059
1.86949551114e-05
-0.000145512199244
-4.28002103787e-05
7.2243247044e-05
-0.000252397060616
-1.28446469378e-05
-0.000275320315324
6.11498873233e-05
0.000451760427726
9.10594304881e-06
-3.59222893055e-05
-0.00023939802601
-0.000126868333513
-0.000488544177245
0.000869886017326
0.000176654438406
0.000725526631664
0.000401310746794
-0.00017970402907
-0.000466682417195
0.000646386446255
-0.00014011960743
0.000802196652187
-0.000253489528323
0.000415602581554
-6.39498306864e-05
-0.000351652750877
0.000180741254662
-0.000687584794013
-0.000668333732806
0.000125162756759
-0.000111655218866
-0.000582992580198
0.000456124246675
0.000391728536697
-0.000617747827134
0.000226019290432
9.02554593122e-05
0.000325347122232
-0.000482568741855
7.50446742278e-05
0.000407524067632
0.000354493267677
-0.000121923314018
-7.28640553599e-05
0.000586901333137
-0.000814392259136
0.000459541794649
0.000195062382686
-0.000771628794511
0.000576566411825
0.000719289064031
-0.00044252271666
0.000351391705381
-0.000533541211943
-0.000141264502406
0.000530350548459
3.41911927943e-05
-0.000432096632241
-0.000150895947964
-0.000388305644721
-0.00092807993272
0.000355722481711
-0.000360655189174
0.000688737423479
0.000175425008468
0.000343132834297
0.000177106723276
-0.000292260728784
-0.000556369767661
-0.000790203062573
0.000430652629086
0.000356249533566
0.000373749879199
0.000463080406829
0.000394860693972
-0.00085794110081
0.000761689013984
-9.37063261584e-05
-0.000667982687838
0.000884607495996
0.000317494856621
0.000365297536639
-0.000902790736577
0.000204565372036
-0.000657984514089
-0.000662796383726
0.00061628210395
-2.23767424074e-05
0.000115444518623
0.000585590582047
-0.000118414938623
-0.000330012059324
0.000856665537406
0.000140220948972
0.000125017020441
0.000318529568798
0.000445617346638
-3.69946219624e-05
-0.00040862272468
0.0003686563159
0.000317168204704
0.000272975423824
0.000550518926541
-0.00037509391808
0.000247478672037
0.000330780777855
-0.000578259449898
0.000864985221236
-0.000628361788655
0.000548368412393
-0.000799583953681
0.000381667515948
0.00079322537929
0.000599207755831
0.000639800169485
0.000119382229369
0.000117632231049
-0.000237014460457
0.000471028244446
-0.000520507629196
-0.000763905779253
0.00070268259071
0.000691928905444
-0.000153841976421
-0.000283735641204
0.000162023266119
-0.000284369578032
0.000267283281246
-0.000303205570565
-0.000522117156457
0.000403702217852
-0.000602466740529
0.000294488632104
0.000514093527367
-6.93422671819e-05
0.000741675301341
-3.84574523305e-05
-0.000238590047908
0.000277047500217
0.000132300754895
-0.000490838106281
0.000367956017755
0.000122882088513
0.000198726008675
-0.000164673597348
-3.40524113418e-05
4.43239625792e-05
-0.000576576102792
-4.71561526501e-05
0.000820419567542
1.88519679156e-05
0.000274947349641
0.000240253971412
-0.000628965869074
0.000621270739306
-0.000440427144546
-0.000223260382115
0.000145698848949
0.00022543462069
-0.000429991667773
0.000912938544201
-0.000871745840319
0.000719638512026
0.000428123053795
0.000456484442191
-0.00021273130237
9.92979639927e-05
-0.000261741588409
0.000869936758373
0.00052343635417
-0.000785177942585
-0.000277076641531
0.000690029240567
0.000446048383831
-0.00078964492514
-0.000549769381364
0.000997946224313
-0.000446601323629
-0.0002989675684
-0.00031627008923
-0.000147705271992
-0.000241981453686
0.000793651252331
-0.000551669798661
0.000420711721371
8.92414100593e-05
-0.00050995313144
0.000481239235893
-0.000554103291263
-0.00018775206689
0.000171852692644
1.58993742223e-05
-0.000618010517249
-0.000183106832307
0.000718245175351
-0.000421499282517
-0.000296745892855
0.000506526571151
-0.000729786953275
-0.000611800661312
-0.000459040305739
0.000392116769813
0.000218666484865
0.000203391751553
-0.000422058236431
-0.000274807542074
-0.000288716536328
-0.000612239286878
0.000900955823201
-0.000622546033122
0.00103875160261
-4.44992912935e-05
6.52484360498e-05
-0.000367098404682
0.000399622978572
0.00042886874488
-0.000447327203625
0.000434696123975
-0.000463184186509
0.000393277561997
6.99066245011e-05
0.00058029921231
0.000209076612233
-0.000709991462248
0.000848561103252
0.000473045373903
-0.000687161938116
0.00036945710024
0.000237913907951
-0.000286605616444
0.00017233154028
-0.000707421709108
0.000538453033398
-0.00016762204599
0.000372579345301
-0.000813685532984
0.000195675015731
0.00053162535309
-0.000166900243287
0.000457039201088
0.000254440595641
-0.000501088893756
0.000246648298121
-0.000332076549143
-0.000458126513441
3.5946290947e-05
0.000530304368611
0.000497619205895
9.42436615277e-06
0.000533565496834
0.00011195611271
-0.000110315802546
-0.000474667682786
-0.000293779104932
0.000213143060664
-0.000251600513002
0.000692346746799
1.58202714808e-05
-0.000454294624741
-0.000539745180487
-0.000678154732528
0.000701506495349
-0.000194979924186
0.000218496031836
0.000255414794361
0.000130158953191
4.92395668422e-05
0.000154257055071
-9.5228168758e-05
0.000593702058075
0.000118395750171
3.96738545281e-05
-0.000158069604671
0.000589812996065
-0.000831794449757
-0.000224117002448
-1.31830023029e-05
0.000237300004724
-0.00052240489118
-0.000382069074446
0.000323257090661
0.000248481089887
-0.000187331202575
0.000576268684906
0.000435799104539
-4.25215425466e-05
-0.000459143495368
0.000311438223374
-0.000337211837473
-0.000490957595605
0.000282937403088
0.000342171605422
6.28732592771e-05
0.000296022707531
-0.000358895966822
0.000270280835497
-0.000386278166843
0.000115997331331
7.45960613879e-05
-0.000871744994437
0.000243383205778
-1.57554356799e-05
0.000757430737011
6.66775364123e-05
-0.000305267584325
-0.000476034701071
0.000439040079099
-1.09739417858e-05
-0.000714886228133
0.000240266460799
-0.000898432278528
0.000684127925771
-0.000448130830751
-0.000235997095035
3.69853638486e-05
-0.000388638114729
0.000480419521435
0.000262628643248
0.000262836615925
1.42108842764e-05
0.000162335407167
-0.000359723686789
-0.000171561936758
0.00039022842161
-0.000872583846769
-8.04903423733e-05
0.000330156540516
0.000167965283408
-2.60021358706e-05
-0.000286503973534
-0.000172639521845
0.000414455369861
-0.000144174534369
-0.00022184233842
0.000211100791054
0.000234914446455
1.04994006206e-05
-0.000419122125301
0.000452581358901
0.000471789715355
-0.000299135672144
-0.000172654043217
0.000792397031221
2.80225363135e-05
0.000447443760504
0.000466610334918
-0.000449933355686
-1.66769792383e-05
0.000224914682382
-0.000241860836329
-0.00090046606183
0.000288226774947
-0.000177823045585
0.000165900482419
-0.000415843793192
-0.000424526022486
0.000494432646979
0.000494582908272
-0.000826659457422
-0.000633793251253
0.000492528748854
0.000548989085495
7.9766548702e-05
0.000363358192538
-0.000885763083727
-0.000443460357405
0.000218869946001
0.000224590411417
0.00024459441935
-0.000469790100392
-9.11480331777e-05
0.000466189068459
-0.000661168992645
9.39077887975e-06
-0.000248788804909
0.000202620094446
-0.000101881436309
6.37753964369e-05
0.000825513323057
-0.000198865938055
0.000574461163696
0.000328169307561
-0.000902630471268
0.000337679439474
0.000563276383721
7.22408198048e-05
0.000235820752642
0.00056492892001
-0.000441723798673
-0.00060833562317
4.02040050837e-05
0.000568131618109
-6.30957531744e-05
-0.000631169013985
0.000694264767167
0.000912140603166
0.000239518912975
-6.33762077248e-05
0.000484087929083
0.000473310541644
0.000506293749406
-0.000754872406302
-0.000438270861415
-0.000469170642689
-0.000698241014364
9.79790445879e-05
-0.000522505067085
-8.91550512367e-05
0.000649063642426
0.000293027566295
-0.000312410951015
0.000502554024891
-0.000455200420288
0.000544441830356
-0.000321910602977
-0.000511790624791
0.000720948245507
-0.000209157620729
-0.000676069978707
-0.000156820649541
0.000412235443901
0.000177089125359
0.000525585979215
4.88199036693e-05
-6.38316471544e-05
0.000387860639565
-3.74971999512e-05
0.000425357839515
0.000622186046142
-0.000642545358337
-4.50548472499e-05
-0.000143806459036
6.94333449449e-05
-0.00028026798285
0.00044616846527
0.000115141938174
-0.000570342358461
-9.40178650361e-05
3.67389465313e-05
-0.000306833354965
0.00027009440844
-0.000167604182793
-0.000212451559544
-0.000475111302601
0.000652200427947
0.00021614532913
6.17030838225e-05
-0.000277848412948
0.000346280380698
-0.000280560230274
-0.000167108858936
0.000292125879392
-6.15362177175e-05
-0.000190064295288
-0.000393519175519
0.000356021975566
0.000607670687036
-0.000970087072967
0.000738611290882
-0.000378138714111
0.000429238536131
-0.000596842718929
-0.000865111923335
0.000786976003454
7.81359198711e-05
0.000177696413655
-0.000443070533403
-0.000557593776168
-0.000413182455098
0.000480860530661
6.35812996994e-05
-0.000300062921959
0.000336801868495
0.000272923777301
0.000650602294882
0.000518515635804
-0.000484951150472
-0.00026992125584
-0.000280862538491
-0.000518721415202
6.25773090204e-05
-0.000362640230979
-0.00020364475434
-0.000408155906977
-0.000411341863408
0.000453436564235
-4.20947010159e-05
-4.48477096146e-05
0.000105463464103
0.000193388672988
-0.000364950609754
1.86353395827e-05
0.000501404446331
-0.000520039785929
-0.000228165116454
0.000803992415091
0.000806494886608
-0.000400274353608
-3.80365104848e-05
0.000518897041144
0.000760269709339
-0.000166430304449
0.00057873867242
5.57621645658e-05
-0.000391629777637
0.000864988882013
0.000137638812996
4.98989365995e-05
-0.000612115546054
3.7147323506e-05
-0.00075006774058
0.000518336445559
0.000582096935514
0.000325192413003
4.93286111502e-05
-3.62983147346e-05
0.000252443643857
-0.000245130271142
0.000119054482979
0.000215440740519
-0.000334495223506
-0.000271685962675
-0.000141103822333
-0.00043968204341
-0.000221486949247
0.000288836576296
-0.00017096401734
0.000710191104859
-0.000124600522817
-0.000407098081841
0.000446051418598
-0.000402884350513
-0.000193958368422
1.60133212233e-05
-0.000264802126136
0.000443310206513
-0.000117963084289
-0.000352240159469
0.000376356768217
0.000566221139009
-0.000444990622014
-0.000240176327089
-0.000292880876396
-1.03246941754e-05
-0.000657082856054
-0.000774761293565
0.000328108160023
-0.000500762203243
-4.00176956933e-05
0.000211870388319
-0.000614403696322
-6.12758909977e-05
0.000224464585793
-0.000163188694811
-0.00053880835061
0.000114144142536
-3.65337528438e-05
-0.000135993979647
0.000172527732481
-0.000529544712616
0.00030137959616
-0.000240855651972
0.000359910134939
-7.43723943555e-05
-0.000192783017372
0.000267155411753
3.79045042788e-05
0.000544192431238
0.000704669146723
-0.000719166972271
0.000869487061152
-0.000150320088889
0.000675785729206
-0.00014609637818
0.000109562625325
0.000193042558795
-0.000197269870648
-0.000477243259431
0.000523729996488
0.000686999468873
-0.000859216823259
0.000140049850982
-4.35870267549e-05
0.000111916119556
-6.83290928198e-05
0.000188166271056
-1.62500832797e-05
-0.000169512999037
0.000238946344001
0.000193417082442
-0.000250347197156
-0.000479439756135
-0.000195632594584
4.50252395934e-05
0.00071520724351
-0.000741209379388
0.000624371299761
-0.000248014531551
-0.000558789779371
0.000201436552593
2.36929410812e-05
0.000124881402256
7.77469579687e-05
-6.86410149047e-05
-0.000401392973188
0.000233688700809
-0.000448749578962
0.000136046455853
-0.0006237700841
0.000448013919324
-0.000276867555184
0.000407306299642
-0.000391792028906
-1.5514270717e-05
0.00042312657113
-0.000332235297158
0.000771799850986
-0.000679684217809
-0.000712599967206
0.000618893641039
0.000472816516552
-0.000275507777985
-0.000233670298969
0.000265437241548
-0.000697911328036
0.000891328410474
0.000492834399846
0.00087560153149
-0.000384441777472
-0.000443240265988
0.00015142070986
-0.000146510796255
0.000162410170458
-0.000486611149127
0.000122015414088
0.000743186440892
-0.00071008261991
-4.20976841759e-05
-0.000222704441965
0.000149372769638
0.000270710241044
-0.00088511393737
0.000321506164321
-3.96755179346e-06
0.00029712238156
-0.000173411504762
-8.81200500459e-05
0.000459345766903
-3.78551402084e-05
-0.000545876555847
-0.000122457176946
-9.41905892066e-05
8.67630689546e-05
7.42752025404e-06
0.000133393726121
-2.14376133997e-05
0.000585967889256
-0.000599747835523
-8.7836958514e-05
-0.000422089374071
0.000255361876126
-9.30379904816e-05
5.02377801291e-05
0.00017769020345
-0.000204435108409
0.000281528232661
-0.000226209815071
-8.62241232992e-05
0.000648234939725
4.18359377966e-05
-0.000318703492985
0.000165146518628
0.000302929460935
-0.000860523237109
0.000228007159295
0.00100002559699
-0.000677213610341
-0.000322811986652
9.93428620297e-05
5.84029334782e-05
6.16470418185e-05
-0.000120049975296
0.000234245554418
0.0001111901374
3.32869063412e-05
4.48902061171e-05
-8.84772328896e-05
0.000740106443418
0.000457332473879
-0.000787344533212
-0.000632145202366
0.000138269759004
0.000618606464701
-0.000254001797307
-3.77571663124e-05
9.61600997897e-05
-0.00036747804243
0.000307374710735
-0.000634012448718
-8.0350904435e-05
-1.06911062551e-05
0.000475739849245
6.35022230792e-05
-0.000118252013777
9.53043152025e-05
0.000306185855881
6.82065426467e-05
-0.000374392398541
-0.000134150095654
-0.000573271613458
-9.15632850999e-05
-0.000145451175374
-0.000193962526434
0.000345383236302
-6.87995161364e-05
-9.25255519355e-05
0.000408324032565
-9.29691590627e-05
-0.000389746404785
0.000348021793672
-0.000597102191536
0.0002862318449
-8.44493363652e-05
-0.000650868382956
5.12462359506e-06
5.05114216689e-06
-2.57306533073e-05
0.000163369466301
0.00062387239354
-0.000207568541604
-0.000416201542487
-4.88626325926e-05
0.000508350579755
-0.0003589109396
-0.000149439640141
0.000594729827129
-0.000356946751015
0.000527084272551
-0.000506434693904
0.000581118118417
0.000424120349866
-0.000665253972807
0.000670378596393
0.000429647169114
-0.000361133978323
0.00040487376015
-0.00033666721751
0.000356720519872
-4.2290693295e-05
-0.000314429826593
0.000330806481484
-0.00026412894508
8.31838120744e-05
0.000611148552237
-0.000293980347503
-0.000813926737347
0.000376992168304
-4.52769600752e-05
-0.000393258198433
0.000296948856668
-3.92129037086e-06
-8.98268438069e-05
4.02780664797e-05
3.53146317609e-06
-4.38095296658e-05
-0.000355480623296
-6.66669560752e-05
0.0003623522176
0.000401060725069
0.000182586765215
-6.41910150188e-05
0.000452019639739
0.000401374013131
-0.000853393652806
-9.64113432021e-05
-0.000382471553136
-6.77079514774e-05
-0.000250995541516
0.000261696466745
0.000431895386268
-0.000120457162903
0.000355635087057
-0.000361787538576
0.000401800551524
0.00016155452609
-0.000170673459666
1.8225841283e-05
2.20522251863e-05
0.000320158581474
1.57864965111e-05
-0.000266439186219
0.000415811955847
-0.000506982445605
-0.000319761518664
7.27498381072e-05
0.000247011680589
0.000139264011199
-0.000173316422554
8.85460165134e-05
3.72758153904e-05
0.000656988951786
-0.000261515951177
0.000248671304232
-1.25835390841e-05
0.000556775970328
0.000181004574285
0.000316965723102
0.000310694371826
0.000506313502059
-0.000410858841295
0.000829429030069
-0.00010207571541
-1.52910325026e-05
-0.000706377005486
0.000346827166095
-0.000568174581251
3.68224491989e-05
-0.000622552091718
-3.59946905722e-05
-0.000257553754259
-0.000441634801053
0.000539147782118
-9.75129809852e-05
-6.801423364e-05
-0.000644627069831
0.00020181983855
-0.000708634120436
0.000292769510733
0.000357585910247
0.000344784377901
-0.000328839820817
-3.82585838843e-05
0.000340164078028
1.65564418261e-05
-3.38335550708e-06
-0.000674965740905
0.00067834909646
-0.000177472331573
-0.000387161285525
0.000564633617116
-0.000354652653117
9.06625143571e-05
-0.000211614707184
-0.000301045855406
0.00031263815484
-0.000140306614561
-0.000988750518973
0.000335804249223
0.000652946269736
0.000249653613613
0.000197282309025
-0.00014011691269
0.000185142152297
0.00026252730244
-6.52449934302e-05
-9.26872731512e-05
0.000327071098994
-0.000234383825835
0.000734306072966
0.00021233526029
-0.000314216696614
-9.02801658975e-05
0.00012710261511
1.19969446568e-05
0.000611875448889
-0.000288515788189
0.000302726672455
-6.31160474001e-05
7.05435676452e-05
-0.000250275025442
0.000275217810192
-0.000946176784021
0.000619027277716
0.000186543416972
-6.64192129453e-05
-0.000120124204051
0.00017861681887
-0.000279891139094
-0.000137128608967
-0.000185272625998
0.000454731605348
-0.00026945897936
0.000220418656634
-0.000368090282907
0.000693489702424
-0.000160077665567
0.000547922773487
0.000572397512962
-0.000378566091778
-0.000192459246715
-5.58181369616e-05
0.000525349755793
-0.000469531618781
0.000475168417878
8.66033934443e-05
0.000118604174976
0.00023103288454
-0.000288269655427
0.000465185214093
-0.000802397051579
-0.000248421494379
0.000590593099793
0.000145908770984
0.000223575906165
-0.000304066248525
-2.19681778371e-05
-0.000240032549292
0.000370191502487
0.000497452938023
-0.000559716143891
6.22632059168e-05
-0.000592409340786
0.000206134212526
-0.000211573675238
0.000739958406105
7.72007685622e-05
0.000547108156324
-0.000624308924867
-0.00035234286057
0.000638574705447
-0.000586713466395
0.000234370605796
-0.000141106550521
0.000160857475389
0.000375521584899
-0.000536379060339
0.000862442058193
-0.000595076467937
0.000181894012832
-0.00030698805124
-0.00039666309028
0.000856841435334
0.000467020035977
-0.000139351377842
9.34968705018e-05
3.95983511944e-05
5.47637673192e-05
-0.000412736669093
0.000357972901757
-0.000166002309112
0.00042448876054
-0.000258486451436
0.0008321753681
9.57811898533e-05
-6.94588840303e-05
-1.90183488852e-05
-0.000354853432263
-0.000407317105834
-0.000402870485575
-0.000411056251766
4.78579336954e-05
0.000231677860727
-0.000155987276028
0.000544221318794
0.000493478908083
1.28345939757e-05
0.000139226650079
0.000860078963178
-0.00042515732502
0.000668985896443
-0.000264553017314
7.01427107386e-05
-0.000138156944365
-0.000164262524575
-0.000417628160718
0.000581890685283
3.27864013324e-05
0.00059780898916
-1.13242572112e-05
0.000314050929647
-7.24678507361e-06
-0.000621543977806
0.00089676178799
0.000661346403828
0.000450340478515
-0.000569373577632
0.000556787455209
0.00072865515249
0.000281747409975
6.59274208542e-05
2.95512720793e-05
-9.54786929547e-05
0.00033968922232
0.00048077060777
-8.86538379706e-05
-0.000576313332444
0.000616517337544
-6.00294824052e-05
-0.000192541828634
-0.000172408781126
0.000490713340071
0.000356635202633
-0.00056800723553
0.000257015845183
0.000391219094537
-0.000505569557265
0.000409158214054
0.00047195081289
-0.000596551335712
-0.000442184890825
-0.000411395372343
0.000296438308243
-0.00026224711544
9.60718054815e-05
0.000568207323313
0.000270744732462
-0.000630002883192
-0.00057036649286
0.000509506302346
6.08601905219e-05
-0.000131830676272
-0.000414928169932
-0.000585554417488
9.24108505783e-06
0.000317799644627
0.000668585503615
-0.000361210792889
0.000341419229923
-3.91281475355e-05
-0.000410010361696
0.000449138509211
-0.000337110642818
0.000490220652543
0.000147147393683
8.75854874057e-05
0.000557253337886
-0.000367367601749
-0.000189885736151
0.000609455358145
-0.000654510205381
-0.000366596034237
0.000383152476049
0.000567120801806
-1.23142515368e-05
-0.000558052241318
0.000413398829204
-0.000110421585861
-0.000406660761305
0.00051708234717
-0.000719798164084
-0.000215608096398
0.000497355506359
0.000778893640976
-0.000789029803644
-0.000117700892789
0.000535469018073
-0.000326622739776
-0.000208846278298
0.000576134100217
-0.000243578609077
-0.000288196765266
0.000483904250537
-0.000434575639388
-0.000322159319124
-0.000495314599276
0.00055546700531
-1.1245686522e-05
0.000616857875875
-0.000579710552345
-0.000562470727831
0.000402393062259
0.000436611701704
-0.000417003838975
0.000104841819997
-0.000836901165413
0.000696781557992
-0.000393739207189
0.000152667549809
-0.000593094694334
7.0640781701e-05
3.99746835612e-05
0.000331643277306
-0.000600705091691
0.000392990813307
0.000793749568912
-0.000351511496103
0.000292180646236
0.000214113103166
0.000756443196349
-0.000382693317145
0.000411872994312
-7.12140756137e-05
-0.000340658918713
6.74412595142e-05
0.000227121907017
0.000227609698329
0.000223225498041
-0.000656377869569
-0.000446476871805
0.000635509856923
-0.000481561236144
0.000567681119448
1.05867311396e-05
9.48426425698e-05
-0.000113860991483
-0.000460682698708
0.000662502537271
0.000188111111607
-0.000328417726162
-0.00016749222298
0.00035560333459
-0.000215948626387
-0.000227008182929
0.000370836217196
-6.89578555657e-05
-0.000614444592578
0.000196816431854
0.000510246842103
-0.000809214410499
-0.000361258803272
-3.8180626166e-05
0.000531659534254
-0.000502253636519
-0.00033841812193
0.000809499044177
-0.000752065951413
-5.74330927696e-05
-0.000351538852122
0.000870724324569
-0.000501799924337
-0.000368924400225
0.000455339915714
-0.000471589998997
-0.000704030626067
-9.84830898267e-05
-0.00041350239573
-0.000306295768344
-2.796781044e-06
9.81010962519e-05
-0.000592854851884
8.58724062862e-05
0.000473185220515
-0.000598711382147
-3.91278576244e-05
0.000637839239777
-0.000707591688119
0.000573441592463
6.9446465996e-05
-1.30967335681e-05
-0.000761743239842
0.000446186660205
0.000315556579623
-0.000506962724965
-0.000577309436812
-0.000712831270125
0.000837157797649
0.000670414674385
3.8543151653e-05
-1.31640667418e-05
0.000569940037077
0.000196286817514
0.000616620708236
-0.000112361600595
9.37888363797e-05
-0.000845055376394
0.00030771991579
-0.000557994941281
-0.000302369171417
0.000280603562161
-0.000202699279508
-4.2285966407e-05
0.000865882318679
-8.69886777038e-05
0.000531912747788
-0.000142040575652
-0.000566593544783
0.000284226175926
0.000309170659799
0.0004326130469
-0.000763652565115
0.000331039518199
-0.000657708594809
0.000274234643203
0.000730897907645
-0.000699012080002
0.000607215785974
0.000113774122329
1.3328492799e-05
-0.000162662978736
-0.000432413489208
-1.16706702324e-05
-0.000422029464643
-0.000147344112979
-0.000683316845285
0.000260436627212
0.000236918879145
0.000635766347739
-0.000775595900845
-0.000564070040292
0.000459328952229
-0.000121107776565
-0.000165543495049
-0.000525910204755
-0.000598651151049
-0.000536363683317
0.000382521706888
0.000611879675074
4.94667287503e-05
-1.43309488389e-05
-0.000168064109278
-0.00011182702982
-0.000512365030507
-0.000476385488479
0.00019835837526
-0.000222653364686
0.000263834885919
0.000284087887582
4.04294850503e-05
0.000515037520252
0.000456949854541
0.000531759410912
0.000580800609029
-0.000454824935325
-0.000244069889063
-0.000522214070176
-0.000278993550584
0.000224502349209
0.000906285389354
-0.000863717730852
-0.000182473356323
-0.000880498185611
0.000878986059872
-0.000579721463065
0.000568475776537
-2.04692405328e-05
-0.000930197511548
0.000950666752078
-9.05199149443e-05
0.000289862712357
0.000125949243478
-0.000498855953355
0.000324626117216
-0.000123642370081
0.000849169001742
-0.000531142825121
0.000462184969547
0.000385643902207
-0.000290339939064
0.000808676384612
0.000221077407274
0.000254091010618
-0.000127205469267
0.000254177869268
0.000364812083141
-0.000838891534657
-0.000369784004684
-5.15429947188e-05
0.000488046325543
-0.000639906238181
-0.000829065496282
0.000477554000186
0.000694143523876
0.000202092787779
-9.15565044948e-05
0.000140437702986
-0.000855409860462
0.000256240967434
0.000681818912379
0.000342027011635
0.000367501376208
-0.000869301300536
0.00036242005795
-0.000505165294856
-0.000781990909428
0.000393237167146
0.000388753742268
0.000385633137107
-0.000341319437857
-0.000544767820901
-0.000316156655669
0.000187000470137
-0.000556900650732
-0.000435406860259
0.000268818117609
-0.000296311354105
-0.000504100932997
0.000337001560933
0.000167099372058
-0.000318818654177
0.000181315849641
5.03527613144e-05
-0.000419804450147
-0.000241188613021
1.80875260932e-05
0.00053136896505
0.000705786659986
-0.00100317120919
0.000506254734163
0.000611763779526
-0.0003110583742
-0.000115868546906
0.000467260252294
0.000728287735875
9.7103050327e-05
0.00029328410157
0.000400859422327
-0.000338909734619
-0.000185485528646
0.000490028934693
-0.000484977792515
0.000256085775984
0.000133567100093
-0.000389652876084
0.000868256015771
-0.000189243907231
-0.000785465586308
0.000539552726321
3.48604804732e-05
0.000220310590849
0.000502321921028
0.000121794037328
-0.000325093564669
-3.04786944971e-05
0.000157322430676
0.000315862789831
-0.00020069906325
0.000117141843776
8.35572194668e-05
-0.000218344784498
0.000294286932803
-0.000535110061649
0.000512291347373
-0.000809381508469
0.000629967201165
-0.000269661684174
0.000499349442307
-0.000861491424869
0.000419703892978
-0.00011250418186
0.000824285629429
-0.000188519281685
0.000126862697422
0.000243973519776
-0.000370415397973
-0.00079121824906
0.000733785156286
0.000337063337444
-0.000633270556417
-7.4321131706e-05
-0.00025974228594
-0.000860056670354
0.000413455346729
-0.000253947702392
0.000623404802629
-0.00115331171569
0.00083562538325
0.000730927550703
-0.000654674854341
0.000704141583086
-4.7424856255e-05
-0.000472614929684
0.000477439263917
-0.000400727718125
0.00019362814506
-0.000441812033309
0.000101153114586
-0.000741963769276
0.000282119028347
-0.000846314942482
0.00030154712158
-0.000705172506856
-0.000448139208826
-0.000500128400194
0.000418582118457
0.000146051498673
-0.000552692764666
0.000149570634913
-0.000925669408738
0.000713956787037
0.000337283226902
-0.000698494019799
-0.000161143102404
-0.000451574382286
0.000390386187258
8.54315890742e-05
0.000399635773863
-0.00041299172593
-0.000799508704341
-0.00054880158782
-0.0004346966212
0.000371433995444
-0.000565924477585
0.000194490482147
-0.000192636044849
-0.000425436187927
0.000605940844932
-0.000333484129162
7.12370137195e-05
-0.000220616916887
0.000438051992995
-0.000342533622904
-0.000516432469621
0.000419524513149
-0.000525224151259
0.000105699638096
-0.000637695257637
-0.000543451679601
-0.00088981835763
0.000774464547064
-0.000385710804807
0.000201594141268
-7.50110204952e-05
0.000494535533634
-0.000420558762385
0.000325137313324
9.54214490585e-05
-0.000294626900324
0.000531545779467
-0.000227287664752
-0.000646384950915
0.00040822138516
0.000238163565778
0.000395680815025
3.52563470126e-05
0.00072467598112
0.000148065207582
-0.000594065417997
-0.00040468054238
0.000243738079758
0.000879014300446
-0.000630856258756
-8.37740850996e-05
0.000367116104347
0.000132233337952
-0.000322186397827
0.000554404460744
-0.000372510447913
-0.000427316845869
2.73135548652e-05
0.000468269218928
0.000340685174009
-0.000726395978823
0.000444780481829
0.000104509475574
-0.000357808845795
0.000846647300247
0.000809508895632
-0.000483978934963
-0.000114872735845
-0.0003950803956
-0.000446961450525
0.000142652595604
0.000314044808241
-0.000499356360572
-0.000373878661065
-0.000410854028355
0.000539479579695
7.11419756225e-05
-0.000610621555325
-0.000314268168346
-0.000202164301275
0.000765130385393
-0.000410839399204
-0.000440878825785
-0.000104627257772
-0.000364877107473
-3.607513989e-05
-0.000767292104905
0.000370629014612
-0.000129195457751
-0.000110761012898
-0.000516138124729
-0.000434535018773
0.000688928104962
-0.000104666173388
0.000644145753079
0.000340525087905
0.00089432796771
-0.000413908446281
-0.000491627616324
-0.000550480119925
-0.000520105326336
-5.61745787875e-05
0.000652560762088
-0.000459973499751
-0.000218455013826
4.87003979387e-05
-5.34714494721e-05
0.000378608762794
-0.000660178017215
-0.000480635855099
9.97669832936e-05
-0.000586179495874
0.000486412512571
0.000161755449614
-0.000852652855743
-0.000530605794318
0.000158095346407
0.000543612306066
-0.000141219243811
0.000561951952837
-0.000595604528543
-7.4652694733e-06
-0.000365789260481
0.000218025743313
-0.000493692342869
-0.00014621389533
1.1384630074e-05
0.000278088705754
1.12550308347e-05
1.23860146854e-05
0.000739958337767
0.000112208989915
-0.000852167327663
-0.000326541973911
0.000757810999604
-0.000434380853372
1.17083038241e-05
-0.000564596626221
0.000188651171516
0.000333532269916
0.000356156815838
-0.000284919802128
-0.000245525528577
-0.000366238250949
0.000450420715305
1.45869557127e-05
-0.000382089311465
0.000871418202017
-0.000373890149471
-8.92742831611e-05
1.23661135842e-05
-0.000618846002062
0.000158872502305
-0.000140219607062
-0.000626159200531
0.000536184217932
-0.000369084845879
-0.000137403126249
-0.000563043214303
-0.000458417532182
-0.000342732623457
-0.000147731083288
0.000596872556682
0.000383932338538
-1.6011009195e-05
-0.000408133457222
-0.000677937786848
-0.000295712078527
-0.000445228011905
0.000349806562847
-0.000593618985871
0.000174885694659
-0.000745961730862
-0.000132433489493
-6.38451176281e-05
0.00068813057389
7.81337533549e-05
-0.000711404309776
-0.00043474648357
6.35364579669e-05
-0.000599804033496
0.000676147962763
1.1982611123e-05
0.000844072142063
-0.000238131297126
-1.828916395e-05
-4.21457787899e-05
5.11573020434e-05
-4.43213909166e-05
0.000641949812285
0.00037512804226
0.000186013715382
7.02584368822e-05
7.74726464056e-05
0.000833227390294
-0.000538254446246
0.000657867458759
0.000349248455331
0.000324489143531
-0.000465708387349
-0.000496372364998
-0.000156995951001
0.000853777509002
0.00057441045789
0.000328845530866
-0.000881477400375
0.000552631869517
-0.000763606429559
0.000876177700641
-0.000714422251016
-0.000672448372081
-6.5163732554e-05
0.000203729328562
-0.000753777466588
0.000861340722488
-0.000591725405278
-3.98206795481e-05
-0.000752414697337
-6.16696500547e-05
-0.000540455769669
-0.000665258227317
0.000868987555882
-0.000773627481779
-7.85398458704e-05
-0.000284863965953
0.000859274423845
-0.000400616233799
0.000586629949189
0.000594150334497
0.000257251224972
0.000323086276242
-0.000287327065878
0.000506793745535
-0.000875718145759
0.000856042200867
0.000455314482742
0.000830442525002
-0.000788938675615
-0.000405006337076
0.000451169650699
0.000296365484031
0.000714667226027
0.000635079470784
-0.000214189013678
0.000213411111545
-0.000791131388549
0.000577720276996
0.000137983535476
-0.00083035528675
0.000585418930979
0.000311342857
7.90599038344e-05
0.000503348046909
-0.000582407950733
-4.16309802108e-05
0.000689751150951
-0.000648120170723
7.41583706328e-05
0.000500938285077
-0.000575096655723
-0.000482711661092
0.00069612277263
-0.000524106594081
8.95309546848e-05
0.000409962451542
0.000467553363993
-0.000783710019647
-0.000516074123412
0.00085313746085
0.000194710840883
-0.00025287576375
5.81649227277e-05
0.000217010504684
4.39588818975e-05
-0.000162866238059
2.01041891561e-05
-0.000333389327935
0.000313285138779
-9.27335865211e-05
0.000315878798237
-0.000223145211738
0.000196727916555
0.000692429851861
-0.000312672604824
-0.000526769799719
0.000682802214049
0.00018218666796
0.000143780945203
0.000722101373466
-0.000868456926324
0.000794135794611
0.00076159546468
-0.000891538112502
0.000941141412689
-0.000692582003628
0.000398437196508
0.000765785785464
-0.00019234419301
-0.00055417107828
0.000271008492702
-0.000772251495267
-0.000696502224357
0.000121478406709
0.000633241775347
-0.000386652857669
0.000670791349508
0.000497924881808
0.000911196159362
-0.000483966242633
-0.000970166187991
-0.000878155825351
0.000537549176141
-0.000791027307306
0.00106882028613
-0.000799976532729
0.000729025748093
-0.000195336245489
0.000331940409588
-0.00029208340449
0.000156803519805
-0.000478266304892
-0.000648391552261
-0.000447053397048
0.000418363644034
-0.000532672744366
0.000673366126453
-0.000438002165906
-0.000523254223817
0.000328763741672
-0.000520880174756
-0.000258342724191
-0.000642485827695
-0.000673237611723
0.000459808816175
-0.000665795088331
0.000664397555928
-9.62659378065e-05
0.000652583215576
-0.000734302051357
-0.000300073075332
0.000656245667079
-0.000331619549838
8.83840427642e-05
0.000378320883504
-0.000536691166936
0.000501047339729
-3.62175378088e-05
-0.000792213976073
0.000695110925746
0.00013706444235
0.000261983628936
-0.000613113853144
-0.000441686792278
0.000719052385637
-0.000529808478408
-0.000180503296205
-3.02496238332e-05
-0.000164388245222
0.000367150443906
0.000382282242377
-0.000750818068272
0.000769997481293
3.60736692461e-06
-0.000317624578601
0.000380899445234
0.000731320395327
0.000438428054574
-0.000431857998862
0.000702866491555
0.000463668406869
0.000442050548205
0.000853127059062
0.00058193539583
0.000521517856362
0.000935456246993
-0.00051791047023
0.000815305941276
0.00029817701612
-0.000466003587214
0.000261508099691
-0.000281116635774
0.000778897662855
-0.000447858144665
-0.00047071740995
0.000363141632528
-0.000237820292876
0.000732989262091
0.000672745019102
-0.000623931792148
0.00038366533135
0.00040026274041
0.00034855415559
-0.000186209711585
-0.000258328814618
7.47050135861e-05
-0.000101972696276
3.72750541665e-05
0.000347928268254
-0.000282278516048
9.72776995056e-06
0.000121189591942
-4.46443908966e-05
4.82871812458e-05
0.000503598248132
0.000565603564831
0.000654536521668
-0.000547585945515
0.000301483601618
-0.00043901011997
0.00013752651816
-0.000588894608823
0.000430154688001
0.000158739920803
0.000547525253273
-0.000497172491946
0.000641678917719
-0.000403765009786
0.000887082129868
-0.000458928400408
0.000824284317111
-0.00092316457809
-0.000380230943638
0.000755471529792
-0.00069838756911
-0.000271778618941
0.000510921805755
-0.000571803201169
-0.00046803612315
-0.000420534967092
0.000845703103216
-6.20015591372e-05
-0.00052472344428
2.49745741486e-05
-0.000572323086278
-0.000320152630964
0.000554523236757
5.62707699871e-05
0.000145835935438
0.000506747280176
0.000291515270221
-0.000604187875025
-0.00079955883963
-4.54978377296e-05
0.000584263990014
0.00063639377075
0.000705215364761
-3.41981597601e-05
-0.00067101720496
4.07703033002e-05
0.000549955634337
-0.000335492209392
-0.000214463424958
0.000270962083716
-0.0005179655657
-0.000132564029177
-0.000385401536457
0.000581600792678
-0.000310638708977
0.000626388446251
-0.000585618142943
0.000361416731569
0.000165226821608
0.000556024617505
-0.000207036463372
0.000640537414699
-0.000458350746744
-0.000111882698016
-0.000562931763304
-2.59628455522e-05
-0.000101665001971
-0.000261448161697
3.32554153472e-05
0.000566703212584
0.000320378917269
-0.000472810455197
-0.000442786781117
0.00049852853385
-0.000450917130603
0.000669864896751
0.000124270897852
-0.000459424176603
0.000624650998212
0.000535279713427
-0.000742316176802
0.00047752070374
0.000742086856515
-0.000851726007337
-0.000131714080573
-0.000167826571113
-0.000107575777345
-0.00014437905883
-0.000305892631284
0.000690974110438
0.000753393405202
0.000459758679689
0.000282662679924
-0.000316446293914
-0.000243147993836
-0.000114579056814
-0.000296114273763
0.000213906101953
-0.000296156265099
4.76233125978e-06
0.000248264627963
0.000252644440202
-0.000136116319844
-0.000359421422562
-0.000231125796847
0.000218117677496
0.000171158048126
0.000109612664172
0.000640662690479
-0.000352155837602
-9.48945526387e-05
0.000128674889128
-0.000405533261922
-0.000456943253826
-0.000405291393029
-0.000156024032226
0.000370487457538
-0.000241789302438
0.000374353331895
0.000108856915059
-0.000562160289876
0.000189692596271
0.000423664802709
-0.000504958771063
-0.000606909915494
0.00060133922312
-0.000307026419613
0.000178043024004
-0.000966689821948
-0.000786902386838
-0.000691273955972
-0.000268212957424
0.000981194586434
0.000884442329098
-0.00126997581288
0.00106619454587
0.000937117671036
0.000647790874826
0.000649678047019
0.00025594476078
-0.000759437300784
-0.000768427445937
0.000971865899818
-0.000851975732015
)
;

boundaryField
{
    bottomWall
    {
        type            calculated;
        value           uniform 0;
    }
    leftWall
    {
        type            calculated;
        value           uniform 0;
    }
    rightWall
    {
        type            calculated;
        value           uniform 0;
    }
    movingTop
    {
        type            calculated;
        value           uniform 0;
    }
    front
    {
        type            empty;
    }
    back
    {
        type            empty;
    }
}


// ************************************************************************* //
