/*--------------------------------*- C++ -*----------------------------------*\
  =========                 |
  \\      /  F ield         | OpenFOAM: The Open Source CFD Toolbox
   \\    /   O peration     | Website:  https://openfoam.org
    \\  /    A nd           | Version:  14
     \\/     M anipulation  |
\*---------------------------------------------------------------------------*/
FoamFile
{
    format      ascii;
    class       surfaceScalarField;
    location    "78.000000000008";
    object      phi;
}
// * * * * * * * * * * * * * * * * * * * * * * * * * * * * * * * * * * * * * //

dimensions      [0 3 -1 0 0 0 0];

internalField   nonuniform List<scalar> 
4035
(
-7.61224625517e-06
-2.77198808041e-05
3.53321269126e-05
-6.68927475373e-06
5.0368985844e-05
-5.12919573422e-05
-3.44091555621e-05
8.57011127484e-05
-8.57011128978e-05
0.000926080204794
-0.00017007462642
-0.000756005578377
1.77408770052e-05
0.000241769968149
-0.000259510845151
-0.000651256446996
3.13210945805e-05
0.000619935352391
-0.00100065630846
0.000471720199488
0.000988560675143
-0.000459624566168
0.000428098316109
-0.00138253401419
-0.000382364094656
0.00133679979269
0.000365827335137
-9.10686700196e-05
-0.000402220185786
0.00012746152067
-0.000280543147838
-0.000770895592849
0.000765374180162
0.000286064560558
0.00120899696363
-0.00087088621902
8.99875714545e-05
5.7483132915e-05
-0.00100954029827
0.000979827435411
-2.77702700793e-05
6.65133608214e-05
-0.00118737624082
0.00094651690883
0.00017434597114
0.000933604217589
0.000578888172163
-0.00115613126081
-0.000356361128948
0.000613377814446
-0.000771243384656
-0.000122677577658
-0.000373147655606
-0.000709690324831
0.00078165457225
0.000301183408178
0.00065708030109
-0.000702874716802
0.000322315591601
-0.000276521175934
0.000340067809867
-0.000194544886444
0.000220304411712
0.000667217037941
-0.00078103232969
-7.33277930153e-05
0.000559676701084
0.00103362054166
-0.000561286206711
-0.000389820749413
-0.000533597873244
-0.00125628088967
0.000322137942008
0.000111839997584
-0.000682562449247
0.000620684775506
2.1352023514e-05
-1.30658679329e-05
7.74149571748e-05
7.54857511748e-05
0.00022117736365
-6.12443708855e-05
2.21188261194e-05
-0.000182051818888
-0.000345760791981
0.000566938155634
0.00024614385149
0.00016940970955
-0.000387608530917
0.000298602981596
0.000133460720388
-0.000110097923276
-0.000330556705931
0.000447176923836
-0.000506498329287
-0.000286439386536
-7.79359767186e-07
7.79359756636e-07
-1.11380697124e-06
2.91634786395e-06
-2.58190066103e-06
-3.34447230196e-07
-5.86624702505e-05
-6.12443709363e-05
0.000248062844974
-0.000894820231333
0.000646757386338
-0.000322091355584
-8.58103502729e-05
0.000407901705877
0.000158207373735
-0.000988219734776
0.000830012361087
0.000921865989117
-0.000432829746722
-0.000920113031485
0.000431076789078
-0.000794158304424
0.000768338723338
0.000287856368879
-0.000262036787811
-0.00140240398146
0.000100796879927
0.000507448797065
0.000808650271192
0.000660650723702
-0.000700962271559
0.00047633800492
-0.000444466061495
0.000113624332242
-0.000145496275693
-0.000437874246036
0.000592120895372
0.000357191251348
0.000699521864839
-0.000344493657538
-0.00131623166857
0.00025832134465
-0.00114211125784
0.000862021005596
-6.44034053091e-05
0.000951263065658
-0.000893675129012
4.32089432944e-05
-4.45559676857e-05
0.00108090011593
-0.000882357247568
-0.000153986900655
-0.000121205925342
-0.00127851330318
0.00112998213316
0.000269737095364
-0.000589903091985
0.000754198458757
0.000123561002151
0.000693966150481
-0.000804032218195
-0.000327808178326
0.000818077406178
-0.000373589384751
0.000216162702302
-0.000361376840891
0.000174700463016
-0.000257789683625
-0.00108833370579
2.78139819672e-05
-0.000616501311141
-2.78607119149e-05
0.000523156097714
0.00111966278925
-0.000242352767831
-3.83615055396e-05
0.000387447326563
0.000822670796777
-0.000663379648155
0.000359586614648
-1.06653224702e-05
-1.60389024846e-06
-7.34319001924e-05
-0.000128347616197
-0.000637050153194
0.00066015133949
-0.000187584381356
0.000164483195035
0.000245692559174
-0.000276346538541
-0.00021337791855
0.000351860761517
-0.000321274259197
-9.95726474299e-05
9.93231858659e-05
0.00023908596787
-0.000562980074286
0.000581240876113
0.000227431757321
0.002750830577
-3.34612849501e-05
-0.00271736929203
0.000236827967628
0.000544416659371
-0.000781244627016
-0.00162653683779
9.1356507067e-05
0.00153518033077
-0.00150580419791
0.000693808235402
0.0013766742153
-0.000564678252873
0.000615212176112
-0.00190507852664
-0.000750440430163
0.00204030678081
0.000760782077856
-0.00021018985417
-0.000878814406216
0.0003282221825
-0.00010508600371
-0.00119739857645
0.000834832090185
0.000467652489917
0.0013983979758
0.000116655875247
-0.000899841675065
-4.99677737679e-05
-0.00103876869011
4.40173133479e-05
0.00104471915059
2.91347619944e-05
-0.001422663656
0.000222699793038
0.00117082910098
0.00134186500107
0.000233378629383
-0.000132339208548
-0.00144290442194
0.000603024743889
4.45269682203e-06
-0.000712563444332
-0.000651383085816
-0.00106115971859
0.000452717420951
0.00125982538344
0.000422719477109
-0.00103207519338
-6.19287650436e-05
0.000671284481119
0.000661883459649
0.000406440457733
-0.000307541839527
0.000746360900965
-0.0015210400004
2.6638113461e-05
0.00112021421033
0.00237697726764
-0.000416817908265
-0.001137683377
-0.000985780832646
-0.00196198306612
0.000485313630229
0.000169680221787
-0.00123924933396
0.000947276736649
-0.000172438835844
0.000155157921277
-4.39634563762e-05
0.000182421460108
0.00339024824206
-0.00405359620907
-0.000342725502898
0.00100607346989
0.000321212552192
0.00052309236756
0.00042178756697
-0.000535670548942
0.000145414541639
3.1908543798e-05
-0.000107028100552
0.00023142579761
-0.000169485642695
0.00113784593359
-0.00119978608852
0.00362167403965
-0.000362705898734
0.000362705898728
0.000183896883436
-0.000347008131177
-0.000199594651001
0.000546602782171
0.000313143208319
0.000660151339461
0.000268875619894
-0.00273931900787
0.00247044338807
-0.00046289679789
-0.00128363003432
0.00174652683225
-5.53711634257e-05
-0.00224555178979
0.00230092295336
0.00108147251056
-0.000603298257153
-0.00102539724584
0.000547222992366
-0.000794631642033
0.00102537313606
0.000154157797472
-0.00038489929152
-0.00164751430286
-6.04398555026e-07
0.000853487059255
0.00128031903269
0.000614954194981
-0.000869900091697
0.000888403139286
-0.000763984448091
0.000253145229228
-0.000377563920494
-0.00049463362968
0.000920139971094
0.000935783889166
0.00061341076354
-0.000463890569082
-0.00163843282038
0.000454809086679
-0.00124819809944
-0.000102722001682
0.000887029532028
0.00100048279785
-1.98599370121e-05
-0.000981227259322
-0.000152624527572
0.00126858188317
-0.00013995467455
-0.000976002680997
0.000234350142846
-0.00149788878905
0.000142502050552
0.00112103659585
-0.000597960296878
2.76427491024e-05
0.000724475345386
0.000895401202433
-0.000347848466774
-0.00104218636535
0.00102795401807
0.000137752562053
-0.000550752385094
-0.000630132676978
-0.000387041055525
0.000253189284412
-0.00275573204028
-0.0010304848051
-0.00135494725332
0.000178127529437
0.00141116986672
0.00150962549515
-0.000580777512142
-0.000184178488569
0.00205128002383
0.00107980246977
-0.000762960755908
0.00222940755319
0.00102912033946
-0.000312557512051
-5.64114879739e-05
-0.00331398444185
0.00405359620902
6.96555331567e-05
-0.000809267300506
-0.00037892838613
0.000326592977874
-0.000389442160871
-0.000619618902249
-0.00033109283332
0.000463533279836
-0.000163794704765
1.76232095055e-05
0.000143475992563
0.000169839188417
-0.00087147607612
0.0010282298656
-0.00106414273063
0.00106414273064
0.000654297796852
0.000286195775323
-0.00200463630278
0.00171844052743
-0.00204895990631
-0.000949075754311
7.81895353143e-05
3.07516811258e-05
-0.000484677638387
0.000290132751941
0.000296976933865
-0.000573472310769
-0.000197771073814
-0.000251156719161
-0.000117096450488
0.000104030582556
0.000129047401004
0.000709473888343
0.000279086786815
0.000321865357414
0.000735099467391
0.000211417441454
0.000275474901208
-0.000792128747168
-0.000364002513648
-0.000344951823333
0.000237710871576
-0.000215592045458
-0.000268787457713
0.000903139824975
-4.11188193288e-05
9.4646959481e-06
0.000479476099424
-0.000304775636412
-0.000324556118777
0.000587443457317
0.000166755001379
0.000213854072541
0.000118495964091
-0.000120099854341
-0.000157850574452
-0.000662063734139
-0.000258049297353
-0.000310202972624
-0.000682602345407
-0.000199754902174
-0.000251525556314
0.000863842633073
0.000266139500075
0.000300862558772
-0.000387652719654
0.000200068338304
0.000193588156467
0.00106269223255
-0.000393576719297
-0.00066911551326
-0.000893597356863
0.000754397675514
0.000139199681344
-0.000101128298417
0.000269335193601
-0.000168206895187
-0.000842890866265
0.000266035127336
0.000576855738943
4.05496516175e-05
-0.000436167313009
0.000395617661393
-0.000113983393076
0.000444621121513
-0.000330637728452
-0.000542969779237
0.000428986386156
0.00086130110743
-0.000319233762881
-0.000542067344535
0.000246924134268
-0.000679428252481
0.000432504118223
-0.000876832767118
0.000703193207114
0.000173639560015
-0.000830155422295
-1.27354439522e-05
0.00089644489497
0.000166247337579
-0.000287356436024
0.000186228137605
0.000453398689736
-0.000412849038119
-0.000816375830388
0.000393867885182
0.000422507945202
0.000905591200993
-0.000845519411012
-6.0071789949e-05
0.000650462958752
0.000255128242246
0.00126211697335
-0.000766111411328
-0.000496005562031
0.000890374988178
0.000371741985163
0.00118634956873
-0.000646943821415
-0.0005394057473
0.000420238157392
0.00113356369724
-0.000502558606756
-0.000631005090492
0.000705064203926
0.000428499493315
-0.000834392521038
4.66556196687e-05
0.000787736901364
-0.00103613983047
0.000604294890236
0.000431844940227
-0.000271586369742
0.000518510504011
0.000136952151191
-0.0005665444657
0.000429592314522
0.000454063846064
-0.000881577075421
0.000427513229346
-0.00084383875876
0.000916521599273
-7.26828404658e-05
0.000906463445631
-0.00102893467808
0.000122471232435
-0.000459939099817
0.000425661254396
3.42778453889e-05
-0.000217090513488
-0.0005992853169
-0.000137678888909
-0.000541749363559
7.26895944637e-05
-0.000907082115506
-0.00063951274467
-0.000254084612196
-0.000125257153535
-0.000718581605207
0.000706194648518
4.82030269958e-05
-0.000324802299017
-0.000552030468099
0.000681682529014
0.000179618578431
-1.17683912738e-05
0.000716832595196
0.000563452992615
-0.000575221383893
0.0003775199804
-0.00084051082438
0.000462990843989
0.000889256907017
-0.000511736926621
-0.00016140281891
0.000833893721969
-0.000672490903069
0.000728972169265
-0.00049517793908
-0.00035034147193
0.0002893314433
-0.000784509382366
-0.000640505567476
0.000598837153784
4.16684136959e-05
-0.000644631157969
0.00045637332769
0.000188257830296
0.000469398828648
0.000233766926096
-0.000703165754735
-0.000950626898935
0.000110116074559
-0.00030016394017
0.00106659779378
-0.000177340886763
0.000419653972364
0.000667999768544
7.02352663002e-05
-0.000738235034822
0.00116308688036
-0.000329193158395
0.000660528273602
0.000875901186941
-0.000312448194333
-0.000475406728744
-0.000169224429215
0.00019338404626
-0.000668790774996
0.000493943794975
0.00018854838642
-0.00068249218144
0.000334680682424
0.000289081038422
-0.000623761720859
-0.00030582488505
0.000701747925885
-0.000232349097238
0.000642188730025
-4.33515762323e-05
0.000632603709168
-0.000176230381464
0.000765655073829
-9.76553052793e-05
0.000707172689637
-0.000213228894654
0.000490112086095
-0.000353159934955
0.000332931407702
-0.000338177409826
-0.00069796242065
0.000202095574309
0.000650364445099
-0.000852460019421
-0.000450589000523
0.00071662412785
-0.000722341028522
0.00040310726566
-0.000264543392494
0.000718607238559
-0.000401628034539
-5.83110652849e-05
0.000200709019792
0.000705754425834
-1.91478214006e-05
0.000452956309953
-0.000846533029256
0.000628382082968
0.000288139516323
-0.000663270774938
-0.000365663903148
-0.000249799383191
-0.000631777692232
-0.000540775426034
9.30362068543e-05
0.0004477392192
-0.000222641238547
0.000826936128777
-0.000460229667287
-0.00029812577859
0.000758355445861
-0.000109133973345
-0.000775870533208
0.000885004506546
3.31642687889e-05
0.000747371584474
-0.000780535853171
-1.70591734242e-05
0.00051149876146
-0.000494439587999
-0.000747256359545
0.00103873748136
-0.000291481121819
-1.02260694648e-05
-0.000530549356597
8.73399096891e-05
0.000678024410011
-0.000765364319707
-0.000592857125003
0.000442462178491
-0.000459521351932
0.000680762506556
-0.000478666932252
0.000710029050478
-0.000316161165297
-0.000661546351753
-0.000168609070532
0.000772404748282
0.00012404014668
-0.000513646590524
7.74792775195e-05
0.000427448281368
1.71728401379e-05
0.000474658667311
8.89279978096e-05
-0.00056358666512
-0.000389071087434
1.4367749289e-05
0.000374703338141
0.000781932859639
-0.000539527944936
-0.000242404914694
0.000550788356161
0.000231144503441
0.000354963437571
7.06978167857e-05
0.00026443555157
4.89964202909e-06
0.000672695070932
-0.000198036403622
-0.000583905984128
0.000671245893814
0.00010983080395
-0.000857087163501
-0.000797104448395
0.000738219678525
5.88847698845e-05
0.00086043201251
-0.000798149261186
-6.22827513331e-05
-0.00083813083541
-0.000948907302082
0.000783782742388
0.000165124559682
-0.000212163793287
-0.000584940655108
0.000232641026433
0.000627790986073
-0.000298086811506
-0.000650820490581
-0.000236758595326
-0.000677728239319
0.000914486834637
0.000536771197593
0.00050196628376
-0.000488581466606
0.000478355397203
-0.000487796454025
9.87253665891e-05
-0.000272988686734
0.000542326687544
0.000454169152991
-0.000778971452009
-0.000493800558291
-0.000180369444071
0.000674170002352
2.02867025052e-05
0.000661395826509
0.0005649846817
-0.000690241835216
-5.89891521066e-05
0.000429696078385
0.000120872882458
-0.000550568960845
-0.00030859182771
7.22510370128e-05
-0.000566051595308
0.000384257719182
0.000333565765147
-0.000717823484329
-0.000436263278976
-0.000319099133372
0.000755362412349
-0.000741051477644
0.000304788198668
-0.000674148600655
0.000116364777833
0.000557783822831
-0.000390577186797
3.78917071427e-05
0.00035268547964
-0.000303670638358
3.75834946059e-05
0.000266087143745
-0.000220557116012
3.65382997731e-05
0.000184018816235
-4.04763287413e-05
-0.000591301363488
-0.000718187437921
9.0758230669e-05
0.000627429207267
-0.000140534725523
3.45308553352e-05
0.000106003870172
0.000636293969905
0.000251155850858
-0.000887449820772
-0.000653182724755
-6.50047131677e-05
0.000250335842659
-0.000194545747531
-5.57900951135e-05
-0.000356793758462
-0.000568268470066
0.000452293715201
0.000115974754876
0.000753435642205
-0.000689544301941
-6.3891340215e-05
-0.00087568808244
0.000499725496676
0.00037596258576
-6.21285393721e-05
3.1252082652e-05
3.08764567248e-05
0.000746281784541
-0.00057158698117
-0.000174694803356
0.000148706159617
-0.000276695760766
0.00012798960116
2.55085860348e-05
-0.000341313946224
0.000315805360195
0.000180803740123
-0.000206103713136
2.52999730311e-05
1.63068556613e-05
2.64469329971e-05
-4.27537886554e-05
-0.000194517128822
0.000200700797319
-6.18366848192e-06
9.5176125645e-05
-0.000338211175829
0.000243035050191
0.000305130784574
-0.000209954658912
3.7200136281e-05
-0.000844465929846
0.000807265793576
0.000777830803518
-0.000869607545621
9.17767420981e-05
-0.00033581439093
0.000907042448095
-0.000571228057172
-0.000331988935337
0.000161714002373
0.000170274932973
-1.16986988609e-05
-0.000378878487931
-4.47291976173e-05
-0.00081072622343
0.000855455421097
-0.000583390369983
-0.000401560178847
-0.000474127903593
0.000891454887814
-0.000373005744907
-0.000518449142916
-1.1664441792e-05
-0.000292006196563
0.000555640496885
-0.000806256025078
0.000843456161366
-0.000731147696104
0.000313383165388
0.000417764530699
-1.1109891008e-05
-0.000209447225003
4.8543997431e-05
0.000311858290712
-0.000360402288118
-0.000711210702151
0.000505308657498
0.000205902044642
-0.000763310802814
-0.000341582632368
0.000390126629813
0.000211210018953
-0.000121067655896
-9.01423630392e-05
0.000747056035182
-0.000450802237517
-0.000296253797673
0.000478126117489
0.000268929917687
0.000173542899115
7.26084102198e-06
0.000385171634522
-0.000254008216101
-0.000131163418401
0.000738125467035
-0.000654553154812
-8.35723121802e-05
0.00067846501663
5.96604504355e-05
-0.000112009948146
0.000183058363272
-7.10484151118e-05
-0.000756877516977
0.000113105370193
0.000643772146794
-0.000340702315746
-0.000390445380372
0.000171781488923
8.24884962289e-06
-0.000180030338529
-0.000314390324799
0.000402524053311
-8.81337285187e-05
-9.7998771613e-06
-0.000130734848364
-0.000135202113712
-0.000621675403256
9.88824874156e-05
0.000741228020792
-0.000781704349527
-0.000533357906678
0.000401116539268
0.000132241367412
1.37892122075e-05
-0.000820045237283
0.000400605748834
-0.000145356573916
-0.000255249174915
-0.000431357323106
9.29954222555e-05
0.000338361900843
-0.000102602035728
-0.000136343898412
0.000238945934152
-8.97883764976e-05
-0.000478480093567
-3.60136120958e-05
0.00020779510102
-0.000786520672214
0.000800309884425
0.000264981321527
-0.000201680674904
-6.33006466352e-05
0.000119224967499
0.000281380781332
0.000315012990353
-0.000144695935442
-0.000170317054916
-0.000312132355609
-0.000113057956569
0.000588662137089
-0.000475604180532
-7.45254069725e-06
-5.46759986696e-05
0.000143398792721
-0.000123476719222
-1.99220734768e-05
0.000233066848287
-0.000144493270737
-8.85735775538e-05
0.000118551100253
0.000114515748024
0.000118750287358
0.000196262702995
6.00037419163e-05
0.000151206277038
0.000132821620319
-0.00087056500739
0.000737743387089
-0.000206048999575
6.15557288197e-05
-0.000170435540277
-3.56134592989e-05
0.000611079670833
-0.000866880142544
9.66351631001e-05
0.000770244979447
-0.000233084584665
0.000419737606909
0.000236489562831
-0.000656227169744
-0.000734502727884
-0.000132377414649
0.000209407248081
-0.000239840544522
3.0433296444e-05
-0.00021461198387
0.000880499848965
-0.000693302286571
-0.000187197562396
-0.000109625770247
0.000258331929868
0.000145031923783
-0.000127501584777
-1.75303390099e-05
0.000393508309941
0.000521787966475
-0.000915296276421
-0.000160989453833
-0.000115706306927
0.000462361029008
-0.000566898568946
0.000104537539958
0.000145997121092
0.000864156368739
-0.000785966833434
-0.000859173833812
0.00081805501447
-0.000845263500111
0.000781045766864
6.42177332929e-05
0.000958661147405
-0.000877899025912
-8.07621215153e-05
0.00018964856665
0.000115482217933
-0.000263033221487
-7.5177954334e-05
-0.000889820494195
0.000240162455424
0.000649658038765
-0.000608988707371
-0.00028083178682
-0.000373270476238
0.000678058674907
0.000309095078164
0.000584707829018
-0.000893802907187
8.93463888346e-05
0.000606548830587
-0.00018681122368
0.00032127568381
-0.000392578166043
7.13024822604e-05
0.00026034690958
-0.000467903540293
0.000207556630721
0.000891448055161
-0.000651285599736
-0.000231312768581
-4.68221017876e-05
0.000278134870386
0.000298053740723
0.000135649830446
-0.000271993728854
0.0001981457686
0.00041875644778
-9.74807639805e-05
0.000253299680943
-0.000626570157177
-0.000338838753775
-5.37394122607e-05
-0.000142340368682
-0.000365379189686
2.65404359215e-05
0.000133736595595
-0.000224246284405
2.97291556001e-05
1.97875812743e-05
-0.000251100349847
0.000220488378602
-0.000771294847314
0.000441621979172
0.000329672868152
-0.000413847920993
7.2265288639e-05
0.000297363832824
0.00015164764234
0.000116256429522
0.00030250001827
-0.000328295685241
0.000206220143133
0.000122075542093
0.000309855323274
-0.00028434673723
-0.000621127718118
0.000109736184607
0.000511391533499
-4.80704465507e-05
-0.000158033266578
0.000929344613077
-0.000620249534909
0.000251921386297
-0.000869966360829
0.00061804497452
0.000808582484646
-0.000840706217299
2.99799939321e-05
-0.000835001233889
0.000310130358044
0.000320631728294
-0.000630762086361
0.000302456914483
0.000224108279901
-0.00052656519436
0.000102425553364
0.000282746081175
0.000281510268836
0.00028932216843
-0.000570832437269
0.000973987172677
-0.000746381012647
0.000745164213932
0.00021349693347
-3.78332292207e-06
2.00901785978e-05
0.000493338518751
-0.000866344263666
0.000869022288908
-0.000772387125796
0.00077626043987
-0.000532643125809
-0.000243617314048
0.000204673458703
0.000553020778102
-0.000250563863601
0.000344863673728
0.000456430256965
-0.000801293930701
-0.000306432521411
0.000580002564051
-0.000273570042619
0.000838202192476
0.000769813422348
0.000133676454832
-0.00080269648283
0.000669020027986
-0.00017995425241
-0.000148341432847
-0.000849103014324
0.000861820089131
-0.00011928289411
-0.000729820120162
9.00648618762e-05
0.000732487598451
-0.000822552460322
0.000750670312874
0.00011114977624
-0.000501481527883
0.000894989837819
0.00106397474413
0.000778986910349
0.000284987833773
8.33054198729e-05
0.000181675901668
-0.000354080120245
0.000664210478279
0.000888215356202
4.04295307584e-05
-0.000163906249971
-0.000804618883584
-5.45549502233e-05
0.000225366189139
-0.000370722763063
-0.000237694286997
-0.000252677013433
0.000466673642941
-0.000213996629487
0.000242732592381
-0.000529171978924
-0.000339888018546
0.000567319775862
0.000306266259616
-0.000612698781012
0.000665787279517
-0.000486426015283
-0.000179361264222
-0.000694782435997
0.000830928163079
-0.000331202666408
1.69462194184e-05
-0.000836991456691
-0.000807901259084
0.000275258133281
-0.000930071847088
0.000732300773282
0.00086445809047
-0.000697703089096
6.95409070387e-05
0.000152851340229
-0.000222392247278
0.000462974729476
-0.000369979307234
-1.16054692686e-05
0.000221012717357
8.93389732835e-06
-0.000179369437617
-0.000419237200301
0.000661969792677
-0.000179836802605
0.000827604671192
-0.000762278889624
-6.53257815824e-05
0.000835851982114
-0.000848366942022
1.25149598345e-05
0.000142055561931
-0.000286751497377
0.000718581360866
-0.000584904906068
-0.000383087034108
0.000247044922038
0.000136042112067
-0.00027431538383
-0.000387479650444
-0.000145878256233
0.000403157369838
-0.000408529560517
5.37219069876e-06
-0.000179028736566
0.000248569643593
-0.000495729311128
0.000243052297706
-1.00483479934e-05
-0.000355330841678
-5.00423685409e-05
0.00084584902512
-0.000795806656587
0.000359789717911
-0.000321898010754
0.000608892524044
-0.000439053335667
-0.000517830450691
0.00034834480796
0.00015396582111
0.000157582275868
-0.000411590491958
-4.35456677288e-05
0.000196397007941
-0.000171047252504
4.36587598936e-07
0.000790475027885
-0.000790911615495
0.000334096887479
-0.00067575742674
0.000341660539276
0.000678187893925
-0.000230693426134
-0.00065611228829
0.00026060666218
0.000344116476497
5.32260359579e-05
0.000782625946176
-0.000483155658641
-0.000137972059487
0.000733136057283
-1.9506162408e-05
-0.000713629894812
0.000287441678994
-0.000418832458997
0.000131390779964
0.000274934116491
-0.00023735062188
9.56640478493e-05
-0.000274692784432
-0.000694299304212
-0.000108397178686
-0.000266830604587
-0.00022594130129
3.13955537704e-05
-8.48457861705e-05
-0.000696406503519
0.000277169303213
0.000640363147102
0.000814121755504
-0.000864164124052
0.000193673339777
-0.000157135040005
0.000281784797958
0.000184888844996
0.000720240204242
-0.000667014168276
0.000144411415386
0.000521375864139
-6.67705316623e-05
-0.000290572800774
0.000357343332441
-0.000719185002981
-5.69301828856e-05
0.000776115185903
-0.00041065401787
0.000208618691269
0.000202035326594
2.26156512088e-05
0.000840322526721
-0.000408477586498
3.77112899411e-05
-0.000481362187794
0.000443650897858
0.000956096647751
-0.000605247369039
-0.000350849278717
0.000632492218506
0.000323604429238
0.000632638972186
-0.000516274194343
0.000301884190981
0.000309152776552
-0.000375923308203
1.39510543043e-05
-0.00033641409555
-0.000213376645736
0.000549790741301
0.000512591776411
-0.0007847284669
0.000272136690485
0.000306603828655
-0.000385471905732
7.88680770968e-05
-0.000494980627986
-0.000312920631088
-0.000293004392032
-0.000787078642998
0.000767572480648
0.000439367073834
0.000814558343099
0.000243588468505
0.000370930092631
-6.43262639647e-05
-0.000681087301927
0.000341199283381
0.000483961397772
-0.000501557751947
0.000707761479258
-0.000897377815703
0.000850474736879
-0.000682254009102
0.000896770710839
-0.000214516701758
0.000114845249232
-8.03143938878e-05
0.000561183224129
-0.000834207676823
0.000273024452704
-0.000152564522016
0.000809440354511
-0.000656875832504
0.00013498791673
-0.000182549185935
-0.000228104831949
-0.000843878816593
0.000691314294569
0.000835595484118
-0.000742550841605
0.000786568154975
0.000380224743155
0.000327536736103
0.000854333390986
-0.000808827196056
-4.02138083017e-06
-0.000337292565384
0.00092417701539
-0.00029168479689
0.000602775936255
0.000178342312354
-0.000781118248531
-0.000357344738844
-0.000514148051866
0.000871492790704
0.000955977307563
-0.000475117385103
-0.000480859922465
0.000251883953163
-0.000920999466415
0.000583090021442
-0.000745277986858
0.000162187965482
0.000718923029613
-0.000135833008049
0.000279450735489
0.000536341306316
-0.000668680514866
-0.000150907555196
-0.000547060454236
0.000697968009425
-0.00026264403334
0.000552776785279
-0.000182557587973
-0.000586608737682
0.000769166325641
-0.000800269191998
0.000298711440058
0.00101281071503
-0.000528849317272
-0.000854141208288
0.000799586258074
0.000208345802176
-8.3896228836e-05
0.000765912435211
-0.000472353209986
-0.000293559225229
0.000174930273777
-0.000354884526198
-9.09461372816e-05
0.000400098913827
0.000626882766534
0.000659984789076
0.000264192226307
0.000273982870038
-0.000399785504436
0.000125802634414
-0.000723667868647
0.000548973065298
-0.000129444328258
0.000591805357275
0.000327090254136
0.000438822181069
0.000312956533605
0.000517971629469
0.000336800917362
3.41291752831e-05
0.000393109021852
0.000749081339241
0.000133305366967
-0.000569271648221
-0.000102546390695
0.000671818038938
-0.000737516292881
-0.000417224040512
0.000326277903227
0.000676299748788
-0.000139958442472
-0.000522503033195
0.000309126387471
6.61030943544e-06
0.000914255890664
-0.000392467924195
8.09126675778e-05
0.000444486817427
-0.000141986799145
-0.000111489035689
0.000243661537008
-0.000548437173427
0.000343015301105
-0.000837995929083
0.000676564843013
-0.000171256185522
0.00033054114774
-1.76547971831e-05
-0.000312886350549
-0.000193226753757
-0.000503179749768
-0.000230388771686
-0.000282660085109
0.000469957147705
-0.000187297062583
-3.74051986143e-05
-0.000937913639945
0.000724104663342
0.000213808976588
-0.000484050885532
0.000253662113821
-1.85299243113e-05
-0.000305161634138
-0.000370595792593
-0.000799481024447
0.000161826732321
0.000490475423168
0.000142163549026
0.000329791704793
-0.000434908504818
0.000105116800036
-0.000438021984002
0.00025547279806
0.000501063475564
-4.94650088473e-05
-0.000451598466708
3.6847913259e-05
-5.59583059592e-06
-0.000374400385227
-0.000194480043394
0.000363889752942
-0.000130676311039
-0.000130479641238
0.000261155952284
-0.000161340350351
-0.000776573289606
0.000602141997128
-0.000736224781082
0.000633678390381
-0.000740491504683
0.000754442558997
-0.000442545680502
0.000248065637107
0.000746561735129
-0.000540659690495
0.000467500337382
-0.000127944706211
-0.000339555631155
-0.00088184857805
0.000192779039089
0.000689069538952
-0.000410957608
0.000738047862122
-0.000579063654165
0.000792560587645
0.000418368720997
-0.00102361609004
0.000590185818787
-0.000848235116139
0.000659306428664
-0.000168831005488
-0.000598765918813
0.000877852705607
0.000438206500125
0.000389818461595
-0.000828024961729
0.000179652836508
0.000566908898616
0.000238999853556
0.000174853802022
-0.000413853655562
-0.000796750857731
0.000721761121593
7.49897361385e-05
-0.000681033734773
0.000350916938125
0.000330116796638
0.000616098749611
-0.000872491876716
0.000256393127137
0.000121133778854
0.000597447582034
0.000787395430333
-0.000697330568452
-0.00034308183871
0.00042194991582
-0.000221863788976
-0.000720434994447
0.00091321403353
0.000793639540639
-0.000516470237433
0.000383548965035
9.21346885213e-05
-0.000435216527219
-0.000566658955234
0.000879615488833
0.000319171153513
-0.00069780746496
0.000378636311443
-0.000907462528784
-0.000610096740374
0.000221203379902
0.000388893360491
3.2619258666e-05
0.000757855769212
-0.000304891446669
-0.000376142288121
-0.000137089155683
0.000466880860486
-0.000256219621621
-0.000540531236106
-0.000395435383333
0.000915943604064
-0.000704526162633
0.000948243490114
-0.000292516892798
-0.000655726597325
8.88453606775e-05
0.000461692094792
-0.000550537455456
0.00040762496903
-0.00030372577398
0.000526062853834
0.00031696152205
-0.000843024375877
7.20818216641e-06
-0.000611642146818
0.000604433964637
-0.000336291637399
0.000408871654358
-8.67418687016e-05
-0.000348166636112
-0.000512979990008
-0.000210687878631
-0.000337709401758
-0.000293052684613
0.000438925416912
-0.000697999516078
0.000259074099151
0.000408846878129
-0.000714008512264
0.000333785515294
-3.24436754496e-06
-0.000281803267199
-0.000156218716811
0.000979139194061
-0.00065553476483
-0.000326216584078
-0.000577026851209
0.000903243435277
-0.000715849054678
-9.30277369075e-06
0.000770558172771
-0.000761255399089
0.000408795564745
-9.99460053452e-05
-0.000308849559417
-0.000311422367622
-0.000616148087377
0.000353504054034
0.000343027833489
-0.000249604525377
0.0006481146911
-0.000398510165708
0.000826528720127
-0.000300465866287
0.000685999616703
0.000262243873403
-0.000160785650877
0.000364692060176
-0.000501781215849
0.000228538875605
-0.000203238902569
-0.000423267018188
0.000629566873323
-0.000206299855147
-0.000230379533116
0.000916379149814
-0.000950814527566
0.000358868497308
0.000247680333274
-0.000457590874004
0.000116117232295
0.000341473641709
-0.00011842110401
-0.000725457712585
-0.000686495265116
0.000436890739747
0.000570309098507
0.000117462073514
0.000669933356824
0.000126992297541
0.000143044786886
-0.000744891280781
0.000601846493912
0.000599761846924
-0.000451211146125
-0.000148550700808
-0.000924982502894
0.000447869138007
-0.00027301533598
0.00049629103463
0.000362781830461
-0.00085907286508
0.000176494828729
0.000212831884966
-0.000496036353402
0.000283204468424
-0.000151452203566
0.000234757623442
-0.000851483471544
0.000719106056888
-0.000667558260595
0.000120497806351
0.000222535677879
-0.000727689298681
0.000505153620811
0.000839306335738
-0.000499244955775
0.000517855827571
-1.86108717781e-05
-0.000917508233957
-0.000788540493531
-0.000612308759617
0.000791961596119
0.000463959587237
0.00019534684144
-0.000557849307926
0.000736191620303
0.000575434346107
-0.000638972179601
6.35378334811e-05
2.11583660285e-05
0.000395616204724
-0.000416774570756
-0.000191635807796
0.000575570591614
-0.000568362409454
-0.000400061428508
-0.000210035311854
0.000790707861181
-0.000443252047532
-0.000347455813637
-0.000271621031221
-8.97517799605e-05
8.28150312351e-05
6.93674871937e-06
-0.000171278618294
0.000535970678478
0.00074200535875
-0.000860426462765
0.000700828609719
0.000266436002378
0.000649507601678
-0.000166582803202
-0.000684900668346
0.000529226675932
-0.000103268454981
-0.000425958220935
-8.72305339719e-05
-0.000479668034963
0.000479944394174
-0.000510492043841
3.05476496875e-05
0.000571510954731
-0.000350307574831
-0.000834172548596
0.000731777864866
-0.00061064408603
4.75495305993e-05
0.000531997604234
-1.93005615926e-05
0.000477787230096
-0.000276923637765
-0.000881558686301
0.000681803784149
0.000336231672045
-0.000436177677403
0.000425694682531
-0.000594457264227
0.000168762581725
-0.000253393494098
-0.000303468606146
0.000556862100228
-0.000390342967
0.000634004504003
-0.00010346019948
-0.000557547033188
0.000661007232657
0.000357698907991
0.000116695333124
-0.000474394241103
-0.000220927088865
0.000945031752194
0.00080407801927
-0.000233768920757
0.000450290167473
7.89365084652e-05
-9.21239144906e-05
0.000317017969339
-0.000417056367783
0.00043821473382
-0.000468249310258
0.000381507441569
-0.000811493912912
0.000774088714301
-0.0007004107879
0.000310067820896
-0.000189568676122
-0.000431029793022
0.000260384542181
0.000170645250846
-0.000234044477401
0.000599477998226
-0.000365433520832
0.000653641470161
-0.000820224273368
0.000432339015193
-0.000496221131516
6.3882116337e-05
-0.000587930691943
-0.00024624185666
-0.000718123267205
-1.49530675922e-05
0.00073307633481
-0.000756597304052
-0.00033251853851
0.000741365416646
-0.000195691694441
-0.000142806097461
0.000709714996069
-0.000543828148751
-6.23817262802e-05
0.000606209875048
6.82576471315e-05
-0.00048531401492
-0.000754461493831
0.000277117772518
0.000477343721319
0.000621041523978
-6.02018763628e-05
0.000397931884488
-0.00022482756703
-0.000173104317458
-0.000371171675544
-4.60523649606e-05
0.000494000445676
2.38553819131e-05
-4.99172168411e-05
0.000543917662527
0.000219948467211
-9.09010662074e-05
8.5296481263e-05
-0.000243147055715
0.000185701407189
0.000618376612085
-0.000533758745552
0.00064349493015
0.000732048992631
-0.000496998674449
-0.000235050318191
-0.0008859139558
0.000688590129138
0.000197323826692
0.000395522395917
0.000153607870528
0.000313272989962
0.000295714819819
6.40748980838e-05
-2.72644494777e-06
-0.000281620292271
-5.8875323232e-05
-0.000255311443102
-0.000626247243197
0.000473309040093
0.000258739952532
-0.000697113893912
0.000261768596467
0.000435524769189
2.6899646265e-06
-0.000693524542857
0.000196525868406
-0.000156511510911
-0.000218140393225
-0.000519509421535
0.000737649814758
-0.000686622301263
0.00060782808179
-0.000912967720944
0.000305139639146
0.000805877836472
-0.000488916314421
9.91478131352e-05
0.000254711066651
-0.000353858879796
0.000390571520775
0.000142702160599
-0.000533273681348
-0.000541545648201
-0.000626070121645
0.000522609922158
-0.000351259794393
0.000702176732509
0.000559334102511
-0.000566622054252
0.000821750296511
-0.000382895237582
0.000475029926116
-6.82673095679e-05
-0.000399982000682
-0.000396624056784
-0.000709814715759
0.000382006537427
-0.000351661702863
-0.000132389182683
0.00034728975529
-0.000856384280794
0.000509094525504
-0.00027742192249
0.000142761921605
0.00061127484163
-0.000754036763243
-0.000171827049365
-0.000521697493499
0.000277518898516
0.000421133371613
-0.000513285741404
9.21523697786e-05
0.000308133447447
-0.000561526941559
-0.000268518573054
-0.00033824076001
0.000606759333077
-0.000464712840047
-0.000233286676042
0.000261550529116
0.000208406618584
0.000310824802028
-0.000554922878458
0.00024409807642
0.000265346600366
-0.000389472404228
-6.81184697827e-05
-0.000362800852325
-0.000401132725047
0.000763933577357
0.000386198644205
-9.0483824381e-05
-0.000335179882487
-0.000593745365587
5.17415720232e-05
0.000638795824058
0.000153165772057
-0.000235351416131
-0.000650562539706
0.000358636061992
-0.000188361129002
-0.000784762447468
0.000786111936354
-2.44445291801e-05
-0.000351478779016
-0.000632602187299
0.000570220461031
0.000786901547154
0.000158385735858
-0.000247376133992
8.89903981449e-05
-0.000313819001242
0.000643935797876
0.000479465187431
-0.000305253677329
-0.000174211510097
-0.000313536302906
0.000197404489911
0.000116131812992
0.000713406415873
-0.000708557072486
-4.84934338445e-06
-0.000249307873016
0.000206886871506
0.00015174919048
-0.000480242545413
0.000728151503729
-0.000554511943703
-0.000115440823805
0.000322327695316
0.000260305860078
-0.00061896583815
0.000358659978061
-0.000372887912919
0.000759675980636
-0.00038678806773
1.95200715024e-05
0.000693886344381
0.000661390909999
0.000254988239809
0.000406647031775
-0.000863513833591
0.000456866801826
-0.000643433093135
0.000254203971857
0.000389229121289
0.000432796166002
-0.000163327737437
0.000468304683021
0.000518979341081
0.000506398625482
-0.000438140978348
0.000918022981642
-0.000535110485843
-0.000382912495806
-0.000643097332349
0.000374578759299
-0.000569197830506
-0.000215530636396
0.000796403391766
0.000366550059366
-0.000563737656249
0.00019718759687
-0.000426101279576
-0.000217331813546
-0.0003094138928
0.000586734805907
-0.00027591000389
-0.000233270194721
-0.000298150914229
0.000531421108952
6.4249627568e-05
1.4576589549e-05
-0.000449801362938
0.000435224773369
0.000119968111534
-0.000571179257673
0.00049893609361
-0.000185663103647
0.000129370582696
0.00036380650526
-0.000493177087969
-0.000116330036163
0.000274715772032
0.000413224023437
0.000330535516488
0.00022224126879
-0.000698603195702
-0.000169130334009
0.000766577916058
0.000181923009023
-0.000748864707032
-6.26292058675e-05
-0.000394903180393
0.000206542051397
5.63428974617e-05
-0.000782004903926
0.000138455245218
0.000287586980731
0.000608543302116
-0.000896130282851
-0.000186652815483
-0.000309383537927
-2.59757431512e-06
-0.000247617643317
0.000250215217645
-0.000222440191987
0.000872098230743
0.000117026697446
0.000269171946765
-0.000199320229484
-0.00017140253359
0.000486163692563
-0.000347708447339
0.000337028600081
-0.000523681415572
-8.10951512205e-05
-0.000114481482389
0.00019557663364
0.000856894082798
-0.00047825777136
1.76947591615e-05
6.51202720806e-05
0.000651716969404
-0.000391411109331
0.000593485789059
-0.00022693572972
0.000285298243355
0.000301436562544
-0.000270386498024
0.000214596402922
0.000238028488406
-0.000807226318916
-0.000167717498603
8.66223473819e-05
-0.000603417627911
0.000902020609502
0.000589555557128
-0.000870387343957
0.000186084159201
-0.00022655775284
-5.95967740352e-05
0.000286154526882
0.000198611655007
0.000117586763187
-0.000685084970362
0.000567498207173
-0.000200785179381
0.000461169721568
-0.000691645785902
0.000183952884348
0.000507692901573
0.000476699857365
-0.000462123267829
0.00084442120447
-0.000254865647342
0.000327291092286
-0.000228143279171
-0.000217894278382
-0.000223412882457
-9.01234204447e-05
0.000531813944961
-0.000837121938883
0.000305307993911
0.000442395135525
0.000330162041837
0.000307069810416
0.000286415978629
-6.17136284334e-05
0.000201285993965
0.000126005098309
0.000144315098604
-0.000369142665635
0.00013195971135
0.000424536356061
0.000487822110715
-0.000912358466784
0.000500401068599
0.000143635703534
-0.000442918399008
0.000299282695486
-0.000832760935871
5.45426724244e-05
-0.000455640748341
0.000458330712969
-0.000224257929543
-0.00049652134639
0.000148812899061
-0.000484036026422
0.00013237432354
-0.000538453594829
0.000112495373902
0.000239943069116
9.02189727296e-05
0.000256216211318
0.000239399380482
-0.000495615591801
9.57699424803e-05
-0.000333667594802
0.000925453251498
-0.00075110728038
-0.000520529629625
-0.000125440613444
0.000645970243083
-0.000558252348279
0.000282196997533
0.000276055350747
0.000399746089151
0.00035992989148
0.00032667723464
-0.000559022233065
0.000232344998415
-0.00016450918585
0.00079917971302
-0.00063467052718
0.000356969766571
-0.000780497682096
0.000447979143586
0.000588624220634
-7.72326871487e-05
0.000625247284452
-0.000318177474048
-0.000772480100149
9.217105512e-05
-0.000817628767712
0.000114860175903
0.000594854820159
-6.33573177556e-05
0.000416706890267
-6.40214106299e-05
0.0001436477113
0.000213322055274
-0.000585743746077
-0.00030243643663
0.000667064776603
-0.000364628339953
-0.000633268996312
2.16268494875e-05
-3.45382149677e-05
-0.000505561626698
0.000696000632151
-0.000215048262225
-0.000480952369935
0.000341719588506
1.70275703217e-05
-0.000531491446301
0.000692191644274
-0.000160700197983
0.000493434380071
0.000238343484799
0.000530945318958
-0.000204268084327
0.000159693753261
0.000319771434171
0.000211576798739
-0.000238623020121
0.000440658346704
7.84951272655e-05
-0.000536310529764
0.000516673195514
1.96373342395e-05
-0.000153598532238
-4.20053965166e-05
6.84523295288e-05
-0.000257585670527
-1.6681569641e-05
-0.000286050773863
6.26378913874e-05
0.000465602254738
1.17888837804e-05
-3.65785791375e-05
-0.000249472194715
-0.000129433210545
-0.000496636911108
0.000877772799519
0.000178904898497
0.000734309135028
0.000412807650302
-0.000183081807585
-0.000474255301515
0.000657337109091
-0.000141538948148
0.000811472304985
-0.000262835676601
0.000426459199345
-6.46222939212e-05
-0.000361836905431
0.000189203230879
-0.000708712652411
-0.0006813594421
0.00012684749841
-0.000113654878982
-0.000594347901616
0.000464914691063
0.000400861289276
-0.000637763881148
0.000236902591857
9.16105891724e-05
0.000334848610163
-0.000498849276025
8.00987367267e-05
0.000418750539313
0.000366598298226
-0.000123563248025
-7.46176583129e-05
0.000597227580462
-0.000821044011502
0.000463699272655
0.000198243260886
-0.000780966518683
0.000582723257794
0.000728861604815
-0.00045717328929
0.000359692525326
-0.000540330494449
-0.000144754475906
0.000541101483143
3.853688356e-05
-0.000440381849403
-0.000153966052219
-0.000400985170511
-0.000934808247602
0.000357781396385
-0.00036345639963
0.000693991916115
0.00017902511972
0.000351920199236
0.000185465735316
-0.000301795771469
-0.000571340046799
-0.000799028697166
0.000436227844831
0.000362198058902
0.000379167357753
0.000468236090801
0.00039792435319
-0.000866160443997
0.000769963083658
-9.54665271034e-05
-0.000674496556565
0.000892772446859
0.000323425975652
0.00037875075685
-0.000910917067114
0.000214299279404
-0.000679012119461
-0.00066837224523
0.000621981012483
-2.01712803728e-05
0.000115957432102
0.000590237216413
-0.000120273774279
-0.000334635051383
0.000866448996337
0.000142419816735
0.000132295955307
0.000329113446622
0.000456147329769
-3.70642508133e-05
-0.000419083078958
0.000381703364187
0.000326779231524
0.00027998010155
0.00056243438473
-0.000383409265015
0.000259349934443
0.00033752525798
-0.000596875192419
0.000871727944295
-0.000633699455891
0.000553801709338
-0.00080866735669
0.000391525035846
0.000806772589969
0.000609889273751
0.000659935388424
0.000122112240627
0.000126322956878
-0.000248435197538
0.00048379269371
-0.000533257702553
-0.000772862942183
0.000710233736318
0.000703858598183
-0.000159874910317
-0.000291551213682
0.000160874902645
-0.00029586837047
0.000277243452754
-0.000313822031904
-0.000536231494977
0.000415957720707
-0.000621318358278
0.000307499357031
0.000527302544838
-7.07520813521e-05
0.000748776491357
-3.32826413e-05
-0.000250653331127
0.000283935972405
0.000134644611082
-0.000502800669417
0.000377243687203
0.000125556982204
0.000203546468281
-0.000175071216441
-2.84752518482e-05
4.3212714529e-05
-0.000584766491073
-4.85025052444e-05
0.000826337703467
1.95113216488e-05
0.000284776993357
0.000246644115592
-0.000637642255959
0.00063613659143
-0.000452183707072
-0.000227164809342
0.000148937417585
0.00023461154744
-0.000433005560297
0.000920827671008
-0.000879949552749
0.000725962652123
0.000432774647481
0.000459997799371
-0.000220950109495
0.000106468627123
-0.000265919652144
0.00088201840172
0.000530742682565
-0.000796662334712
-0.000282649963146
0.000700414493837
0.000451470523345
-0.00079931899013
-0.000552660404178
0.00100537782512
-0.000452425833302
-0.000303153960774
-0.000326223065886
-0.000150880470188
-0.000243522995979
0.000801981464045
-0.000558458468077
0.00042897426162
9.27342926009e-05
-0.000521708554232
0.000490476577372
-0.000565094235693
-0.000198630421867
0.000175904783262
2.27256385874e-05
-0.000623033465762
-0.000184192853155
0.000727899808239
-0.000428396266336
-0.000299503541918
0.000512495371652
-0.000739660181002
-0.000623463656988
-0.000474856201705
0.000406737731925
0.000230263950735
0.000204347560836
-0.000434611511578
-0.000278810073952
-0.000290478981153
-0.000617718325246
0.000908197306393
-0.000626878399246
0.00104866596621
-4.58339523945e-05
7.1852958339e-05
-0.000380702517774
0.000408468332507
0.000443077018779
-0.00046237758036
0.000448449209483
-0.000474688585475
0.000403019549291
7.16690361739e-05
0.000587037121776
0.000212142591234
-0.000715510925414
0.000854710606753
0.000477064786522
-0.00069259542292
0.000378233890159
0.000247013394305
-0.000295217590372
0.000179511283452
-0.000719541658307
0.000547714608937
-0.000170795672826
0.000384117728107
-0.000819727286362
0.000196693820597
0.000538840469455
-0.000169957588985
0.000469240284486
0.00025895039896
-0.000512706136564
0.000253755737611
-0.000334672832754
-0.000464355864419
3.58172477962e-05
0.000539753343807
0.000507715367407
8.95782809932e-06
0.000543532615197
0.000118180836468
-0.000111244087746
-0.000478142419634
-0.000298902413832
0.000224642283859
-0.000257924925162
0.000699211002303
1.47006337163e-05
-0.000466299100416
-0.000548725075218
-0.000689303563741
0.000711643999898
-0.000199148628236
0.00022253135828
0.000267443590443
0.000132655323387
5.59699259996e-05
0.00015577215458
-9.74448982744e-05
0.000603291177284
0.000120752989186
3.82621465775e-05
-0.000159015135734
0.000596031504734
-0.000839554500718
-0.000229558330274
-1.95627189872e-05
0.000249121049234
-0.000527728739358
-0.000384629727431
0.000326767083186
0.000259193261934
-0.000196555370556
0.000581248963142
0.00044680609232
-4.37865430305e-05
-0.000471485133521
0.000320604663332
-0.000341778263667
-0.000495343675222
0.000287947764535
0.000355988033327
6.38951770267e-05
0.000305782593563
-0.000369677770602
0.000279265726411
-0.000397393182735
0.000118127456311
7.62407415807e-05
-0.000878424640747
0.000244725184852
-1.51052661526e-05
0.000763881757502
6.25273752437e-05
-0.000313180706368
-0.000486166762762
0.000449102511942
-4.91604641343e-06
-0.00072480656581
0.000243854195869
-0.000906597042839
0.000693941907861
-0.000455753353812
-0.00023818855406
3.73003527584e-05
-0.000399137258191
0.000485017421343
0.00026554564152
0.000275205836628
8.73013576422e-06
0.000170619684384
-0.000371046324799
-0.000170980238112
0.00040124418883
-0.000879269390207
-8.06211874451e-05
0.000341138629775
0.000171313505449
-2.70298579977e-05
-0.000295130452867
-0.000176354680663
0.000425850166353
-0.000146584439947
-0.000232168829862
0.000216523116551
0.000244646605017
1.01949325413e-05
-0.000429278011499
0.00045546213081
0.000483216167868
-0.000307893533809
-0.000175322634064
0.000798775417406
2.75622860549e-05
0.000460563772151
0.000477208934663
-0.000459680853845
-1.7528080821e-05
0.000229681662894
-0.000251015209331
-0.000907644685708
0.000289926360457
-0.000179162383223
0.000172301753754
-0.000427550928666
-0.000433845770072
0.00050551480624
0.000500268397032
-0.00083494122979
-0.000644721228833
0.00049996675293
0.000563183494965
8.03114351763e-05
0.000365892046965
-0.00089362078633
-0.000455080238382
0.000226140964734
0.000228939273659
0.000252745848898
-0.000479349385731
-9.18298719518e-05
0.000472745457458
-0.000671894085695
9.63782037671e-06
-0.00025911001511
0.000208728608132
-0.00010987531202
6.41832294614e-05
0.000834152198021
-0.000202334389484
0.000579910927828
0.000330256633983
-0.000910167561823
0.000339829285449
0.000568368020939
7.22259759482e-05
0.000244913709033
0.000576836587464
-0.000449758180997
-0.000618956265858
4.02506503282e-05
0.000578705615542
-6.50287728129e-05
-0.000638747175414
0.000703775948228
0.000919740213274
0.000248888443868
-6.67054992172e-05
0.000495679760822
0.000485091363696
0.000521596378013
-0.000763859406343
-0.000442685251373
-0.000472611025051
-0.000703769854262
0.00010017954463
-0.000534025314711
-9.18453353438e-05
0.000659343542524
0.000301839362759
-0.000320369287061
0.000511461305328
-0.000463150195403
0.000555884488012
-0.000332377417846
-0.000519323211314
0.000730031068869
-0.000210707857564
-0.000681730820151
-0.000160471072253
0.000427914662701
0.000178644798106
0.000540429968958
4.81942516662e-05
-6.47849256885e-05
0.000396269230265
-4.05597039834e-05
0.000436828934247
0.000631959111672
-0.000652535834647
-4.60673610459e-05
-0.00015258054381
6.81802114775e-05
-0.000285694289203
0.000457996042957
0.000118688990013
-0.000581839185417
-9.60692904055e-05
4.05083395613e-05
-0.000317943951094
0.000277435611539
-0.000171975771374
-0.000222531009487
-0.000483408410863
0.000662053208959
0.000222272391461
6.65770973202e-05
-0.000288849488777
0.00035687243906
-0.000285569956799
-0.000170361533338
0.000302657488659
-5.68253554648e-05
-0.000201099569697
-0.000405040519364
0.000364480815378
0.000618655742949
-0.000984911835554
0.000749560419436
-0.000388942325652
0.000436267626399
-0.000608243397779
-0.00087146501187
0.000793386179743
7.80788321208e-05
0.000186828328954
-0.000459843664928
-0.000563364152348
-0.000423464601747
0.000489710622292
6.61738657214e-05
-0.000307451785534
0.0003479601251
0.000280881778384
0.00066106803743
0.000526810407609
-0.000491842514809
-0.000272016891541
-0.000285212011295
-0.000523455345404
6.66786185215e-05
-0.000374130404056
-0.000207595711459
-0.000415867945534
-0.000414327661651
0.000460952195896
-4.66245343268e-05
-4.11900834381e-05
0.000106310355531
0.000204407870307
-0.000375388108421
1.67062815852e-05
0.000516453397453
-0.000533159679056
-0.00023182435818
0.00081409860274
0.000823635191293
-0.000410411167852
-4.04222439701e-05
0.000530132866259
0.000770188170433
-0.000168341676509
0.000591004976474
5.52409646036e-05
-0.000403407600706
0.000870071955191
0.000139818201132
5.57584325129e-05
-0.000631594319447
3.7848953875e-05
-0.00076162589348
0.000526575575283
0.000592984273339
0.000324972217069
5.07578771357e-05
-4.07587064576e-05
0.000263031097912
-0.000251366853773
0.000116526235087
0.00022705828755
-0.000343584522638
-0.000283793100303
-0.000145571559022
-0.000445355723875
-0.00022653836183
0.000300921976656
-0.00017491687836
0.000715598053427
-0.000125360837016
-0.000417298926471
0.000455257516851
-0.000408991955778
-0.000199251442006
1.65100090945e-05
-0.000275620024206
0.000454477973756
-0.0001196293636
-0.000359972600562
0.000381560515128
0.000583554707774
-0.000452574731861
-0.000244539162042
-0.000303568221528
-1.02538103814e-05
-0.000662919500857
-0.000785003140689
0.000336578118236
-0.000511900752301
-4.7180439924e-05
0.000223085223169
-0.000620241201366
-6.68865907781e-05
0.000234906467164
-0.0001680198764
-0.000555384877939
0.000117243899593
-4.16411863465e-05
-0.000140593195129
0.000182234381468
-0.000540888198983
0.000309063840802
-0.000253035185851
0.000369561420927
-8.04005919852e-05
-0.000197178006825
0.000277578598836
3.96909178923e-05
0.000553293355447
0.000723172064801
-0.000725113248624
0.000876054001111
-0.000150940752492
0.000682748512784
-0.000155522390471
0.000113881204115
0.000199397074493
-0.00020747978591
-0.000489808888588
0.000529964572501
0.000702162988211
-0.000865612155692
0.000140498907063
-4.39116371769e-05
0.000120335410832
-7.64237736686e-05
0.000194147760704
-1.65254887409e-05
-0.000178156438603
0.000246336650098
0.000194323180956
-0.000255058769961
-0.000484601411053
-0.000205503439166
4.23319400067e-05
0.000722341013329
-0.000749370871333
0.000635530317609
-0.000253969802488
-0.000569743601585
0.000204310080747
2.90292706958e-05
0.000122618371655
7.72585302391e-05
-6.54696464417e-05
-0.000406346464294
0.000242011977481
-0.000452730454627
0.000142592273378
-0.000636477716837
0.000457116452622
-0.000287058212443
0.000420442386856
-0.000402583718655
-1.78586681867e-05
0.000435143020577
-0.000342631228232
0.000779346252972
-0.00068717519786
-0.000721681732859
0.000626215205748
0.000483677405622
-0.000282005921467
-0.000240035236264
0.000270468532711
-0.000704069983266
0.00089839316422
0.000504363138715
0.000882504265811
-0.000393248772859
-0.000447358359749
0.000158751913283
-0.000149850708373
0.000172576346945
-0.000499398537199
0.000122470420464
0.000750552300272
-0.000717933041614
-4.30662044271e-05
-0.000232553819781
0.000148209002985
0.000272309304907
-0.000892550506277
0.000330443479624
-2.01896177749e-06
0.000305336471899
-0.000177346870735
-9.01144294007e-05
0.00047271835046
-4.0379335258e-05
-0.000557392534064
-0.00012396690803
-0.000102805071822
9.41520940404e-05
8.65297778607e-06
0.000135562739617
-1.73819031354e-05
0.000594314769714
-0.000615543846401
-9.31688060068e-05
-0.00043459964845
0.000264303666038
-9.04499715374e-05
4.84445750478e-05
0.000178434282541
-0.000209633537882
0.000288128665152
-0.000231896571911
-9.29640378901e-05
0.000666698521381
4.29777004753e-05
-0.000330035912921
0.000168487851892
0.000304976657289
-0.000868340809641
0.000231455861974
0.00101435829366
-0.000685171619033
-0.00032918667465
0.000105479481843
6.11872156054e-05
6.79227678091e-05
-0.000129109983411
0.00023547366336
0.000119007931737
3.4957889371e-05
5.24466304476e-05
-9.635826764e-05
0.000753655999958
0.000463056478065
-0.000797691529454
-0.000645973109653
0.000140411482968
0.000633844535147
-0.000259265775839
-4.34333632318e-05
0.000104620578838
-0.000377074552558
0.00031306765949
-0.000646735254297
-8.41974756508e-05
-1.39340015941e-05
0.000490633858946
6.33771024088e-05
-0.000116355554942
9.64334814727e-05
0.000316145761654
6.9914944661e-05
-0.000386060706325
-0.000135744445783
-0.00058379721253
-9.96234797361e-05
-0.000148811717818
-0.000198161837429
0.000356913750721
-7.00530032246e-05
-0.00010099424929
0.000423065167949
-9.68025721186e-05
-0.000399418559388
0.000359123462125
-0.000613804781526
0.000295627307466
-8.75996226656e-05
-0.00065707684292
4.40797170937e-06
6.41925004668e-06
-3.13481856325e-05
0.000171166386766
0.000634005687609
-0.000212251174215
-0.000424226542614
-5.01598690337e-05
0.000521870098085
-0.000367410496757
-0.000154459601317
0.000607781393947
-0.000364192925432
0.000531405200271
-0.000521687631965
0.000600624140439
0.000427805733724
-0.000673922927776
0.000678330899478
0.000442963053913
-0.000370697765264
0.000416236634795
-0.000346321690139
0.000365714175177
-3.7853333707e-05
-0.000327860841481
0.000339263364182
-0.000276735988942
9.00418344676e-05
0.000627671874624
-0.000300892643087
-0.000824381174783
0.000381129127257
-4.19182040186e-05
-0.000407883158926
0.00030338173906
-1.54237629378e-06
-8.61224188192e-05
4.63889071986e-05
-2.76784370939e-06
-4.36210634966e-05
-0.000363932615933
-7.22450614864e-05
0.000372450091762
0.000413241083619
0.000184344404819
-6.35914156085e-05
0.000461319814489
0.000410775984102
-0.000872095798564
-0.000101770982956
-0.000391406105025
-6.93303711998e-05
-0.000260705541727
0.000269716874305
0.000443766588414
-0.000123161925088
0.000368246580806
-0.000372267961626
0.00041482804976
0.00016498271829
-0.000180563660557
1.74916674474e-05
2.88972397433e-05
0.000329922174983
1.64922338904e-05
-0.000279182738817
0.000427391741793
-0.000519125611242
-0.000331229814171
7.76562069424e-05
0.000253573607258
0.000148934514999
-0.000177409766858
9.43726561872e-05
3.85693463509e-05
0.000665206601882
-0.000268926156417
0.000252244586774
-1.4115451344e-05
0.000567408806795
0.000181381033338
0.000325235437996
0.000314746847073
0.000516017414912
-0.000423143510525
0.000842235311006
-0.000103435328972
-1.31914412874e-05
-0.000717320760331
0.000357702271208
-0.000584638000945
4.08407090926e-05
-0.000633909333444
-3.51610198951e-05
-0.000261750087749
-0.000453725929822
0.0005549160038
-0.00010119007394
-6.79109798846e-05
-0.000652296078292
0.000210808024384
-0.00073133765399
0.000300136682235
0.000366928094388
0.000356687089529
-0.000336772830465
-4.39296873271e-05
0.000353738496081
1.19756790791e-05
-2.73632037674e-06
-0.000694226233571
0.00069696255397
-0.000182380244544
-0.000395530219732
0.000577910464288
-0.000363212387786
8.98251391916e-05
-0.000213911284545
-0.000309693017436
0.000322435102688
-0.000142923819232
-0.00100050338712
0.000339238494636
0.000661264892474
0.000255643117631
0.000201940609305
-0.000147600815154
0.000189932755177
0.000274540358096
-7.2599748805e-05
-9.57029340171e-05
0.000336602122127
-0.000240899188097
0.000749459330814
0.000213462680746
-0.000323337992779
-8.84701515995e-05
0.000129310860708
1.30956601103e-05
0.000620910027501
-0.000301410030475
0.000310140166233
-6.9938297895e-05
7.85912756744e-05
-0.000256102510316
0.000276659506961
-0.000957913968617
0.000626821135292
0.000197063539696
-7.42735053517e-05
-0.000122790034365
0.000185955890682
-0.000287221988512
-0.000146476776902
-0.000189970507904
0.000471894571174
-0.000281924063272
0.000225750332329
-0.000373488196984
0.000702455947326
-0.00016119022265
0.000564757094918
0.000580329681986
-0.000389640695767
-0.000196121714725
-5.81432463554e-05
0.000541555867586
-0.000483412621206
0.000491290720616
9.2586785782e-05
0.000122451538701
0.000233296158311
-0.000296596804955
0.000470549432186
-0.000812327695861
-0.000252054225367
0.000608042258684
0.000147852710282
0.000233526111368
-0.0003141472988
-2.54342746636e-05
-0.000251201297036
0.000383856620431
0.000511869176183
-0.000573804645945
6.19354697859e-05
-0.000598943888245
0.000209501727369
-0.000212671734188
0.000748803082671
7.89560827149e-05
0.000557626927546
-0.000636583010249
-0.000359839762762
0.000655467070221
-0.000601568246771
0.000241728483995
-0.000139176652331
0.000165423828752
0.000385643333436
-0.000551067162215
0.000869748577107
-0.000614770361205
0.000191305759462
-0.000309448385225
-0.00040036633054
0.000864173421685
0.000484190901069
-0.000142717259368
9.42020417877e-05
4.43522181812e-05
5.66172007006e-05
-0.000417126585421
0.000360509384715
-0.000164955648762
0.000422373105336
-0.000257417456584
0.000840295808494
9.28254319805e-05
-7.03537093532e-05
-2.60045583099e-05
-0.000364048042022
-0.000419214172179
-0.000408402630816
-0.000415978543962
4.80934288928e-05
0.000235849023868
-0.000159518566703
0.000557136250539
0.000504351866247
1.16655486642e-05
0.000145088231956
0.000867481488386
-0.000429274988266
0.000678302261991
-0.000272275858163
6.97042081837e-05
-0.000137615188051
-0.000165416624958
-0.000432378459577
0.000597795084525
3.51579124431e-05
0.000611377746625
-1.69656656151e-05
0.00032710583183
-9.16193390022e-07
-0.000627414826358
0.000904074333315
0.00067516625533
0.000463442210426
-0.00058888282386
0.000575937584329
0.000749276847752
0.000294220393165
7.31215530626e-05
2.38879268254e-05
-9.7009479905e-05
0.000349504792812
0.000497592180617
-9.0854448699e-05
-0.000588362686087
0.000628613336424
-5.97729985035e-05
-0.000192721347064
-0.00018266676136
0.000502519395854
0.000363976495243
-0.000581870773632
0.000261250969915
0.000405447551458
-0.000520224010202
0.000418453027237
0.000475828655761
-0.000601189492779
-0.000446732426787
-0.000416781406799
0.000308760661815
-0.000270223778245
0.000104277982208
0.000580850260289
0.000276170221675
-0.000650205191218
-0.000585974683022
0.000524849601616
6.11250814087e-05
-0.000135701831614
-0.000428035824621
-0.000596992484012
8.6297979325e-06
0.000331500482404
0.000680589828446
-0.000367522168964
0.000354874921245
-4.3605229588e-05
-0.000420045936945
0.000463651166511
-0.000347497543577
0.000507191296837
0.000156783445747
9.27496227244e-05
0.000573207819896
-0.000381784158758
-0.000191423661153
0.000620032112877
-0.000666099473914
-0.000380707787785
0.000392683466853
0.000574496475995
-1.1962758436e-05
-0.000574011924586
0.000426918267125
-0.000113520042965
-0.000420630620752
0.000534150663718
-0.00073138480581
-0.000221217634118
0.000515438027271
0.000788617977187
-0.000797920750884
-0.000124786844668
0.000552648456784
-0.000335926445533
-0.000216722011251
0.000594549426076
-0.000253826794788
-0.000300743027985
0.000498536336227
-0.000447778459096
-0.000327142097272
-0.000511485069453
0.000570122202601
-1.29859520694e-05
0.000635338507677
-0.000597489553785
-0.000567019509034
0.000405829286381
0.000447028629354
-0.000430813964812
0.000106142035408
-0.000845725379106
0.000704186430969
-0.000407862303268
0.000155382326092
-0.000607566033153
7.12208023625e-05
4.14369804067e-05
0.000338131468241
-0.000614041472139
0.000407791194935
0.000804388690433
-0.000356409546842
0.000305461630967
0.000216134747046
0.000767577504227
-0.000388410146471
0.000422625991804
-6.79873048055e-05
-0.000354638687008
6.51459105162e-05
0.000233267352494
0.000238627218683
0.000226258099922
-0.000668765704651
-0.000453454539876
0.000643792684506
-0.000491733854064
0.00058057921475
1.51788364154e-05
9.66904643312e-05
-0.000122695022666
-0.00047133007738
0.000682138101765
0.000196744327551
-0.000339668146776
-0.000171341315142
0.0003680856427
-0.000226576312432
-0.000233209686473
0.00038495887696
-7.31953808531e-05
-0.00063170565138
0.000199327191796
0.000516230452728
-0.000819384413498
-0.000368015352817
-3.77895046065e-05
0.000542141370857
-0.000506347727689
-0.000341887388455
0.000819815173707
-0.000761005955873
-5.88092178435e-05
-0.000364339344693
0.000880361432702
-0.00050671768536
-0.000373643747337
0.000470048089045
-0.00048657357779
-0.000715204627628
-9.93530414627e-05
-0.000420121690591
-0.000311263115212
1.41833350895e-06
9.50151479733e-05
-0.00060592279668
8.67971854424e-05
0.0004868426643
-0.000608546500771
-3.89236111249e-05
0.000647470111897
-0.000718328306594
0.000582583860806
6.98706630346e-05
-1.38772205648e-05
-0.000773183505797
0.000453108586113
0.000320074919673
-0.000524686240267
-0.000587143391195
-0.000722245325733
0.000846285472405
0.000688169237038
4.5099910354e-05
-1.23635267299e-05
0.00057977233353
0.000201338350271
0.000636845206353
-0.000117865865265
9.59815477981e-05
-0.000855135057599
0.000316747383882
-0.000572849894222
-0.00030860378606
0.000290079158527
-0.000212515305288
-4.97863125795e-05
0.000875109459207
-8.64914820255e-05
0.000547635229445
-0.000149555581822
-0.000581782072171
0.000289178719112
0.000317658348392
0.000437050152659
-0.000772446232017
0.000335396079348
-0.000665106284814
0.000278065229283
0.000731412674799
-0.000707169786915
0.000615045872417
0.00011254448275
1.67663779769e-05
-0.000170902578616
-0.000443867782589
-1.24319579113e-05
-0.000433712973434
-0.000155169850421
-0.000692106335881
0.000267526034197
0.000247911993073
0.000643130628478
-0.000782347630647
-0.000583268555254
0.000463580025904
-0.000123611216063
-0.000169811319026
-0.000544810546189
-0.000610869704573
-0.000550669999497
0.000390795089173
0.000625171736703
4.99945186208e-05
-1.38040738886e-05
-0.000178481696061
-0.000108740292451
-0.000519881817871
-0.000480621569257
0.00020515091321
-0.00023406506268
0.000272724070833
0.000292033024092
4.34364084357e-05
0.000526685794157
0.000472304591403
0.000541982828925
0.000597959508834
-0.000467154550182
-0.0002500649769
-0.000534701994314
-0.000284820862872
0.000226204892994
0.000912447630731
-0.000871959773214
-0.000187206560755
-0.000893614824895
0.000896084854513
-0.000593825242246
0.000580839290168
-2.18944228236e-05
-0.000938058788343
0.000959953211157
-9.11908532746e-05
0.000303022714306
0.000124369027477
-0.000512679564533
0.000332951892067
-0.000125558761135
0.000859867896158
-0.00054595580429
0.000472760423429
0.000395848146286
-0.000293180708301
0.000819756283578
0.000229942664483
0.000261348056141
-0.000132216972263
0.000262033063308
0.000367710419485
-0.000847952964894
-0.000375277543204
-5.3242777023e-05
0.00050615325288
-0.000660711467201
-0.000839222245744
0.000482812698909
0.000710912666342
0.000207299991827
-9.97232892453e-05
0.000145863687346
-0.000860841546535
0.000257423918616
0.000693384480688
0.000356211568292
0.000372322358691
-0.000879040044044
0.000365999960499
-0.000521975688575
-0.000792347080749
0.000398841381831
0.000393505698909
0.000392595482976
-0.000352388223783
-0.000551778537527
-0.000320713339185
0.000196460235444
-0.000570589879153
-0.000451203537621
0.000276992027528
-0.000299874465707
-0.000515950264264
0.000343437129311
0.000172513134947
-0.000322991793015
0.00018985548148
5.42499523731e-05
-0.00042602590852
-0.000248460512887
1.75525043749e-05
0.000543077906041
0.000716676549868
-0.00101542603404
0.00052328807928
0.000628961157701
-0.00031655318977
-0.00012293310014
0.000482625625482
0.000736371124762
9.8861940283e-05
0.000299849991336
0.000411062675013
-0.000348350310747
-0.000191075684462
0.000503112975118
-0.000496693725064
0.000258482519004
0.000134729855082
-0.000393212374089
0.000881201745483
-0.000192611616288
-0.000795554065061
0.00054624619205
3.77049429601e-05
0.000226524716269
0.000505396552716
0.000124044418665
-0.000333562452545
-3.01447274312e-05
0.000157269757884
0.00032957290641
-0.000205643225887
0.000126162313801
7.94809120819e-05
-0.000221057589062
0.000296350884613
-0.000538976189123
0.000525574211133
-0.000816550700316
0.000642724241074
-0.000273138221445
0.000513481326172
-0.000880700251619
0.000430111251099
-0.000115207146106
0.000833798114203
-0.00019066748572
0.000133935568608
0.000251023308357
-0.000373604850189
-0.000803474341573
0.000744665123724
0.000338876516481
-0.000643870654712
-7.44576518872e-05
-0.000270934584265
-0.00086945598783
0.000417030154532
-0.000264232167755
0.000642466057908
-0.00116628414657
0.00084212062915
0.000741247070958
-0.000666858208249
0.000716852726864
-4.54118750503e-05
-0.000487747804019
0.000489300816655
-0.000405875961925
0.00019761925327
-0.000453941933886
9.93032468697e-05
-0.000753168005796
0.000291105864638
-0.000857249376441
0.00030547083892
-0.000711630988181
-0.000454653158391
-0.000506443445272
0.000428085916755
0.000149824547543
-0.000564846721741
0.000152367753939
-0.00094090824742
0.000722567050873
0.000342967150059
-0.000710489319029
-0.000166934917166
-0.000455604557444
0.000400354979145
8.67977917054e-05
0.000410691113108
-0.000422389811966
-0.000808015447792
-0.000553102449364
-0.000440305028306
0.000381257956203
-0.000584730441823
0.000203472485621
-0.000202010599053
-0.000430922810361
0.000612740525143
-0.000346793250837
7.65694725944e-05
-0.000225634601269
0.000448402403049
-0.00035472314656
-0.000532967476512
0.000434513864384
-0.000539671330535
0.000105157466139
-0.000654411844165
-0.000556216923804
-0.000897060547673
0.000785478398944
-0.000391972700041
0.000204938452897
-7.30212785047e-05
0.000507535142879
-0.00043662483588
0.000336197547092
0.000100427288793
-0.00030244891673
0.0005503609098
-0.000230428241139
-0.000663346524096
0.000419510012232
0.000243836511869
0.000410927596135
3.51758586805e-05
0.000735382314085
0.000151754294712
-0.000606941000165
-0.000410200855739
0.000254413183501
0.000888432784901
-0.000637276934041
-8.77669345858e-05
0.000381601190565
0.0001318801356
-0.000330317258322
0.000572624773626
-0.000381319014164
-0.000439631230751
2.88804860733e-05
0.000480904437431
0.000346195125533
-0.000738167825579
0.000459823025033
0.000106241089498
-0.0003642941935
0.000853385653625
0.000817872194286
-0.000488199326132
-0.000119321509421
-0.000402387044817
-0.00045055073982
0.000152415659829
0.000316957278034
-0.000503768501717
-0.000376624200949
-0.000422075012446
0.000550638128845
7.37989197161e-05
-0.000624437048571
-0.000320315303444
-0.000212652173064
0.000771824999019
-0.00041809290591
-0.000455084652373
-0.00010136524368
-0.000377542853752
-3.92317170024e-05
-0.000773767093551
0.000373400763005
-0.000130401081716
-0.000116853401709
-0.000527336437727
-0.000442766093649
0.000701506046174
-0.000106896925573
0.000657535054413
0.000343779000265
0.000901886013317
-0.000416868591977
-0.000507612366023
-0.000564980491172
-0.00052469312689
-5.12474530644e-05
0.000665803428562
-0.000469277560163
-0.00022409763918
5.34809596666e-05
-5.77573164702e-05
0.000393954863563
-0.000672897979563
-0.000494015232467
0.00010363947877
-0.000600484713873
0.000496845235093
0.000163601300146
-0.000861304389233
-0.000548292553836
0.000166973539681
0.000548201029859
-0.000142371743479
0.000576399902196
-0.000606062570841
-9.3791535174e-06
-0.000369038646636
0.000223037334911
-0.000507400878095
-0.000153310589102
1.52994642994e-05
0.000283413140262
1.45705850235e-05
1.68536442491e-05
0.000747440489445
0.000113237780655
-0.000860678270085
-0.000328692526735
0.000765467873692
-0.00043793113759
1.43976725527e-05
-0.000581828221839
0.000194348571398
0.000340638826342
0.000370643667019
-0.000294074194426
-0.000252283849077
-0.000376677308624
0.000454624198724
1.95180862264e-05
-0.000389484839305
0.000880262109769
-0.000384380992419
-9.00132486839e-05
1.44391222801e-05
-0.000632682796004
0.000163405235835
-0.000147937574686
-0.000639549816207
0.000547958603839
-0.000375445468898
-0.000141347037288
-0.000574696910906
-0.000469696639131
-0.00034817219464
-0.000150970742314
0.000613858583632
0.000388843672743
-1.6590275368e-05
-0.0004165124813
-0.000690694138107
-0.000307054566924
-0.000461740329399
0.000361313040606
-0.000607588165765
0.000178961269116
-0.000768854435496
-0.000135837560914
-6.40797419139e-05
0.000700262451493
7.9267776002e-05
-0.000723138430721
-0.000444182929933
6.36612772933e-05
-0.000611426362108
0.000687962572041
1.22998794456e-05
0.000853741927697
-0.000241001402549
-2.3530884902e-05
-4.35977584071e-05
4.6339778132e-05
-5.06697017772e-05
0.000655024120515
0.000379941056697
0.000190715073103
7.75960254314e-05
7.3374716883e-05
0.000841888151756
-0.000543176711695
0.000673947762969
0.000353688825625
0.000327368878987
-0.00046974062247
-0.000507312175151
-0.000158676258556
0.000862862689532
0.000580603706252
0.000333012371767
-0.000890911449913
0.000557899078152
-0.00077124182152
0.000885187151367
-0.000721585851214
-0.000679104018594
-6.58434951028e-05
0.000206083132775
-0.00076233528162
0.000870345384859
-0.000597320932155
-3.97682307468e-05
-0.000760541653678
-6.20108066433e-05
-0.000546027672276
-0.000672195203812
0.00087827833659
-0.000781445354722
-7.92329153585e-05
-0.000288415759036
0.000869019465291
-0.000411383446321
0.000602098519424
0.000600017025867
0.000262564316653
0.000327168673166
-0.000290894424047
0.000511424003984
-0.000885067751318
0.00086511282961
0.000459236867686
0.000839177924383
-0.000797098786767
-0.000408255114023
0.000456985384017
0.000298377028332
0.000722331984383
0.000650358453444
-0.000220662375055
0.000214342696158
-0.000797531167932
0.000583188471768
0.000137836856458
-0.000835799277115
0.000590842882896
0.000313231450411
8.2732913632e-05
0.000516574335068
-0.000599307248691
-4.30197495364e-05
0.000707519871904
-0.000664500122357
7.86932853207e-05
0.000511633528791
-0.000590326814152
-0.000488369062075
0.000702711758228
-0.000538972974946
9.11945158454e-05
0.000421729075353
0.000473943038971
-0.000794656378146
-0.000520140831512
0.000859017347984
0.000196258204124
-0.000258580042869
6.2321838698e-05
0.000222574254874
4.4554999248e-05
-0.000164654853591
2.15089240275e-05
-0.000337029929538
0.000315521005509
-9.17353768841e-05
0.000313446831468
-0.000221711454595
0.000198592056467
0.00070791859472
-0.000318689473426
-0.000538393049014
0.000686846244551
0.000183225710634
0.000144208125401
0.000730901333799
-0.000879590439487
0.000805132787593
0.000775014333578
-0.000898548110861
0.000948624279281
-0.000700573174486
0.000402447395891
0.000776381008633
-0.000193797147834
-0.000562469724088
0.000271499213319
-0.000774678963092
-0.000710161105893
0.000125256199821
0.000652953374664
-0.000393393436804
0.000686952662034
0.000502621367027
0.000928748497877
-0.000495431004173
-0.000985335559197
-0.000888971874965
0.000545743382594
-0.000807663759595
0.0010788969946
-0.000804310543499
0.000743548405456
-0.000196135125751
0.000332886922045
-0.00029464392078
0.000156191290904
-0.000477403843098
-0.000659818555635
-0.000461947360916
0.000431399711228
-0.000547107458418
0.000688582559065
-0.000447143742658
-0.000540113658476
0.000336641172857
-0.0005350875094
-0.000259779807787
-0.000647302307722
-0.000687311480004
0.000469979666466
-0.000675942869921
0.000675997376129
-9.72917605801e-05
0.000665222367199
-0.000748794679363
-0.000307111116859
0.000671739456811
-0.000338787564734
9.26410472001e-05
0.000385714349957
-0.000540725342574
0.000507791437391
-4.04372705168e-05
-0.000800221931887
0.000701359991605
0.000138935816884
0.000264036957793
-0.000617541011827
-0.000453139042132
0.000730412598041
-0.000537800981754
-0.000186591419665
-3.07151629142e-05
-0.000170858652634
0.000371805760784
0.000386549685061
-0.00076291264365
0.000774906583268
3.03426723128e-06
-0.000322719295745
0.000383102603765
0.000737311972607
0.000448652818889
-0.00043510780672
0.000706607020033
0.00046777008256
0.00044671675207
0.000861973912264
0.000589789998491
0.000535103225748
0.000941834484357
-0.000524295580761
0.000821759031362
0.000300300696307
-0.00047263872699
0.000265209636788
-0.000283512484867
0.000786824797042
-0.000451428717699
-0.000479490606191
0.000365763094685
-0.000239730816919
0.000738037579147
0.000679912673793
-0.00063163625995
0.000387782064082
0.000410308687503
0.000351326034036
-0.000186842838999
-0.000256128815253
7.40769963604e-05
-0.00010097089398
3.87685219853e-05
0.000354278795435
-0.0002846232623
1.15532925214e-05
0.000122397577538
-4.49826203626e-05
4.89656773461e-05
0.000506726677636
0.000569266040625
0.000671361266651
-0.000560211490405
0.000304288073692
-0.000446237530739
0.000141949456956
-0.000600645042903
0.000437536011455
0.000163109031432
0.000565748641358
-0.000511498688979
0.000660075549827
-0.000413062155534
0.000896025893477
-0.000464447583822
0.000836189568983
-0.000938575487419
-0.00038635050792
0.000768443175668
-0.000708371385708
-0.000276964173421
0.000518337330018
-0.000588599810173
-0.00047142362146
-0.000423362229766
0.000851861723077
-6.41153541091e-05
-0.000540497148978
2.87640033152e-05
-0.000587102185148
-0.00032597243084
0.000567700914848
6.02487504085e-05
0.000148321544018
0.000516900823197
0.000297955421573
-0.000616644894992
-0.00080727427767
-4.51857417565e-05
0.000596974362907
0.000638071046846
0.000724941396491
-3.51141553815e-05
-0.000689827241081
4.01585213648e-05
0.000563047184126
-0.000343981787709
-0.000219065396411
0.000278226321231
-0.000531188348458
-0.000136843597377
-0.000394344751045
0.000594156430215
-0.000315930108983
0.000643539282612
-0.000603380761235
0.000364718295151
0.000168213643893
0.000564862690923
-0.000208023496396
0.000642877911086
-0.000459652200456
-0.000113148115714
-0.000572472073045
-2.81729698742e-05
-0.000103042133634
-0.000268183999359
3.63138289642e-05
0.000571489026908
0.000324536866561
-0.000481500613158
-0.000450839257783
0.00050246412619
-0.000454261099197
0.000678028387347
0.00012710440024
-0.000465906173518
0.000634119817414
0.000539797402516
-0.000747820898915
0.00048423123951
0.000752771114269
-0.000858089407923
-0.000131801052009
-0.00017233803069
-0.000113727511468
-0.000146665228518
-0.00031222547606
0.000698593427147
0.00075994820248
0.000467570930339
0.000286864940757
-0.000318292005411
-0.000247026750359
-0.000115689176246
-0.000298261407551
0.000212475937486
-0.000303487278653
5.41611722526e-06
0.000251283040527
0.000258186798184
-0.000140758474671
-0.000362301789749
-0.000229648777624
0.000220782130031
0.000176328933572
0.000110789534217
0.000645662494516
-0.000361944526294
-9.78927226928e-05
0.000134471554119
-0.000413822831823
-0.000468909207123
-0.000413136849202
-0.000160160717862
0.000379226114443
-0.000246851790761
0.000383695388271
0.000111615063547
-0.000578212177538
0.000190136782598
0.000432055037032
-0.000514730597992
-0.000607405232543
0.000605804122975
-0.00031140052167
0.000178418846388
-0.000980603796461
-0.000788401761992
-0.00070004848467
-0.000265674910973
0.000990323707325
0.000893864927488
-0.00127979539056
0.00106839530854
0.00095124726541
0.000655636680287
0.000659149563627
0.000259109517536
-0.000769004118749
-0.000778678854382
0.000985203587626
-0.000855891834878
)
;

boundaryField
{
    bottomWall
    {
        type            calculated;
        value           uniform 0;
    }
    leftWall
    {
        type            calculated;
        value           uniform 0;
    }
    rightWall
    {
        type            calculated;
        value           uniform 0;
    }
    movingTop
    {
        type            calculated;
        value           uniform 0;
    }
    front
    {
        type            empty;
    }
    back
    {
        type            empty;
    }
}


// ************************************************************************* //
