/*--------------------------------*- C++ -*----------------------------------*\
  =========                 |
  \\      /  F ield         | OpenFOAM: The Open Source CFD Toolbox
   \\    /   O peration     | Website:  https://openfoam.org
    \\  /    A nd           | Version:  14
     \\/     M anipulation  |
\*---------------------------------------------------------------------------*/
FoamFile
{
    format      ascii;
    class       volScalarField;
    location    "0.99999999999999567";
    object      T;
}
// * * * * * * * * * * * * * * * * * * * * * * * * * * * * * * * * * * * * * //

dimensions      [];

internalField   nonuniform List<scalar> 
400
(
0.325973384027
0.737875354926
1.077548945
1.31174453662
1.41753743353
1.38457188988
1.21607480278
0.92853984108
0.550112930222
0.117837132891
-0.325973384027
-0.737875354926
-1.077548945
-1.31174453662
-1.41753743353
-1.38457188988
-1.21607480278
-0.92853984108
-0.550112930222
-0.117837132891
0.737875354926
1.077548945
1.31174453662
1.41753743353
1.38457188988
1.21607480278
0.92853984108
0.550112930222
0.117837132891
-0.325973384027
-0.737875354926
-1.077548945
-1.31174453662
-1.41753743353
-1.38457188988
-1.21607480278
-0.92853984108
-0.550112930222
-0.117837132891
0.325973384027
1.077548945
1.31174453662
1.41753743353
1.38457188988
1.21607480278
0.92853984108
0.550112930222
0.117837132891
-0.325973384027
-0.737875354926
-1.077548945
-1.31174453662
-1.41753743353
-1.38457188988
-1.21607480278
-0.92853984108
-0.550112930222
-0.117837132891
0.325973384027
0.737875354926
1.31174453662
1.41753743353
1.38457188988
1.21607480278
0.92853984108
0.550112930222
0.117837132891
-0.325973384027
-0.737875354926
-1.077548945
-1.31174453662
-1.41753743353
-1.38457188988
-1.21607480278
-0.92853984108
-0.550112930222
-0.117837132891
0.325973384027
0.737875354926
1.077548945
1.41753743353
1.38457188988
1.21607480278
0.92853984108
0.550112930222
0.117837132891
-0.325973384027
-0.737875354926
-1.077548945
-1.31174453662
-1.41753743353
-1.38457188988
-1.21607480278
-0.92853984108
-0.550112930222
-0.117837132891
0.325973384027
0.737875354926
1.077548945
1.31174453662
1.38457188988
1.21607480278
0.92853984108
0.550112930222
0.117837132891
-0.325973384027
-0.737875354926
-1.077548945
-1.31174453662
-1.41753743353
-1.38457188988
-1.21607480278
-0.92853984108
-0.550112930222
-0.117837132891
0.325973384027
0.737875354926
1.077548945
1.31174453662
1.41753743353
1.21607480278
0.92853984108
0.550112930222
0.117837132891
-0.325973384027
-0.737875354926
-1.077548945
-1.31174453662
-1.41753743353
-1.38457188988
-1.21607480278
-0.92853984108
-0.550112930222
-0.117837132891
0.325973384027
0.737875354926
1.077548945
1.31174453662
1.41753743353
1.38457188988
0.92853984108
0.550112930222
0.117837132891
-0.325973384027
-0.737875354926
-1.077548945
-1.31174453662
-1.41753743353
-1.38457188988
-1.21607480278
-0.92853984108
-0.550112930222
-0.117837132891
0.325973384027
0.737875354926
1.077548945
1.31174453662
1.41753743353
1.38457188988
1.21607480278
0.550112930222
0.117837132891
-0.325973384027
-0.737875354926
-1.077548945
-1.31174453662
-1.41753743353
-1.38457188988
-1.21607480278
-0.92853984108
-0.550112930222
-0.117837132891
0.325973384027
0.737875354926
1.077548945
1.31174453662
1.41753743353
1.38457188988
1.21607480278
0.92853984108
0.117837132891
-0.325973384027
-0.737875354926
-1.077548945
-1.31174453662
-1.41753743353
-1.38457188988
-1.21607480278
-0.92853984108
-0.550112930222
-0.117837132891
0.325973384027
0.737875354926
1.077548945
1.31174453662
1.41753743353
1.38457188988
1.21607480278
0.92853984108
0.550112930222
-0.325973384027
-0.737875354926
-1.077548945
-1.31174453662
-1.41753743353
-1.38457188988
-1.21607480278
-0.92853984108
-0.550112930222
-0.117837132891
0.325973384027
0.737875354926
1.077548945
1.31174453662
1.41753743353
1.38457188988
1.21607480278
0.92853984108
0.550112930222
0.117837132891
-0.737875354926
-1.077548945
-1.31174453662
-1.41753743353
-1.38457188988
-1.21607480278
-0.92853984108
-0.550112930222
-0.117837132891
0.325973384027
0.737875354926
1.077548945
1.31174453662
1.41753743353
1.38457188988
1.21607480278
0.92853984108
0.550112930222
0.117837132891
-0.325973384027
-1.077548945
-1.31174453662
-1.41753743353
-1.38457188988
-1.21607480278
-0.92853984108
-0.550112930222
-0.117837132891
0.325973384027
0.737875354926
1.077548945
1.31174453662
1.41753743353
1.38457188988
1.21607480278
0.92853984108
0.550112930222
0.117837132891
-0.325973384027
-0.737875354926
-1.31174453662
-1.41753743353
-1.38457188988
-1.21607480278
-0.92853984108
-0.550112930222
-0.117837132891
0.325973384027
0.737875354926
1.077548945
1.31174453662
1.41753743353
1.38457188988
1.21607480278
0.92853984108
0.550112930222
0.117837132891
-0.325973384027
-0.737875354926
-1.077548945
-1.41753743353
-1.38457188988
-1.21607480278
-0.92853984108
-0.550112930222
-0.117837132891
0.325973384027
0.737875354926
1.077548945
1.31174453662
1.41753743353
1.38457188988
1.21607480278
0.92853984108
0.550112930222
0.117837132891
-0.325973384027
-0.737875354926
-1.077548945
-1.31174453662
-1.38457188988
-1.21607480278
-0.92853984108
-0.550112930222
-0.117837132891
0.325973384027
0.737875354926
1.077548945
1.31174453662
1.41753743353
1.38457188988
1.21607480278
0.92853984108
0.550112930222
0.117837132891
-0.325973384027
-0.737875354926
-1.077548945
-1.31174453662
-1.41753743353
-1.21607480278
-0.92853984108
-0.550112930222
-0.117837132891
0.325973384027
0.737875354926
1.077548945
1.31174453662
1.41753743353
1.38457188988
1.21607480278
0.92853984108
0.550112930222
0.117837132891
-0.325973384027
-0.737875354926
-1.077548945
-1.31174453662
-1.41753743353
-1.38457188988
-0.92853984108
-0.550112930222
-0.117837132891
0.325973384027
0.737875354926
1.077548945
1.31174453662
1.41753743353
1.38457188988
1.21607480278
0.92853984108
0.550112930222
0.117837132891
-0.325973384027
-0.737875354926
-1.077548945
-1.31174453662
-1.41753743353
-1.38457188988
-1.21607480278
-0.550112930222
-0.117837132891
0.325973384027
0.737875354926
1.077548945
1.31174453662
1.41753743353
1.38457188988
1.21607480278
0.92853984108
0.550112930222
0.117837132891
-0.325973384027
-0.737875354926
-1.077548945
-1.31174453662
-1.41753743353
-1.38457188988
-1.21607480278
-0.92853984108
-0.117837132891
0.325973384027
0.737875354926
1.077548945
1.31174453662
1.41753743353
1.38457188988
1.21607480278
0.92853984108
0.550112930222
0.117837132891
-0.325973384027
-0.737875354926
-1.077548945
-1.31174453662
-1.41753743353
-1.38457188988
-1.21607480278
-0.92853984108
-0.550112930222
)
;

boundaryField
{
    xMin
    {
        type            cyclic;
    }
    xMax
    {
        type            cyclic;
    }
    yMin
    {
        type            cyclic;
    }
    yMax
    {
        type            cyclic;
    }
    zMin
    {
        type            empty;
    }
    zMax
    {
        type            empty;
    }
}


// ************************************************************************* //
