/*--------------------------------*- C++ -*----------------------------------*\
  =========                 |
  \\      /  F ield         | OpenFOAM: The Open Source CFD Toolbox
   \\    /   O peration     | Website:  https://openfoam.org
    \\  /    A nd           | Version:  14
     \\/     M anipulation  |
\*---------------------------------------------------------------------------*/
FoamFile
{
    format      ascii;
    class       volScalarField;
    location    "81.000000000023";
    object      p;
}
// * * * * * * * * * * * * * * * * * * * * * * * * * * * * * * * * * * * * * //

dimensions      [0 2 -2 0 0 0 0];

internalField   nonuniform List<scalar> 
2646
(
3.34337641576e-10
0.000178476116157
0.000363241812793
0.000650306336986
-0.000126642812549
0.0163549340288
0.00105557397625
-0.0129038002653
-0.00736389329497
-0.0213532000737
-0.00312139625961
-0.0103684735629
-0.0303494708344
-0.0170375978181
-0.0202554917358
0.00752643213766
-0.000295722375458
-0.000159958229386
-0.00633987997328
-0.00304601001656
-0.00258897986662
-0.00113182286862
-0.00195012706451
-0.00403146722055
0.00989347932979
0.00351432696698
-0.00913615406938
-0.00827302383726
-0.0162318233539
-0.00464257539323
-0.00235362357354
-0.000565742329317
0.000531779777738
0.00678332738873
0.0104105700244
0.00111978801116
-0.0104472495658
-0.0195573752882
-0.0339007673171
0.00113792163092
0.0138675332314
0.00874464101419
0.00680352942973
0.00641400238241
0.00721653970053
0.00696836330102
0.00745792060333
-0.00557236212944
0.00342295539401
-0.00198671841237
-0.013948564907
-0.0199322830457
-0.0218941119698
-0.0211887766397
-9.25505723591e-05
0.00154934182583
-0.0115131342115
-0.0307820996715
-0.0306596529769
-0.0259697904282
-0.0160762666467
-0.00462264951459
-0.0324011416991
0.00119853239378
-0.0209341190716
0.0023204269374
-0.00711292703608
0.00159357738692
-0.00421878222895
-0.00254144708542
-0.0118412184193
-5.01231789777e-05
-0.00364376568236
0.00167187687686
-0.00544214441082
-0.0255212086626
0.000439884215254
0.0012670633545
0.00474585387666
-0.00398506059788
0.00113557382999
-0.00342474122433
-0.0207987575758
-0.0215300453259
-0.00738953080259
-0.0077312029475
-0.00278449491096
0.00835827235316
-0.0341844477221
-0.0265832812836
-0.0606093610889
-0.000878441322535
-0.0569447885884
-0.0559212415731
-0.0603420519861
-0.0398482611092
-0.0264114224468
-0.0582857105098
-0.00125509928653
-0.0456731278545
-0.00291711541576
-0.0421564960802
0.00274383294534
-0.0420712575524
-0.0692515698787
-0.0404497363208
0.0135641502422
-0.052267216726
-0.0107476195546
-0.0415781676624
-0.0249259283982
-0.00370058559216
0.00660202296972
0.00713616764653
0.0151545799428
0.00803799733899
-0.0196460382686
-0.0526159621222
-0.061893985113
-0.0366596665863
-0.00652481869626
-0.0335179214885
-0.0158793310189
-0.00331398738323
-0.0170080181338
-0.000868850687618
0.00019188954436
0.0254426834228
-0.0335765724066
0.00340855263259
-0.0537612150631
-0.0372918467318
-0.057402265104
-0.0643211868941
-0.0290953211074
0.00488975339513
0.000175438232646
-0.0503182674893
-0.0419488320093
-0.0491230988477
-0.0597019334926
-0.0445831155634
-0.0238220034645
-0.0581726073455
-0.00386218214749
-0.0496497380626
0.00709443188226
-0.0612078161467
0.0177354309797
-0.0476825253704
-0.0239068451279
-0.0668733441678
-0.00675807209269
-0.0210341171068
-0.0114357482488
0.000247196052866
-0.0367667968961
0.00106296299157
-0.012747244457
0.0156876036957
0.0551694349798
0.00727010818673
-0.0200409290771
-0.068888603212
-0.0518023990309
-0.0378140898221
-0.0269937376886
0.228479338723
0.0621515370511
0.0686922965862
0.0536884751671
0.0567690720056
-0.0226758608876
-0.0274040191642
-0.000315068873677
-0.00196702886924
-0.00832938842285
-0.0139150076204
0.000486697092141
-0.000238809394503
-0.0182381903439
-0.000135333776244
-0.0141545435611
-0.00827679901616
0.00496372913723
0.000200524651099
0.0098803252251
0.00731526917734
-0.0318177266464
-0.0215735054838
-0.00232524526067
-0.000830032416805
-0.0177660934162
-0.0178848148315
9.10467258589e-05
0.000762769393384
-0.00207128495174
-0.0106218681989
-0.00970535077456
-0.0211782626806
-0.00821578526214
0.00358985829025
0.00449690769222
0.00488256230849
-0.0328506606564
-0.0099331369168
-0.00041143505079
-0.0628435514617
-0.000142076041922
0.00308686430415
0.00704534484389
-0.069052810716
-0.0442862601813
-0.063054659265
-0.0667620731359
-0.0295731424117
-0.000255691802745
-0.00202762940803
-0.00668802883646
-0.0555546751
-0.0597534724653
-0.0390247395332
-0.0257675107482
-0.0409897629327
-0.0351057411765
-0.0109447897814
-0.00687451936105
-0.0162564424616
-0.00422104166624
-0.0406730283412
-0.0322035631845
-0.0203737851282
-0.0702596117515
-0.0396375007682
-0.00103596799696
-0.0104992870884
-0.0440977352281
-0.0171243644409
-0.0114227218771
-0.071471047696
-0.00797384057994
-0.0618745187634
-0.0710625328779
-0.00453526474684
-0.00299930979801
-0.053293068508
-0.0508046629362
-0.0228225089439
-0.0243535848347
-0.0625477296716
-0.062646248213
-0.0557935082428
-0.0776438020038
-0.0714634742405
-0.0537070915512
-0.0535613936533
-0.0448057282463
-0.0432735788819
-0.0701501642503
-0.0142437463832
-0.0135968523861
0.000287961224926
-0.0755372218337
-0.0743354362084
-0.057481543676
-0.0488932653423
-0.050978299203
-0.0708762313505
-0.0546520682865
-0.07647797412
-0.0695651397289
-0.0603893191005
-0.0273478189667
0.0005247945763
-0.00884114647061
-0.045636373265
-0.0674559880711
-0.0646719323203
-0.0263519331344
-0.00150298277514
-0.0379972009373
-0.0622289140881
-0.0346517451555
-0.0675134293721
-0.0398677849303
-0.0207835695931
-0.0157046496912
-0.0137701337685
-0.0113083592795
-0.0298536304659
-0.0634014467903
-0.0396955836739
-0.0437489615379
-0.0179071935007
-0.0427652160162
-0.0126734703462
-0.0331020089904
-0.0503301124048
-0.0153838897394
-0.0671178330183
-0.0333893076354
0.000196608601664
0.00643567201435
-0.00523615113479
-0.00113718754695
-0.0343468102261
-0.0353008916895
0.00227431056695
-0.000361550841113
-0.0049637754557
-0.039386018963
-0.0113404963166
-0.0270022867499
-0.0670870053345
-0.0380167013447
-0.0358029058303
-0.0182717053749
-0.035136186181
-0.0169910840723
-0.0345470318544
-0.0163117794172
-0.0174335324467
-0.0501656314741
-0.0422234939124
-0.0257059280183
-0.0010448039086
-0.00250939174535
0.00106454507171
-0.0553947297926
-0.0653102191713
-0.069655795709
-0.0728275674398
-0.0291198183519
-0.0584214612871
-0.00941140456895
-0.0649076962354
-0.00766413824015
-0.011594093496
-0.00639280737083
-0.0678559014287
-0.0916192785358
-0.0977193799991
-0.10231987127
-0.0240441590502
-0.0625094613366
-0.105465253455
-0.0325748447504
-0.0613414185074
-0.100740368489
-0.0105865317904
-0.0781898309588
-0.067016367503
-0.0458698686298
-0.107191573881
-0.0492779047855
-0.099432657425
-0.0966369371177
-0.103245139661
-0.107515283171
-0.103554439806
-0.0989909522959
-0.0998649983427
-0.0356509194313
-0.0328209946203
-0.0368859281693
-0.0996489452047
-0.0906245852818
-0.066614370905
-0.0667704374173
-0.0471619514881
-0.0418176457251
-0.0970435246869
-0.0379029195112
-0.0412163537607
-0.0624159995884
-0.101931637175
-0.0943535570313
-0.0598862524162
-0.0678879293459
-0.0926149070548
-0.103805715091
-0.0584075772139
-0.0582543338728
-0.103204419889
-0.0941472153518
-0.0701566867992
-0.0680219227816
-0.104441321848
-0.0387535427395
-0.0630084398798
-0.104915174247
0.00695244861202
-0.105353083575
-0.0417435623475
-0.0662091617696
-0.0286272520478
-0.0805683558268
-0.0422161826283
-0.0932204399107
-0.0898132269535
-0.102515942824
-0.0771644889552
-0.10412719258
-0.0486379397833
-0.102285195143
-0.092715155026
-0.0985963949935
-0.0905756064434
0.0036064691566
-0.107350993796
-0.106113715538
-0.102456024032
-0.10255164767
0.00347846396515
-0.0984048034602
-0.103294793365
-0.0342460862459
-0.103461777721
-0.103134079496
-0.0466673878396
-0.0373106088948
-0.0605089381506
-0.00525068279854
-0.0407868777097
-0.101925861726
-0.104183352016
-0.0376618840399
-0.101496431928
-0.105423386948
-0.0229591505695
-0.0998884900442
-0.085600296161
-0.0341892614565
-0.033696685536
-0.0365048807721
-0.060892259565
-0.0663219328681
-0.100830446923
-0.097730940825
-0.0364389346066
-0.0398694731165
-0.00655452497281
-0.0165956459936
-0.10043587692
-0.00294795357919
-0.0961011781835
-0.000549860109411
-0.0327653261028
-0.100353550577
-0.0326514659065
-0.102133284226
-0.0307890173191
-0.0948203038387
-0.00203673116322
-0.0952198191116
-0.0988748601931
-0.0963058147943
0.00756885942929
-0.102334506338
-0.101682292785
-0.102519353778
-0.0114810577603
-0.0904458200837
-0.100151450313
-0.105508070423
-0.0952763033465
-0.097978880347
-0.00169683094689
-0.0979227373033
-0.0675663438489
-0.103092875038
-0.0195292790128
-0.02603414123
-0.0278007841268
-0.064818623795
-0.0371445707779
-0.073282212932
-0.0829310883131
-0.0933673995681
-0.0792771879882
-0.0369569396596
-0.0649388043987
-0.0650752528404
-0.107941912809
-0.0438163170927
-0.0359008675946
-0.0470154024357
-0.0442132083902
-0.0803295626345
-0.053715137384
-0.0772262524638
-0.050971190746
-0.0590302675656
-0.0534455939681
-0.098117417592
-0.0579988698793
-0.0603613103357
-0.0588588975755
-0.0487795763892
-0.0623489261709
-0.0224726777291
-0.037519547429
-0.0327063720866
-0.102794818828
-0.0700412638534
-0.0299419889139
-0.10511938544
-0.0370391712807
-0.0951191974052
-0.103249422683
-0.0880257107533
0.0104176238634
-0.0102259336361
-0.074165934997
-0.0639233055155
-0.0333393664219
-0.0664132814434
-0.0497784827424
-0.0430808826446
-0.0416119323911
-0.0184849716787
-0.0305263133534
-0.103053981458
-0.0874253925324
-0.103181273733
-0.103892398539
0.00307345270101
-0.102595142905
-0.0606491176857
-0.0579098293177
-0.100049950989
-0.0558887044805
-0.0974125196231
-0.00377395926754
-0.0810044767914
-0.0916153266169
-0.101769861572
-0.0854494064587
-0.094985701843
-0.0288278648259
-0.0939002181155
-0.00761386128694
-0.00918952435126
-0.10486456335
-0.0919516043658
-0.10384070605
-0.104831393366
-0.0432891260896
-0.0673143152249
-0.0130128991469
-0.102113555069
-0.0300267550267
-0.10130231284
-0.0967119721768
-0.0611007481631
-0.0692678549406
-0.0662468458114
0.000173058733907
-0.0995603134437
-0.100776463985
-0.0571066631865
-0.0971472129751
-0.101030600516
-0.0710952722638
0.00556504643852
-0.0708430572095
-0.0339720468874
-0.10372386132
-0.0875347486303
-0.062396790938
-0.0622791816912
-0.0912551020345
-0.0684246510086
-0.0929905869175
-0.0345342186437
-0.0350177726667
-0.0660782267606
-0.00223124738499
-0.0839859857991
-0.0362322832519
-0.0289097404724
-0.0715375362894
-0.0991952968715
-0.0874257133287
-0.0693229580852
-0.0796664583891
-0.00993497017837
-0.0925930515761
-0.0446083327338
-0.00751852414891
-0.0647518494439
-0.0899776501688
-0.0369161461739
-0.0767567365211
-0.0949270252786
-0.00941149133124
0.00267896316221
-0.0140558291884
-0.0105403319896
-0.0230998745354
-0.0370191108527
-0.0134266156928
-0.106443671053
-0.0194552318834
-0.0483490233596
-0.104778604309
-0.00154865703584
-0.0928228122714
-0.0414511750295
-0.06799789764
-0.0680282046503
-0.00867175691646
-0.032983794769
-0.0677955162938
-0.0949067475364
-0.0373659048197
-0.0443030768243
-0.0170558493986
-0.00640808350353
-0.0234318982657
-0.0365179224717
-0.0347501457672
-0.0801637580687
-0.0444021171795
-0.0325657537331
-0.062145952811
-0.00328460021318
-0.054709647239
-0.0168727205224
-0.00781981177692
-0.0405681831827
-0.0194198480727
-0.027691676984
-0.0432543235487
-0.0611525469696
-0.096641353709
-0.0865872011136
-0.0486821166221
-0.0321804600628
-0.0904848744305
-0.0536914118276
-0.0842985706626
-0.0635321028857
-0.0497926580658
-0.0941154474164
-0.0931803447738
-0.00809554395946
-0.0553479216653
-0.0439127063857
-0.0573918708319
-0.00960384218174
-0.0821885103423
-0.038716978828
-0.0824904562199
-0.067671976703
-0.0319322295755
-0.102929420482
-0.0937881911361
-0.093287961492
-0.00199858962259
-0.0386676267435
-0.0621458553091
-0.0925719949142
0.00134966337214
-0.00383052547559
-0.0921604322929
-0.0437158473741
-0.0352347997361
-0.00599023659617
-0.0959069177122
-0.00220218318682
-0.0188512457368
-0.0678023626085
-0.0672512320552
-0.0938868302309
-0.0724871703421
-0.0933621289486
-0.0907632409427
-0.0835824450918
-0.107743993004
-0.0924837021079
-0.000949886242933
-0.102887841246
-0.0385224483221
-0.0764268608421
-0.0377985451333
-0.0473988967032
-0.0718768988024
-0.000258863510873
-0.0542833883779
-0.0869497665266
-0.0348233665176
-0.065847767494
-0.0678963516772
-0.023831481224
-0.0149558895626
-0.0698348720104
-0.0205857246861
-0.00989599156208
-0.0530962865897
-0.0877453287662
-0.0178367583549
-0.0724025471856
-0.0620084392805
-0.0389957871496
-0.0561394382062
-0.0546092974916
-0.0910735587907
-0.039096300116
-0.0304603436676
-0.00309541074356
-0.0947388966025
-0.0883665796899
-0.0445227463633
-0.00448997013831
-0.0173787743791
-0.0844399096164
-0.0444094845346
-0.073191261027
-0.0911442564631
-0.0206411823182
0.00941340206161
-0.0246108102182
-0.0183123834389
-0.076310465304
-0.000391352314098
0.00602986293913
-0.0227628259077
-0.0666982039211
-0.0286146189213
-0.0958741389871
-0.0916441689102
-0.0558475566371
-0.0731808625866
-0.0731270199144
-0.0638970700699
-0.0921853768109
-0.0903237873987
-0.0283436944521
-0.0262665087122
-0.0700884957839
-0.0371331470397
-0.0915789527427
-0.0915063366444
-0.00486474050214
-0.0276537207617
-0.0711276325989
-0.027965133172
-0.0122134411843
-0.0910769188007
-0.0993560978334
-0.0896983287581
-0.101200416202
-0.0718193886578
-0.0211457310985
-0.0236427484678
-0.00338948296987
-0.0760503240595
-0.0411735736401
-0.0674929603702
-0.0244523621705
-0.0552279977793
-0.0030649911823
-0.092272316316
-0.0610198591842
-0.0737160388834
-0.0205483904249
-0.0863474913158
-0.0289764809967
-0.0745967902488
-0.0861762034188
-0.103770023479
-0.0431498868369
-0.0649325033887
-0.0632900997187
-0.0353480171237
-0.0848042684116
-0.038373579901
-0.066783581045
-0.047506002589
-0.0703133745872
-0.0476059978134
-0.0660892105078
-0.0840199638725
-0.103967641649
-0.0707068919797
-0.0830148585372
-0.0507600169486
-0.0856400384226
-0.106630181457
-0.0872437045076
-0.0337236764807
-0.0653152120845
-0.0829543606111
-0.0201046945947
-0.0464392405594
-0.0674192596804
-0.0813886418872
-0.0850755777622
-0.0832118300343
-0.0862073735563
-0.0437674129423
-0.0586459463444
-0.0902763732513
-0.0659341219332
-0.0857677407432
-0.0483499871515
-0.0702518088149
-0.0239869237544
-0.0602240080187
-0.0891826370821
-0.0764781079076
-0.0650060094583
-0.00324704589461
-0.0662099923892
-0.0866786765401
-0.0356722620737
-0.0298799399905
-0.0812683400283
-0.0636280908925
0.00731862721073
-0.0793808261873
-0.0900107672754
-0.0479400963261
-0.00557388848999
-0.00166895696191
-0.095009203198
-0.0758067566268
-0.049526950822
-0.0820303388399
-0.0462307566719
-0.0542072635396
-0.104607597516
-0.0512524179694
-0.0605970215562
-0.0632685808029
-0.0556772022517
-0.0814667822427
-0.0796042948123
-0.0598905082995
-0.0737829262754
-0.0838598891323
-0.0935053105772
-0.0827159369035
-0.0862385083972
-0.0854842625875
-0.000137816352684
-0.000725678393953
-0.02638638179
-0.0632715197542
-0.0579084490719
-0.064369016185
-0.0518254959078
-0.0724617086617
-0.0926863792706
-0.0945751457616
-0.0992527474846
-0.00256119194633
-0.0264974681777
-0.107077787546
-0.022677508701
-0.0596740952237
-0.060032628753
-0.0761529909095
-0.0784909146364
-0.0757859677601
-0.0617283381189
-0.10144958874
-0.0703667859276
-0.0298897725865
-0.000928356529504
-0.018966122166
-0.0960151557439
-0.0818951912707
-0.0412579503478
-0.070360862977
-0.0690266091547
-0.0208349674784
-0.0795362651398
-0.0613141315022
-0.0865653324053
-0.0879723039909
-0.00643052320216
-0.00413737865703
-0.0091504883802
-0.054829778538
-0.0938060050666
-0.0580448147686
-0.0596033209439
-0.0710936693521
-0.0815693989244
-0.0584172426632
-0.0845813107287
-0.0737158069889
-0.0918977706217
-0.0810325610444
-0.0156091354111
-0.0767981343211
-0.0590721260316
-0.0932463837256
-0.0743839553876
-0.0822990594918
-0.000240592008009
-0.0453746876133
-0.049691271244
-0.097354714375
-0.0651478587668
-0.0408762880601
-0.0580220041629
-0.0878594279496
-0.0778385107304
-0.05208153534
-0.101699968698
-0.0759288382339
-0.00054378345594
-0.0608436334628
-0.0888957066422
-0.0984469494927
-0.0407065668065
-0.0201522043733
-0.0604442600128
-0.0979299929434
-0.0259044028359
-0.0686195500637
-0.0983024591582
-0.0756922209123
-0.0608971161271
-0.0444814593083
-0.0136342585017
-0.0352482152289
-0.0794340011646
-0.0859614702011
-0.0323897567268
-0.0885751893562
-0.0820869336272
-0.0751224001793
-0.0267776014178
-0.0828253734312
-0.0101228717663
-0.0548354173317
-0.0518685362335
-0.0787709792054
-0.088986724925
-0.0781914238099
-0.0886234300898
-0.0862107506591
-0.0844166562846
-0.0761806975673
-0.0901533436244
-0.0844507245718
-0.100786603802
-0.0584668726808
-0.00410451502316
-0.0510762787564
-0.0532085574396
-0.100642718932
-0.0503191371124
-0.0967444630684
-0.10472066275
-0.0556372410719
-0.0874904187717
-0.0857845582715
-0.0210483589909
-0.085718044042
-0.0987297361446
-0.0437855446937
-0.0936161450705
-0.0953671083654
-0.084065932852
-0.0835344412618
-0.0829789105448
-0.0820871693214
-0.104300323972
-0.0120865294502
-0.107251186895
-0.0643571314278
-0.0719968768449
-0.101163477907
-0.0499354242806
-0.0786065775179
-0.0982721916991
-0.0119424651601
-0.104884250801
-0.0156461237225
-0.0428523824766
-0.0709470170543
-0.0987510846536
-0.0934587251814
-0.0655677439552
-0.0924457386154
-0.0778304357014
-0.0764550214615
-0.0813397478733
-0.0491274572817
-0.0977838020227
-0.0804799609293
-0.0981947467642
-0.0515080885957
-0.0811320658797
-0.0966724310966
-0.0495934265722
-0.105056392541
-0.0981494570444
-0.0951466450561
-0.103831320285
-0.0835644346974
-0.0332063136363
-0.0846919524718
-0.0896357135691
-0.0460435762992
-0.107305187427
-0.0730276181435
-0.095868303289
-0.0803705919726
-0.00615691772682
-0.0782990376347
-0.0970478240739
-0.0893171013376
-0.0985948970979
-0.0753846454811
-0.0274381846607
-0.06964631227
-0.0843249878977
-0.051496600314
-0.0614492851157
-0.0811888787833
-0.0580455471306
-0.0957895267468
-0.0556611704756
-0.0699998116466
-0.0468349747388
0.00548408191762
-0.0914655134672
-0.0435163251459
-0.0541981304328
-0.101599158842
-0.0902185565439
-0.0958670001148
-0.0773913381744
-0.0795596938974
-0.0648449750552
-0.0646244331249
-0.0739226076929
-0.063827876874
-0.0970234496278
-0.103335352851
-0.0653836522248
-0.05820389447
-0.0834803295774
-0.0891159363986
-0.0999435503223
-0.0908085730206
-0.100942178953
-0.0762434145847
-0.0965045684821
-0.107633795796
-0.0811846122591
-0.102374080619
-0.0993753747057
-0.0872068983784
-0.107674909147
-0.0988820929965
-0.0715752822204
-0.021830649559
-0.0249797935251
-0.0920571413762
-0.0699931888996
-0.0529815604108
-0.101137851211
-0.0891532973354
-0.0725499930698
-0.0705823577808
-0.0492781698319
-0.0753381631539
-0.0793535320079
-0.0898204146871
-0.0624388294022
-0.0897299069106
-0.0970547161813
-0.0723038403339
-0.0105738036972
-0.0981314598929
-0.0555556016879
-0.0621110669292
-0.0927182699324
-0.0671066878694
-0.0654057604552
-0.0795027637913
-0.0987763413484
-0.0760963293014
-0.0960495855771
-0.0278539956336
-0.00450782967652
-0.0831726733144
-0.0990519473365
-0.0855592702354
-0.0537327328208
-0.0594740720773
-0.043830360934
-0.0528128671898
-0.0421158960387
-0.0681000748344
-0.0334153998852
-0.0758989658277
-0.0319521142013
-0.0462611739464
-0.0984998703144
-0.0105176710718
-0.0878265297024
-0.0888728408923
-0.0536719488238
-0.100598097525
-0.0978655718506
-0.0854127610656
-0.0523875746118
-0.0943352329514
-0.0853698566241
-0.0800688205443
-0.0820231440926
-0.0182370775011
-0.0522378287572
-0.0863561997957
-0.0515210179259
-0.042365424948
-0.0771362624443
-0.102279175257
-0.0811684415103
-0.0540491419536
-0.0637941913012
-0.0822073930253
-0.101818174082
-0.0989616776838
-0.0946546326608
-0.0970377404495
-0.0859934808558
-0.0786892402307
-0.083718095337
-0.0458618832817
-0.0998566641618
-0.0640457683867
-0.0845618534149
-0.0947490891042
-0.104000778554
-0.0918888442233
-0.0667723782692
-0.0260020483974
-0.0896952571215
-0.0487930088631
-0.0790354117853
-0.0576105550075
-0.0946354511306
-0.0323686156598
-0.0277083273663
-0.0387724872787
-0.102997816793
-0.0445025689514
-0.0445419613468
-0.0663807908589
-0.0160420640494
-0.0167999081605
-0.0326555979481
-0.0569168063175
-0.0892589168956
-0.0851714390328
-0.0524193579627
-0.0817649173259
-0.0760095575754
-0.103882107898
-0.0122413290249
-0.0623401140979
-0.0609217619758
-0.0740692725006
-0.0712362811462
-0.0936185511358
-0.103176370852
-0.053452924048
-0.0245093000218
-0.0348594264207
-0.0777703318618
-0.0932955080182
-0.0795430707235
-0.0877299918551
-0.0895804615386
-0.0853779782745
-0.0559721693003
-0.0151071017457
-0.00675747912811
-0.0477665503113
-0.0974123191942
-0.0554939714109
-0.0943868880491
-0.0244145464643
-0.0144850248026
-0.0318177862057
-0.0877383944562
-0.0845956606349
-0.0546263850425
-0.0486455388171
-0.0722987534706
-0.077760826305
-0.0759311275702
-0.106354774262
-0.0374457785041
-0.0851630508725
-0.0404556002185
-0.101408919991
-0.0515276030103
-0.0855001072321
-0.0725735737958
-0.0680675935513
-0.0649665507486
-0.0741335015767
-0.0808429838648
-0.0860585776856
-0.106277085092
0.000164048350974
-0.0879246180731
-0.0862746861491
-0.0701189621075
-0.104750913341
-0.0457634739729
-0.101278596546
-0.0368060022333
-0.0623614588819
-0.10091767109
-0.016680774913
-0.0868364334349
-0.0879141513188
-0.0692445165312
-0.0514290287415
-0.0745838256954
-0.0937155910002
-0.0927475071601
-0.0645520197073
-0.0195203381556
-0.0426155533942
-0.0988313195098
-0.0823447361287
-0.102136025234
-0.0609538293242
-0.0289245099795
-0.0650703174776
-0.0905587815361
-0.022906802099
-0.065592760043
-0.0989395705985
-0.101208627552
-0.0965798408376
-0.095447392495
-0.036084692593
-0.0977869309604
-0.0958810537785
-0.063558981543
-0.0456346890401
-0.0999967687501
-0.0882684402389
-0.0911109698406
-0.101883357117
-0.0934403723365
-0.0868550358793
-0.0923218225517
0.000836623209755
-0.0866681170286
-0.0264841428817
-0.0915589710719
-0.0825960995311
-0.0887546585645
-0.0949380403388
-0.0254530533141
-0.00471802823729
-0.100915632626
-0.09127722791
-0.0970288480334
-0.0823117158186
-0.0483070496113
-0.0704893491926
-0.0615099845973
-0.0379717182479
-0.0893174179097
-0.0600909930003
-0.0912800921085
-0.0750814379508
-0.0684176361406
-0.0998132628952
-0.0503960688411
-0.101654583862
-0.0772357738888
-0.0510065800214
-0.089401178155
-0.0317490014869
-0.0218983033289
-0.0175093607523
-0.0637193196594
-0.0114913723315
-0.0630778436365
-0.0632322072957
-0.0308779822381
-0.102159039683
-0.0837664841561
-0.0871893789407
-0.0870316305807
-0.0575989951002
-0.0274668037596
-0.0810991184592
-0.0137318040365
-0.0806275095323
-0.0908976626687
-0.068570524825
-0.0973831681654
-0.0714808061477
-0.0788631274181
-0.0930342853425
-0.0602026047578
-0.0205539876856
-0.0849723491441
-0.0631719348137
-0.0679923756136
-0.0440169381732
-0.0864081000044
-0.0880664368962
-0.0689899009369
-0.0530274512472
-0.100964583092
-0.046169523168
-0.101499081356
-0.0891562114953
-0.0765035226955
-0.103298410039
-0.0969087783066
-0.0811253748403
-0.0771899438931
-0.0715942401525
-0.101358505708
-0.0672830797599
-0.0992825481987
-0.0915798188624
-0.103442864609
-0.0978182612573
-0.0994889191451
-0.0814963247497
-0.102028573904
-0.0904887708508
-0.070103764574
-0.073328863577
-0.0274788484612
-0.0545332463207
-0.0896321109434
-0.074843045795
-0.0856628608086
-0.0263508360472
-0.082480109804
-0.040634988052
-0.080564116669
-0.0801751612599
-0.0775758442453
-0.0949316159331
-0.0868337210387
-0.0693919110724
-0.0719951266617
-0.0576861288563
-0.0543808402755
-0.0936318221218
-0.074358425059
-0.0681558547833
0.00909599073014
-0.106516341516
-0.0972611670567
-0.0740203958439
-0.0846627227046
-0.0376918009403
-0.051883196193
-0.0795899407156
-0.05854387392
-0.0780726567624
-0.0935567551055
-0.0117270070428
-0.0607276474955
-0.103841044277
-0.0810869266913
-0.0246122005057
-0.0538351401358
-0.0744049257682
-0.00620883493775
-0.0737795605287
-0.100250427006
-0.0975497734554
-0.0982720679121
-0.0796732089531
-0.0775399164636
-0.0692883585004
-0.0996422968544
-0.00707769574623
-0.0811690451299
-0.0824933471406
-0.0756099930325
-0.099082079598
-0.0881643714428
-0.082798781603
-0.0885769202718
-0.0698227377338
-0.0914559174044
-0.0818193248728
-0.0616309046435
-0.0963318564971
-0.0276278411474
-0.0363825631586
-0.0838240470356
-0.103077459259
-0.034407317779
-0.102121352519
-0.0746666600589
-0.104087751681
-0.0818036174838
-0.096452696331
-0.100667573592
-0.0728563901407
-0.0639510862289
-0.0963400600126
-0.0226068199753
-0.0521459762079
-0.105189684561
-0.0868628725146
-0.103414633192
-0.0774064303695
-0.0520740833634
-0.0527071132813
-0.0550940576988
-0.0779501200845
-0.0242794684858
-0.106488754233
-0.101786353412
-0.0719310993084
-0.102230599946
-0.0223083019329
-0.0622168915965
-0.102072685321
-0.103564554702
-0.0505806103351
-0.0730983427528
-0.0784774991041
-0.106162133198
-0.106946747846
-0.0467398278309
-0.0921283483307
-0.00586057031679
-0.105934140492
-0.0678473705007
-0.0972357678759
-0.0320351086217
-0.089312422742
-0.0876856482716
-0.0941790450146
-0.0241045198686
-0.049911373378
-0.0164040267194
-0.0574369584237
-0.0846476042324
-0.0953658975276
-0.100945885013
-0.0300474388675
-0.0700961230027
-0.0317027751829
-0.0779151978561
-0.00309222367699
-0.000709122120764
-0.0657069099789
-0.0976627688813
-0.104956210854
-0.0726154963888
-0.0862278507842
-0.050750309586
-0.0506873263647
-0.0577205196117
-0.099756435762
-0.0815709775532
-0.0280873243684
-0.094874215778
-0.0355628111899
-0.0850916583584
-0.0125856197865
-0.0986255617805
-0.0564698153668
-0.084613986158
-0.0219083798249
-0.0224059574804
-0.0677493207007
-0.106530257797
-0.105615257439
-0.0669038677191
-0.0730250811281
-0.0888975841515
-0.0907207523199
-0.106917583614
-0.0316895604807
-0.10005764322
-0.103353848151
-0.103509909039
-0.0713747866343
-0.0962841251536
-0.10169220507
-0.0421878897574
-0.0461180564719
-0.0471262297554
-0.0990101435548
-0.106097101303
-0.0287476647242
-0.105230320707
-0.106921231478
-0.0486178704959
-0.0590715365232
-0.0765311261149
-0.0809566906773
-0.106497140852
-0.0495985375372
-0.0920367588178
-0.0728253308594
-0.080452105429
-0.0794353947918
-0.0522423566223
-0.106437412625
-0.0929405222109
-0.0532646667471
-0.102254153947
-0.101314747252
-0.0962637759437
-0.105135159687
-0.0941314928344
-0.0833590593813
-0.0601258702225
-0.0438539448786
-0.0941328052859
-0.0398408190226
-0.105237366226
-0.0372731584954
-0.053188294103
-0.0559498479201
-0.0600707699158
-0.0829909168903
-0.104971465355
-0.0693727673251
-0.0690666141782
-0.0530863911435
-0.0817060172699
-0.0734837805703
-0.00854583529748
-0.103083002179
-0.0783015290206
-0.0491321392519
-0.0583593056233
-0.0883316985083
-0.0904851840894
-0.093942928172
-0.0970166207933
-0.106123878162
-0.0984603412351
-0.0823928593867
-0.0449582564953
-0.0860520572147
-0.0988542072405
-0.0995216232353
-0.107751386651
-0.0882023941325
-0.0895969565345
-0.0924649743052
-0.104577537638
-0.074049285496
-0.0834260295731
-0.0969267136638
-0.0950145801224
-0.0839430065673
-0.105480371274
-0.089655094495
-0.0760521301078
-0.0933038056458
-0.0987856780381
-0.0859618018763
-0.104227906159
-0.104560967766
-0.107510874511
-0.0979000284328
-0.0932448835935
-0.0927877509686
-0.0739483656501
-0.104423535818
-0.105915324618
-0.0969306069711
-0.10509922749
-0.106311554551
-0.0907833073764
-0.0612913001176
-0.101297948294
-0.0748564857474
-0.0908512585091
-0.0831169070831
-0.048469078748
-0.0780545766341
-0.0759564712814
-0.0399655145941
-0.0838023697404
-0.10713547345
-0.0483875257149
-0.0417434322463
-0.106957455941
-0.0594649041262
-0.0916786342738
-0.0613712616796
-0.0460658935034
-0.106853179373
-0.060336684948
-0.0649503273994
-0.0802046137883
-0.0960996961966
-0.0923588278513
-0.092670102265
-0.0736894418533
-0.0757522824347
-0.0772727938017
-0.103098402634
-0.0521374474346
-0.0869934673948
-0.0809204142214
-0.0966678995591
-0.0473571258889
-0.0997442324697
-0.101793499511
-0.104148064555
-0.105183332071
-0.100692126744
-0.0969682835173
-0.0729781208041
-0.100366671964
-0.105920285019
-0.067580852616
-0.0971374577123
-0.106942519002
-0.0397591719767
-0.0313158945775
-0.0997281951369
-0.0259939242577
-0.104357387486
-0.0941710168303
-0.101086808048
-0.0898804830986
-0.105860455984
-0.0792248104017
-0.095770396306
-0.0912730887201
-0.0976991702283
-0.0552667885011
-0.0602423408907
-0.00639761791562
-0.0858959795864
-0.086599499616
-0.0344596270664
-0.0785709440821
-0.100994464303
-0.0960324582275
-0.0828124486314
-0.0561216617974
-0.107370062091
-0.0905185866941
-0.101160481229
-0.0806664416865
-0.101105170663
-0.0555385896834
-0.0779269989014
-0.0802802918868
-0.0948929000063
-0.0789163999041
-0.0275071040926
-0.0962429912162
-0.0799508474705
-0.0586109697845
-0.0890341053605
-0.0899567102649
-0.0509341251218
0.00331619898589
-0.0464188895029
-0.0572222913763
-0.104317503375
-0.064087269916
-0.0370916379025
-0.0303362749187
-0.0987430661134
-0.03428142694
-0.0863026816563
-0.0395265468997
-0.0388467994523
-0.0818848429141
-0.0488301466941
-0.00554649094236
-0.044057809816
-0.0748148336096
-0.104238193745
-0.0989436543235
0.00410935281189
0.00544938946233
-0.0220265162332
-0.0954097967637
-0.0956812973575
-0.107095422789
-0.0833680928426
-0.0427431757016
-0.0980375285973
-0.0476742623865
-0.103310577968
-0.0993651354638
-0.072185128094
-0.105792661822
-0.0702787246188
-0.0797226358191
-0.0961688605798
-0.0175460755314
-0.0636183996261
-0.0981982704877
-0.105831838275
-0.0746925671958
-0.107170879843
-0.0638239993397
-0.0959286087047
-0.105461729116
-0.10558359551
-0.0708255994991
-0.0412389083842
-0.0726703525353
-0.0565394447422
-0.0721344255196
-0.0757093413105
-0.100129120251
-0.0667490622789
-0.0740415039888
-0.0891980398544
-0.107244537554
-0.0990301941646
-0.0699819166048
-0.0668942604893
-0.0421240471952
-0.0975278875241
-0.0760024956504
-0.0774835293982
-0.0702301327401
-0.0803258156053
-0.00610737561103
-0.066629772051
-0.0388287794425
-0.0885630550494
-0.0959834006493
-0.104021167704
-0.0701183177076
-0.0702269429962
-0.041849874184
-0.0818552403866
-0.0962601524613
-0.0588950516632
-0.0529487522851
-0.068867659285
-0.0938479118358
-0.080704462432
-0.0688744994926
-0.0689606023899
-0.0841653452593
-0.0853025960693
-0.0990881050518
-0.0962678358463
-0.079448081796
-0.045326927653
-0.0578835755624
-0.0902729595347
-0.0583870813643
-0.060186744598
-0.0633866902853
-0.0853426222923
-0.0620291784132
-0.0574079783031
-0.0726559320949
-0.0316784314842
-0.103584270512
0.000759829795698
-0.107261450529
-0.0848586865498
-0.0562048201892
-0.100362738538
-0.0547450891554
-0.0991788757094
-0.0416609720246
-0.0688903822896
-0.0582936541755
-0.0634577561337
-0.067978383111
-0.0784863639406
-0.00386189151298
-0.0810517046704
-0.0460929433409
-0.093271156388
-0.0908427062172
-0.0477031361282
0.00462544863299
-0.0899593227253
-0.0814911577211
-0.070079847628
-0.0578964919067
-0.0999668164296
-0.0754402364209
-0.077985717091
-0.0527416904114
-0.0861522826396
-0.0560585164264
-0.0901290060581
-0.104926747156
-0.0785661034039
-0.0765531485371
-0.0655355724147
-0.100330516211
-0.0681547502885
-0.0599445151397
-0.0397575262995
-0.0729681655254
-0.085981377466
-0.0778852132658
-0.106430659373
-0.105274546071
-0.0621608239459
-0.0937638165709
-0.0804887673494
-0.0928194355804
-0.0830716942371
-0.0952695886915
-0.0789636301354
-0.0718127941698
-0.0513651741608
-0.0664523010323
-0.0779102922965
-0.0156161242005
-0.0304843566491
-0.0592970685123
-0.0836065721652
-0.0352354405031
-0.0658700197605
-0.0657858157988
-0.106109397351
-0.0590326934126
-0.107131007757
-0.0762791931022
-0.088500505158
-0.0674743658732
-0.0485445017178
-0.107266312681
-0.0584073922971
-0.0854468951313
-0.0611307541705
-0.0576570178798
-0.0666233192371
-0.0598646558482
-0.0543149371169
-0.0416236142058
-0.0663189453032
-0.0968064411227
-0.0730555416539
-0.0844019720779
-0.0808948897828
-0.0957252935014
-0.0411801183725
-0.0315525557196
-0.0695154615726
-0.0720217065378
-0.0646868630799
-0.0996695492872
-0.0921072225594
-0.0942054887099
-0.0883075804208
-0.105967004582
-0.0278319869282
-0.0835741700518
-0.0645187313973
-0.0697629728133
-0.10047566827
-0.0515033319783
-0.105117658734
-0.0894448078828
0.00281695992311
-0.00231329814329
-0.00152623869079
-0.0590535699258
-0.106182113381
-0.0935651857324
-0.0574822322478
-0.067093142182
-0.0824509741867
-0.0501577500518
-0.0721744241556
-0.0985920878079
-0.0506954792228
-0.0635210422429
-0.071867078404
-0.0531850848673
-0.0331831078455
-0.0733001100952
-0.0887772269193
-0.0676037407411
-0.0313738428207
-0.106341658193
-0.0564349381504
-0.067595678123
-0.0741933816395
-0.0657714201515
-0.0791320762074
-0.0546518822346
-0.0616521310118
-0.101474913853
-0.0472854124356
-0.085067149947
-0.0887232084548
-0.0898875591288
-0.0873730057345
-0.0700767643484
-0.106101771677
-0.0886108471449
-0.0747229002881
-0.0838479034546
-0.0791360618866
-0.0745558897002
-0.0733881858778
-0.0289233010867
-0.0957935338564
-0.0304687010454
-0.0293217694761
-0.0328680440598
-0.0639598034452
-0.0578386338475
-0.0639943492252
-0.0192543124552
-0.00393053954775
-0.0943350563974
-0.0919168316768
-0.0521990714747
-0.0809694015515
-0.0293282504973
-0.0313970561354
-0.0755163780289
-0.093586778345
-0.0508192127057
0.000827882297243
-0.091271119662
-0.0780031518714
-0.0844599112237
-0.0202592080276
-0.0553817698755
-0.0675599628225
-0.0925201921452
-0.0770774488316
-0.078771204565
-0.0464685154239
-0.076128792226
-0.0922891943706
-0.106545443393
-0.0886026445265
-0.0132459880499
-0.0271712289691
-0.0940084993571
-0.057933962387
-0.0823326647042
-0.0369018091026
-0.0137869997286
-0.0885270934683
-0.0541040685511
-0.0627715782029
-0.094559130303
-0.0384296137991
-0.0764820389483
-0.0304052094957
-0.0815064854389
-0.0922864537477
-0.055658876612
-0.083915346938
-0.0489205322685
-0.100312320743
-0.0948002661179
-0.0666034364384
-0.0761557737912
-0.065296085933
-0.100342353731
-0.0738002033111
-0.0616719085476
-0.0821478915756
-0.0365638317195
-0.041985319115
-0.079255505692
-0.0884205515152
-0.0609545765838
-0.0803718383139
-0.0844726778267
-0.0913189231735
-0.0552507991264
-0.044111104649
-0.0266952521946
-0.0752621136648
-0.074704264769
-0.0765330151091
-0.0517232767909
-0.0951613337784
-0.0803545728444
-0.00208892994863
-0.0545439953794
-0.0879629716082
-0.0553194395794
-0.0553100015622
-0.0899955461289
-0.0818617185657
-0.00693475254401
-0.106562403693
-0.0950127876045
-0.0789650448886
-0.0697498095063
-0.0784412209458
-0.0874793998416
-0.092164485864
-0.104788117234
-0.0559683084642
-0.00762220477347
-0.0174785408571
-0.0791799810123
-0.0104447477356
-0.0570004205984
-0.0528185998621
-0.0848402442784
-0.0701373683655
-0.0658721161844
-0.0511878617456
-0.0956373308591
-0.0704747123605
-0.0512078247395
-0.0424892178133
-0.037431681941
-0.0144515826907
-0.0461073115529
-0.0952117734522
-0.0261232462669
-0.0532840925266
-0.0275065262938
-0.0338285141493
-0.0551513836056
-0.0490103707317
-0.0760148899023
-0.0918251361953
-0.0862306857516
-0.0295751406784
-0.0878235788563
-0.0883607122333
-0.0631606624496
-0.0958065506884
-0.0304208985231
-0.0394886600656
-0.0256462468309
-0.0746911390038
-0.0755391899874
-0.0606920102225
-0.0571183182898
-0.0665603609876
-0.104194698778
-0.00205578961889
-0.0886870936182
-0.046450321854
-0.0881574868314
-0.0143933376871
-0.0253513702503
-0.0631959945092
-0.0171921372622
-0.062226334636
-0.0678091321093
-0.0235944419751
-0.0500328868245
-0.0895400485116
-0.0959593897708
-0.0403085630677
-0.0956409971371
-0.0924532322966
-0.0866877340794
-0.0126591752062
-0.0884515907541
-0.0873425844388
-0.0789338350632
-0.0666705664831
-0.0724929539367
-0.0180485098958
-0.0583760113386
-0.103100985879
-0.0811660065168
-0.0891358314011
-0.0702909884436
-0.0327565125465
-0.0760426304053
-0.0925674422133
-0.0404840194696
-0.0353816187982
-0.104824301903
-0.0697609204132
-0.0620685319719
-0.0643581273129
-0.0958675276299
-0.0697087395475
-0.0399201402192
-0.106616846598
-0.0835164007817
-0.062450201727
-0.0853968023809
-0.0901060055729
-0.0593902962548
-0.0903206502355
-0.0775785200238
-0.0856673641752
-0.0776493979348
-0.0622784949634
-0.0730324275845
-0.0558837990151
-0.104905435252
-0.0805389359478
-0.0653411839014
-0.0154011734792
-0.0178503356216
-0.0828014582896
-0.0126357618791
-0.102812392869
-0.00248106897964
-0.00773101829818
-0.0555629403369
-0.0195599989882
-0.0635749246394
-0.0842027746739
-0.0878118728942
-0.0794266969262
-0.00860635651921
-0.0610423351633
-0.0680663158653
-0.104790407793
-0.0846464544688
-0.00755984802212
9.45312231167e-05
-0.0892248538901
-0.0711735416329
-0.085434482345
-0.0743533797252
-0.063397956934
-0.060679399896
0.000634796946874
-0.0222580934631
-0.0562302862106
-0.0897077266724
-0.0737851032339
-0.00715059015425
-0.0122235150281
-0.105352965437
-0.0713354518557
-0.00877663715184
-0.0650958650875
-0.101401546607
-0.0999109910209
-0.0890856013092
-0.0693598550825
-0.0843969370387
-0.0848346660969
-0.0694990359792
-0.0755864196066
-0.0183038450343
-0.0296552855712
-0.087134124991
-0.051010838461
-0.0023552288877
-0.0730691780109
-0.0739075262995
-0.107637481567
-0.00123790142517
-0.0651828513255
-0.0669549708435
-0.0795212784158
-0.103669583628
-0.103803930371
-0.0651651061772
-0.0996669061006
-0.106499645327
-0.0405714466639
-0.0209933323216
-0.0146578534238
-0.0805041048778
-0.0940273119957
-0.0807939621291
-0.0915207045618
-0.0928090187972
-0.0765997313894
-0.0811987949086
-0.0141540911614
-0.107786438644
-0.0679351006161
-0.0391016977427
-0.0859796867587
-0.0868291476855
-0.0684664305399
-0.0871991801752
-0.0533623740444
-0.0715234483623
-0.0127459345484
-0.0812527692733
-0.0851588064649
-0.0804664355637
-0.102513859821
-0.0926812794089
-0.0786214163605
-0.0826397700501
-0.0791288735331
-0.106260287814
-0.0762243000952
-0.102871863545
-0.0675157086323
-0.0898731158881
-0.0765465850382
-0.0840190784114
-0.0112599642812
-0.0927343084025
-0.0404714385234
-0.0702139537571
-0.000616909156406
-0.0563178047794
-0.0976500872862
-0.0847904136308
-0.0851444053276
-0.0733186587713
-0.105400476018
-0.0886988936707
-0.00376060227189
-0.0743920309064
-0.0986969268543
-0.0136793413851
-0.0665024705173
-0.047187876163
-0.0726345412947
-0.0466935755622
-0.0484533096279
-0.0718972940654
-0.0746471578879
-0.0792589455836
-0.0629980123213
-0.0543613036424
-0.0493909861785
-0.0481519765475
-0.0803809467998
-0.0467836577391
-0.107296390887
-0.105583282191
-0.107620430894
-0.102459950729
-0.0614483252505
-0.107673205215
-0.0978856106144
-0.107143905812
-0.0852132784509
-0.0545970078641
-0.0918035641684
-0.0156591403363
-0.0756560868037
-0.105721647856
-0.106935201473
-0.0569145562789
-0.023025384233
-0.072414755176
-0.0841589097401
-0.0876954025299
-0.0192580004544
-0.0018386885817
-0.0832289783028
-0.0454488950242
-0.106203789841
-0.0464760010401
-0.0321840350061
-0.0822062778605
-0.0334976798066
-0.0392517721894
-0.0343329716272
-0.0690394954209
-0.031996943812
0.000148211148891
-0.0351020686993
-0.0566851995334
-0.0287584494182
-0.0550959179818
-0.0483629805128
-0.0397478998041
-0.0502190471988
-0.0403538551765
-0.0430115586096
-0.0441439909531
-0.0415342167459
-0.0427056263095
-0.0444048340832
-0.071795838717
-0.0376632128518
-0.0698572288939
-0.0335258853642
-0.0233889478316
-0.041256333514
-0.0358783208013
-0.028912637375
-0.0420869616553
-0.0277289745532
-0.0265104403856
-0.0227833021015
-0.0202852022299
-0.0138409705593
-0.0155926606751
-0.0175365289831
-0.0313884650797
-0.00835752245386
-0.0113207322739
-0.0551676310669
-0.039729196697
-0.00703460637107
-0.00122747683739
-0.0381643096016
-0.0743992152125
-0.0697598577693
-0.0502178463809
-0.0450809609785
-0.0683332506717
-0.0699776739896
-0.0411028588323
-0.0252613085006
0.0193035150966
0.0086891461575
-0.000704148591624
0.00348717445862
0.00554984151335
-0.00187180845511
-0.0777152077796
-0.0618984878681
-0.00588249594629
-0.0279220490191
-0.0389267793029
-0.0636636512019
-0.0259895741492
-0.0368202907679
-0.00343772733621
-0.0452756628883
-0.0430992398807
-0.00104740952741
-0.0592439796344
-0.0773986044578
-0.0550171793139
-0.0587372642746
-0.0439555371626
-0.0482569530681
-0.0669982873371
-0.0467548560207
-0.0361573119519
-0.054645667624
-0.0659797513495
-0.0237664616435
-0.00985041615697
-0.0670324483854
-0.00557695948279
-0.0121547129961
-0.0320124006754
0.00157086086991
0.00381275956859
-0.0579432078705
-0.0803173374434
-0.0790081164939
-0.072332709067
-0.0512013739231
-0.0455820985991
-0.0607045322205
-0.054268527903
-0.0757282440528
-0.0187679982586
-0.0755770702854
-0.0401162032654
-0.0611530933706
-0.0726822836248
-0.0743147675676
-0.0781465370525
-0.022073101328
-0.0176270238703
-0.0335319288871
-0.0206627810876
-0.0186499256926
-0.0163008610598
-0.0704247548407
-0.00975992086848
-0.00471690701034
-0.0610544805843
-0.0573718768633
-0.0632565018779
-0.0725138719956
-0.0702847490221
-0.0566016222268
-0.00985145016467
-0.066362996875
-0.0272054786332
-0.051488182259
-0.0464898314907
-0.0256607057025
0.00418044436862
0.00491310683072
0.000756168552922
0.000543846264002
-0.0159651929505
-0.077575463696
-0.00541725332831
-0.0480105167224
-0.0452315498528
-0.0293929583674
-0.0312535796903
-0.0118451141343
-0.0538513371843
-0.0113663488384
-0.0410665220198
-0.0159555432798
-0.0045540131698
-0.00304207790675
-0.00169428507167
-0.0480356188444
-0.0171227451476
-0.0292773204902
-0.00443975515073
-0.0245502923855
-0.0180596961754
-0.0378509405787
-0.0577941268234
-0.0229987620712
-0.053596367531
-0.0556323696546
-0.053646979351
-0.0391101234057
-0.00131062995579
0.00281145533367
0.00384866855033
-0.00294678937882
0.0220852943674
0.0199742097544
-0.000136293373628
-0.000706322088254
-0.00619076287835
-0.0124994464098
-0.0370230661824
-0.0635648482856
-0.0160546554672
-0.0253584146752
-0.0722446304525
-0.0434893870983
-0.00735735839379
-0.0468313194382
-0.0613785711221
-0.0263242982733
-0.0410731171621
-0.0402412859868
-0.0612747911083
-0.0387706227401
-0.0494340474983
-0.0499922457557
-0.0527153600656
-0.0504729171502
-0.0707481627567
-0.0774804515482
-0.00591143322242
-0.0436793811482
-0.0150384762549
-0.0163967889021
-0.0372824932028
-0.0138452442214
0.00204427332995
-0.0682801294693
-0.0816124647156
-0.0677912749303
-0.0486216958291
-0.0397640246172
-0.060320944463
-0.0270472805795
-0.0741621265103
-0.0425800773707
-0.0735476304717
-0.0640092304634
-0.0044616655856
-0.074553792284
-0.0463160577414
-0.0768260437217
-0.000978595029646
-0.0788004386357
-0.0738161351686
-0.0707585964984
-0.0737458069298
-0.0762997633457
-0.0576029848073
-0.064122582865
-0.0226813522686
-0.0216698806515
-0.0226546082426
-0.0258410404968
-0.0214215092985
-0.0191297163254
-0.0670714664311
-0.00668540834346
-0.0352750525696
-0.0570822285059
-0.0533808656965
-0.0359766988668
-0.0162851526359
-0.00339778947033
-0.0637157376158
-0.0294582541466
-0.0733076419198
-0.0195739542982
-0.0446919198837
-0.035820244818
-0.02803936881
-0.0636439470674
-0.0273591419288
-0.0212982821972
-0.048979132902
-0.0739370847215
-0.00662529304379
-0.00864537408528
-0.0373990267292
-0.0468756859077
-0.0483794281447
-0.0280433249651
-0.0370111270464
-0.0202070336251
-0.0471593262645
-0.00504793387597
-0.0403806284629
-0.0426003252492
-0.0268447090625
0.000368687952962
-0.0698731097239
-0.0683917934779
-0.0214678286711
-0.0279936701475
-0.0387244547635
-0.00983616302901
-0.0376064606631
-0.00178561820078
-0.00295939320932
-0.0056867768852
-0.050662188679
-0.0484138693657
-0.0244952521699
-0.0749153237951
-0.0605417942546
-0.00384525631462
-0.0319593031333
-0.0448106155568
-0.0570005148583
-0.0461166574738
-0.0281090239587
0.0124411192094
-0.000266399963947
0.002002422909
0.00619929399704
-0.0677639464832
-0.0507830475968
-0.0448059285627
-0.0583553095598
-0.0768802999916
-0.0367440003405
-0.0362851151147
0.00619019616786
0.000523760788999
0.0089986917682
-0.000277173339096
-0.0136852389601
-0.0438564547547
-0.0656567552398
-0.0128909900015
-0.0675185205893
-0.0700257737276
-0.02987181058
-0.0384084373986
-0.0157485348882
-0.0670984067551
-0.063724044533
-0.0631425544746
-0.0447266855613
-0.0124733972446
-0.0165216558395
-0.0126685286648
-0.0205345894465
-0.0171399940698
-0.0698785380752
-0.0517680445129
-0.0721381077749
-0.0742103049301
-0.0741499872562
-0.0619653278222
-0.0414613012784
-0.0198674898219
-0.00147471526383
-0.0717138671574
-0.0696499263425
0.00529249538314
-0.0292616261889
-0.021341381271
-0.0355840511348
0.00448314482934
-0.000293716738162
0.00102821226716
0.00573662062725
-0.0276877979649
-0.07037739134
-0.0646169005844
-0.0556702343547
-0.0485102030775
-0.0308681046007
-0.0747271565427
-0.000609240864173
0.00174853700171
-0.0121826867165
-0.0410582725275
-0.0633788419775
-0.0606661241972
0.000772224457942
-0.00166069711254
-0.0576916327222
-0.0516661743881
0.00715411500113
0.00677427138786
-0.0307806615642
-0.0135401579055
-0.0382205161392
-0.0383825907677
-0.034226527828
-0.0100986488651
0.0243449111141
-0.00741735073664
-0.0629308508017
-0.058227868096
-0.00608224813929
-0.00381846312132
-0.0472745852685
-0.0457473101913
0.00766564715156
0.00382468338942
-0.0262002661169
-0.0295294166593
-0.0425218968771
-0.0443324107583
-0.0310153935279
-0.0205868765657
-0.0242972725168
-0.0165383940567
)
;

boundaryField
{
    bottomWall
    {
        type            zeroGradient;
    }
    leftWall
    {
        type            zeroGradient;
    }
    rightWall
    {
        type            zeroGradient;
    }
    movingTop
    {
        type            zeroGradient;
    }
    front
    {
        type            empty;
    }
    back
    {
        type            empty;
    }
}


// ************************************************************************* //
