/*--------------------------------*- C++ -*----------------------------------*\
  =========                 |
  \\      /  F ield         | OpenFOAM: The Open Source CFD Toolbox
   \\    /   O peration     | Website:  https://openfoam.org
    \\  /    A nd           | Version:  14
     \\/     M anipulation  |
\*---------------------------------------------------------------------------*/
FoamFile
{
    format      ascii;
    class       volScalarField;
    location    "41.999999999993";
    object      p;
}
// * * * * * * * * * * * * * * * * * * * * * * * * * * * * * * * * * * * * * //

dimensions      [0 2 -2 0 0 0 0];

internalField   nonuniform List<scalar> 
2646
(
9.43007100102e-10
0.000168060544471
0.00033665772845
0.000618420079284
-0.000159342653705
0.0160596908737
0.000961240922013
-0.0110813716738
-0.00590028367427
-0.0190984297214
-0.00248330899792
-0.00922797325082
-0.0269820854261
-0.0153275885294
-0.0177634691988
0.00813096127933
-0.000235329916668
0.000305490692959
-0.00562424944922
-0.00246369719281
-0.00181038635226
-0.000857266427738
-0.00169281998474
-0.00368740234839
0.0100242717145
0.00315336458053
-0.00825418945097
-0.00710741611966
-0.0138434673458
-0.00387469262662
-0.00199190392129
-0.000470352918911
0.00057886818203
0.00788623427865
0.011840839427
0.00117228067858
-0.00909372640207
-0.0167604658262
-0.0303386477956
0.00157712545329
0.0153015587748
0.00894431407961
0.00793314542488
0.00759982775646
0.00830423537687
0.00803014562919
0.0085739037251
-0.00498959111099
0.00305885530163
-0.00129704156795
-0.011492527605
-0.0169725479385
-0.0184367166304
-0.0185879417537
-0.000259001991778
0.00136839514973
-0.00972788980955
-0.0258860059459
-0.0259015840434
-0.0219120254502
-0.0133442967192
-0.00440406657415
-0.0274079932928
0.00111484644958
-0.0180671664942
0.00188717999613
-0.00645395418179
0.00127236959418
-0.00353498512295
-0.00140066278933
-0.00960534175369
-0.000666686874543
-0.00322265436375
0.00163854646975
-0.00502423583512
-0.0218684202504
0.000348711891842
0.000981669575961
0.0042565842591
-0.00405851379034
0.000870410129707
-0.00271665674757
-0.0173296978375
-0.0185202140368
-0.00667242475113
-0.00702712015229
-0.00228813012512
0.00880049847386
-0.0311667487856
-0.0243777027742
-0.0546270116054
0.000122600543172
-0.0519845893058
-0.0497379762091
-0.0545725107456
-0.0355833577768
-0.0245099262119
-0.0537473248543
-0.000444344680939
-0.0417867224306
-0.00192990436226
-0.0382660407605
0.00365954832664
-0.0382269815546
-0.0637881680264
-0.0383834288375
0.0136568572014
-0.0474225750804
-0.00879533033479
-0.0376886863466
-0.0234661259452
-0.00296889166971
0.00780258811086
0.00806620145695
0.0116593835456
0.00883240616247
-0.0177462203155
-0.0477650683794
-0.0555757648336
-0.0341709748598
-0.0075272660709
-0.0347821633155
-0.0139558647354
-0.00364242544915
-0.0173553399495
-0.00134528875295
-0.000112047530129
0.0249576966264
-0.0317979838352
0.00357399254491
-0.0492076526978
-0.0326481351937
-0.0523982683016
-0.0582506130478
-0.025640158581
0.00455543008929
6.44886514844e-05
-0.0477336069048
-0.0365439829045
-0.0425265600612
-0.0535725406646
-0.0388230702881
-0.0224422508132
-0.0526989890363
-0.00327298825382
-0.0455430415304
0.00624456312053
-0.0563722839309
0.0166517158068
-0.0465707280426
-0.0207894381609
-0.0602188595501
-0.0059398767823
-0.0188338521031
-0.00994266142679
-0.000653003704744
-0.031273029062
0.000582886506037
-0.0159027157283
0.0145739937508
0.0528202618774
0.00654486860366
-0.0176514717023
-0.0614555326166
-0.0464156605637
-0.0354347667862
-0.0262489958904
0.223491725983
0.0574753263617
0.0635885518134
0.0505453130624
0.052367346898
-0.0203450309026
-0.0243657916967
-0.000141146131659
-0.0014400159215
-0.00723638039429
-0.0126067019715
0.000518432238657
-0.000123526300312
-0.0157337822454
0.000585997915145
-0.0118415228414
-0.00696989199597
0.00606548022746
0.00137801990098
0.0111472585927
0.0085945899812
-0.0268688986036
-0.0182189549544
-0.00189288569203
-0.000612916802893
-0.0153187573756
-0.0155022869121
-1.03896771912e-07
0.000642728725761
-0.00106332340401
-0.00869555895369
-0.00775628338182
-0.0179251995276
-0.0072375595685
0.00301259951504
0.00403155119394
0.00443441787623
-0.0294697359481
-0.0081817615915
-0.000243032827196
-0.0571202261616
-7.75920722177e-05
0.00416113405672
0.00786952952001
-0.0592652833038
-0.0408852574153
-0.0537072092311
-0.0608485334689
-0.026496696241
-0.000130296140847
-0.00186812741193
-0.00562202414132
-0.049242917486
-0.0535317682961
-0.0355280198822
-0.0227961050474
-0.0372058838056
-0.0314380431106
-0.00967915404687
-0.00564479961538
-0.0137900876646
-0.00296012936532
-0.0375406533325
-0.0299782516367
-0.0175405485376
-0.0631862519822
-0.0353318412122
-0.00211966998433
-0.00928584901481
-0.0405615901344
-0.0144003591164
-0.00957578730086
-0.0639531797807
-0.00650994003831
-0.0527017404936
-0.0613572970497
-0.00339229127557
-0.00204273392029
-0.0478907063286
-0.0459253239688
-0.0207640019247
-0.022063048328
-0.0559229303905
-0.0558501801345
-0.0506821873763
-0.0694676139278
-0.0634412416769
-0.0480360807466
-0.0477335293636
-0.0398669120883
-0.0388172754456
-0.0628024242325
-0.0126262275612
-0.0117246739094
0.00135963857831
-0.0678453043011
-0.0668694200955
-0.0520897058488
-0.0447099640538
-0.0465142899903
-0.0629137524138
-0.04963219251
-0.068431630783
-0.0620911042058
-0.0548648128542
-0.0254300165754
0.00174028671907
-0.00755373969331
-0.0397702984069
-0.0612498644735
-0.0554445700819
-0.0226627181062
-0.00241034483781
-0.0335782025144
-0.0533217471031
-0.0308318129688
-0.0607477571858
-0.035616170982
-0.0180346481774
-0.0150795743392
-0.0120123180013
-0.0100510192873
-0.026712047872
-0.0571772684707
-0.0365458717148
-0.0385935472381
-0.016914956155
-0.0370911970605
-0.0107389307652
-0.0304442875989
-0.044013952498
-0.0134573563898
-0.0608105926109
-0.0296428314709
0.000117772957007
0.00753971912592
-0.0045177301817
-0.000703340310288
-0.0316079310132
-0.0324475470823
0.000679674754075
-0.000259702048832
-0.00433613257672
-0.0342320749629
-0.00979800558603
-0.024271799014
-0.0605717246371
-0.0334201008819
-0.0305914042857
-0.015568950432
-0.0325348418679
-0.0150336931077
-0.0295845449022
-0.0138643716746
-0.015442696395
-0.0438747632681
-0.0370523686909
-0.0239474881658
-0.000707335363704
-0.00201769999306
0.000946680576667
-0.0470475993081
-0.0597728449221
-0.0603247199818
-0.0649915996937
-0.0269714499795
-0.0536982227755
-0.00916398153756
-0.0594378423375
-0.00659772212689
-0.0103679578469
-0.00549593163203
-0.0555175254167
-0.0742749305158
-0.0798217065363
-0.0846186494805
-0.0206564955086
-0.0514640484465
-0.0884811009793
-0.0275037335978
-0.0507618852827
-0.0898987277382
-0.00957766387852
-0.0634148107234
-0.0584487393009
-0.0408815895832
-0.0912050198812
-0.0409564144242
-0.0885993073568
-0.0821081903407
-0.0913171736265
-0.0926106280284
-0.0882063195593
-0.085673077387
-0.0864315548796
-0.0299525432204
-0.0291092505821
-0.0313835229892
-0.0876711014116
-0.0737139749907
-0.0594465332737
-0.0549624650284
-0.042027691191
-0.0356920898286
-0.0793282479625
-0.031595543282
-0.0344709548833
-0.0525173636872
-0.0841693581596
-0.0787722536622
-0.0526180125289
-0.060516240331
-0.0772432002492
-0.0916267772465
-0.0512689193485
-0.0513939943276
-0.0911458852661
-0.077677081311
-0.0617900901031
-0.0601033929554
-0.0911673105775
-0.0327965551336
-0.0532150190191
-0.0915345656793
0.00806186746054
-0.0881038779197
-0.035082627278
-0.0581351941625
-0.0245482786664
-0.0733311644142
-0.0353750864462
-0.0762425490859
-0.0734468550153
-0.0898361261666
-0.0628918032988
-0.0907358019426
-0.0405259643043
-0.0891345765813
-0.0759426025685
-0.0810981906328
-0.073878092186
0.00473589135617
-0.0909632483696
-0.0925269193997
-0.0850068186589
-0.0849704827481
0.00476907094155
-0.0809136092562
-0.0910101369289
-0.0289002375383
-0.0860777659735
-0.0859615945064
-0.0390960778146
-0.0309528242935
-0.0529591412267
-0.00450156891676
-0.0344023381782
-0.0898056648573
-0.0910226951537
-0.0317839759405
-0.0901243143036
-0.0885021305518
-0.0189921167653
-0.0891940335035
-0.0752825343692
-0.0283595506889
-0.0298773122759
-0.0306330099029
-0.0534675900596
-0.059261502419
-0.0878943724296
-0.0839440365732
-0.0302925719318
-0.033825194209
-0.00599381444457
-0.0147848295362
-0.089452807588
-0.00232355893397
-0.0841982128145
-0.000469331756533
-0.0276211872611
-0.085982408718
-0.0271072092813
-0.0895734709054
-0.0255486135478
-0.0829622897821
-0.00167919680979
-0.0837225232063
-0.0864032240129
-0.0848334371817
0.00887916210473
-0.0865560760162
-0.0868777146691
-0.0875906233222
-0.00991502031399
-0.0749665339453
-0.0880622817086
-0.0918888734385
-0.0830616035611
-0.0822740428804
-0.00166267612744
-0.0832445031592
-0.0586456868952
-0.0907492464474
-0.0176858404811
-0.0221682627388
-0.0248474796835
-0.0575864083104
-0.0311883876377
-0.0614881701331
-0.0671749938505
-0.077226007788
-0.066111956155
-0.0326647546909
-0.0570198371383
-0.0582311835005
-0.0925683629366
-0.0367200120644
-0.0302833421131
-0.0391489747011
-0.0369978824043
-0.065066302628
-0.0451813424095
-0.0626103434061
-0.0434238610938
-0.0499657013329
-0.0489969723274
-0.082357599114
-0.0506804560649
-0.0537561889572
-0.0510477161198
-0.040634736854
-0.0559327688496
-0.0189424451279
-0.0330489077059
-0.0285928003183
-0.0892006488689
-0.058614238732
-0.0255686623429
-0.0920451105462
-0.0312252579763
-0.0781051292181
-0.0900856573514
-0.0716948733821
0.0118014829427
-0.00934517838827
-0.0602782071406
-0.052306785039
-0.0278458363449
-0.0559745801599
-0.0441183274
-0.0359961128774
-0.0348291988134
-0.0167400712187
-0.0259658577246
-0.0865686257542
-0.0712006777413
-0.0905490059569
-0.0867633403377
0.00406084051663
-0.090568135992
-0.0552311568512
-0.0525990307922
-0.0825814867097
-0.0512459971552
-0.0845362832111
-0.00350558119865
-0.0734970307145
-0.0813218258329
-0.0851940483407
-0.069411530477
-0.0839620935268
-0.0248370176295
-0.0764636403332
-0.00704248191096
-0.0099098739503
-0.0878682061635
-0.0754324288625
-0.087014234028
-0.0881846229789
-0.0374881975261
-0.0549091125284
-0.0116101061599
-0.0904686730267
-0.0256846139677
-0.0836422425439
-0.0792034553592
-0.0555770998437
-0.0600976758163
-0.0598406570013
-0.00143897880645
-0.0817734221719
-0.0846036383903
-0.0523736241857
-0.0846216303842
-0.0898538409056
-0.0631380182036
0.0068695519541
-0.0575478242897
-0.0293769781922
-0.0862576625315
-0.0714616728006
-0.0564041031286
-0.0514263097391
-0.0826502612548
-0.0613281525464
-0.078422966748
-0.0306943008541
-0.0294533235195
-0.0586159423893
-0.0013682975145
-0.0680623143845
-0.0327539045614
-0.0258572175332
-0.0585367583769
-0.0830315507359
-0.079340507974
-0.0625113313429
-0.0647392653852
-0.00830176571275
-0.0827547847548
-0.0372868142978
-0.00701148411533
-0.0587170252493
-0.0737527888939
-0.0317784145294
-0.0624664457254
-0.0845792819149
-0.00822413972793
0.00306262533553
-0.0122989522307
-0.00940085054567
-0.0207590159125
-0.0310772987967
-0.0119667226119
-0.0897522417304
-0.0166699381579
-0.041690220572
-0.0919363520947
-0.00124806111705
-0.0782001869129
-0.0353660302728
-0.0610915018154
-0.0617350471909
-0.00753848456627
-0.0280679658552
-0.0594540166759
-0.0800291352402
-0.0335531997591
-0.0412410952021
-0.0144103616282
-0.00546542467518
-0.0209299390604
-0.0340989830906
-0.0325856277857
-0.0650579119371
-0.0417490995368
-0.0299539958052
-0.0530463823518
-0.00247169569586
-0.04699898689
-0.0144895000249
-0.0067515925241
-0.0337693832569
-0.0175179471541
-0.0235187668865
-0.0364509002914
-0.0537134421136
-0.0814011245858
-0.0787186341197
-0.0415549676294
-0.0287884349059
-0.0813027323021
-0.044582516216
-0.074068357506
-0.0563184407631
-0.0442986972631
-0.0836530801291
-0.0824532892611
-0.00667115131347
-0.0503517886014
-0.0402854775312
-0.0490826593951
-0.00868269815534
-0.07484593634
-0.0356829731063
-0.0671553858147
-0.0612679719219
-0.0271480547031
-0.0907114154898
-0.0816997734571
-0.0835869395107
-0.0017572407654
-0.0324003066601
-0.054280573192
-0.0834957878427
0.00244384658983
-0.00446069791519
-0.0799852101575
-0.0367199348334
-0.0306148277399
-0.00648992171443
-0.0849624772355
-0.00144395556975
-0.016335256641
-0.0552333566046
-0.0608769194752
-0.0814946089145
-0.0589970823683
-0.0802824779918
-0.0767874459442
-0.070244913068
-0.0920651314651
-0.0822918060402
-0.000564724906193
-0.0887812893083
-0.0338709389539
-0.0634330928836
-0.0348048333269
-0.0432685633265
-0.0644566755872
-1.40010189585e-05
-0.0477960840648
-0.0713687077562
-0.0310880461795
-0.0576291142354
-0.0604892458552
-0.0212386465522
-0.0122445108442
-0.057093923463
-0.0178758068093
-0.00810524583987
-0.0468792734696
-0.0792300485616
-0.0153968204663
-0.0632234154088
-0.0560350364078
-0.0338123903113
-0.0517134996368
-0.0453623859772
-0.0814886222061
-0.0349730472625
-0.0273056470358
-0.00206488165615
-0.0795916449707
-0.0792736288185
-0.039731513411
-0.00348096674776
-0.0151293784204
-0.0735067299236
-0.0381895486533
-0.0637929054317
-0.0785915129834
-0.0179762117951
0.010468575841
-0.0215060211135
-0.0164136303964
-0.0628610071679
-0.000433982535499
0.00728591518602
-0.0194638219674
-0.0570622143103
-0.0258689864677
-0.0831585332265
-0.0782306386359
-0.0460007791951
-0.061137376623
-0.0641393362779
-0.0522113706042
-0.0834092119859
-0.0763160676898
-0.0255417027644
-0.0229566545263
-0.0615886295957
-0.0331093282693
-0.0774956746433
-0.0756135313685
-0.00396163088194
-0.0228998534651
-0.057864064461
-0.0240244995652
-0.0105738308489
-0.0820395091667
-0.0851153436221
-0.0772272165605
-0.0897736463764
-0.0603948100894
-0.0189235875913
-0.0210729654617
-0.00299640394574
-0.069425661449
-0.0355461045772
-0.0550132159708
-0.0208765099276
-0.045706224888
-0.00234238018541
-0.0781738876907
-0.0501751377675
-0.0620146449286
-0.0175207999966
-0.0780548141925
-0.0245473640638
-0.0629767524969
-0.0731252046281
-0.0899612242334
-0.0358683602489
-0.0554298807671
-0.0517811558879
-0.0300035819784
-0.0754473413732
-0.0343447796061
-0.0578723085712
-0.0421196608599
-0.0572378395148
-0.0441331594482
-0.0564793189631
-0.0765344513793
-0.0910912414818
-0.0601158643997
-0.0717896054642
-0.0420762140449
-0.06946153386
-0.0910585005784
-0.0753380296707
-0.0287203813437
-0.0537198583206
-0.0673287732856
-0.0172349498115
-0.0391930684129
-0.0551242674463
-0.0733365650211
-0.0750338639751
-0.0743736118756
-0.0751422486859
-0.0389401608247
-0.0538148425756
-0.0805611829294
-0.0539134101997
-0.0765219711716
-0.0401364116733
-0.0614537019202
-0.0199015236504
-0.0498078151815
-0.0757872526527
-0.0620188456969
-0.0593995996691
-0.00259102938634
-0.0568203962527
-0.0701130100236
-0.0314251449609
-0.025554030684
-0.0730070883964
-0.0543394891802
0.00852283904752
-0.072411419712
-0.0767206500479
-0.0399122623719
-0.00469909175147
-0.00126533925925
-0.0831848151603
-0.063293523488
-0.0412764646359
-0.0677804752299
-0.0411195992602
-0.0454299029659
-0.0917983627246
-0.0425239677965
-0.0497265282854
-0.05203932206
-0.0489450974595
-0.0721015459818
-0.0726404451985
-0.0490942084272
-0.0600079123484
-0.0751916996962
-0.0769628069708
-0.0754236511045
-0.0765487568029
-0.0757329880401
9.97853810274e-06
-0.000704073270472
-0.0225245523867
-0.0551918440732
-0.0505433059444
-0.0580916088997
-0.0449734911322
-0.0611608825677
-0.0804939880985
-0.0768912824162
-0.0841466880415
-0.0018468904015
-0.022818730988
-0.0910820469083
-0.0189525260592
-0.0522267615318
-0.0494822263121
-0.0638945677409
-0.0717292103073
-0.0616764570069
-0.0539678087534
-0.0883975058015
-0.0618368235968
-0.0269422288859
0.000144089179587
-0.0166113042426
-0.0812964298206
-0.0662637719786
-0.036983167453
-0.0601294638534
-0.0602103508292
-0.0180371601154
-0.0644877697508
-0.0541055933245
-0.0777421377324
-0.0744845077978
-0.00535414422565
-0.00333064668467
-0.00916212505485
-0.0489257418727
-0.0815481897413
-0.0483791616472
-0.0519239155435
-0.0578152818953
-0.0684776049516
-0.0533333017169
-0.0743792048002
-0.0645256458617
-0.0794824187374
-0.069096981038
-0.0134795932497
-0.070206667994
-0.0502199566587
-0.0758796817862
-0.0603304772802
-0.0730106296446
-0.000100732902347
-0.0402814540638
-0.0429069346488
-0.0858432572889
-0.0578570568413
-0.0364203906453
-0.0512093940528
-0.0798371128144
-0.0691148568482
-0.0459679695135
-0.0842325332692
-0.0659632695476
-0.000319672973149
-0.0532608152687
-0.0797488144434
-0.0813563741501
-0.0345860488115
-0.0178505913544
-0.0497703378451
-0.0868891608382
-0.0223728824116
-0.0583092478431
-0.0871619123957
-0.0648024777769
-0.0534221326659
-0.0375499144826
-0.0118773795759
-0.0296035399413
-0.0692715373917
-0.072634291446
-0.0276155034518
-0.0747783618783
-0.0725342214461
-0.0686159840707
-0.0228386662103
-0.0727427612857
-0.0084038254553
-0.0460967414518
-0.0474162513816
-0.0681924248307
-0.0800466367137
-0.0665129494587
-0.0778664446383
-0.076150036862
-0.0720367011965
-0.0643285721347
-0.0784947283065
-0.0719580303778
-0.0834540720823
-0.0519247897177
-0.00324457143707
-0.0430499683809
-0.0490216821403
-0.0890303809987
-0.0422086763079
-0.0853177200459
-0.0908547321421
-0.0492906598895
-0.0767560238766
-0.0773372145688
-0.0172453959764
-0.0725968998601
-0.0881926274257
-0.037053766107
-0.0761269350367
-0.0782732964409
-0.0758741450464
-0.0760364329071
-0.0707004014633
-0.0716237294221
-0.0877020525539
-0.0103137802616
-0.0920496082183
-0.0526808612967
-0.0615331995424
-0.0901247825464
-0.0457365825502
-0.0671398840838
-0.0879500106403
-0.00994709574267
-0.0882250478526
-0.0135716510937
-0.035767805239
-0.0605515334112
-0.0879398471267
-0.0769654465944
-0.0545143347851
-0.0811188034604
-0.0710573576862
-0.0656087235022
-0.0697312951308
-0.0416385121553
-0.0825093722979
-0.0684040839941
-0.0812450196668
-0.0450499311355
-0.0739796974246
-0.0790043142242
-0.045310101556
-0.0880871697081
-0.0828867270733
-0.0785562984807
-0.0865660362753
-0.0751973353562
-0.0277978084044
-0.0686159303204
-0.072639370017
-0.0382910486326
-0.0920786283545
-0.0668015127341
-0.0839723973258
-0.0726449591689
-0.0061907226829
-0.0706342677856
-0.0793036368154
-0.0770402490972
-0.0878996409495
-0.064240008376
-0.0241402327444
-0.0630897048596
-0.0729025266233
-0.0456266457083
-0.0542856598058
-0.0690312174925
-0.050354522637
-0.0783006154398
-0.0457712344153
-0.0606467799458
-0.0428159112264
0.00633806115715
-0.0801774817719
-0.0373027502819
-0.04773499115
-0.0839963459421
-0.0732642853931
-0.0784089316125
-0.0627463246778
-0.0710341967381
-0.0555295860072
-0.0552587039578
-0.0630760191107
-0.0550709812532
-0.0799478657212
-0.086487673753
-0.0562670780559
-0.0535430633412
-0.0705461652335
-0.0803135511802
-0.082143681893
-0.076437303231
-0.0894472224108
-0.0645063511548
-0.0812206946984
-0.0930261056319
-0.0688173940564
-0.0896938460323
-0.0824037974575
-0.0739130617758
-0.0927819379604
-0.0821447900099
-0.0611074269301
-0.0183510948659
-0.0222719012297
-0.074901001324
-0.0598950820608
-0.044037533869
-0.0898423736067
-0.0741547415367
-0.063988507399
-0.0596548392422
-0.0414825185898
-0.0641549705419
-0.0692293443479
-0.0746935281899
-0.0538253594791
-0.0789239435567
-0.0842051012779
-0.0616181050993
-0.00878181776573
-0.0857610584334
-0.0464075860375
-0.0518501278813
-0.0811937086551
-0.0558297403614
-0.0575759536619
-0.0665051546984
-0.0883672290092
-0.0646633021397
-0.0832965701255
-0.0239783099348
-0.00359948302596
-0.070433204386
-0.0815043794534
-0.0737575634824
-0.0454390449551
-0.0487828522066
-0.0369159587129
-0.0457862918221
-0.0361033704929
-0.0596122298925
-0.0278417446814
-0.0665559784248
-0.028031018583
-0.0385825813848
-0.0883137239095
-0.00881281536057
-0.075105753873
-0.0772636837305
-0.046789901179
-0.0834703146165
-0.080521785359
-0.071375548326
-0.0442261356484
-0.079607023224
-0.0755587246069
-0.0678054128976
-0.0712146305046
-0.0154563998623
-0.0437174352087
-0.0721593388105
-0.0476167168513
-0.0387919914273
-0.0672913016231
-0.0861926136092
-0.0680500099898
-0.0449604904147
-0.0521043066797
-0.0698724671932
-0.0879158307364
-0.0813379095727
-0.0814749776155
-0.0805904056337
-0.0733952700449
-0.0682941573212
-0.0709034232088
-0.0398003812978
-0.0852026145066
-0.0551003972958
-0.0713476846193
-0.0800405217303
-0.0888631760942
-0.0830251913445
-0.0572037541811
-0.0224520927977
-0.0793024284221
-0.0455662961003
-0.0677925268873
-0.0485799968291
-0.0795589260447
-0.02765585976
-0.0229386366885
-0.0324859802374
-0.0860597315167
-0.0383595880346
-0.0382295236496
-0.0556929088686
-0.0140041912393
-0.0152000826936
-0.0278728641692
-0.0469801076376
-0.0724136312736
-0.0717759122211
-0.0450355134576
-0.0671493089035
-0.0644989279635
-0.0883329636389
-0.0102162452691
-0.0529105615744
-0.0509898187969
-0.0633211970651
-0.0651652187429
-0.0806333211558
-0.0859820342759
-0.0441220471455
-0.0209112802456
-0.0317669619275
-0.0658365497062
-0.0791975922347
-0.0675199706371
-0.0781687680248
-0.0796038473886
-0.0717904367242
-0.0483864631999
-0.0126974468067
-0.0056716241463
-0.0436217037419
-0.0872516605809
-0.0488124536868
-0.0772026336884
-0.0209480196292
-0.0121011713695
-0.0269075367157
-0.0711522491874
-0.0701255324478
-0.0467191426223
-0.0450285435877
-0.0614716317422
-0.0657467127004
-0.064082815288
-0.0908259750018
-0.0319976997438
-0.0738348792511
-0.0336504180464
-0.0863793764111
-0.0446521943487
-0.0715383446481
-0.0617627348717
-0.0586128830396
-0.0543428229985
-0.0601700288453
-0.0698360602129
-0.0781079711128
-0.0899456521955
0.000216578253312
-0.0746361714913
-0.0725214391823
-0.0595072477912
-0.092062724639
-0.0388948676733
-0.0858899423955
-0.0315671777834
-0.0527680857343
-0.0837533437902
-0.0139106373631
-0.0728271405641
-0.0740846597997
-0.0593744965004
-0.0451414390624
-0.0647892250136
-0.0778113664832
-0.0768201150109
-0.0553921294058
-0.016346243472
-0.0368538839647
-0.0843103944761
-0.0691928624292
-0.0870096258562
-0.0527921556463
-0.0240542196978
-0.0551594106372
-0.0754599660287
-0.0190491155261
-0.0556022802061
-0.0840633078323
-0.0838597303866
-0.0829147801241
-0.0821704863795
-0.0311490970257
-0.0877658444624
-0.0794949350344
-0.0530234935633
-0.0394582864347
-0.0826218135175
-0.0743028879257
-0.0752513908837
-0.0847307634546
-0.082532082575
-0.0726962336297
-0.0764979206474
0.00206723271926
-0.0716932316727
-0.0225309199593
-0.0789278095747
-0.0694988152027
-0.0750394089579
-0.0784216752028
-0.0213589782368
-0.00377984862102
-0.0891819333939
-0.0750188836284
-0.0799167735993
-0.0693833388968
-0.0408811396871
-0.0585707700798
-0.0536991029266
-0.0319602392769
-0.0737131831383
-0.0504114712329
-0.07544792672
-0.0632428706018
-0.0570993000806
-0.0830417384452
-0.046555123579
-0.0881445923461
-0.0652497160209
-0.0436448813345
-0.0736283894113
-0.0266882176608
-0.0182921848741
-0.0146896978648
-0.0567325737266
-0.0113257208905
-0.0526930154164
-0.0525407738
-0.0264395947821
-0.0853297946368
-0.0682223779237
-0.0716498996268
-0.0751682703585
-0.0488770417965
-0.0233406082509
-0.0681572005554
-0.0115146004967
-0.0681893633678
-0.0736494941127
-0.0567689084777
-0.0861735439185
-0.0607372786518
-0.0645715477826
-0.077349166082
-0.0514025252027
-0.017475786836
-0.0772226847417
-0.0538536853551
-0.0588677973153
-0.0370070792849
-0.0706255192453
-0.0715168420953
-0.0584800544643
-0.0442153901965
-0.0847606629832
-0.0396447784804
-0.0876100946361
-0.0729696616804
-0.0632052054395
-0.0868184492283
-0.0792837524056
-0.0683820045923
-0.0654525490941
-0.059354103241
-0.0844729235815
-0.0570088001458
-0.0815546059206
-0.075138133405
-0.0879714367167
-0.0856215025819
-0.0825254976712
-0.068842218814
-0.0872962650586
-0.073773799302
-0.0595349426047
-0.0604849082331
-0.0229770404175
-0.046851144742
-0.0747871123548
-0.0621372276594
-0.0717995879529
-0.0224326885669
-0.0746932444925
-0.0349374825536
-0.06753294355
-0.0700555965612
-0.0638094997673
-0.0773043520548
-0.0720147872335
-0.0583876042483
-0.0595730313844
-0.0492912880464
-0.0460958149048
-0.0764902560054
-0.063348937275
-0.0578399670112
0.00710148455124
-0.0917794801876
-0.0836854129573
-0.0636501959302
-0.0699013681512
-0.0318393500415
-0.0459340899542
-0.064928860644
-0.0484291852741
-0.0663070961269
-0.0796298761073
-0.0102828614053
-0.0516691746782
-0.0875887561265
-0.0721308079188
-0.0211203985901
-0.0474116577811
-0.0611041733884
-0.0049295867774
-0.0675299071843
-0.082327274265
-0.0797680664591
-0.0841885963812
-0.0692420041157
-0.0637685013019
-0.0577702506421
-0.0838694096111
-0.00570586081532
-0.0658797947591
-0.0674723174356
-0.0625006679813
-0.0826283182785
-0.0731173948145
-0.0720642685821
-0.0735403136426
-0.0585698886967
-0.0743909658306
-0.0708484136567
-0.0504280675168
-0.080163659459
-0.0236536785434
-0.0307533091309
-0.0699074046045
-0.0872409996745
-0.0295533135894
-0.0843154976412
-0.0682469792272
-0.0864823249324
-0.0682068388416
-0.0827208844512
-0.0842820636691
-0.0600600033094
-0.0559014722314
-0.0797711648558
-0.0192961196279
-0.0434119718062
-0.0877676966892
-0.0716289494092
-0.0857420961398
-0.067919458201
-0.0442543956209
-0.0484892640272
-0.046984060888
-0.0664369542297
-0.0205072801468
-0.0899343830788
-0.0839867956445
-0.0658933660348
-0.0882227826896
-0.0187759647643
-0.0523456609121
-0.0851798447782
-0.0891078033168
-0.0436870488622
-0.060777424354
-0.0658400673057
-0.0920519389503
-0.092540017622
-0.0399714609128
-0.0749761971964
-0.00476274606069
-0.0896244325139
-0.055690536807
-0.0809965647824
-0.027149003651
-0.0746086758919
-0.073519723032
-0.0784024912059
-0.0206784911379
-0.0430736616188
-0.0137780429397
-0.0495318372748
-0.0705442373934
-0.0806677715354
-0.0890720352512
-0.0257983900862
-0.0619027427009
-0.0272648426071
-0.0650862673214
-0.00234117552552
-0.000828988083513
-0.0550739012495
-0.0804817301995
-0.0890931978194
-0.0606001870815
-0.0729237828875
-0.0434706863827
-0.0437608560497
-0.0484510096549
-0.0832554839251
-0.0677151618074
-0.023376340203
-0.0813822295145
-0.0300497535995
-0.0688496315624
-0.012122914442
-0.0880472470407
-0.0472713105428
-0.0701435109289
-0.0190367691371
-0.0187120253407
-0.0571706163536
-0.089660554864
-0.0905231511007
-0.0554503586947
-0.0643256459168
-0.0784411304919
-0.0764413551532
-0.0928044881726
-0.0268803713934
-0.0888115927256
-0.0883391469699
-0.0859156271512
-0.0620528986543
-0.0804091901525
-0.0851677211478
-0.0356880135518
-0.0398323129527
-0.0424823411994
-0.0823161390561
-0.0889347588442
-0.0242450435644
-0.0880145280712
-0.0907145378494
-0.0430430874974
-0.0514187456672
-0.0650227770499
-0.0711964098559
-0.0896072900686
-0.0426140477866
-0.0808748458267
-0.0626673661297
-0.0732364735843
-0.0679415345279
-0.0449010753385
-0.092582838153
-0.0777948956167
-0.0468221562465
-0.0861659986759
-0.0847614293111
-0.0793075034826
-0.0885418300533
-0.0831827878437
-0.0685310031213
-0.0519834916534
-0.0377631260654
-0.0785771168329
-0.0365118530535
-0.0879106847586
-0.0320824437546
-0.0458523995325
-0.0478578698049
-0.0499612472086
-0.0691286144561
-0.0891157342608
-0.0571870156461
-0.0562575244591
-0.0458718068553
-0.0667164354829
-0.0596810312277
-0.00714574212871
-0.0869293378278
-0.0704418211484
-0.0413740938345
-0.0502354152408
-0.0731037698837
-0.0757606282121
-0.0801653828165
-0.0829054449386
-0.0894593267768
-0.0858583694518
-0.0730081626163
-0.0373812250441
-0.0736287572083
-0.0871575788637
-0.0852503582313
-0.091980618748
-0.0748635768153
-0.0749992523155
-0.077611536845
-0.092222668944
-0.0665879178266
-0.0709586734798
-0.0809748462987
-0.0809496771735
-0.0712672295957
-0.0895579159095
-0.0752624203346
-0.0663301576153
-0.0786013056339
-0.0826768024793
-0.0769799720536
-0.0887781038076
-0.0870900486141
-0.0915306976927
-0.0861494387451
-0.0777882813328
-0.0796957815489
-0.062540121638
-0.0871062340147
-0.0889085179712
-0.0807543824053
-0.0897073686134
-0.0916433627955
-0.0758211817618
-0.0508763939076
-0.0888593068729
-0.0612556993026
-0.0780583044693
-0.0741457601852
-0.0406105660843
-0.0639604032334
-0.0692191447798
-0.0356762330923
-0.0710950025963
-0.0930745139933
-0.0406376692648
-0.0381708099565
-0.0926090756224
-0.0498589209649
-0.0774669034619
-0.0531081964853
-0.0423209412256
-0.0930444012238
-0.0519089026436
-0.0588391703395
-0.0719899860154
-0.0805110813048
-0.0783262076283
-0.0788037763443
-0.0657706367634
-0.0616770139775
-0.0626370176959
-0.0895812348646
-0.0459073771162
-0.0722716070859
-0.0733600706267
-0.0867685714472
-0.0417591530356
-0.0847896739179
-0.0863567825067
-0.0895827882396
-0.0901744358221
-0.0850491383758
-0.086498185781
-0.0655185178793
-0.0870958720276
-0.0920643008161
-0.0558526525271
-0.0827291941005
-0.0903922984538
-0.0364459729756
-0.0269717884897
-0.0839840454136
-0.0226656109549
-0.0881233488576
-0.0771236206251
-0.0865018438328
-0.0758336292294
-0.0895512049551
-0.0721859983627
-0.0790605419534
-0.076361527658
-0.0811920013034
-0.0470551386818
-0.051949997888
-0.0051910290717
-0.0707741982742
-0.0767107066629
-0.0291210997208
-0.0711082747165
-0.0853461169277
-0.0817485318861
-0.0670630352306
-0.0515455948849
-0.0909929820985
-0.0801142189012
-0.0834568184746
-0.0662039866294
-0.0881934150252
-0.048478696322
-0.0674733764451
-0.0673617012658
-0.0853940421227
-0.0644354191734
-0.0230395758548
-0.0809298787466
-0.0647258926684
-0.0505281047337
-0.0747741539149
-0.0814764031711
-0.0468715330679
0.0031613230556
-0.0400065722306
-0.0476966529905
-0.0880448304782
-0.0530941722422
-0.0340479299897
-0.0280549911571
-0.0849276942431
-0.0314237730343
-0.0728610936101
-0.0340769072102
-0.0329881321257
-0.0715381957192
-0.0447481687249
-0.00454779271353
-0.0386647614724
-0.068365822184
-0.0917699262311
-0.0867416920266
0.00384604046162
0.00639542256393
-0.0197358655706
-0.079435844378
-0.0817525821638
-0.091035535719
-0.0693193117109
-0.0392216881973
-0.0873262904993
-0.0397353238662
-0.087438885115
-0.0880074327435
-0.0619754578517
-0.0920290999853
-0.0608428758207
-0.0648540189413
-0.0861299051947
-0.0147744332113
-0.0526511689488
-0.0870868321978
-0.0925364185964
-0.0645823220084
-0.090484690321
-0.0556353565783
-0.0813834456511
-0.089953429061
-0.0925893403846
-0.0603601093958
-0.0362510841497
-0.0593627525508
-0.0496520917529
-0.0652120678919
-0.0684031169421
-0.088178330192
-0.0586416015654
-0.0675232782407
-0.073320576067
-0.0917758913615
-0.0858759006519
-0.0640927911382
-0.0560366641895
-0.0363954397712
-0.0842332616951
-0.0654042305815
-0.0664015003411
-0.0611663341349
-0.0687456942796
-0.00510823497074
-0.058909210954
-0.032811441561
-0.0791257167934
-0.0860600138099
-0.0897796163023
-0.0635338641621
-0.0572770520423
-0.035161514491
-0.0729489825378
-0.0856650552374
-0.0541266352601
-0.0485647484762
-0.0571894727964
-0.0798605919889
-0.0697340605274
-0.05910619603
-0.0630367035437
-0.0716842785759
-0.0769978545826
-0.0855902955029
-0.0788762225885
-0.068575953948
-0.0414758390103
-0.0483153515788
-0.0770101804039
-0.0480114277546
-0.0552070255964
-0.055677450668
-0.0712254847135
-0.0568713637975
-0.0472981165143
-0.0663185652813
-0.0283285754733
-0.0899528728084
0.00168418933344
-0.0916103526274
-0.0762019851378
-0.0513757152513
-0.0851118231111
-0.0501108492474
-0.0840167585076
-0.0360306440152
-0.0630960993926
-0.0506878920294
-0.0581021805343
-0.0587588768209
-0.0699936561992
-0.00324803720087
-0.0694015265124
-0.0392312092915
-0.0820901147494
-0.0821338580541
-0.0397143397774
0.00593503483689
-0.0765764091729
-0.0696819237646
-0.0586698010236
-0.0530569603822
-0.087095782751
-0.0647653481225
-0.0672069421528
-0.043704139652
-0.0741886031006
-0.0461898621418
-0.0770856919379
-0.0908264234474
-0.0714247182179
-0.0662166133873
-0.0536996747042
-0.0878681085765
-0.0584977800694
-0.0514763670213
-0.0334771953442
-0.0598857026841
-0.0734239327226
-0.0691930116148
-0.0905692369201
-0.091076082213
-0.0564765154164
-0.0843991584059
-0.0732647646334
-0.0836906952285
-0.0754189098169
-0.0846966816794
-0.0674465409792
-0.0622750694934
-0.0424047966132
-0.0560005888819
-0.063646668946
-0.012931489183
-0.0272485066928
-0.0542924588037
-0.0716157968389
-0.0299558150176
-0.0603380777488
-0.056878587311
-0.0929014023862
-0.0484210315831
-0.0927802461905
-0.0641528425883
-0.076165218803
-0.0556352273116
-0.0429155531061
-0.0926549421722
-0.0492938850048
-0.072864055109
-0.0507767662825
-0.0505026968527
-0.0608142062846
-0.0494618726352
-0.0447850806937
-0.0372968891972
-0.0578022712082
-0.0821922681008
-0.0600323097393
-0.0765444460057
-0.0713234504454
-0.0802142904975
-0.0343301168594
-0.0290039744646
-0.057110136211
-0.0616303015685
-0.0593462426892
-0.0818885835521
-0.0773532633442
-0.0849707296635
-0.079925811123
-0.0897470162
-0.0249452710455
-0.0721180411527
-0.0585911853932
-0.0601802834329
-0.0867384478317
-0.0451064628833
-0.0891782011953
-0.0808478487937
0.00275575109228
-0.00187143851304
-0.000861348722088
-0.0506210612445
-0.0927177526345
-0.0783178253327
-0.0494045815788
-0.0615780915722
-0.0722145639997
-0.0419220831355
-0.0654566165748
-0.0834590781757
-0.0418853158688
-0.0524064032571
-0.065435694899
-0.0439934634798
-0.0286143551415
-0.0635425148626
-0.0756952889642
-0.0613269732856
-0.026437825155
-0.0906068563627
-0.0484867296672
-0.0618491216762
-0.0671910188685
-0.0547380022003
-0.0677429000528
-0.0480460581238
-0.051085704961
-0.0872089645129
-0.041832398915
-0.0767441355938
-0.0754580304408
-0.0777867375867
-0.0778702674495
-0.0606634930717
-0.0925482234593
-0.078553819812
-0.0609802757033
-0.0748280016712
-0.0672817260721
-0.0636889964258
-0.0615579919455
-0.0265840422603
-0.0827850904396
-0.0267270011861
-0.0243021746806
-0.0302176769769
-0.0562696694445
-0.0518250630792
-0.0557823265924
-0.0170852460615
-0.00308449961446
-0.0769599565559
-0.0786806394281
-0.0478776760285
-0.0717801397769
-0.0255510585896
-0.0281339838
-0.0649703213095
-0.0801101028659
-0.0448414605186
0.000713168998436
-0.081264515665
-0.0665782902216
-0.0757800562549
-0.0173672613649
-0.0484643319406
-0.0557087458183
-0.078923301881
-0.070137171014
-0.0691739739727
-0.0385205861128
-0.0683952213875
-0.0830234199808
-0.0912181518094
-0.0727326896518
-0.0111476150963
-0.0242423219988
-0.081253939977
-0.0477312186071
-0.0708714171249
-0.0308804334509
-0.0113240452028
-0.0793783999794
-0.047342010115
-0.0514248589582
-0.0846206702776
-0.0331762030548
-0.0694045349435
-0.0255330759023
-0.0690128114808
-0.0826536319573
-0.0487362902716
-0.0691956889148
-0.0407775202461
-0.0862419496101
-0.0842913270507
-0.0542546300352
-0.0685630086029
-0.0562446451321
-0.0824143572961
-0.0633678500781
-0.0537418663734
-0.0677627513544
-0.0326274457532
-0.0371841148239
-0.0657479401485
-0.0776814399544
-0.055735676805
-0.0722054955571
-0.0693375797642
-0.0798911996721
-0.0459295929483
-0.0369856415788
-0.0238181074683
-0.0680758320522
-0.067866750378
-0.0653244123056
-0.0454894627959
-0.0853616966489
-0.0667500448754
-0.00190891368081
-0.0478971584526
-0.0784542571198
-0.047849237835
-0.0455392659787
-0.0795500219218
-0.0678676387121
-0.0054697922158
-0.0922236145922
-0.077281785887
-0.0665487003974
-0.0588443283348
-0.0655441983843
-0.0750570641467
-0.0813841496411
-0.0899432260182
-0.0463597827503
-0.0063932052448
-0.0151295945633
-0.0652310123724
-0.00852495474242
-0.0500505381466
-0.0438509571392
-0.072975396443
-0.0637486993194
-0.0540497278891
-0.0426086093107
-0.0854965157967
-0.0637052491958
-0.0451284677608
-0.0374874129695
-0.0334011936396
-0.0121147062862
-0.0408968601733
-0.0858358822122
-0.0221893010261
-0.0486692149908
-0.0245159290944
-0.0292026091143
-0.0477779301788
-0.0433516820942
-0.0654790022614
-0.0817937331485
-0.0704799306677
-0.0253943498885
-0.0712317246349
-0.0755630836911
-0.0548680566159
-0.0862373186932
-0.0264887316759
-0.0357489826669
-0.0224592040092
-0.061216885978
-0.0629392352048
-0.0525248529967
-0.0474483851952
-0.0576967407238
-0.0867024561915
-0.00191716331945
-0.0776536010579
-0.0411775839105
-0.0714392296954
-0.0124031026219
-0.0213932640056
-0.0551289642096
-0.0151406473352
-0.0566162160385
-0.0616757279348
-0.0204981900903
-0.041421713196
-0.0768079017181
-0.0861352576305
-0.0359123627144
-0.0859598622315
-0.0756924652033
-0.0704408208165
-0.0109810768449
-0.0801822281809
-0.0756464648032
-0.067814279461
-0.0580572579253
-0.0603676269691
-0.0150008220129
-0.0509185480143
-0.0914068240509
-0.0697064598056
-0.0806521097373
-0.0640539742045
-0.0283034542416
-0.0690381194282
-0.0829005560834
-0.0360509758126
-0.030301870436
-0.0918679590146
-0.0574488394612
-0.0537537718813
-0.0586518319954
-0.0856445483573
-0.0633456691586
-0.0335992505813
-0.0899571536101
-0.0716511139024
-0.0569689355947
-0.0745019509543
-0.0734271137502
-0.051785311366
-0.0735114356807
-0.0643212206426
-0.0734773392813
-0.0635337927293
-0.0542669285152
-0.0631129398614
-0.046486486384
-0.0923319363401
-0.0693274981879
-0.0563770130357
-0.0129844329954
-0.0156774980987
-0.0676834828264
-0.0104560772228
-0.0883253222879
-0.00226149698123
-0.00713530852798
-0.0489626749857
-0.016160767558
-0.0554476999877
-0.0720297432085
-0.0762952347559
-0.0680664310723
-0.0071605517734
-0.0530131250641
-0.0591736067806
-0.0903617951226
-0.076923066376
-0.00623203579999
0.000107758226285
-0.0804220574944
-0.0581238409373
-0.0701132642456
-0.0614486671586
-0.0549125941499
-0.0528268949806
0.00055526014897
-0.0188875005965
-0.0512706678342
-0.0779153908732
-0.0635851229214
-0.00589235900823
-0.0102434610647
-0.0903533026821
-0.0590333927781
-0.00728917304185
-0.0562711218035
-0.0857498382655
-0.0838739312978
-0.08057456541
-0.0600136785928
-0.0690616067727
-0.0737881552317
-0.0602017198502
-0.0652140242324
-0.0151278948671
-0.0251479556088
-0.0760086403622
-0.042428746017
-0.00177944929425
-0.0626920629413
-0.0602063419497
-0.0919900354166
-0.000906240782654
-0.0569842986664
-0.0581660587645
-0.0699086220837
-0.0890168976588
-0.0861736285266
-0.0566961898423
-0.0818423257586
-0.08951794243
-0.0340254993551
-0.017838159735
-0.0130862005946
-0.0708650429166
-0.0766645639465
-0.0732882070341
-0.0797902704552
-0.083464327897
-0.0691866410702
-0.0733328119167
-0.0116996625056
-0.0917082337428
-0.0584507523255
-0.0327912436549
-0.0697376696445
-0.0707357317779
-0.0593853679175
-0.0763104758893
-0.0475130845589
-0.0617519306444
-0.010698277741
-0.0667086777319
-0.0694343325721
-0.0663971976908
-0.0909997424552
-0.0836788014965
-0.065219638216
-0.067367779382
-0.0652955698284
-0.0910949887179
-0.0635905728956
-0.0910437699204
-0.0583089583576
-0.0783271099453
-0.0694855451065
-0.0736207963092
-0.00976706628803
-0.0834427482209
-0.0360386496387
-0.0602946296369
-0.000682615393825
-0.049488688338
-0.0821641962594
-0.0770808542124
-0.077156208582
-0.0631914469074
-0.0913232133615
-0.0804769946822
-0.00326975425112
-0.0656974405641
-0.0828204811523
-0.0113810350309
-0.0574318927338
-0.0393608708593
-0.0595366384295
-0.0413536703677
-0.0428586771215
-0.0616851325848
-0.0642566230364
-0.0643500302435
-0.0549987694048
-0.0477478696493
-0.0436860999276
-0.0401870449309
-0.0725946434453
-0.0414335618035
-0.0909776519599
-0.0883719253444
-0.0922947415497
-0.0846428293523
-0.0534967971975
-0.0925875616381
-0.0799743158827
-0.0921215023803
-0.0772247775128
-0.0479525814383
-0.0745212102981
-0.0134872765421
-0.0689327138127
-0.0911848218131
-0.0921243203509
-0.0499866256099
-0.0199548799576
-0.0657117456999
-0.0683441032192
-0.0709713014474
-0.0164823839977
-0.00159856829309
-0.0673667380629
-0.0379823598784
-0.091476442298
-0.0385771911239
-0.0270703097903
-0.0668420882097
-0.0282128219588
-0.0329989707458
-0.0290638320995
-0.0565746250733
-0.0269943692679
0.000272114557312
-0.0295318712244
-0.0469731985875
-0.024710852233
-0.0457757180185
-0.0403084154433
-0.0333415098755
-0.0418661027736
-0.0340263415204
-0.0360636804348
-0.0367968084433
-0.034733864319
-0.0357613066996
-0.0372177660094
-0.0654314714136
-0.0315553233047
-0.063765970369
-0.0283002558533
-0.0198700890482
-0.0344554599391
-0.030418250204
-0.0244472054622
-0.0350475394245
-0.0234501419278
-0.0228953997131
-0.0194254370874
-0.0177420991064
-0.0119677514913
-0.0138292692408
-0.0150747258665
-0.0268613195719
-0.00727301726944
-0.0100128902141
-0.0507013388036
-0.0350413161493
-0.00574758384392
-0.0010089464956
-0.0330415861248
-0.066188882407
-0.0625796894761
-0.0457265590893
-0.0400805002566
-0.0626243697247
-0.0640521816281
-0.0353671630633
-0.022044838432
0.0154640818579
0.00697468310238
-0.000648041973978
0.00324867862691
0.00664743087486
-0.00164356195647
-0.0679581397016
-0.0566983489743
-0.00442364475882
-0.0249304432436
-0.0345965956598
-0.0578482431633
-0.0236232064853
-0.0322006515659
-0.00297830258073
-0.0401917568772
-0.0383508315977
0.000265574806628
-0.0542276827886
-0.0685327578064
-0.0488716173741
-0.0520469181772
-0.0392236533639
-0.0428516793841
-0.0592484701632
-0.0421709872615
-0.0328047579283
-0.048635118721
-0.0591669284868
-0.0213826835627
-0.0084756215161
-0.0603572879564
-0.0045620937431
-0.0106845494949
-0.0289377112524
0.00248775330786
0.00503921200315
-0.0528879616666
-0.0716986795974
-0.0708856856479
-0.065007922055
-0.0467926782879
-0.0416222509513
-0.0552139267835
-0.0494745013806
-0.0668970410112
-0.0160014093939
-0.0654744304541
-0.0372807274379
-0.0516173653175
-0.0639930341224
-0.0665046110571
-0.0693316382708
-0.0205088307729
-0.015160958581
-0.0288317157126
-0.0194528263302
-0.0164194239192
-0.0142786204015
-0.0643690579625
-0.0080350446005
-0.00375023043849
-0.0560862277797
-0.0490721167827
-0.054730833271
-0.064384945783
-0.0628965110282
-0.0514615998021
-0.00850520123011
-0.0599767454027
-0.0241939123068
-0.0448599990346
-0.0398966801565
-0.0220314820234
0.00262842205198
0.00600314317933
0.000637260314244
0.000497800310036
-0.0141683259473
-0.0682578454313
-0.00419682633119
-0.041546005441
-0.0403027457552
-0.0252756661814
-0.0288799951295
-0.0102047200485
-0.049578928257
-0.00995584411858
-0.0363001601125
-0.0159135121005
-0.00551766258363
-0.00265481363548
-0.00130340383808
-0.0423997556568
-0.0163425397094
-0.0275701600564
-0.00359620644413
-0.0212301478109
-0.0156856462739
-0.0338043592095
-0.0523365056642
-0.020628842337
-0.0466933635415
-0.0481452449173
-0.0467240200277
-0.035855687029
-0.0013702927154
0.00389115459348
0.00492231813889
-0.00287577929964
0.0182794639649
0.0154968221047
-6.95462776235e-05
-0.000590507586841
-0.00482223547754
-0.0111011654938
-0.0330793772351
-0.0565826580413
-0.0158505669302
-0.0237056762527
-0.0652225503306
-0.0397180210485
-0.00660663671858
-0.0414793404891
-0.0560817615409
-0.0237656914215
-0.037216643836
-0.035882826923
-0.0545884396646
-0.0348430705337
-0.0443100000909
-0.0447833791327
-0.0475746952096
-0.0451700808313
-0.0628120862513
-0.0685910050689
-0.00481684949736
-0.039155791023
-0.0136428961104
-0.0145441273275
-0.0334349791531
-0.0119950196944
0.00290485731306
-0.0616331834939
-0.0730958541975
-0.0611214785287
-0.0444211673609
-0.0364685417855
-0.0549059755768
-0.0250203328118
-0.0637136149154
-0.0393005096838
-0.0648658366913
-0.0539257000745
-0.00358620030532
-0.0650984694675
-0.0405692806162
-0.067636864423
2.57665028943e-05
-0.0702994810113
-0.0660138189839
-0.0632225725479
-0.065846384777
-0.0681165229535
-0.0524181196438
-0.0580599475772
-0.0210809751685
-0.0203634827113
-0.0209549609351
-0.0239476097618
-0.0191800268721
-0.0177880236506
-0.0605532946056
-0.00548490990908
-0.0304910649909
-0.0494174007453
-0.045198355248
-0.0311691465041
-0.014259647719
-0.00224821077884
-0.0567829475524
-0.0278835718046
-0.0659123389824
-0.018168185214
-0.040749401444
-0.0330678420005
-0.0250381562188
-0.0570452012168
-0.0244282557068
-0.0189746751343
-0.0452081394266
-0.0648123663145
-0.00551386120085
-0.00695711979833
-0.0335072887475
-0.041096711112
-0.0409044875334
-0.0241469838803
-0.031449716877
-0.0172545277799
-0.0414197280046
-0.00404701007754
-0.0358926463426
-0.0363457018637
-0.0231112011658
0.00143894901801
-0.061880192555
-0.0618696023608
-0.0203427280707
-0.0259505583396
-0.0356390556866
-0.00857964682062
-0.0328459842869
-0.00232163608218
-0.0024742141611
-0.00516644736565
-0.0467209211559
-0.0424595773116
-0.0230878677705
-0.0649305158431
-0.0554919251842
-0.00296380896124
-0.0285425807797
-0.0391414678183
-0.0479496821234
-0.0390723760031
-0.0243767857929
0.00918177776104
-0.000217216522668
0.00186708491134
0.00736531145402
-0.0616995734696
-0.0439606040659
-0.0393940977407
-0.0507818089284
-0.0682382780698
-0.0337838425442
-0.0324307692327
0.00734493561042
0.000379252782094
0.00650346376813
-0.000204581793572
-0.0121023911192
-0.0402453324727
-0.0601256907894
-0.0125061616608
-0.0601619036423
-0.0631926603631
-0.027443698619
-0.0353247727754
-0.0154567602757
-0.0607725857971
-0.0584688614448
-0.0576461751246
-0.0389209423192
-0.0120250673316
-0.0156988840323
-0.0121199067629
-0.0191098783361
-0.0160715786578
-0.0628719792034
-0.04721308866
-0.0646119644697
-0.0665454147352
-0.0660522049055
-0.0560621525523
-0.0355924379857
-0.0169065889333
-0.000273106968116
-0.063480632445
-0.0607208431604
0.00631322702697
-0.026261034931
-0.0192532647104
-0.0315299789139
0.0025398201344
-0.000218997342685
0.000954766606511
0.00683389469221
-0.0255164163122
-0.0610858373516
-0.0590646157363
-0.0473610575256
-0.0413643788152
-0.0268647478501
-0.0665664480567
0.000515815674479
0.00287793459712
-0.0103389417134
-0.036411423033
-0.0574253342771
-0.0545007665503
0.00162215084577
-0.00086899853971
-0.0529742624872
-0.0471572943112
0.00829872887253
0.00800797256019
-0.0273338385171
-0.0123392255197
-0.0345180551616
-0.0353914208837
-0.0325181846101
-0.00895453810894
0.0206935952159
-0.00780068866267
-0.055805726572
-0.0520745942739
-0.00536460804238
-0.00336935808578
-0.0428844390237
-0.0414848674163
0.00722124381122
0.00340630416188
-0.0231525221128
-0.0257696163489
-0.0375746763021
-0.0382621549585
-0.0294992124158
-0.0203556913522
-0.0257934398666
-0.0175565173984
)
;

boundaryField
{
    bottomWall
    {
        type            zeroGradient;
    }
    leftWall
    {
        type            zeroGradient;
    }
    rightWall
    {
        type            zeroGradient;
    }
    movingTop
    {
        type            zeroGradient;
    }
    front
    {
        type            empty;
    }
    back
    {
        type            empty;
    }
}


// ************************************************************************* //
