/*--------------------------------*- C++ -*----------------------------------*\
  =========                 |
  \\      /  F ield         | OpenFOAM: The Open Source CFD Toolbox
   \\    /   O peration     | Website:  https://openfoam.org
    \\  /    A nd           | Version:  14
     \\/     M anipulation  |
\*---------------------------------------------------------------------------*/
FoamFile
{
    format      ascii;
    class       surfaceScalarField;
    location    "41.999999999993";
    object      phi;
}
// * * * * * * * * * * * * * * * * * * * * * * * * * * * * * * * * * * * * * //

dimensions      [0 3 -1 0 0 0 0];

internalField   nonuniform List<scalar> 
4035
(
-8.08302252809e-06
-2.58730328723e-05
3.3956055063e-05
-6.36805789707e-06
5.17952014525e-05
-5.35101661142e-05
-3.2241090771e-05
8.57512565128e-05
-8.57512568933e-05
0.00092489467657
-0.000158655227681
-0.000766239448914
1.41273283585e-05
0.000219318591217
-0.000233445919573
-0.000621627649824
4.24898788063e-05
0.000579137771037
-0.000949767877701
0.000436566538185
0.000938412330894
-0.000425210991389
0.000424208503167
-0.00131541444962
-0.000379514395869
0.00127072034233
0.00032925885292
-8.05090064079e-05
-0.000363328866043
0.000114579019527
-0.000253272768312
-0.000754849869516
0.000722291394199
0.000285831243589
0.00114310744799
-0.000813640556931
9.47416121369e-05
3.69081528908e-05
-0.000961017581605
0.000938874233764
-1.47648050624e-05
5.17011091222e-05
-0.00112797471527
0.000902291827257
0.000173981778906
0.000913652414259
0.000556477047748
-0.00113155618285
-0.000338573279187
0.000582882299249
-0.000730864855929
-0.00010529021165
-0.000346792005789
-0.000659832795711
0.00072311600377
0.000283508797716
0.000618588867429
-0.00068781644875
0.000324168213551
-0.000254940632285
0.000305345939815
-0.000177412469361
0.000201325382459
0.00063246227166
-0.000768723273769
-6.63816780506e-05
0.000556214902527
0.00100114204569
-0.000536199637534
-0.00039117886393
-0.000490802280617
-0.0011915211701
0.000293454401537
0.000121689051048
-0.000639146253001
0.000584910510575
2.05653369903e-05
-6.61549212693e-06
7.18014116435e-05
6.8762678466e-05
0.000252726305871
-8.13979855646e-05
1.71810832421e-05
-0.000188509403564
-0.000348214959236
0.000600941265097
0.000219605639224
0.000154502979053
-0.000359015130088
0.000284092844947
0.000136821783773
-9.23040387768e-05
-0.000310363672031
0.000446052306045
-0.000511170792242
-0.000283096473051
-3.00318679377e-06
3.00318678542e-06
2.32688897205e-06
6.50568825155e-06
-1.18357640331e-05
5.3300757546e-06
-6.95622215693e-05
-8.13979856069e-05
0.000229330852655
-0.000843698264414
0.000614367411729
-0.000293337125157
-6.72764316398e-05
0.000360613556776
0.000140726794518
-0.000902902943777
0.000762176149252
0.000847248577885
-0.000392059419853
-0.000846786236678
0.000391597078643
-0.000724379443416
0.000718332578785
0.000254823521831
-0.000248776657143
-0.00128556967266
8.37404178272e-05
0.000477449811414
0.000761755100948
0.000597946487727
-0.000641369009921
0.000429120994956
-0.000405383146244
0.000105512272945
-0.00012925012168
-0.000401340408505
0.000537124278293
0.000346404098062
0.000644681855526
-0.000324102507455
-0.00120690847887
0.00024544131368
-0.00104740916481
0.000785321422556
-6.20147651826e-05
0.000873213819098
-0.000823623121369
3.41497201027e-05
-3.60520989201e-05
0.000993631110787
-0.000813133584046
-0.000144445427797
-0.000101562549206
-0.00119838076639
0.00105695314394
0.000242990171658
-0.000540464453746
0.000689437941779
0.000105850033829
0.0006348033156
-0.000734550459705
-0.000301593264415
0.000765912414468
-0.000357105433594
0.000189139506878
-0.000328387901968
0.000158258874913
-0.000235254119201
-0.00100761746293
3.8235841291e-05
-0.000583875858384
-2.31592823899e-05
0.000505472591551
0.00102620139425
-0.000215004915289
-3.9980290094e-05
0.000376895651404
0.00075729430229
-0.000612229443859
0.000353736369014
-2.22163770495e-05
-9.8668018476e-08
-6.34362118413e-05
-0.000113230657439
-0.000631245727731
0.000660931508355
-0.000185287353861
0.000155601573225
0.00022796323284
-0.000248844662471
-0.000192773896942
0.000319986037366
-0.000297412165624
-9.3758344106e-05
8.39727082159e-05
0.0002122135036
-0.000537012424191
0.000555420086871
0.000209555570174
0.00267219526954
-2.8039944901e-05
-0.00264415532461
0.000245216034791
0.000535315891982
-0.000780531926742
-0.00158457190205
8.07574699245e-05
0.0015038144322
-0.00144321249899
0.000675638325361
0.00131318480143
-0.000545610627821
0.000587849101859
-0.00183171203268
-0.000721937343876
0.00196580027472
0.000753294826624
-0.000206762730842
-0.000879972436444
0.000333440340663
-9.55127565172e-05
-0.00115244168189
0.000798507870879
0.000449446567516
0.00133470752137
0.00011024098118
-0.000857099400637
-4.81156111938e-05
-0.000987906958874
4.342328539e-05
0.000992599284673
3.14067951487e-05
-0.001356716539
0.000209954298554
0.00111535544536
0.00129063159935
0.000208615452552
-0.000118958997182
-0.00138028805472
0.000572999887817
7.7144350997e-06
-0.000676227079442
-0.000625929433575
-0.00102769725936
0.000430372900952
0.00122325379196
0.000396859550262
-0.000993296493967
-5.27343325694e-05
0.000649171276225
0.000664415037732
0.000396135272805
-0.000307255483925
0.000715633749382
-0.001471215881
3.84533039465e-05
0.00108131977299
0.00230650924593
-0.000393199681966
-0.00110605614394
-0.00097058597803
-0.00188904534916
0.000477239645374
0.0001575123955
-0.00120052215083
0.000905574498191
-0.000190263547012
0.000157549301816
-4.86837404159e-05
0.000181630097595
0.00333252833789
-0.00401379077735
-0.000321764985261
0.00100302742468
0.000316259692129
0.000529785443191
0.000397354009285
-0.000519476770474
0.000135503377887
3.45394964654e-05
-9.58645765897e-05
0.000209067678092
-0.000154757663896
0.00110282230302
-0.00115713231724
0.003541596016
-0.000363392576236
0.000363392576209
0.000184333557158
-0.00034808817469
-0.000199637958727
0.000547726133353
0.000312843333652
0.000660931508266
0.000252819274368
-0.00267188747976
0.00241906820551
-0.000433671043106
-0.00127385901983
0.00170753006292
-7.24157970602e-05
-0.00216595396353
0.00223836976057
0.0010067882079
-0.000557785182039
-0.000948470252519
0.00049946722668
-0.000740025831636
0.000977534339571
0.000134309329268
-0.00037181783742
-0.00154593840041
-1.44721209603e-05
0.000820384689812
0.00122650344224
0.000581589006384
-0.000830558108852
0.000839306293475
-0.000720355385194
0.000242786321392
-0.00036173722967
-0.000455785499104
0.000861420749512
0.000906074301471
0.00057324841523
-0.000450268419853
-0.00153936111872
0.000443691138142
-0.00115708301163
-0.000108047358998
0.000814861950596
0.000940549784539
-3.02878444271e-05
-0.000924734061158
-0.000138183600938
0.0011820686555
-0.000136923022884
-0.000906962031923
0.000240619300867
-0.00142123405882
0.000128825992445
0.00105178876571
-0.000562670671424
1.6185584618e-05
0.000680794415988
0.000829150711397
-0.000318788841073
-0.000966147369361
0.000980695333115
0.000128645165561
-0.000527751492091
-0.00059349577794
-0.000361810692843
0.000234951085619
-0.00268206089871
-0.00103107269843
-0.00130778271226
0.000179849329979
0.00136855268315
0.00142019526973
-0.000551590662798
-0.000191581646147
0.00201735979471
0.00101001456341
-0.000706378995947
0.00219720912465
0.00102641276799
-0.000306120257269
-5.93610024392e-05
-0.00325961347632
0.00401379077736
5.09369478135e-05
-0.000805114248933
-0.000366397160109
0.000306148331503
-0.000369004081915
-0.000590888856113
-0.000304456177644
0.000427227893105
-0.000166596002334
6.06127568604e-06
0.000132709689568
0.000154359838073
-0.000835764720173
0.000987553213627
-0.00106179116968
0.0010617911697
0.00064951843051
0.000279957031026
-0.00199126663122
0.0017113096002
-0.00202252414613
-0.000898177445277
8.45368883563e-05
4.06967884908e-05
-0.00044550793743
0.000268095468065
0.000277608066337
-0.0005534824588
-0.000177382397138
-0.000229314245254
-0.000102065896238
9.54504041042e-05
0.000117539742981
0.000668675434188
0.000269736896704
0.000309660304106
0.000693639471628
0.000208652355626
0.000268428480238
-0.000782002244412
-0.000349553938452
-0.000335949938372
0.000238986677463
-0.000221805594229
-0.000272184114781
0.000827103962885
-4.17825403218e-05
3.48084151664e-06
0.000436947096043
-0.000278688221146
-0.000297603363665
0.000544461134468
0.000144976807331
0.000187355700878
0.000107248614934
-0.000107347282957
-0.000141596047539
-0.000607860789483
-0.000238925447191
-0.000287874752114
-0.00062612921544
-0.000187004368591
-0.000234532136794
0.000814425261325
0.000242527882629
0.000277412837139
-0.000374342554258
0.000189055200404
0.000181077532615
0.000993703566176
-0.000356144842785
-0.000637558723383
-0.00083383662567
0.000698545508779
0.00013529111689
-8.95400001424e-05
0.000242895669858
-0.000153355669735
-0.000791194764428
0.00023898752911
0.000552207235315
3.25460478009e-05
-0.000411117715122
0.000378571667339
-0.000116760280283
0.000446216152691
-0.000329455872428
-0.00053760307832
0.000420842798028
0.000775719607469
-0.000266956717745
-0.00050876288985
0.000238355205043
-0.000649388302007
0.000411033097025
-0.000782028202549
0.000647337269601
0.000134690932856
-0.000789349326925
-1.84543764197e-06
0.000848608995967
0.000145094570211
-0.000260666733893
0.000171126733745
0.000424344702886
-0.000391798655069
-0.000749786208966
0.000357807289135
0.000391978919859
0.000843210653927
-0.000788216345012
-5.49943088675e-05
0.000607379583041
0.000235831070923
0.00119359592838
-0.000727391336562
-0.000466204591831
0.000846816405418
0.000346779522947
0.00111863918638
-0.000612217709635
-0.000506421476728
0.000391247849813
0.00109368677246
-0.000487355788134
-0.000606330984346
0.000685487302473
0.000408199469975
-0.000777848467288
3.73491130898e-05
0.000740499354197
-0.000992312388944
0.00058256350287
0.000409748886057
-0.000255249364568
0.000493604569655
0.000135429824847
-0.000540193015435
0.00040476319067
0.000408266866915
-0.000799518176305
0.000391251309469
-0.000798592458359
0.000852850932941
-5.42584746925e-05
0.000857608445475
-0.000961539706085
0.000103931260603
-0.000421621084344
0.0003955776301
2.60434542397e-05
-0.00019704422461
-0.000552741984338
-0.000134213163422
-0.000515175138553
7.56889495354e-05
-0.000853537416824
-0.000593921428557
-0.000239915197112
-0.000137757963157
-0.000660834495344
0.0006577182424
4.08272663696e-05
-0.000274955323369
-0.000507072879199
0.000637341128945
0.000138378478419
-5.60888793452e-06
0.000691096190396
0.000555303360548
-0.000560912248495
0.000358048662634
-0.000785934444497
0.000427885781861
0.000836810530072
-0.000478761867434
-0.000160999857653
0.000801185689334
-0.000640185831707
0.000685816547757
-0.000461568778351
-0.000326647566631
0.000268493615569
-0.000730062393897
-0.000609657282643
0.000564022132974
4.56351496615e-05
-0.000611477150335
0.000424319344998
0.000187157805356
0.000434652620202
0.000221798141984
-0.000656450762173
-0.000887656443077
0.000101721998608
-0.000280276860047
0.0010005796653
-0.000163769135242
0.000388361955676
0.000627310151323
6.39291319661e-05
-0.000691239283273
0.00111354869011
-0.000312363000787
0.000626192901965
0.000860670882497
-0.000305367521964
-0.000459926166001
-0.00015155098432
0.000176353256312
-0.000636279422299
0.000471600919289
0.000172031539115
-0.000643632458375
0.000322824580645
0.000269439847719
-0.000592264428365
-0.000286832701997
0.000652142106342
-0.00021748948613
0.000609209346345
-4.5187213384e-05
0.000596401515089
-0.000172082170079
0.000715839580703
-8.85294293767e-05
0.000668934127314
-0.000197333208003
0.000463400640599
-0.000327970815718
0.000323067804172
-0.000328690596205
-0.000663621792752
0.000201525120779
0.000601725560004
-0.000803250680774
-0.000438912454914
0.000677899984098
-0.000648524494222
0.00038156777639
-0.000241260454225
0.000649527321158
-0.000375383242166
-4.6237842205e-05
0.000201933897163
0.00065567454832
-1.18722465332e-06
0.000431707184812
-0.000787852027602
0.000598580082612
0.000254270850275
-0.000631047885927
-0.000330491820166
-0.000225305827834
-0.000574212348439
-0.000508731270388
9.24213870457e-05
0.000416309883353
-0.00020494335622
0.00078750685908
-0.00042321862648
-0.000274368208294
0.000697586834852
-8.91570098105e-05
-0.000742321558118
0.000831478567906
1.70492650349e-05
0.000711671554848
-0.000728720820008
-1.47143951701e-05
0.000486717998114
-0.000472003602897
-0.000711031546848
0.000973585844539
-0.000262554297681
-1.44278436807e-05
-0.000494303426654
7.09881860517e-05
0.000640565735385
-0.000711553921438
-0.000556572315466
0.000419949578089
-0.000434663973218
0.00063687805263
-0.000435352931847
0.000648524454314
-0.000290717165155
-0.000615629347647
-0.000173719979288
0.000720204895737
0.000128404100226
-0.000489968223411
7.8850508293e-05
0.000426805109522
1.94110431588e-05
0.000436650738268
8.85916345436e-05
-0.000525242372782
-0.000354788583075
1.11195620444e-05
0.000343669021023
0.000733863214701
-0.000507265777609
-0.000226597437106
0.000519785571874
0.000214077642819
0.00031980884308
7.57687869897e-05
0.00024104155781
1.85411203496e-06
0.000623369557266
-0.000186718818979
-0.000555918054043
0.000626906240096
9.16416164703e-05
-0.000802673163306
-0.000713968068841
0.000666586411667
4.73816571337e-05
0.000806008947418
-0.000754158145824
-5.18508015849e-05
-0.000795442379957
-0.000900283111832
0.00073759215806
0.000162690953761
-0.000187627205452
-0.000526340863377
0.000212728170903
0.000593280776515
-0.000289530430923
-0.000610752680918
-0.000232232320941
-0.00062282361175
0.000855055932695
0.00049534719757
0.000478238646978
-0.000463703787141
0.000449275943485
-0.000447733194263
9.2944611183e-05
-0.000249547171853
0.000512936337445
0.000421211966351
-0.000696167289724
-0.00046239973666
-0.000181941582461
0.000644341319174
4.22575950681e-05
0.000595083533758
0.000511247264987
-0.000649005228242
-5.89405964368e-05
0.000414377017743
0.000109891256479
-0.000524268274176
-0.000282961855136
7.78554432705e-05
-0.000540255179886
0.000351189955527
0.000319384177982
-0.0006705741335
-0.000397973340521
-0.000300481135807
0.000698454476346
-0.000688538352692
0.000290565012179
-0.00059430991112
0.000105112674292
0.000489197236831
-0.000363344054652
3.72897775291e-05
0.000326054277146
-0.000301355859005
3.27494731452e-05
0.000268606385879
-0.000236587781665
2.65797324725e-05
0.000210008049213
-4.25395913435e-05
-0.000531672757081
-0.000639830204262
8.30881806826e-05
0.000556742023576
-0.000167222151843
1.95172114759e-05
0.000147704940394
0.000584279131876
0.000218450886081
-0.000802730017936
-0.000580124723699
-5.97054805538e-05
0.0002070991705
-0.00016760786987
-3.9491300625e-05
-0.000337348397163
-0.000498809634084
0.000394459949024
0.000104349685064
0.000700712896177
-0.000621325620294
-7.9387276164e-05
-0.000812181816496
0.000460114166351
0.000352067650136
-9.24975083069e-05
1.20571989431e-05
8.04403093792e-05
0.000657917073058
-0.000493835575297
-0.000164081497788
0.000133870900218
-0.000236301447424
0.000102430547207
-2.78332565513e-05
-0.000303208132558
0.000331041389156
0.000130645322369
-0.000178064829676
4.7419507322e-05
-1.25972824187e-05
4.35107131304e-06
8.24621111658e-06
-0.000166129825284
0.00022689800442
-6.07681791066e-05
3.84512582392e-05
-0.000304325663457
0.000265874405275
0.000273775955568
-0.000235324697329
2.95048619501e-05
-0.000769873187808
0.000740368325868
0.00072979915507
-0.000828340984659
9.85418295974e-05
-0.000309781715182
0.00084155470271
-0.000531772987522
-0.000301762858013
0.000107438357116
0.000194324500928
-1.73341144027e-05
-0.000346009940245
-5.73579255912e-05
-0.000749847938112
0.000807205863526
-0.000511221730433
-0.000373554775483
-0.000438627041022
0.000827916074378
-0.000342712558269
-0.000485203516103
-1.35219669881e-05
-0.000287833892008
0.000518134359201
-0.000737391311895
0.000766896173846
-0.000660847530682
0.000276785463325
0.000384062067366
-7.65121059691e-06
-0.00022893657106
9.09330666658e-05
0.000273843492202
-0.00036477655887
-0.000643974065012
0.000458350050345
0.000185624014663
-0.000718192421017
-0.000299108303265
0.000390041369922
0.000167146502624
-0.000103444425715
-6.37020769005e-05
0.000680021369564
-0.000410916588763
-0.000269104780806
0.000434692122994
0.000245329246569
0.000145921201601
-1.52758792269e-05
0.000381351787126
-0.00021914754305
-0.000162204244076
0.000690756001561
-0.0005926715951
-9.80844066415e-05
0.000619204931439
7.15510699763e-05
-5.65199301889e-05
0.000154882510734
-9.8362580518e-05
-0.00067195765749
0.000107655943999
0.000564301713478
-0.000298144800449
-0.000362702730229
0.000129325985601
3.00954393563e-05
-0.000159421424946
-0.000317053064675
0.000403969957492
-8.69168928287e-05
-4.77046040484e-07
-0.000166745105792
-0.000128679767834
-0.000543277889673
0.000108041300972
0.00065770149003
-0.000700241081378
-0.000508862425671
0.00036812707426
0.000140735351432
1.06131889709e-05
-0.000748004500856
0.000365638160067
-0.000117828069932
-0.000247810090126
-0.00038621949427
6.95083410328e-05
0.000316711153254
-0.000129219172176
-8.109442614e-05
0.000210313598342
-8.32003435719e-05
-0.000415609290502
-5.56569226553e-05
0.000184982908267
-0.000715765629454
0.000726378818435
0.000241686635623
-0.000161606772812
-8.00798627969e-05
9.32806712917e-05
0.000272357488785
0.000304793248163
-0.000123833752676
-0.000180959495476
-0.000292938822974
-0.000109752044847
0.000579962805667
-0.000470210760836
7.20644490105e-06
-9.9703953201e-05
9.8174789301e-05
-0.000101665072158
3.49028286877e-06
0.000243112374967
-0.000131535942007
-0.000111576432951
0.000105579822265
0.000137532552711
9.83772606812e-05
0.000206415987488
3.48114214618e-05
0.000132335081171
0.000114070014702
-0.000791571122553
0.000677501107871
-0.000220194140546
8.86581985497e-05
-0.000157520830341
-6.26733101994e-05
0.000529237305215
-0.000797381952707
9.04529431674e-05
0.000706929009567
-0.000209281942018
0.000384478012719
0.000220364106551
-0.000604842119276
-0.000675904265066
-0.000121477687619
0.000191359889459
-0.000198468522882
7.10863343191e-06
-0.000185739102355
0.000811915819538
-0.000639554210366
-0.000172361609153
-8.33236996759e-05
0.000217194599902
0.000139809797698
-0.000153609708442
1.37999107552e-05
0.000364965595082
0.000486457656514
-0.00085142325158
-0.000134551208475
-0.000101750238945
0.000425610273503
-0.000535511622748
0.000109901349271
0.000136011554491
0.000821803028248
-0.00073726613988
-0.000789422249957
0.000747639709651
-0.000788168979092
0.000717329558127
7.08394207465e-05
0.000899123912244
-0.000824399610169
-7.47243020349e-05
0.000214875242906
5.89007126786e-05
-0.000284602962238
-1.97227011932e-05
-0.000823355935141
0.000221850382388
0.000601505552758
-0.000565576072958
-0.000257779862172
-0.000344050520077
0.000634615532269
0.000283216548766
0.000558563163625
-0.000841779712398
7.25479620244e-05
0.000557035704635
-0.000172557691927
0.000284875316284
-0.000370150672492
8.52753562336e-05
0.000243671644534
-0.000446172896444
0.000202501251918
0.000823874873431
-0.000602024491028
-0.000255545722988
9.29052915517e-06
0.000246255193861
0.000275978629756
0.000161237705195
-0.000242332131317
0.000184320663081
0.000392288610895
-0.00010741329461
0.000246296578877
-0.000590347098948
-0.000302416842663
-6.77338298213e-05
-8.68876150955e-05
-0.000346619841725
4.42029990736e-05
0.000131785842707
-0.000247883187581
8.17533623065e-05
-3.60764194902e-05
-0.000219469303477
0.000190821584933
-0.000712962029785
0.000416999595688
0.00029596243411
-0.0004056267911
0.000106518487823
0.000268676062317
0.000128270228661
0.000125623530079
0.00026666508083
-0.000298486946994
0.000209952104456
8.85348425458e-05
0.000275312433082
-0.000303145689614
-0.000556812879586
9.39034766083e-05
0.000462909402967
-7.30392536705e-05
-0.000105025575985
0.00088204197457
-0.000598825425822
0.000220249212673
-0.000793258717214
0.000573009504542
0.000770495943564
-0.000788880628103
3.9032689871e-05
-0.000766392346286
0.000264259621963
0.000293985524795
-0.00055824514675
0.000280004905538
0.00019245657287
-0.000472461478422
0.000135570728321
0.000245781058802
0.000234647500761
0.000267345775679
-0.000501993276429
0.000913444644726
-0.000680127678189
0.000699571045909
0.000199552866343
1.49606532579e-05
-2.75579356727e-05
0.000461346111203
-0.000804058669471
0.00079909382765
-0.000708640884446
0.000683298419956
-0.000460103783387
-0.00022319463659
0.000189462844655
0.000494620397156
-0.000214615491634
0.000311987918321
0.000424049571635
-0.000736037489947
-0.000261362092662
0.000516993482222
-0.000255631389581
0.000773334029528
0.000700835034962
0.000121568866424
-0.00076110268437
0.000639533818054
-0.000185292946539
-0.000113194000449
-0.00078817503728
0.000809812027113
-0.000127020955271
-0.000661154082222
7.95526590812e-05
0.000664297646059
-0.000743850305141
0.000705830401542
0.000103981625625
-0.000464567488206
0.000829533083299
0.00100818625687
0.000728334876424
0.000279851380463
9.85223984144e-05
0.000143164237219
-0.000325818786465
0.000590078408434
0.000804528344549
1.57155390428e-05
-0.000117380611191
-0.000737079062467
-5.23431874622e-05
0.000227181719514
-0.000345009789437
-0.000217263695463
-0.000216769167292
0.000437201704762
-0.000220432537471
0.000240020312559
-0.000523116785616
-0.0003265027146
0.000536058284786
0.0002777850643
-0.000539147156979
0.000587901321246
-0.000415494721738
-0.000172406599531
-0.000623963586913
0.000765244144157
-0.000305129977809
1.87526366354e-05
-0.000766757137478
-0.000712124215454
0.00025202043206
-0.000879899596683
0.000702517199551
0.000787128913555
-0.000642152106199
3.73038126825e-05
0.00017153583701
-0.000208839649682
0.00040756436858
-0.000338056027532
1.13708047258e-05
0.000179989084743
3.8810599196e-05
-0.000196331429528
-0.0004082198069
0.000648240119449
-0.000163657101416
0.00078053879843
-0.000726011701752
-5.45270967747e-05
0.000792168914168
-0.000798714162254
6.54524812439e-06
0.000159537754221
-0.000283371506889
0.000681656512411
-0.000560087645911
-0.000355673875167
0.000211499734122
0.000144174141057
-0.000265095363824
-0.000351469871777
-0.000157392553898
0.000385048473323
-0.000374249404323
-1.07990689857e-05
-0.000190172209917
0.000227476022606
-0.000453957830222
0.000237188662926
-2.7201504965e-05
-0.000319418336753
-3.70526343573e-05
0.000791335764358
-0.000754283129996
0.000344353094946
-0.000307063317417
0.000570763856106
-0.000416404018039
-0.000481926370507
0.00032716870662
0.000178620396898
0.000178655201229
-0.000397802744276
-1.1807596538e-05
0.000183343433557
-0.000165417304978
-9.4340593213e-06
0.000744823886904
-0.000735389827577
0.000284720146331
-0.000590034279581
0.000305314133234
0.000652727729316
-0.000186768125391
-0.000605903016322
0.000265117576491
0.000325558980199
5.59525295231e-05
0.000736216384686
-0.000438236473446
-0.000118576406145
0.000692559726139
-2.22033772546e-05
-0.000670356348848
0.000273459963872
-0.000384421848606
0.000110961884715
0.000282006767516
-0.000249257294362
6.28313013923e-05
-0.000253003511302
-0.000662586857138
-9.85158271747e-05
-0.000230050345084
-0.000179601153998
1.19932841363e-05
-9.89874896828e-05
-0.000678459386401
0.000270239579492
0.000562505210623
0.000769551313025
-0.000806603947378
0.000215613592332
-0.000189033859845
0.000242606820295
0.000194594884468
0.000681917981133
-0.000625965451583
0.000140715227188
0.000447186094044
-5.61467465501e-05
-0.000267526732446
0.000323673478993
-0.000674027234575
-5.7329730698e-05
0.000731356965298
-0.00037150546085
0.000207138906184
0.000164366554672
3.32298036901e-05
0.000810386745563
-0.000400637859516
3.97332308952e-05
-0.000428469962579
0.000388736731696
0.000897680236749
-0.000566207779477
-0.000331472457271
0.00058981458241
0.00030786565433
0.000553998722849
-0.000448886048558
0.000272783405851
0.000287614124867
-0.00034376087143
1.85324915756e-05
-0.000287335763513
-0.000211049727511
0.000498385491016
0.000472497806585
-0.00072864541641
0.000256147609826
0.000293729771634
-0.000351878542149
5.81487705139e-05
-0.000428371100232
-0.00028375311524
-0.000270962920961
-0.000743930819786
0.000721727442553
0.000421262021523
0.000760117253705
0.000229657718706
0.000335979943896
-4.22501722597e-05
-0.000639608606574
0.000313105891984
0.000471813466369
-0.000469971858124
0.000659527478322
-0.000843105789727
0.000774518045976
-0.000659426222477
0.000853766058107
-0.000194339835658
0.000143948748865
-0.00012443153738
0.000522545962566
-0.000762149011421
0.000239603048836
-0.000151773447063
0.000757227631724
-0.000605454184659
8.18432570672e-05
-0.000182521897223
-0.000188983563623
-0.000793809486755
0.000642036039695
0.000776918019053
-0.000698937208327
0.000742360493735
0.000362195769435
0.000297331708896
0.000765357434041
-0.000748346575616
4.47916346873e-05
-0.000347999767231
0.000862788078331
-0.000272973495918
0.000578348660854
0.000165374600664
-0.000743723261318
-0.000333513705334
-0.000476190737429
0.000809704442763
0.000928841505244
-0.000464754441984
-0.000464087063273
0.000227171867367
-0.000864730590749
0.00055925357402
-0.000707174653299
0.000147921079403
0.000679892945749
-0.000120639371654
0.000238989007573
0.000506331152004
-0.000625290149194
-0.000148362642805
-0.000489520764744
0.000637883407552
-0.000240626252003
0.000508721720069
-0.000178757954617
-0.000534177023537
0.000712934978154
-0.000734759466165
0.000264787608038
0.000969789894508
-0.000497976428158
-0.000784003462736
0.000731660275291
0.000181225897241
-7.70744531613e-05
0.000704326473152
-0.000434233523799
-0.00027009294935
0.000138604047138
-0.000323896993672
-8.24268714177e-05
0.000370040996288
0.000578469677108
0.000613577181671
0.000249210896654
0.00026322442532
-0.00036781501874
0.000104590593424
-0.000635425810715
0.00047134431292
-0.000129823852368
0.000555434125886
0.000299868179435
0.000404458293712
0.000290621314293
0.000474622829868
0.000321260750207
1.47191936933e-05
0.000357846968365
0.00069286191313
0.000117951941306
-0.000538336058578
-9.21387579229e-05
0.000630474816438
-0.000682539666342
-0.000388499321554
0.000306072450133
0.000634200635167
-0.000127869483186
-0.000476177670499
0.000265127942987
1.15616322959e-05
0.000849720282738
-0.000363262626221
0.000105288022366
0.000413655430979
-0.000146990350134
-8.86541168271e-05
0.000222947174735
-0.000501635395887
0.000313117056027
-0.000741488156269
0.000609587374827
-0.000151237324487
0.000307157523049
-3.32843741735e-05
-0.000273873148874
-0.000188631862754
-0.000489827523654
-0.000208466406662
-0.000247921418767
0.000434531107219
-0.000186609688435
-3.50968621805e-05
-0.000885857148008
0.00067429967047
0.000211557477553
-0.000446059961348
0.000237593554684
1.84241345939e-06
-0.000261125404345
-0.000328908875243
-0.000756266939018
0.000165734012217
0.000427729839014
0.000126268883837
0.000343371305445
-0.000394390988665
5.10196832248e-05
-0.000397003866705
0.000214481969487
0.00044781880532
-8.43241666271e-06
-0.000439386388674
6.67462147474e-05
-5.46890157966e-05
-0.000359530210628
-0.000174727955732
0.000329230934781
-0.000140444632983
-9.22216621239e-05
0.000232666295117
-0.000162539256903
-0.000723317891093
0.000528633025559
-0.000692735736976
0.000600596979038
-0.000697008105039
0.000715540596635
-0.00040371096886
0.000228983013126
0.000679223808091
-0.00049359979343
0.000444334592534
-0.000151205958742
-0.000293128633791
-0.000819039698908
0.00017964305531
0.000639396643591
-0.000375514449424
0.00067538262885
-0.00053965739019
0.00073921025654
0.000400584680996
-0.000966792460489
0.000543824245717
-0.000782749692901
0.000576331718228
-0.000148601879217
-0.000558713987417
0.000828450884128
0.000405889555857
0.000360438552669
-0.000766328108534
0.000162839825885
0.000516383982203
0.00022980198977
0.000153818633148
-0.00038362062292
-0.000723582535862
0.000649343003346
7.42395325472e-05
-0.000623329560046
0.00031812772104
0.000305201838999
0.000557005435538
-0.000796153291542
0.000239147856087
0.000108988963659
0.000572667548803
0.000706232031061
-0.000626679371984
-0.000330927038637
0.000389075809156
-0.000205462517235
-0.000676248029854
0.000855891085159
0.000766592213119
-0.000496352633642
0.000345742953325
7.30583420425e-05
-0.000403985380679
-0.000524786281383
0.000815407595676
0.000294110537459
-0.000650985186609
0.000356874649144
-0.000822389922231
-0.000560927829401
0.000170800348556
0.000390127480737
4.06972042857e-05
0.00070412668262
-0.000281829353102
-0.000341500206956
-8.47246394726e-05
0.000428095944879
-0.00023838273586
-0.000485199799994
-0.000391330942913
0.000867245684455
-0.000658593328821
0.000904710939948
-0.0002806175671
-0.000624093372867
0.0001040112853
0.000400345163391
-0.000504356448719
0.000391556452324
-0.000308722487062
0.000465788490149
0.000295086713113
-0.000760875203255
1.83562711319e-05
-0.000559286309981
0.000540930038854
-0.000306167427126
0.000377233746341
-3.5498511845e-05
-0.000358892476819
-0.000439664180496
-0.00019576163023
-0.000287018000057
-0.000271227146688
0.000401566615709
-0.000644174412372
0.000242607796659
0.000362129338809
-0.000623254743152
0.00029761287978
9.54464326117e-06
-0.000239689524417
-0.000157314342282
0.000926770343066
-0.00061890468875
-0.000316215620358
-0.00053662374038
0.000852839360747
-0.000657343802531
-1.51172592364e-05
0.000715064071512
-0.000699946812279
0.00037387653319
-0.000107693288814
-0.000266183244371
-0.000270056062781
-0.000571718603797
0.000331092351792
0.000317947295221
-0.000214851656762
0.000566263685716
-0.000351412028962
0.000742687200684
-0.000276898710542
0.000651083709233
0.000253627230697
-0.000138013028967
0.000372451995427
-0.00045717663493
0.000201237640257
-0.000153818132918
-0.000366154388223
0.000561854414205
-0.000195700025977
-0.000219115642754
0.000870199351981
-0.000895363672613
0.000328282365332
0.000228753339297
-0.000431572159828
0.000109242244559
0.000322329915263
-0.000119955913139
-0.000673853573616
-0.000599467698478
0.00038461604171
0.000504304464832
0.000104617455784
0.000601614575275
0.000134187008775
0.000127055360528
-0.000661359479361
0.000534304118821
0.000535520244358
-0.000390947979121
-0.000144572265234
-0.000874929607775
0.000418407503233
-0.000264588870084
0.000434559802925
0.000334573925969
-0.000769133728906
0.000169365856136
0.000206498379207
-0.000446609551361
0.00024011117216
-0.000110774932937
0.000209297331361
-0.000782283803327
0.000660806115718
-0.000609393799434
0.000119873034692
0.000193151973148
-0.000638782860141
0.000445630886988
0.000747676858947
-0.000465916852631
0.000495195108591
-2.92782559403e-05
-0.000856258738665
-0.000706088980619
-0.000563323865531
0.000726163691413
0.000406315725329
0.000170015992891
-0.00053516617215
0.000700540772877
0.000514587032833
-0.000583437537539
6.8850504708e-05
3.05917993347e-05
0.000364662105534
-0.000395253904864
-0.000148050620214
0.000520563085947
-0.000502206814814
-0.000400464277513
-0.000160463551948
0.000693534640068
-0.000381232163174
-0.000312302476912
-0.000261501257353
-0.000119696367092
5.96893016787e-05
6.00070654419e-05
-0.000120621279128
0.000493073274533
0.000691031210814
-0.000810987123953
0.00061625259736
0.00026074455692
0.000606501127537
-0.000150447054579
-0.000631836748739
0.000498913504207
-8.59993685088e-05
-0.000412914135699
-9.19932884491e-05
-0.000443518334283
0.00046141588073
-0.000478766650358
1.7350769649e-05
0.000530034607987
-0.000359234259392
-0.000768786382766
0.00069494003022
-0.000585951066525
2.95455985308e-05
0.000467650718142
-4.50097189555e-06
0.000409781524826
-0.000255777186817
-0.000813516807291
0.000626512438723
0.000290763503548
-0.000398456792361
0.000373174766449
-0.000520728832861
0.000147554066393
-0.000246453121514
-0.000285777348638
0.000532230470147
-0.000358471306507
0.000581418481232
-8.14511049855e-05
-0.000512784745675
0.000594235850664
0.000324781525124
0.000103452075182
-0.000428233600309
-0.000218005853398
0.000892305523878
0.00072046281899
-0.000216158354161
0.000434959637277
6.39538669326e-05
-9.48067666001e-05
0.000312290181069
-0.000386888528105
0.000417480327422
-0.000422017123373
0.000386518611477
-0.000740539274766
0.000705442412591
-0.00064516586579
0.000286694559275
-0.000173353030562
-0.000396778900755
0.000279904999182
0.000116873901618
-0.000219409308426
0.000530351400096
-0.000310942091664
0.000600501572821
-0.000750948627387
0.00037796483543
-0.000467078094216
8.91132587561e-05
-0.000542434099758
-0.000226352283008
-0.000628307647698
-2.8736474652e-05
0.000657044122305
-0.000662858817087
-0.000285253408723
0.000647382747523
-0.000171132142004
-0.000126285438823
0.00064266942102
-0.00050659879695
-6.66797155877e-05
0.000573278512562
7.62660427351e-05
-0.000463154570825
-0.000661733042272
0.000238638701442
0.000423094340826
0.000543190759336
-4.38070130801e-05
0.000365386706409
-0.0001888808384
-0.000176505868003
-0.000350449829294
-3.80494922733e-05
0.00045895026386
3.62448447491e-05
-5.80816893818e-05
0.000517031953254
0.000197223505898
-7.96837629273e-05
7.93791163443e-05
-0.000220975163888
0.000173046918884
0.000547415900109
-0.000483301936004
0.000577205412606
0.000665745030914
-0.000441234568204
-0.00022451046272
-0.000811695811423
0.000621938287503
0.000189757523795
0.000342445105781
9.99077615039e-05
0.000328188183399
0.000287217106728
5.71359882338e-05
-5.59196341574e-05
-0.000247226055443
-3.92560577069e-05
-0.000237369017634
-0.00057614778965
0.000421137235761
0.000244607795155
-0.000611256351964
0.000243333400042
0.000407699181968
9.78114545489e-06
-0.000628536195911
0.000187301627714
-0.000183431418636
-0.000203157758911
-0.000478988051241
0.000682145810162
-0.000646152775966
0.000583623907945
-0.000883075181687
0.000299451273724
0.000734392089944
-0.000439305376818
0.000112518978156
0.000214833682252
-0.000327352660401
0.000346565229034
0.000125576381595
-0.000472141610644
-0.000504191088538
-0.000557231410254
0.000475780305271
-0.000321805041422
0.000639932762457
0.000494119295419
-0.000523959176847
0.00075979024777
-0.000370744364245
0.000443802706287
-2.14137182297e-05
-0.00040060340516
-0.000367476388897
-0.000652755501436
0.000351162237016
-0.000324872102054
-0.000121187859328
0.000318479173621
-0.000793468361473
0.000474989187857
-0.000296871139253
0.000124911681101
0.000556393721329
-0.000681305402408
-0.000165663338855
-0.000462872857057
0.000237354810466
0.000361847188535
-0.000459858593417
9.80114048865e-05
0.000290727492441
-0.000537180613964
-0.000219391898654
-0.000346978386563
0.000566370285182
-0.000426202595395
-0.000217971816978
0.000228423467401
0.000206107639822
0.000265564017984
-0.000497297105079
0.0002317330871
0.000249192289961
-0.000369649689695
-6.19224701335e-05
-0.000340598576176
-0.000357298637322
0.000697897213503
0.000367921080558
-8.07039738247e-05
-0.000301792346523
-0.000564680486324
4.38678361571e-05
0.000586619013561
0.000139544677852
-0.000223890717185
-0.000587805094154
0.000329956485522
-0.000135631984618
-0.000727116935742
0.000722937467322
-1.42122762402e-05
-0.0003295485952
-0.000597426846158
0.000530747130583
0.000719952076438
0.000189907974565
-0.000262243934911
7.23359603604e-05
-0.000281981500566
0.000587183339566
0.000453475990579
-0.000261780929109
-0.000191695061461
-0.000302385710585
0.00016866753733
0.000133718173263
0.000629321776543
-0.000631565660095
2.24388355953e-06
-0.000216102155287
0.000156124101013
0.000173832384551
-0.000426301277288
0.000650865333682
-0.000516174400893
-0.000138922817596
0.000295046918624
0.000220703977068
-0.000551776267506
0.000331072290442
-0.000340894885294
0.000694472472706
-0.000353577587429
5.92368858739e-06
0.000623398087923
0.000626602308055
0.000243597043916
0.000371730412716
-0.000768409115368
0.000396678702639
-0.000590333344441
0.000204845923524
0.000385487420836
0.000426405087066
-0.000152825181275
0.000420980348695
0.00048128522412
0.000484380131438
-0.000408114088704
0.000856698787567
-0.000496472726504
-0.000360226061061
-0.000594973404261
0.000375581505591
-0.000525878677496
-0.000202766738926
0.000725413253931
0.000347873653962
-0.000539168667575
0.000191295013611
-0.000418743307646
-0.000171590036881
-0.000299394787255
0.000523867045952
-0.000258303027966
-0.000183056221424
-0.000313116126626
0.000496172348094
7.35136189786e-05
6.99510551434e-07
-0.000399760540723
0.00039906103017
0.000120238836183
-0.000511186815301
0.000462027198568
-0.000133839015141
0.000131392911006
0.000315359818492
-0.000446752729492
-9.80114872602e-05
0.000287919461832
0.000382042582035
0.000306336133666
0.000202385586401
-0.000622383959103
-0.000157165412029
0.000729832960957
0.000129753244731
-0.000685296452838
-5.52428219151e-05
-0.000363966285316
0.000228334300716
7.42079753332e-05
-0.000716046566574
0.000119012715975
0.000266855680725
0.000563414878903
-0.000830270559617
-0.000181767479084
-0.000264842072275
-2.16364862591e-05
-0.000202465146674
0.000224101632942
-0.000202692805129
0.000804198357891
0.00010148636558
0.000266434714984
-0.000201999390683
-0.000143010398746
0.000456743732754
-0.000337731016782
0.000289899964222
-0.000471667443301
-0.000127398147614
-9.32878762563e-05
0.000220686023875
0.000799325954533
-0.000442451305386
-3.48724004165e-05
9.45617021102e-05
0.000581990820198
-0.000361286843127
0.000567044636585
-0.000219170982642
0.000242529825937
0.000281337220018
-0.000228299086215
0.000188807785587
0.000226230465553
-0.000752109143039
-0.000193807579776
6.64094321801e-05
-0.000562328363822
0.000846421208769
0.00054727459961
-0.000805054461781
0.000142102443793
-0.000178415969855
-8.1223134188e-05
0.000259639104064
0.000163387315728
9.81952739417e-05
-0.000608435318276
0.000510240044349
-0.000148911071942
0.000428816071132
-0.000623122330691
0.000138200692752
0.000484921637825
0.000422410539039
-0.00042171102849
0.000777170385524
-0.000229895785904
0.000302925407549
-0.000190406429389
-0.000207397140858
-0.000194633487586
-0.000107752222997
0.000503588990799
-0.000776720337633
0.000273131346843
0.000415314694688
0.000325742374113
0.000289535371249
0.000277509265337
-4.61026393722e-05
0.000163859866261
0.000139065541294
0.000155302356888
-0.000344183195283
0.000169510952963
0.000400775571398
0.000452150564324
-0.000852926135714
0.000450357906713
0.000124837211262
-0.00040904460866
0.000284207397399
-0.000762370905992
3.18738143359e-05
-0.000428009540694
0.000437790686149
-0.000247092383686
-0.000468873864252
0.000131142847467
-0.000446885636066
0.00012201353402
-0.000509834650376
9.69205146756e-05
0.000248485182404
7.72571917149e-05
0.000247082832321
0.000208333471842
-0.000455416304154
0.000116630948769
-0.000309246441567
0.000876599182219
-0.000702617403301
-0.000501302976477
-0.000111555057296
0.00061285803378
-0.000512989431771
0.000268103788176
0.000244885643604
0.000364498186643
0.000329974286057
0.000303916761546
-0.000497852092577
0.000193935331035
-0.000139125516926
0.000731536201729
-0.000592410684796
0.000349971547979
-0.00068460997907
0.000399356570352
0.000525119559835
-6.22101568761e-05
0.000595097238462
-0.000305561867224
-0.000750191797976
9.58505055359e-05
-0.000769704079151
0.000101616861565
0.000541052559451
-5.22358856932e-05
0.000386296507295
-6.02422301372e-05
0.000122942554551
0.000227028993442
-0.000516407838166
-0.000308629119998
0.000628132007856
-0.000319502887915
-0.000567748250204
8.46194022403e-06
-4.2507498683e-05
-0.000481019886919
0.000630030478015
-0.000183407471378
-0.000446623006631
0.000323969894223
-1.29879959671e-05
-0.000490904961089
0.000624411532621
-0.000133506571525
0.000474682165676
0.000220257864586
0.000471284434293
-0.000167367672745
0.000174288764707
0.000279187225877
0.000229770881826
-0.000230556847899
0.000394923402574
5.35374984862e-05
-0.000470402261861
0.000465936179952
4.46608191172e-06
-0.000160037127408
-1.54325661621e-05
1.97836374811e-05
-0.000216514872558
-3.72746107163e-05
-0.000280210653117
8.55771655399e-05
0.000422156414557
4.01200254571e-05
-5.94685819351e-05
-0.000220742071181
-0.000103209555505
-0.000454021854746
0.000810679926444
0.000167683521361
0.000688207563791
0.000391271926251
-0.000151864319584
-0.000435664106683
0.000587528426271
-0.000123918987428
0.000725533562691
-0.000235041267097
0.000388492573983
-7.6592214685e-05
-0.000311900359293
0.000179433876668
-0.0006584219279
-0.000603734309261
8.75599083022e-05
-0.000101564790266
-0.000526184195048
0.000422974639545
0.000364931688888
-0.000590846259619
0.000225914570728
0.000103158981095
0.000285333592893
-0.000472855767623
8.99720529661e-05
0.00038288371468
0.000333979998782
-6.81055934974e-05
-5.37389820618e-05
0.000529519287335
-0.000761470524619
0.000427956819277
0.000176471046984
-0.000710489171251
0.000534018124285
0.000654588995277
-0.000431229138521
0.000323815843929
-0.000489370819062
-0.000119064499204
0.00048208602472
5.71739574057e-05
-0.000402503809182
-0.000123680385864
-0.000364976732745
-0.000882582652784
0.000345958912408
-0.000333930793748
0.00064026692741
0.000145124197107
0.000326160237187
0.000209016586287
-0.000307028073541
-0.000521085556658
-0.000737350582107
0.000396752005931
0.000309223077206
0.000338159670309
0.00043156868175
0.0003756620645
-0.000807230746242
0.000710792306468
-7.72917986379e-05
-0.000633500507824
0.00083234425315
0.000293144417163
0.000346788345289
-0.00084846614232
0.000204093637053
-0.00063029623245
-0.000621838095859
0.000574477580403
-4.19745327508e-06
0.000112739123621
0.000544979118779
-7.06580234585e-05
-0.000297335472324
0.000800924463128
0.000119672426343
0.0001682470355
0.000331959140838
0.000412611610956
-4.97288485369e-05
-0.000362882762416
0.00034902069103
0.000334280095702
0.000232090189522
0.000497645067934
-0.000352520870826
0.00024710369283
0.000303977273334
-0.000551080966153
0.000814087181058
-0.000587856715502
0.00051108330209
-0.000740979087994
0.000336019396273
0.000768178983697
0.000577740483873
0.000607539485544
8.80387424375e-05
0.00014586286611
-0.000233901608534
0.000463523315255
-0.000471955731928
-0.000700753520463
0.00064551069856
0.000614537210434
-0.000156307624811
-0.000264977086608
0.000124532453633
-0.000313957049513
0.000240975461302
-0.000300444043232
-0.000484358331162
0.000413700307662
-0.000570016551921
0.000288035051354
0.00047184425926
-5.53812858232e-05
0.000695947021213
-4.50689953733e-06
-0.000242953519662
0.000247460419203
0.000111626786949
-0.000444361559403
0.000348003508122
9.6358051284e-05
0.000171290856955
-0.00017785737696
6.56652001491e-06
3.0086147326e-05
-0.000535969695769
-3.17785544333e-05
0.00078030080944
1.10349549192e-05
0.000298615848421
0.000197556499703
-0.000611013571669
0.000579206859594
-0.000441006166901
-0.000199405869153
0.000114528329308
0.00023121462402
-0.000406943009713
0.000859093574039
-0.000810833101804
0.000666387674043
0.000399856647454
0.000432487605701
-0.000241846913324
0.00014855903707
-0.000248536939886
0.000805542375517
0.000471122000342
-0.000719658940231
-0.000242456279499
0.000626518346871
0.000413120712083
-0.000731909553095
-0.00053501912883
0.000965392029767
-0.000397403316192
-0.000261515638246
-0.000305592533471
-0.000118201322215
-0.00023500828668
0.000744863103335
-0.000509854816655
0.000384512971684
6.88119749376e-05
-0.00045332494661
0.000444245774675
-0.000497984756735
-0.00019651199305
0.000142288049472
5.42239435872e-05
-0.000576957463248
-0.000175151679794
0.000661411318381
-0.000379233415951
-0.000282177902428
0.000467915484593
-0.000667321353742
-0.000554368128766
-0.000449193763636
0.000387271293501
0.000225686521565
0.000172859722017
-0.000398546243574
-0.000253077292267
-0.000275855664866
-0.00057350767455
0.000849363339422
-0.000603869711374
0.00100122372066
-2.61564871853e-05
8.53408151606e-05
-0.00035152405953
0.00037396468207
0.000425040319852
-0.00042954129174
0.000414241250875
-0.000417178680594
0.000369695898368
4.74827822297e-05
0.00054696445966
0.000184571742074
-0.000665646451174
0.000800937568064
0.000437895287877
-0.000640662026808
0.000364614767456
0.000230482471008
-0.00025598992115
0.000154239682205
-0.000657319298188
0.000491655959336
-0.000146983466442
0.000374012459891
-0.000766116593946
0.000189159130697
0.000470778148402
-0.000147386615887
0.000431594013279
0.000244269465577
-0.000452926819932
0.00020865735436
-0.00031733041328
-0.000420020168826
4.49074671578e-05
0.000475655618791
0.000443238477661
2.26977022935e-05
0.00048814594482
0.000147546556292
-8.75394908294e-05
-0.000448609494861
-0.000265885738934
0.000220015999772
-0.000224522899303
0.000655411020646
-2.72457252418e-05
-0.000412140663448
-0.000497740732902
-0.000619071578061
0.000636658097177
-0.000168742612574
0.000191778730365
0.000246336643731
0.000123704352553
0.000104692691167
0.000139318240254
-6.91751724715e-05
0.0005445061235
9.35438252693e-05
1.52312005682e-05
-0.000108775025832
0.000550748236964
-0.00078575652364
-0.00019479486368
-4.4366230401e-05
0.000239161094085
-0.000488798657465
-0.000364127478246
0.00030411268106
0.000261229766574
-0.000175652601027
0.000538231516191
0.00038999995488
-2.03040565103e-05
-0.00041922420578
0.000301022883567
-0.000305580124982
-0.000471140212645
0.00025826744726
0.000328915892295
8.15723497827e-05
0.000262510540665
-0.000344082890441
0.000236281914578
-0.000365669521759
0.000129387607189
5.82661548968e-05
-0.000822653733004
0.000234797017506
-2.47646490595e-05
0.000720711670276
3.49515937637e-05
-0.000277905113418
-0.000438135825173
0.000388406976638
2.52211360955e-05
-0.000659407719254
0.000212784712629
-0.000839393508659
0.000627866362704
-0.000401772858489
-0.000226093504211
5.51088098157e-05
-0.000367009169106
0.000449755777861
0.000248632946755
0.000262646523688
-1.51861044815e-05
0.000149653333625
-0.000333679750707
-0.00013863632023
0.000364322841794
-0.000831368596435
-6.71821355648e-05
0.000322547811088
0.000147287278123
-1.46781572975e-05
-0.000278385214757
-0.00014083899102
0.000386944871766
-0.000150662957184
-0.000238325911222
0.000165654919455
0.000263161151703
2.83179808001e-05
-0.000391200743215
0.000437901616907
0.000431137814666
-0.000259143311221
-0.000171994503439
0.000745547151184
3.4753658257e-05
0.00041994255434
0.000415438122879
-0.000416638911213
1.20078833541e-06
0.000190423500797
-0.000214795588091
-0.000850961894602
0.000277454220056
-0.000166946831402
0.000138482968514
-0.000386293058635
-0.000395312616166
0.000442795398398
0.000459699610563
-0.00077703002384
-0.000566848958462
0.000447784459266
0.000509273150422
6.79322621768e-05
0.00034753113568
-0.000836329793143
-0.000408063533543
0.00018515779064
0.000222905742907
0.000210439003765
-0.000416694328041
-9.44924872576e-05
0.000426656643161
-0.00059539925573
3.66774854359e-05
-0.00025741955661
0.000194666788836
-0.000121812849386
7.14516167796e-05
0.000772414070435
-0.000197624529776
0.000538295675778
0.000315077479686
-0.000853373155462
0.00032230452897
0.000527058810456
7.48529030215e-05
0.000225836717429
0.000533953530342
-0.000420842181834
-0.000540551769668
1.49881251635e-05
0.00052556364445
-5.12276704934e-05
-0.000577683938491
0.000628911608999
0.00086060020475
0.000268231463416
-4.66040301693e-05
0.000431117001871
0.000429427256218
0.000476437260022
-0.000702198071255
-0.000410484079178
-0.000440939172392
-0.000653377470323
7.501011719e-05
-0.000470322733354
-7.19239150989e-05
0.000582163959457
0.000285105439333
-0.000283263025869
0.000450013636244
-0.000412851233964
0.000481663208911
-0.000288974080623
-0.000465724928795
0.000668805090297
-0.0002030801615
-0.000633494602306
-0.000153033169797
0.000399369813524
0.000172158478759
0.000488203881615
3.69156782114e-05
-6.72639466233e-05
0.00036096033841
-2.57643899239e-05
0.000386724728344
0.000569886670937
-0.000567748043794
-5.4635915332e-05
-0.000164964768862
1.0930496547e-05
-0.000268795267356
0.000407278235876
9.28727743295e-05
-0.000505724008284
-6.29767835691e-05
2.98367450838e-05
-0.000306653599549
0.000276816854474
-0.000140192315295
-0.000201648425783
-0.000425314405703
0.000597472884465
0.000231720409716
5.45488467545e-05
-0.000286269256462
0.000333407304273
-0.00024813194803
-0.000145357617881
0.00031360465338
-2.35838983481e-05
-0.00020093900095
-0.000365923708615
0.000340159318703
0.0005406572336
-0.000892333966693
0.000668443249462
-0.000338691188304
0.000391259629472
-0.000531451944758
-0.00082123610072
0.0007395424922
8.1693608519e-05
0.000167559500387
-0.000432148370473
-0.000521252313456
-0.000386752622564
0.000434306082408
4.73571265092e-05
-0.000296599160846
0.000326435905938
0.000233513284892
0.000591078052538
0.000468733318502
-0.000442711586087
-0.000259486485168
-0.000254565161035
-0.000486413926954
4.92125553614e-05
-0.000345811716198
-0.000172486750651
-0.000381881378115
-0.000397531742745
0.000424003123341
-2.64713806783e-05
1.38294963513e-05
8.07322057688e-05
0.000204034374942
-0.000342670695166
6.4920202721e-06
0.000467574034222
-0.000474066054502
-0.000219413535037
0.000722798580461
0.000759627055999
-0.000377584473965
-2.45595597084e-05
0.000458865642128
0.000682068536022
-0.000147764417211
0.000525007621477
2.63836155131e-06
-0.000361530838375
0.00083725113864
0.000115181220039
0.000105504803855
-0.000590743561461
2.60630751509e-05
-0.000698416419029
0.000473905956315
0.000516090445016
0.000322510520894
5.63705907584e-05
-3.6205132756e-05
0.000267925542483
-0.000252104752791
8.61946307762e-05
0.000223420204552
-0.000309614835319
-0.000266039278589
-0.000114464378808
-0.00040546686706
-0.000189932388665
0.00027815876931
-0.00013909322801
0.000664332703091
-0.00011935358432
-0.000367791925576
0.000406557442169
-0.000369451716256
-0.000162000228496
-1.05814529499e-05
-0.000246838103656
0.000409806268405
-0.000124472675508
-0.000325166395421
0.000347622128938
0.000532920694957
-0.000386081625262
-0.000225174726711
-0.000267275413113
-3.3168630115e-05
-0.000616164877092
-0.000696103070952
0.000283698815652
-0.000455693319087
-7.28628331575e-05
0.000215150882635
-0.000575918935401
-6.18781944093e-05
0.000247142501945
-0.00018526430752
-0.0005310605801
0.000122946491418
-4.40135560208e-05
-0.000163496551707
0.000207510107742
-0.00047807341142
0.000258659876388
-0.000245480267525
0.000331674898303
-0.000125853079694
-0.000168906587537
0.000294759667237
2.64864150566e-05
0.000489604029964
0.000657642603805
-0.000674865038296
0.000822425136037
-0.000147560097741
0.000623848463672
-0.00018488773774
0.000140874181729
0.000160631988865
-0.000225374746112
-0.000450862355782
0.000485376618168
0.000669348954539
-0.000814395395221
0.000139530356925
-1.24398315271e-05
0.000122139811348
-0.000109699979806
0.000210937369194
-1.14030774823e-05
-0.000205370227139
0.000216300723692
0.000188930533733
-0.000221051479812
-0.000446269873926
-0.000214636421748
-1.45486421972e-05
0.000676091141267
-0.000690769298561
0.000559384104921
-0.000211761975976
-0.000505316687428
0.000194374595768
4.88783219682e-05
7.93919066998e-05
5.21756606142e-05
-1.20556351516e-05
-0.000371571063766
0.00024428845981
-0.000416412526499
0.00017110212336
-0.000563406453313
0.00039099985377
-0.00027785686606
0.000414916315785
-0.000354546964211
-6.03693515898e-05
0.000387670590532
-0.000322142710736
0.000728842882038
-0.000632992376502
-0.000658591246608
0.000581299447974
0.000434030801161
-0.000242011845239
-0.000224185388189
0.000231294021627
-0.000655099445517
0.000844029979255
0.000464173993184
0.00083056156774
-0.00033595083129
-0.000408607149767
0.000186601522967
-0.000118126467972
0.000172350411567
-0.000445752887501
0.000123388697379
0.000702027481312
-0.000661330277023
-1.28396008588e-05
-0.000233998502793
0.000118842574274
0.000262157482161
-0.000838076417557
0.00030297129082
-4.5322984853e-06
0.000267322863708
-0.000164892316498
-7.69050567859e-05
0.000452893507181
-7.49286717668e-05
-0.000514342639854
-8.9391669441e-05
-0.000135939722103
9.62947165296e-05
3.96450055821e-05
0.00010942128807
3.81252682365e-05
0.000530936288965
-0.000569263139542
-8.91587883419e-05
-0.000399342148638
0.000254084411556
-3.94297902729e-05
2.3997224111e-05
0.000175462122224
-0.000195751464593
0.000249288963082
-0.000201441275306
-8.78421933976e-05
0.000605055792546
1.57116748242e-05
-0.000293568540881
0.000142378383727
0.000291653405672
-0.000812905719125
0.000217737281411
0.000959114160013
-0.000650881157999
-0.000308233002054
0.000144698065841
9.08433808629e-05
7.01832801036e-05
-0.000161026660959
0.000227865102165
0.000113888452476
6.4731944429e-05
9.18191127279e-05
-0.000104258944245
0.000688235875124
0.00043289487666
-0.000730230348979
-0.000577173420262
9.6153533272e-05
0.000588768417413
-0.000213186911871
-5.22526356602e-05
0.00014309601653
-0.000341257085549
0.000269373234145
-0.000578619675708
-9.50274965669e-05
-2.32891410167e-05
0.000445699680053
6.90351048111e-05
-6.8169383424e-05
7.16596662957e-05
0.000299840380053
4.22817521268e-05
-0.000342122132175
-0.000133659420973
-0.000523659877221
-0.00011938302636
-0.000114518582169
-0.000170158393887
0.00035675991686
-3.78340881186e-05
-0.000127583216851
0.000393989220178
-0.000121377444368
-0.000345700649856
0.000315552054879
-0.000583257470371
0.000277695603145
-0.000114704457632
-0.00061021131539
1.47608642459e-05
4.07528437251e-05
-8.35626325302e-05
0.00019874385259
0.000557422704029
-0.000201932024732
-0.000361474428586
-3.53582779135e-05
0.000482031830673
-0.000315437637008
-0.000166594193666
0.000539831814911
-0.000310174096216
0.000489181023298
-0.000503110359753
0.000567064226695
0.000400843006673
-0.000612669265184
0.000627430129434
0.000429475635978
-0.000322957148166
0.000365585900669
-0.00032330414854
0.000323310106049
-1.46992294819e-05
-0.000308610876561
0.000300434022018
-0.000265482428248
0.000103356959193
0.00058854294922
-0.000254262853557
-0.000726041616812
0.00034480945363
-2.35911231913e-05
-0.000376169417529
0.00026584586985
1.92595694914e-05
-5.44849088641e-05
6.02208330626e-05
-4.61910432249e-05
-1.40297898277e-05
-0.00031799782348
-8.04589688785e-05
0.00034528184416
0.000368612740866
0.000137238147638
-4.36943223694e-05
0.000451548442395
0.000368331218885
-0.000819879661383
-0.000104656251129
-0.000342096478363
-3.8784903058e-05
-0.000254783637819
0.000255329386704
0.000392479321011
-9.14564374417e-05
0.000374463653015
-0.000329672018332
0.00039999569321
0.000137975673492
-0.000202546651026
-1.33679354147e-05
7.35887684863e-05
0.000310048868929
-6.59065585567e-06
-0.000267334437103
0.000386177011379
-0.000489613511965
-0.000339253738624
0.000118995500068
0.000220258238554
0.000154050977458
-0.000147484457436
0.000123250784428
3.07716408864e-05
0.000598139968125
-0.000250553591118
0.00021327898041
-3.15291563129e-06
0.000492756945606
0.000152608117243
0.000279913829225
0.000286920102579
0.000455712726502
-0.000390325228647
0.000778941321442
-5.79532441054e-05
1.27458703429e-05
-0.000635011990427
0.000338148845417
-0.000557319828064
6.86765706254e-05
-0.000569288244333
1.29328146285e-05
-0.000226512842593
-0.000433252660544
0.000529749026485
-9.64963659083e-05
-4.41721593092e-05
-0.000604207324959
0.000193412771027
-0.000694715747497
0.000303336984402
0.000324795023408
0.000319749466568
-0.000294048597041
-5.74754624886e-05
0.000329815883754
-6.50577770494e-06
2.73483285007e-06
-0.000654014283184
0.000651279450343
-0.000182947854009
-0.00033789979018
0.000520847644172
-0.000324629107809
3.2869305066e-05
-0.000206760459691
-0.000301314363867
0.000285645904204
-0.000131406221994
-0.000928014252376
0.000324198207454
0.000603816044925
0.000218280293288
0.00016629826093
-0.000176100941728
0.000161552299545
0.00025847625437
-9.21779934355e-05
-7.15713991148e-05
0.000300409623235
-0.00022883822412
0.000705819292681
0.000176660148337
-0.000298472997717
-3.35707061863e-05
0.000102247276821
5.72710458889e-06
0.000551695599454
-0.000285734792536
0.000270548688059
-7.84511773133e-05
0.000118096182904
-0.000245108624971
0.00027046742802
-0.000875020827802
0.00057056465016
0.00019056000042
-0.000100632300466
-8.99276999433e-05
0.000203854066009
-0.00025542390981
-0.000147534067919
-0.00018348214737
0.000445763672253
-0.00026228152489
0.000194555672782
-0.000335194483274
0.000639565602872
-0.000151481003516
0.000530706037916
0.000506640226297
-0.000378691802909
-0.00016949018761
-5.4968887177e-05
0.000517385405895
-0.000462416518698
0.000460717651397
7.98532689736e-05
0.000136331180809
0.000195116038524
-0.000275195901313
0.000442516539773
-0.000748096664749
-0.000223098119129
0.000552014011419
0.000146135193432
0.000209203298626
-0.0002763854342
-7.41562750263e-05
-0.000228494874544
0.000352199227094
0.000488221547721
-0.000549192053558
6.09705058722e-05
-0.000561146422871
0.000192142340982
-0.00020728684653
0.000676282339453
8.63032650225e-05
0.000481323707613
-0.000567626972662
-0.000342063591914
0.000619759195052
-0.000566824684116
0.000224761092201
-0.000105580460373
0.00015857439814
0.000364820653677
-0.00052339505181
0.000817498161921
-0.000573260809512
0.000186508186957
-0.000283815117567
-0.000368940383879
0.000813283037558
0.000459256753744
-0.000136926838486
7.35360707408e-05
6.19169209034e-05
4.82100854257e-05
-0.000394282116385
0.00034607203099
-0.000168625715354
0.000425688962946
-0.000257063247608
0.000794285829412
6.61924700563e-05
-3.9874162092e-05
-6.43847821422e-05
-0.000309558125654
-0.000398745429915
-0.000352677851828
-0.000373363764986
2.51035748946e-05
0.000200109442084
-0.000131933286697
0.000494695901888
0.000436938330486
1.8774396031e-05
0.000120753587709
0.000803793490223
-0.000397903934356
0.000603867072721
-0.000258159450976
4.38445404504e-05
-8.80166997532e-05
-0.000142656095035
-0.000394738553078
0.000537394648108
6.5843547247e-05
0.000546188828629
-3.5767286713e-05
0.000306315974773
3.59245094911e-05
-0.000581050716618
0.000851518144641
0.000608984821623
0.000448122252005
-0.0005596773093
0.000545042766685
0.000690010710617
0.000275774606372
8.60652053169e-05
-1.76631103093e-05
-6.84020949956e-05
0.000320834289396
0.000473205964994
-8.59346714911e-05
-0.000536768063459
0.000551756188588
-6.55773965302e-05
-0.000157875552569
-0.000184795142591
0.000444284893204
0.000314525846279
-0.000521922987134
0.000234263342507
0.000370792450036
-0.000470401334894
0.000365745083766
0.000435935039487
-0.000555288623816
-0.000405140436485
-0.000363268678886
0.000283781114327
-0.000226607156926
0.00011707566924
0.00053209931343
0.000252331114401
-0.000620021817392
-0.000561776173346
0.000499941262559
6.18349108036e-05
-0.00013100359657
-0.00040816507099
-0.000519482284069
-1.72857794158e-05
0.000309822575828
0.000610608495373
-0.000341235261224
0.000336279126512
-5.23192225064e-05
-0.000370236224736
0.000422555447242
-0.000307818451466
0.000482107216181
0.000162958736829
7.34542274129e-05
0.000517695706311
-0.000352113333923
-0.000165582372395
0.000537952204537
-0.000592588119887
-0.000353154258237
0.000346648480534
0.000510936394016
-1.6763710227e-05
-0.000545012463101
0.000388537822998
-0.000109220334904
-0.00040111604336
0.000510336378275
-0.00063915891753
-0.000214952555803
0.000490727162176
0.000732878809331
-0.000747996068574
-0.000152869797283
0.000524104618821
-0.000293203889865
-0.000230900728943
0.000568236757777
-0.00027538893763
-0.000282584422823
0.000477692758679
-0.000421322167902
-0.000287713809204
-0.000487050714846
0.0005140553186
-1.93594167152e-05
0.000594692013307
-0.000568628938146
-0.000521985405835
0.00037050440231
0.000393380457547
-0.000408990915364
9.51786044485e-05
-0.000762370456989
0.000638451469548
-0.000375473285968
0.000107385248996
-0.000548391415949
3.74135487252e-05
3.75247438653e-05
0.00029120236631
-0.000549505394273
0.000375039611277
0.000706446319597
-0.000307089749247
0.00028891940547
0.000187517854558
0.000671242224922
-0.000333082554612
0.000376745381428
-4.53848919696e-05
-0.000331360489453
8.68250226896e-06
0.000225976053895
0.000219787618355
0.000199900677493
-0.000586649155303
-0.000418962135975
0.000584922630752
-0.000423381351375
0.000527392636655
2.88248054343e-05
6.51113562915e-05
-0.000129496138423
-0.000451533959175
0.000644946730209
0.000172975681079
-0.000304381903075
-0.00016177610112
0.0003347517822
-0.000206172316579
-0.000184206079759
0.000358038464316
-7.7020877349e-05
-0.000570693127529
0.000175954574449
0.000462490374443
-0.00072400601269
-0.00031985090585
-4.02162638349e-05
0.00047715459433
-0.000465539873982
-0.00031720981891
0.000763047801337
-0.000712671327455
-5.03764738915e-05
-0.000345885600352
0.000788627057136
-0.000461775141689
-0.000326851915451
0.000449525970981
-0.000460929048452
-0.000645474978566
-7.27854991833e-05
-0.00035893974801
-0.000280219169527
2.26324209902e-05
4.90272453114e-05
-0.000536281323524
4.66678115431e-05
0.000441527522713
-0.000533689882242
-3.90718412918e-05
0.000572761723554
-0.000661955178351
0.000528295757378
4.24160584743e-05
-3.13360398083e-05
-0.000707073959751
0.000404892831523
0.000302181128233
-0.000500729904437
-0.000506284854876
-0.000660595019253
0.000788999119476
0.000622801165505
6.43041295349e-05
-1.80057172118e-05
0.000510762662827
0.000193197496946
0.000598402592204
-0.00011711736807
6.496582875e-05
-0.000757818288316
0.000297278371698
-0.000542386996663
-0.000287417309397
0.000277156303425
-0.000190423125975
-8.24227116237e-05
0.000820904993099
-8.80261837739e-05
0.000497340430385
-0.000135313400246
-0.000559402347251
0.000249321652247
0.000287491190466
0.0004145263209
-0.000716182017336
0.000301655696442
-0.000618467673649
0.000256656980819
0.000718645793693
-0.000653957735563
0.000559150968964
6.00396288404e-05
4.22076479867e-05
-0.000166362598369
-0.000406898211135
-1.03232168566e-05
-0.000420501628423
-0.000139175680876
-0.000619196564984
0.000260341152305
0.000230386009869
0.000577769145478
-0.000729293515433
-0.000555815028668
0.000425358378249
-9.35716289278e-05
-0.000164450777923
-0.000517867483785
-0.000550818323888
-0.000495758866876
0.000339451242068
0.000568359304349
4.06255172683e-05
-1.53294922605e-05
-0.000181910730092
-7.35131797108e-05
-0.000469506953065
-0.00045850729931
0.000216286167353
-0.000226992836746
0.000284635752317
0.000246070285595
4.84122492241e-05
0.000465643069372
0.000450486095631
0.000470546398999
0.000564549581531
-0.000452237882686
-0.000234979547995
-0.000498867774811
-0.000269546312413
0.000192438603752
0.000865156660203
-0.000802399228534
-0.000177566343003
-0.000827750084649
0.000841333779439
-0.000536552083619
0.000517192666896
-1.5051732763e-05
-0.000888670488169
0.000903722220916
-8.60503663513e-05
0.000287803298471
9.83737129088e-05
-0.00048735714274
0.000334505563848
-0.000114651074945
0.000802858638731
-0.000492697142428
0.000415676265078
0.000353995768531
-0.00028153772074
0.000755443677054
0.000246611372464
0.000214106278926
-0.000130013783109
0.000271345691652
0.000343162130412
-0.000769463407701
-0.000333570343847
-6.9494616284e-05
0.000480128770658
-0.000617224954145
-0.000742006345279
0.00043491659603
0.000671668203307
0.000196738753236
-0.000111234739234
0.000114339412907
-0.000812021232592
0.000249692868783
0.000612059540097
0.000331758057993
0.000322901692285
-0.000784676833978
0.000339226002024
-0.000492681658059
-0.000729091038977
0.0003576978708
0.000371393168184
0.000334318040901
-0.000317492340944
-0.000500563778413
-0.00029558951315
0.000178814406791
-0.000510191126798
-0.000423889419345
0.000232194357894
-0.000285936723989
-0.000451851969989
0.000314818635908
0.000137033334092
-0.000279515970834
0.000209783140419
4.19324069365e-05
-0.000396153326316
-0.000256908504955
9.63674500546e-06
0.000476003130043
0.000664290246496
-0.000942132739993
0.00049278506396
0.000596140715059
-0.00029121998112
-0.000128408223201
0.000452224067147
0.000665959122598
9.01873112708e-05
0.000300195012966
0.000371473190378
-0.000339053076994
-0.000182471745067
0.000475763737381
-0.000435010893673
0.000233700663828
0.000124811467418
-0.000358512131257
0.000810357675175
-0.000188419387865
-0.000703384706423
0.000487282551131
5.11439469995e-05
0.000184783148926
0.000478944819872
9.79055672827e-05
-0.000320585284401
3.80800543977e-06
0.000131556651402
0.000309970871315
-0.000177901249319
0.00013561308943
4.22881598968e-05
-0.000192448312408
0.00027644938663
-0.000502360928481
0.000489458422135
-0.000753414626088
0.00057799604935
-0.000236723461563
0.000463314709396
-0.000832294326396
0.000393381871543
-0.000120440878629
0.000743788684579
-0.000166019539104
0.000153518805077
0.00020451965925
-0.000358484146534
-0.000740623998191
0.000690247524296
0.000326089955657
-0.000584307894665
-7.76472836904e-05
-0.000246299286876
-0.000783151958122
0.000385748641928
-0.000247657198087
0.000612271965543
-0.00111029118812
0.000794870911963
0.000673434652198
-0.000611902123428
0.000652527640692
-3.10808986964e-05
-0.000442985155812
0.00042915804882
-0.000357793579871
0.000170092755927
-0.000408344584224
7.69840947722e-05
-0.000683867135518
0.000250496740151
-0.000782658281738
0.000282094503318
-0.000681035241752
-0.000429255946405
-0.000461900115706
0.00036802526791
0.000152822376244
-0.000495059769386
0.000154315432451
-0.000860404413216
0.000650629630344
0.000299657383767
-0.000640892644987
-0.000189510905881
-0.000426325332655
0.000364376840767
7.63337516951e-05
0.000366252489582
-0.000383586603978
-0.000739786512624
-0.00051232326439
-0.00039662438221
0.000370062819625
-0.000558390753668
0.000188327934043
-0.000185752209043
-0.000383714765773
0.00055134037217
-0.000321150608019
9.4543451104e-05
-0.000193948678267
0.000405985720483
-0.000320003951938
-0.000492878575677
0.000398179616144
-0.000484556686874
8.63770707288e-05
-0.000589473797934
-0.000512345548813
-0.000836416798487
0.000717780095594
-0.000346386927406
0.000157914485737
-5.46123110449e-05
0.000452791927187
-0.000412797628649
0.000298601523611
0.00011419610503
-0.000294419276166
0.000524805286037
-0.000212093631604
-0.000630083753863
0.000383013713834
0.000247070040087
0.000385713162979
3.95756324208e-05
0.000675488439087
0.000124050905059
-0.000543822230014
-0.000384209751748
0.00023781119398
0.000797821365484
-0.0005793704794
-0.000117225092474
0.000353797633801
0.000109517075597
-0.000320579559689
0.000532178003063
-0.000345669816101
-0.000414381215737
5.44475284509e-05
0.000430781728574
0.000323732006369
-0.00067011893377
0.000418818241961
0.000105774685212
-0.000317160638617
0.000794379126018
0.000751325224961
-0.000455362790847
-9.11020212881e-05
-0.000362222925312
-0.000414188624063
0.000159153115409
0.000288301266542
-0.000460858958475
-0.000357468241513
-0.000386072280516
0.000489101256966
7.50335783361e-05
-0.000564134835308
-0.000285866968027
-0.000207011607642
0.000711600789687
-0.000367937805537
-0.000413519223487
-6.08255800771e-05
-0.000343883270731
-5.13706341349e-05
-0.000714651378551
0.000345710994659
-0.000120305883228
-0.000133610402764
-0.000457898020371
-0.000389023109362
0.000633630904517
-0.000105490094154
0.000594591351121
0.00031307978017
0.000838843106748
-0.000389087328881
-0.000472476656456
-0.00050519531269
-0.000485021137989
-1.18713680038e-05
0.000599784092452
-0.000412482464741
-0.00019363557532
0.000101124091916
-7.27730624572e-05
0.000371374586073
-0.000604577948012
-0.000459722827455
0.000102989852963
-0.000540676647708
0.000437686794741
0.000141199035515
-0.000783351141699
-0.000512912755525
0.000167242939438
0.000502994322463
-0.000132489920161
0.000518666118042
-0.000532086392124
-3.97283625357e-05
-0.000336047491061
0.000210760983091
-0.000468578739836
-0.000148646214296
1.79992018658e-05
0.000265693098982
1.10170375343e-05
2.58709240623e-05
0.000682516285681
9.80728109302e-05
-0.000780589096618
-0.00030935798803
0.000709099538839
-0.000411767829938
5.85062154238e-06
-0.000553816318925
0.000202346447167
0.000305233717018
0.000346646211331
-0.000252102760214
-0.000258610563487
-0.000337530151573
0.000420617113875
3.3860405954e-05
-0.00033888484903
0.000796586300383
-0.000345743490346
-8.24901099534e-05
3.1381243728e-06
-0.000569405288805
0.000156922824065
-0.000148535914751
-0.000573864397023
0.00047668730412
-0.00033965397002
-0.000114220163367
-0.000501654198512
-0.000409695566542
-0.000316871049583
-0.000123106107235
0.000585360161023
0.000351631297327
-9.69928798508e-06
-0.000363103413933
-0.000629149971377
-0.00032138233047
-0.000438910767305
0.000324714662275
-0.000545575158998
0.000153599882036
-0.000717909353832
-0.000131718494064
-6.15399931208e-05
0.000642828352704
8.03187086795e-05
-0.00066462660335
-0.000388652334933
6.15453038311e-05
-0.000548831262701
0.000625050970929
1.77773817692e-05
0.000760683038427
-0.000209342666259
-4.15877254974e-05
-4.69421684156e-05
8.28332980533e-07
-6.7573762012e-05
0.000595773431116
0.000339557395024
0.000195034932398
9.27743019614e-05
3.03318052737e-05
0.000768127018125
-0.000503339410087
0.000640451911668
0.000312764227279
0.000296255468241
-0.000428745388414
-0.000450282035527
-0.00013748122292
0.000775932692467
0.000523959576871
0.00028982824769
-0.000801197561806
0.000511369314111
-0.000707598414333
0.000800304112983
-0.000659105077463
-0.00062150412069
-6.2256663023e-05
0.000178799992295
-0.000686384852532
0.000790350216817
-0.000550747167982
-3.57552221835e-05
-0.000690623596251
-5.32267088805e-05
-0.000494848586286
-0.000609913153363
0.000788713145659
-0.000713669464966
-6.69196316432e-05
-0.000250404980245
0.00077436455712
-0.000380072623468
0.000575107555921
0.000547416385239
0.000260379288236
0.000287010806727
-0.000253781176567
0.000471528205385
-0.000798380120838
0.000784292432665
0.000426498852794
0.000766056247818
-0.000733972779373
-0.000382341482046
0.000416028980787
0.000282425495577
0.00066522127076
0.000621570306162
-0.000207193288385
0.000211642989506
-0.000754216377917
0.000542573388423
0.000134765392508
-0.000798387185273
0.000546091390156
0.000305426754488
8.24814493213e-05
0.000480268571658
-0.000562750020966
-4.26655976157e-05
0.000665445433187
-0.000622779835549
6.94526944303e-05
0.000485957071207
-0.000555409765654
-0.000447265795555
0.000658908785065
-0.000516112464887
9.47902970054e-05
0.000393165973469
0.000421828018014
-0.000717417531184
-0.000483913651976
0.000810003607643
0.000185800864868
-0.000228943872781
4.31430078615e-05
0.000198620983738
4.21902691038e-05
-0.000149537552067
1.57104490455e-05
-0.00031988827658
0.000304177827548
-9.62330905185e-05
0.000320271545669
-0.000224038455162
0.000178784894784
0.000652601191731
-0.000267113770933
-0.000508095623232
0.000657932049197
0.000179319089431
0.000142834281993
0.000678070711103
-0.00081832272108
0.000740675437384
0.000727857139394
-0.000847611769762
0.000892050302564
-0.000648635900678
0.000374267692405
0.000717186014871
-0.000188890257496
-0.000510425555179
0.000262642680829
-0.000752470204495
-0.000670159176622
0.000110071530757
0.00061322857991
-0.000365582579606
0.000635675528956
0.000480352292549
0.000863351143531
-0.000458623320167
-0.000931158018021
-0.000844804377028
0.000514686212828
-0.000760470478178
0.00102677758295
-0.000777117442782
0.000699694896141
-0.000191978991298
0.000325206198051
-0.00028097591274
0.000157733545193
-0.000473993237323
-0.000626682623147
-0.00043286401203
0.000415513242381
-0.000520654848718
0.000647193178297
-0.000423295889263
-0.000513767197589
0.000325439263546
-0.00049611121184
-0.00024922168539
-0.000604315731434
-0.000623300116243
0.00045171007929
-0.000647521300525
0.00059646454864
-7.09009042156e-05
0.000602208158913
-0.000700292565698
-0.00030863239641
0.000628135284326
-0.000293629720545
8.55282935749e-05
0.000363747649921
-0.000504465277035
0.000454492780046
-3.0902786044e-05
-0.000753905095665
0.000663717784395
0.000130568045006
0.000242753639067
-0.00057384599086
-0.000435121206614
0.00066725602475
-0.000478836636885
-0.000176182190513
-2.57938500853e-05
-0.000157675387169
0.000340658243625
0.0003569285913
-0.000722659544361
0.000739174529124
1.40544408823e-05
-0.000297830922217
0.000368925708773
0.000698778864692
0.000439414279822
-0.000417229700916
0.000679872381732
0.000444945493665
0.000410110439033
0.000805749942089
0.000524096979817
0.000505477871674
0.000901529093107
-0.000478502451781
0.000775198578038
0.000287802000958
-0.000443769584963
0.000242816877205
-0.000257618654672
0.000733694510327
-0.000432038813878
-0.000447306804054
0.000351922130063
-0.00021875018114
0.000691672990776
0.00062951723574
-0.000578356243912
0.000365571531283
0.000390221632211
0.000338730697015
-0.000183129123786
-0.000262769551701
7.42601481314e-05
-0.000105220249888
3.26104397456e-05
0.000322929212496
-0.000271992264727
1.16422721637e-06
0.000109880565848
-3.80791542132e-05
4.64443540036e-05
0.000484299392187
0.000543252322399
0.000625702396051
-0.000521720770411
0.000289047082036
-0.000416477355844
0.000127430273803
-0.000561247984283
0.000411212506375
0.000150035477904
0.00053239301529
-0.000490460608342
0.00062364422895
-0.000393161757946
0.000840761664858
-0.000438387478348
0.000785167001278
-0.000877014519375
-0.000364452084532
0.000724640511405
-0.000669646202538
-0.00026151181547
0.000485766669562
-0.000547782108502
-0.000451911244745
-0.000407872894204
0.000816072364164
-6.0775582019e-05
-0.000509093216414
2.05105551174e-05
-0.000551165372455
-0.000306670597548
0.000531431689753
5.3019472376e-05
0.000111953157479
0.00049025500132
0.000298694327388
-0.000565808098406
-0.000751369993821
-5.18806869454e-05
0.000551367437265
0.000622519077892
0.000679808133269
-2.77725769422e-05
-0.000652035556316
4.29686757388e-05
0.00052832274108
-0.000322487544415
-0.000205835196652
0.000258776428679
-0.00050005388741
-0.000127749435313
-0.000372304452086
0.000554705587653
-0.00029592915898
0.000612979623416
-0.000570010947657
0.000336132248522
0.00015998079048
0.000497063331806
-0.000204462356338
0.000625419802717
-0.000446100713295
-0.00010435999784
-0.000537082072144
-2.41659121431e-05
-0.000103886407001
-0.000248034990105
3.13798005804e-05
0.000542234274854
0.000298527389999
-0.000462155666154
-0.000401598238371
0.000462344012633
-0.00042151674627
0.000631448573317
0.00010922686406
-0.000407854993885
0.000567835784347
0.000500595600963
-0.000705057957295
0.000442558315817
0.000670779745041
-0.000806133931577
-0.00012705040178
-0.00015596758401
-9.53846739487e-05
-0.000114098019173
-0.000304010409576
0.000651461138913
0.000715537193522
0.000426162427595
0.000262924751139
-0.000305538330608
-0.000227779645583
-0.00010309319807
-0.000287277836833
0.000215051295777
-0.000279875891636
-3.98327208392e-06
0.00022686997119
0.00025773771666
-0.000133173419588
-0.000345293711787
-0.000234462338936
0.00020842732854
0.000152010858593
0.000101239086035
0.000614867437188
-0.000340330909597
-8.93086492321e-05
0.000122397425445
-0.000385237808212
-0.000447613522206
-0.000398024092462
-0.000147644253513
0.000353479450165
-0.000231465916126
0.000359215351439
0.000108577129753
-0.000543458426555
0.000183519748085
0.000391267511583
-0.000480985514585
-0.000597261162621
0.000575803192116
-0.000270004862129
0.000176418364593
-0.000931823702654
-0.000771342547212
-0.000669681831343
-0.000272722195582
0.000948732716879
0.000853843629874
-0.00123025257682
0.00104617043253
0.000885701371287
0.000609218778061
0.000626267319266
0.000244816825124
-0.000709322396423
-0.000717204508091
0.000931149394122
-0.000831585629617
)
;

boundaryField
{
    bottomWall
    {
        type            calculated;
        value           uniform 0;
    }
    leftWall
    {
        type            calculated;
        value           uniform 0;
    }
    rightWall
    {
        type            calculated;
        value           uniform 0;
    }
    movingTop
    {
        type            calculated;
        value           uniform 0;
    }
    front
    {
        type            empty;
    }
    back
    {
        type            empty;
    }
}


// ************************************************************************* //
