/*--------------------------------*- C++ -*----------------------------------*\
  =========                 |
  \\      /  F ield         | OpenFOAM: The Open Source CFD Toolbox
   \\    /   O peration     | Website:  https://openfoam.org
    \\  /    A nd           | Version:  14
     \\/     M anipulation  |
\*---------------------------------------------------------------------------*/
FoamFile
{
    format      ascii;
    class       volScalarField;
    location    "14.999999999997";
    object      p;
}
// * * * * * * * * * * * * * * * * * * * * * * * * * * * * * * * * * * * * * //

dimensions      [0 2 -2 0 0 0 0];

internalField   nonuniform List<scalar> 
2646
(
2.20482740418e-09
-4.84918226725e-05
3.46332708278e-05
0.000187690171386
-0.000102796173849
0.00644109502961
0.00150445431278
0.00181845518711
0.0024276389215
0.00251868593517
0.000569338086468
0.00378956612168
0.00115709789421
0.00375228638235
0.00101478235035
0.00651694910928
0.00620965424594
0.00102059982563
0.00529505116746
0.00031308966856
0.00465536601687
0.000132663394358
0.00472491362546
0.0053744875214
0.00595798359385
0.00141917011801
0.00405209515754
0.00205770974771
0.00265664360142
0.00108593073207
0.00152517934154
0.0001640681889
0.00025533508615
0.00645322972188
0.00639849292529
0.000259242528974
0.000754883813521
0.00223497959713
0.00164280419277
0.00624730156345
0.00673584479968
0.00627266837763
0.00643967083799
0.00642304921889
0.00652954987712
0.00633798885308
0.00659143542717
-0.00300630084154
-0.00152607339794
-0.00209633632499
-0.00315242352809
-0.00289407691455
-0.00385371602743
-0.00422492197223
-0.000966140126212
-0.0015364383389
-0.00222319937471
-0.00396824536454
-0.00388119391326
-0.00393086376316
-0.00291134334559
-0.00318367318233
-0.00506564164564
-0.00139195039424
-0.00370940359688
-0.000698518051108
-0.00269095037938
-0.00023031783343
-0.00108462922922
-0.0025302942413
-0.00306711395301
-0.00367345052699
-0.00172686045129
-0.00183830609556
-0.00247019314076
-0.00384051155994
-0.000235778462682
-0.000181371312667
-0.000332242943136
-0.00407206006487
-0.000314025816352
-0.00154870201758
-0.00302974729234
-0.00406190202088
-0.00347110058386
-0.00215019199994
-0.000292297977437
0.00713494377287
-0.00500292548047
-0.00106604174679
-0.0217403149187
0.00590040555939
-0.0223454086244
-0.0175548536647
-0.0200401858656
-0.0102316840006
-0.0131807137148
-0.022957778576
0.00733721336393
-0.0147794538625
0.00519261911159
-0.0121537840177
0.00583692654061
-0.00813467458078
-0.0268145866478
-0.0257340069205
0.00817521582524
-0.014697667567
0.00127736824762
-0.0081594388819
-0.000274370107174
0.0053445113619
0.00625135612259
0.00634516383741
-0.016297189388
0.00696852272007
-0.000761738259848
-0.0147824355433
-0.0195966723119
-0.0171449109092
-0.0130179905687
-0.0398129045902
-0.00084087910265
-0.00624884942578
-0.0198573519147
-0.00327720649816
-0.0023725137574
0.0219869844056
-0.0174344903304
0.00265509070062
-0.0241037917377
-0.0113224053312
-0.0227740642815
-0.0242328465119
-0.00548128095158
-0.000133990774292
-0.00245520768455
-0.0273757105251
-0.0112824592552
-0.0114639207774
-0.0212147204511
-0.0110402892691
-0.0156668600964
-0.0205829008369
4.19776119843e-05
-0.01914660841
0.00145386819093
-0.0284879129639
0.00815032390832
-0.0335416529368
-0.00266016716022
-0.024385214596
-0.00138383239098
-0.00953717744935
-0.00322832179873
-0.01148006555
-0.00482222103031
-0.00359192031883
-0.0405749411698
0.00326627166703
0.0284511981445
0.000506035838838
-0.0043345353123
-0.0262292378191
-0.0166431215703
-0.018870371116
-0.0217392112018
0.183130651728
0.0181771288549
0.0195833942564
0.0219325296868
0.0172894272982
0.0030583699991
0.00173003435465
0.000489395245369
0.000597179814848
0.00506048091687
0.00426751205681
0.000215620471305
0.000277493888026
0.000790449283622
0.00134454873838
0.00142110419521
0.00193962873837
0.00693431766644
0.00670461059768
0.00689917876739
0.00699142924422
-0.00412487808851
-0.00400205173735
-0.000964115943881
-0.00112755544143
-0.00441322745071
-0.00393610188547
-0.000227665338934
-0.000346401113488
-0.00238817361128
-0.00221806108267
-0.00243327706348
-0.00247098338565
-0.00282316764154
-0.00178198563816
-0.000136859406493
-0.000623512661418
0.00178321401797
-0.000619022215788
-7.28440786295e-05
-0.0216408813324
-1.50726075709e-05
0.00596884475466
0.00677489764203
-0.0192972974235
-0.016762535217
-0.017394423412
-0.0226625011321
0.00256287101441
-8.15058289224e-05
-0.000810107126998
-0.000812954999433
-0.0183539030162
-0.0189148234686
-0.00927499992243
0.000133757587442
-0.011284625073
-0.00319308693851
0.00441689294933
0.00550885658575
0.000440986178328
0.00515694248851
-0.0168359997091
-0.0162210948912
-0.00299970226535
-0.0235039234415
0.000900473661393
-0.0125713658298
-0.00148480405751
-0.0165411560992
-0.000279860774717
0.000201233059312
-0.0232740446824
0.000282521175613
-0.0153450414997
-0.0223807901107
0.00509009095794
0.00575198939008
-0.0163211016858
-0.0147786253575
-0.000262666582202
-0.000453033730949
-0.0215476254932
-0.0220093095088
-0.0180026373055
-0.0257726228722
-0.0256578330963
-0.0164462601045
-0.0178698578066
-0.0129549385896
-0.00729333356805
-0.0251882954369
0.0040848334276
0.00195182386781
0.00619577467541
-0.0251402268431
-0.0249673696178
-0.0198222854005
-0.0168992927609
-0.0167901851218
-0.0232566355256
-0.0178198092509
-0.0247525314482
-0.0231359733376
-0.0192832326443
-0.0160686916398
0.00566111820485
0.00586150676145
-0.00114388498846
-0.0221864542488
-0.0192740985524
-0.00416696475913
-0.0143275018924
-0.000139572391346
-0.0153640534109
0.000527688495887
-0.0232631232772
0.00186000823751
-0.00302058894263
-0.0142437537397
0.003673553088
-0.00146112355663
0.00242189862383
-0.0212763035435
-0.0152360533593
0.000507318667201
-0.0144825825595
-0.000964259037045
-0.000154448231046
-0.0147385205034
-0.0021074135312
-0.0017911071979
-0.0216642024114
0.000328752498529
-0.000875398253116
0.00665335576654
-0.00104827840353
7.36922347495e-05
-0.0142106605007
-0.0148067973591
-0.0167191716173
-0.000163303647357
-0.000566510381999
1.13343678561e-05
-0.00145971023288
0.00278483515171
-0.0224202703097
-9.54448896615e-05
-0.0068828115311
0.000795169987384
-0.0158606081022
0.0035994475062
-0.00637405715563
0.000725933756851
0.00354349398438
-0.00119680445891
0.000683706167749
-0.0140074684323
-4.51617340193e-05
-0.000142057779118
6.56034909026e-05
-0.0138714531068
-0.0220463577925
-0.0197210981372
-0.0254680549381
-0.0150791842065
-0.0200082527519
-0.0120832059445
-0.0218394224321
-0.0023118694292
-0.00105939137451
-0.0020323523687
-0.0138415794249
-0.0411049890722
-0.0551164519801
-0.0691723130333
-0.00275594112539
-0.0109069982601
-0.0805912604136
-0.00587376870265
-0.0092876143632
-0.0617481187187
-0.00140059996543
-0.0226141698404
-0.020037914214
-0.00935465689647
-0.0867023215385
-0.00706295729462
-0.0572303577009
-0.0572211299279
-0.0715957127684
-0.0861521613833
-0.0765216016894
-0.0626513998833
-0.0660548966882
-0.00476835328777
0.000770112300401
-0.00215303486304
-0.0632091547706
-0.0391894856046
-0.0221620981218
-0.0123005958074
-0.0137999808374
-0.00246493138062
-0.0525682247126
-0.00565086465003
-0.00488399810129
-0.00916182497076
-0.0665448365257
-0.0530382216798
-0.0170226448198
-0.0221711633557
-0.0481425711717
-0.0688630241379
-0.0163448741609
-0.016614585905
-0.0722733642079
-0.0504177462785
-0.022830341281
-0.0206417389559
-0.0786560345112
-0.00612565572378
-0.00898452423373
-0.0697927572341
0.00693056113812
-0.0785946244071
-0.00561114122425
-0.0198806314444
-0.00439131249058
-0.0291623798258
-0.00545182286663
-0.0397369400656
-0.0365917911675
-0.0726734009596
-0.0212452714866
-0.0666150374241
-0.00583257673064
-0.0590850197556
-0.0411884219024
-0.0515849322343
-0.035678962212
0.00675280645996
-0.0857777984178
-0.0761692354851
-0.0625283391655
-0.0638625553712
0.00564124611722
-0.05271237062
-0.067337142672
-0.00532602531834
-0.0655411958898
-0.063496542189
-0.0080298427416
-0.00499664489991
-0.0163850967716
-0.00128226951445
-0.00387725687769
-0.0611228729268
-0.076933178702
-0.00326702516972
-0.0611705324762
-0.071578017051
-0.0041813030397
-0.0578819156716
-0.0315024576166
-0.00495917378272
0.00103075048706
-0.00432927385997
-0.0171089036543
-0.0236357341062
-0.067298310964
-0.0606493340958
-0.0054746965433
-0.0028016249074
-0.00105014267266
0.00390757168178
-0.0616206577248
-0.000544720667445
-0.0434138486085
-0.00112539727253
-0.00261324614552
-0.0679215883401
-0.00516974976154
-0.0704589177697
-0.00470743575833
-0.0401367283875
-0.00135150583279
-0.0415547258266
-0.0626853300797
-0.0441854481368
0.00613022872682
-0.0737066971755
-0.0707941415086
-0.0744006634477
-0.00354357300519
-0.0451646050369
-0.065641704129
-0.0735161794569
-0.0417930032162
-0.0451948811277
-0.000761979841843
-0.0614859583358
-0.019892884886
-0.0733805148642
0.00412339359049
-0.00474757080961
0.00317784320285
-0.0203840557059
-0.00446574720455
-0.0145618948108
-0.0306192765782
-0.0505657289219
-0.0203688199338
0.00185489110182
-0.0197922599636
-0.0221492579392
-0.0864536094635
-0.00603210175427
-0.00381296510495
-0.00571445863678
-0.00744761526743
-0.0268486053068
-0.00719580137756
-0.0238542104768
-0.00421552448134
-0.0071670037599
-0.0201493270631
-0.0445061654411
-0.0157266601482
-0.0208738214225
-0.015551149636
-0.00705251709827
-0.0211943162824
-0.00155051492092
0.00104036854528
0.00116951520399
-0.0600297177583
-0.0136646265094
-0.00338442166703
-0.0739658281928
-0.00420343487282
-0.0451306568897
-0.0625652019239
-0.0380791383613
0.00550703162524
-0.00263071700711
-0.0211504603556
-0.0136742223044
-0.00421132608868
-0.0103706808162
-0.0137905473427
-0.00504988138924
-0.00700578300214
0.00391332547916
-0.00404499334492
-0.0606537251568
-0.0313849757656
-0.0636350258924
-0.0655927974678
0.00722605713947
-0.0631476205274
-0.0204684421263
-0.020561592725
-0.0559310969826
-0.0190684048039
-0.0454658629901
-0.00168524467456
-0.0304177910292
-0.0370380200219
-0.0558821674814
-0.0350618294137
-0.0420938203588
5.22266411228e-05
-0.0458957057913
-0.00834917677556
-0.0136945543163
-0.0701245274673
-0.0470868606729
-0.0640117974128
-0.0684467307508
-0.000838874921361
-0.0156803494378
0.00453228277972
-0.0652051982347
-0.00392511550719
-0.0600134874041
-0.0477100018352
-0.0211419556069
-0.0193267548508
-0.0235112917905
-0.0141304765213
-0.0599804594119
-0.0527035948533
-0.0196444735406
-0.0442828415557
-0.0649069330524
-0.0228241584191
0.00518733859966
-0.0177380538223
9.74479158789e-06
-0.0735642538951
-0.0390982735702
-0.0202575080461
-0.0140845296257
-0.0407413129986
-0.0232728654195
-0.036030086853
0.00184482271
-0.00452915238272
-0.021557387706
0.00629691998475
-0.0286121739203
-0.00605259032569
-0.000822918389873
-0.016076250814
-0.0477578827824
-0.0368474493603
-0.0239111102396
-0.0270323125515
-0.00183908086204
-0.0403270628917
-0.00454629347982
-0.00170155699108
-0.0225797494008
-0.0420545532423
-0.000943597969063
-0.0243977657812
-0.0428509813822
-0.00261376462839
0.00604630123127
-0.00231294595564
-0.00259118927557
0.0041800898039
-0.00444813320871
0.00470757385937
-0.0835661427439
-0.00424878803547
-0.00200805355849
-0.0776627082975
-0.00146320836722
-0.033768087914
-0.00311740635372
-0.0235551326653
-0.0250694512431
-0.0029141310876
-0.00460012830335
-0.0202845447118
-0.054331594298
-0.00575598450152
-0.0205299909412
-0.000741851584674
0.00637170561003
0.00242667094627
-0.0171393290578
-0.0187053428547
-0.0277418931346
-0.023283454515
-0.0131744769248
-0.00735335246306
0.000455041698334
-0.00391111978273
-0.00389977299982
0.00590539277973
-0.00505687238512
0.0043968454693
-0.00509422253629
-0.00454849578899
-0.018580592517
-0.0421540920904
-0.0337306012
-0.00424969628408
-0.00181722269803
-0.0381757583217
-0.0101964865768
-0.0283843099943
-0.0218515871478
-0.0112859841325
-0.0416635899559
-0.0389821869
-0.000444475245426
-0.0200433488032
-0.0162134007076
-0.00550201591081
-0.00250809280153
-0.0311082559569
-0.0157653442605
-0.0314603294459
-0.0236109560229
-0.00168539384605
-0.0719220358156
-0.0379723996643
-0.0408142547914
-0.0011397907946
-0.00668297500207
-0.0164578633768
-0.0455791715331
0.00669229788954
-0.00961080106702
-0.0352959814213
-0.00506413500794
-0.000703080305533
-0.0114669433575
-0.044002097766
0.00553494662374
-0.00263752982217
-0.0148634200284
-0.0231913347082
-0.0395482057161
-0.0174086917056
-0.0494003752508
-0.0332473198227
-0.0343542860449
-0.0876015455386
-0.0382275442657
6.14715379791e-05
-0.059629782394
0.001645772139
-0.0188149030187
-0.0158117531893
-0.0171506992244
-0.0239394588192
0.000178939327066
-0.0134655739924
-0.0374454114531
-0.00287631420063
-0.0192328093304
-0.0227831132162
0.00107713061313
-0.00316849918578
-0.0151233314227
0.00175099463171
-0.00275436942125
-0.0126573075455
-0.0354688106942
-0.00299343846215
-0.0254422812319
-0.0212541973576
-0.00967735028917
-0.0216082966834
-0.00684508613632
-0.0366841662449
-0.00564478716616
-0.00119846505775
0.00675433580466
-0.037107943
-0.0347663578301
-0.0106702746795
0.000550955262318
-0.00251567556639
-0.0340117584269
-0.00222954882626
-0.0214046637909
-0.0456960450539
-0.0013665129906
0.00713013280848
0.00173459499945
0.00267863151365
-0.0253081175554
-0.000914833693568
0.00615711812097
-0.00421991078318
-0.00823872774676
0.0028180167581
-0.0412925729384
-0.0471345765092
-0.00915307542166
-0.0159544714961
-0.0264681410511
-0.0132778905161
-0.0431590628706
-0.0303854560853
-0.00211348911598
0.00199715678457
-0.0250149912693
-0.00266999264485
-0.0326043046361
-0.0454993417983
0.000290548501072
-0.00472791251901
-0.0170876356625
-0.00195714952858
0.00410646428429
-0.0380083271281
-0.064079467353
-0.0421315309514
-0.0667760641982
-0.0144784397036
0.00167336977406
0.00122320866657
-0.00125165196369
-0.026444288871
-0.000737561039623
-0.0148814994718
-0.00415237742584
-0.00864572043052
0.000673321583833
-0.03512701471
-0.0106514527937
-0.015853082243
0.000292225225431
-0.0317400721191
-0.00536558917546
-0.0144743287114
-0.0286211735113
-0.06380871728
-0.00585799058742
-0.00776806490024
-0.0122691170536
-0.00265846878321
-0.0302117029732
-0.0052013223276
-0.0200348848049
-0.00944873585956
-0.0163033434323
-0.018818637762
-0.00802130817883
-0.0317665018659
-0.0678246739105
-0.0129890354411
-0.0324348553794
-0.00614372928959
-0.0338051517735
-0.0862877409583
-0.0387492089748
-0.00212449953994
-0.0116821237652
-0.0306421466503
0.000591152207276
-0.00442643400643
-0.013756000228
-0.0272813735467
-0.0293538150566
-0.0294687223909
-0.0365832373072
-0.00746411882425
-0.019382214859
-0.0362674447547
-0.0131897615596
-0.0303915718186
-0.00850161779102
-0.0207943801805
-0.00367381417559
-0.00887483784829
-0.0316412297907
-0.0215234289246
-0.0189564020769
-0.000966676392213
-0.00822445122777
-0.0342068188201
0.00210211988624
-0.00253581288675
-0.0281086519918
-0.00805801923018
0.00589084604326
-0.0290593295865
-0.0430983747741
-0.00594427643479
-0.00169889409485
-0.000751173139899
-0.0520613780973
-0.0179857209302
-0.00678542760733
-0.0321426321403
-0.0101612634649
-0.0118342456637
-0.0701851191485
-0.00928179888437
-0.0100914075492
-0.0107266304311
-0.0129722985509
-0.0275185247819
-0.0280774056333
-0.0112070104337
-0.018952087143
-0.0290809546738
-0.0387125907608
-0.0299173259704
-0.0312110151796
-0.0299857531542
4.6285900218e-05
-0.000356161991349
-0.00415456657953
-0.0163543049301
-0.0111076178089
-0.0227072884576
-0.0130778493284
-0.0131218006253
-0.0474711871938
-0.0481088887834
-0.0639255244797
0.0056851651114
-0.00345095931331
-0.0865060444523
-0.00223577756077
-0.00765775448279
-0.0126573842073
-0.0166632963845
-0.0267143334986
-0.0203598484181
-0.00987503687567
-0.0701708894534
-0.0222740274228
-0.00154792384853
0.00582247859619
-0.00126421184018
-0.0408692620444
-0.0276058356733
-0.00976376640235
-0.012760353615
-0.0199344216656
-0.00173772415842
-0.0248597380491
-0.0188558121768
-0.031486390479
-0.0408129551239
0.000908938863409
-0.00206335833537
-0.0127702351285
-0.0162056627508
-0.0506986650814
-0.00841514348888
-0.0129990173043
-0.0179031296461
-0.0214665874847
-0.0189737748506
-0.033960068495
-0.0224191615677
-0.036867805105
-0.0241449948425
-0.00300201417637
-0.0250343953682
-0.00668157648887
-0.0454145423391
-0.0205067519699
-0.0290140145701
4.62587750626e-05
-0.00804976546861
-0.0116895781961
-0.0580750332933
-0.0233561064024
-0.00623833117011
-0.0181729897429
-0.0360620687431
-0.0273955100141
-0.0136032288171
-0.068910249915
-0.0223617327959
0.000162478134075
-0.0169821587399
-0.0400446698346
-0.0504195947187
-0.00686639302123
0.00211422291116
-0.00946080649113
-0.0579434657694
-0.00170408468755
-0.0190911732003
-0.059925625454
-0.0181118021077
-0.0179614658674
-0.00849267402498
0.00420895196606
-0.00641908020664
-0.0291653046273
-0.0365158181251
-0.00344824595116
-0.0278514547227
-0.0293948509489
-0.02612873281
-0.000807670602824
-0.0320583394449
-0.000219405409434
-0.00649060479383
-0.0171613966524
-0.0268750576267
-0.0344795446773
-0.0192515860623
-0.0402557580682
-0.0317021703689
-0.0269840384184
-0.0156381818136
-0.0433559884062
-0.027560888356
-0.0658793482339
-0.01797684291
0.000252401480147
-0.00965697588876
-0.018428725608
-0.0651973701866
-0.00591393101765
-0.05562865731
-0.0676832165752
-0.0152682615561
-0.0378448261704
-0.0327058086532
-0.00422824007419
-0.0251785180294
-0.0592763054547
-0.00361975457522
-0.0474662503692
-0.0433743104641
-0.0292146540042
-0.0326885961252
-0.0261825638791
-0.030582402792
-0.0779432671904
0.000565170651414
-0.0872073572928
-0.0120417200352
-0.0146543638588
-0.064403124285
-0.0155901932547
-0.0213845128131
-0.0568823213303
-0.00177510240751
-0.0802323957741
0.000746954710455
-0.00607835704867
-0.0218731394704
-0.0603267783063
-0.0410720376912
-0.0111083350514
-0.0473322551887
-0.0277971153072
-0.025792937984
-0.0254271578803
-0.00440053556972
-0.0436836594872
-0.0210718797065
-0.048345899185
-0.00189804606441
-0.0279046916199
-0.0527867854389
-0.0169490376405
-0.0792808843147
-0.0452458604031
-0.0432975140158
-0.0754794916624
-0.0302250576395
-0.00466955350649
-0.0313092736038
-0.0400263371193
-0.0059558725954
-0.0873354358948
-0.0249296920354
-0.0549198764053
-0.0283166733208
-0.00968667887044
-0.0266479825933
-0.0550054461934
-0.0339904231783
-0.0588824632637
-0.0171934322117
0.0018334668309
-0.0216096237083
-0.0303920777421
-0.0119589151543
-0.0195729144477
-0.0232563603589
-0.00382611403046
-0.0517127946214
-0.010090589483
-0.0194496796868
-0.0149755297911
0.00592206035019
-0.0446086742779
-0.00270377797425
-0.0128977202177
-0.0670664795783
-0.0391519293356
-0.0535406130858
-0.0238070217329
-0.0280759853688
-0.00870947112868
-0.00854336448134
-0.0232281908671
-0.00762603327008
-0.0463301085955
-0.0628424288411
-0.00813377954266
-0.021140724291
-0.0224666973842
-0.0393357451474
-0.0623853257914
-0.0306306149742
-0.0598774825585
-0.0176797990957
-0.040670953016
-0.0848697916321
-0.0208092864913
-0.060850965412
-0.0514971545154
-0.0272092474636
-0.08713401388
-0.049240631792
-0.0122333093233
-0.00197947166326
0.00114489478048
-0.0438624148536
-0.0118304334573
-0.00634557140833
-0.0655952381512
-0.0308296861033
-0.0262539476967
-0.0206016110928
-0.00524623574238
-0.0168527354893
-0.0285680601881
-0.0327706237468
-0.00780186806154
-0.0347291765001
-0.0583948138187
-0.0123716485713
-0.00239871802825
-0.0597567570243
-0.00783703900769
-0.0094375402662
-0.0381371176915
-0.0120997636174
-0.0222901549435
-0.0209084641213
-0.0583965013852
-0.0161525486035
-0.0550615090617
-0.000217434479213
0.000190599427152
-0.0246873883527
-0.0614177176045
-0.0354403273201
-0.00662053464659
-0.0116315156863
-0.0055144932504
-0.00220234479459
-0.0020156315476
-0.0229607989228
-0.00512842798956
-0.0273847231483
0.00195289213421
-0.00645347649096
-0.0565571585637
-0.00100306604467
-0.0401842552795
-0.0402686042957
-0.00389497339801
-0.0669369374595
-0.0577577772842
-0.0264454905406
-0.00548022432303
-0.036595414759
-0.0350166082622
-0.0195447165806
-0.0295388828255
-0.000168172449155
-0.00722826039499
-0.0273941259232
-0.0187734732919
-0.0161090553747
-0.0233233732079
-0.0571549211661
-0.0300493293351
-0.0072299449718
-0.0124073352098
-0.0228036639894
-0.0562558240462
-0.0596059936215
-0.0530948726203
-0.0448622671714
-0.0363332823025
-0.0277544008353
-0.0230230738086
-0.000855238837278
-0.0494126171559
-0.0085373327035
-0.0257463600644
-0.0387063948289
-0.0630926586615
-0.0437107640298
-0.00833869776034
0.000388940836449
-0.0410433645114
-0.0217101711193
-0.0278197155788
-0.00703017732629
-0.0385659953555
-0.00121071280037
-0.00404596312391
-0.00537710757583
-0.0742080977517
-0.00975670234808
-0.0110882693025
-0.0112826727445
-0.00328910365743
0.00122913365218
-0.00225324331215
-0.00797528696037
-0.0381945937894
-0.0241543387728
-0.00338932010481
-0.0249760728691
-0.017462191494
-0.062572548564
-9.66816763562e-06
-0.00811614563556
-0.00911985876783
-0.0158311680542
-0.0238626710226
-0.0387289359319
-0.0732371023108
-0.00759374834442
-0.000400582854562
-0.00680529311837
-0.016999908645
-0.0365029992141
-0.0209059573497
-0.0327684576487
-0.0343421921843
-0.0264071192941
-0.0048528870094
0.000262855266664
-0.00126832395962
-0.0168601540844
-0.0534175290151
-0.00666537129602
-0.0494317123151
0.000307640081568
-0.00162119745691
-0.00543952716662
-0.0363711695829
-0.0271513216639
-0.00458854872785
-0.0209824067447
-0.0120098095467
-0.0169441829241
-0.0174679270583
-0.0850512662086
-0.00176332358558
-0.0279434530687
-0.00571226454275
-0.0540157175257
-0.00272000672709
-0.0359322974288
-0.0123021369728
-0.0108624868506
-0.0106924169672
-0.019909266201
-0.0298404761816
-0.0346992688519
-0.0845081613201
2.51021481787e-05
-0.0303920260373
-0.0256438114088
-0.0126107866152
-0.0763952252346
-0.00446965683245
-0.053355475857
-0.00126785455771
-0.00847964464091
-0.0560611739698
-0.00244912725321
-0.0267840189089
-0.0295052559744
-0.0119463066983
-0.00255731339671
-0.0255880476764
-0.0387026725729
-0.0380907623689
-0.00865111623703
-0.00229796667003
-0.00106810760281
-0.047246240779
-0.0220546461548
-0.0561336863954
-0.00645629624971
-0.00457910110806
-0.00953762221479
-0.0329726507797
-0.00385128015438
-0.00922587592548
-0.0471000561879
-0.0579836405146
-0.0568266489656
-0.0401183799347
-0.000168987951458
-0.0535522668118
-0.042197545655
-0.0101487963698
-0.0014610175698
-0.054453560286
-0.0274083344444
-0.034116058754
-0.0586900276418
-0.0481035434081
-0.027415803083
-0.0356161472989
0.00500089875475
-0.0283214805701
-0.000613119628828
-0.0342342759802
-0.0220558045168
-0.0308972498107
-0.0408641933781
-0.00306888815254
-0.000321680830497
-0.0670349353887
-0.0379629464961
-0.0482548262993
-0.0215529376668
-0.00557906243844
-0.0138186793955
-0.0167528839931
-0.00469603992102
-0.0341366027522
-0.00833711609792
-0.0365636001495
-0.0168524072124
-0.012288105622
-0.0514002882876
-0.0206550740853
-0.0559788955154
-0.0164841777116
-0.00372487511708
-0.032059301082
-0.00387702879946
-0.00318132499502
-0.000883086766528
-0.0223129411105
-0.0149470432684
-0.0155749048951
-0.0102410115369
-0.000744051597278
-0.0710703271097
-0.0269544502079
-0.0295592579554
-0.0294067692158
-0.0068998016892
-0.0012918556586
-0.0221520283365
0.000161103526967
-0.0217178476167
-0.0410846744589
-0.0131632255469
-0.047850844634
-0.0114759602736
-0.0214621669015
-0.0364456464433
-0.00648209654928
-2.35301736757e-05
-0.0312133260671
-0.0074769210632
-0.0192671332132
-0.0071822794466
-0.0315530302593
-0.0331711986964
-0.0118783616182
-0.0101188621079
-0.0525878040972
-0.00239977433399
-0.0698966070788
-0.0327015393291
-0.0188887012233
-0.0609240736322
-0.0511062126296
-0.0221433565848
-0.0166881250199
-0.0151403188713
-0.0562826367754
-0.0108249190275
-0.0563500690527
-0.0359279810396
-0.060838040695
-0.0465036050225
-0.0631020148482
-0.020663495907
-0.055926917117
-0.0383181623785
-0.0107854198014
-0.016529822808
-0.0039320110123
-0.0145972252118
-0.0313046660977
-0.016986522972
-0.0266575615991
-0.00118589073628
-0.0302844114369
-0.00141258674665
-0.021743632612
-0.0252049868472
-0.0203437725669
-0.0458521764368
-0.0298165691061
-0.0127941957131
-0.0151254520255
-0.00553134135971
-0.00560419093717
-0.0436821654934
-0.0153627307563
-0.0100135913334
-0.0154130471729
-0.0858042197209
-0.0446433192762
-0.0212549486176
-0.0263854187727
-0.00336183116447
-0.0155469574802
-0.0224792448516
-0.0082097349398
-0.018342736696
-0.0501801128
0.00450388918853
-0.00718465728617
-0.077867028418
-0.0278131302484
0.000345771100299
-0.00455830353029
-0.0175296359567
0.00435866213572
-0.0242087094975
-0.0596655969671
-0.0513139883444
-0.0463749351401
-0.0244035143193
-0.0200609379843
-0.0133762888164
-0.0483924850263
8.77532072224e-05
-0.0262344973982
-0.0263391718615
-0.0182958796678
-0.0489507707295
-0.0298189813105
-0.0264661937087
-0.0317205549553
-0.0125245408191
-0.0382399690263
-0.0255110497267
-0.0118061598852
-0.0425994377956
-0.00029818671459
-0.00579121239753
-0.0251314407233
-0.059430450488
-0.000733292901978
-0.0645525751481
-0.0251930037428
-0.0723190622438
-0.0229777269231
-0.0418705356568
-0.0672733441466
-0.0160717843333
-0.0182626601499
-0.0445737522819
0.00013104452807
-0.00704261041359
-0.0759069089386
-0.0309096704456
-0.0686674305214
-0.0241562874026
-0.00559103544274
-0.0182294529267
-0.00556512489115
-0.0197225208884
-0.00165552018807
-0.0761094407138
-0.064356296267
-0.0227781933456
-0.0731779816379
-0.00204599254443
-0.00900854022895
-0.0579728379202
-0.0763649676983
-0.00254940941973
-0.0161597279051
-0.0186428039015
-0.0747385257134
-0.085700551365
-0.00300030416184
-0.0456638175939
-0.000696760429981
-0.0832138951175
-0.0173420362568
-0.0441652544802
-0.00206854362572
-0.0420734669949
-0.0405443228828
-0.0384392090055
0.000269514839052
-0.00220270707715
-0.00132189844697
-0.00500814178372
-0.0257813372899
-0.0388754854905
-0.0567553492783
-0.00019810279554
-0.0253295286451
-0.000108638934407
-0.019651808093
0.000210853944227
-0.000895891831871
-0.0106865610147
-0.0589836889911
-0.0671370915617
-0.0147977005549
-0.0280395604701
-0.00397702125702
-0.00241513989559
-0.00811826148255
-0.0501258613227
-0.0231350952424
-0.0045130074848
-0.0401807927375
-0.00371058841949
-0.0328209803569
-0.0121426777368
-0.0531457160058
-0.00735007618182
-0.0345594741908
0.00184735682452
-0.00358480062813
-0.018609870563
-0.0780277290684
-0.0837233416171
-0.0118899958667
-0.0233597791862
-0.0328245425109
-0.0329457903103
-0.0834557813028
-0.00252602521443
-0.0555735788926
-0.0607155195218
-0.068102870482
-0.0204721114623
-0.0420403173164
-0.0711475547854
-0.00462285886903
-0.0128343799549
-0.0136947650462
-0.0634346161508
-0.0779666244549
-0.00284751308175
-0.0724312926494
-0.0790542577441
-0.00861716617512
-0.00488914989802
-0.0254652176176
-0.0286887751141
-0.0810457701027
-0.002871481206
-0.0362333889377
-0.0160246077954
-0.0300110648641
-0.0233477512089
-0.00362927024363
-0.0792782821254
-0.0359056117559
-0.00969553257223
-0.0566002469213
-0.0551117975591
-0.0546067223002
-0.0689573044758
-0.0504750352945
-0.0325165946929
-0.00486707474722
-0.00160114257899
-0.0373741957802
-0.0153599416011
-0.075290846893
-0.000738379904823
-0.00328108299534
-0.0127768330437
-0.00892346954858
-0.0335992262882
-0.0807891154791
-0.0138601357977
-0.01704412405
-0.002801803287
-0.0299578273313
-0.0205263462044
-0.0011824963527
-0.0747186914997
-0.0260187215806
-0.00633970081213
-0.00503459050873
-0.0401342968602
-0.031197327358
-0.0374435112063
-0.0428834405714
-0.0754474135468
-0.0480144461258
-0.0308560735744
-0.00786429663082
-0.0286594898843
-0.0502514307967
-0.0486958195477
-0.0836167753721
-0.0289657993296
-0.0312099697768
-0.0332977071523
-0.0734218654839
-0.0258118709111
-0.0244328091685
-0.0425524030668
-0.0543506548392
-0.0262491776245
-0.0830521319876
-0.0294737816442
-0.027184007208
-0.0497501695221
-0.0475421970756
-0.0318277386756
-0.0795863155067
-0.0714359572025
-0.0838421318152
-0.0477344581846
-0.0365395808718
-0.035821825986
-0.0233393015895
-0.0700113088651
-0.0763605054795
-0.0586849972681
-0.0677862736419
-0.0846776914657
-0.0324026451229
-0.00927870188599
-0.056593561789
-0.0181353155675
-0.0350638150373
-0.0323572233177
-0.00663577663021
-0.0212479392194
-0.0267845104413
-0.00476746229955
-0.0343781398338
-0.0844374148484
-0.0087235632975
-0.0150655091056
-0.0856481884501
-0.0132043351708
-0.0475431098069
-0.00767300715748
-0.0157614263795
-0.0811826392402
-0.00517607264794
-0.0211258406459
-0.0292941601169
-0.0401248947346
-0.0343319473106
-0.0354480685148
-0.0248883548467
-0.0231349875856
-0.0229189663938
-0.0742833945588
-0.00802514862857
-0.0394037591779
-0.0267053327994
-0.049666554782
-0.00103686863337
-0.0490427362714
-0.0550196938227
-0.0792292374013
-0.0815644163767
-0.0514324662375
-0.0479729998384
-0.0231100601748
-0.0524253539132
-0.0831221794416
-0.0123898962828
-0.043057643836
-0.0810873909072
-0.0140959453271
-0.0003298866058
-0.0493072281842
-0.00670288924437
-0.0647891222379
-0.0508404170806
-0.053378454769
-0.0430899321237
-0.0726551425078
-0.0259213794126
-0.0552761746915
-0.0468712683884
-0.0589869961479
-0.00534962323042
-0.0050374598447
-0.000120927428453
-0.037440545756
-0.0366731757404
-0.00554144417784
-0.0250999500241
-0.0526760622882
-0.0411595791862
-0.0293744552268
-0.017601195136
-0.0818572320617
-0.0432634612496
-0.0607094835731
-0.0300518338606
-0.0550992496062
-0.00393707288024
-0.0232566707071
-0.0202986089086
-0.0487774877944
-0.0274252511535
-0.00281304566629
-0.0562164361968
-0.0260153180506
-0.00517113681464
-0.0305834054601
-0.0378128148368
-0.0171116470672
0.000355350517324
-0.00180645244591
-0.00797746417611
-0.0651498468237
-0.0154564042637
-0.0139999884346
-0.0141169470079
-0.0469634012272
-0.0135977854088
-0.0251885928331
-0.000737309931368
-0.00346088313953
-0.0297599126544
-0.0168462153892
-0.00116832672857
0.000360261464063
-0.0233890657757
-0.0725699272277
-0.0496742016481
0.000503207754404
0.00645675323237
0.00201497696241
-0.0538811103309
-0.0410414593796
-0.0788077715931
-0.0246752555204
-0.0148923843887
-0.0521499485633
-0.00489201309994
-0.0605398731968
-0.0539310957983
-0.0145108512305
-0.0821441219372
-0.0192671401131
-0.0230541042231
-0.0492384176959
-0.00123656214426
-0.0107410445873
-0.0496760781986
-0.0788053325243
-0.0217191609823
-0.0828819319303
-0.0159099301214
-0.040428338171
-0.0696666331319
-0.0757035041791
-0.0130750706627
0.00142733651033
-0.0208453099079
-0.0122657561821
-0.0235256055122
-0.0240298652519
-0.0544202613038
-0.0199838554169
-0.0251048984796
-0.0425244783005
-0.079469259375
-0.0483054745179
-0.0213818792071
-0.017662096846
-0.000753559967504
-0.0444029955883
-0.0223309791716
-0.0216860123628
-0.0232188164245
-0.0247402533158
-0.000650675395305
-0.0237362074285
-0.00298163883634
-0.0331583583918
-0.0529939452361
-0.0640243467739
-0.0246853865598
-0.0182649509194
-0.003619768133
-0.02810453832
-0.0468211304501
-0.0189128268622
-0.0164741927657
-0.0185680982401
-0.0372959576109
-0.028063497453
-0.0136658373016
-0.0226755115412
-0.0258648926413
-0.0349328719023
-0.0488363208034
-0.0485531974648
-0.0240533090614
-0.0156657899268
-0.0122458232559
-0.03268070032
-0.0101664238081
-0.0198561667167
-0.0200962401079
-0.0266358102721
-0.0185704709564
-0.011277267706
-0.0219253884271
0.000403463962273
-0.0768488596581
0.0069512530767
-0.0806772218861
-0.0343121263558
-0.0166917314088
-0.0680986357885
-0.0179414636409
-0.0476120135726
-0.00106405983897
-0.0229289218402
-0.0064998602434
-0.0206083988164
-0.0184846962533
-0.0265145498134
-0.000765620233034
-0.0253053121061
-0.00335115670462
-0.0389559226112
-0.0412225070057
-0.00728196156567
0.00536317317604
-0.0324027910041
-0.0304178188654
-0.0198557825112
-0.0190201253988
-0.0514625542154
-0.0191385271575
-0.0254681367043
-0.00639742718356
-0.0310760188533
-0.00805823850227
-0.0324701100916
-0.0802390967886
-0.0276848125183
-0.0256609288393
-0.015376477001
-0.0535651006481
-0.0113936516285
-0.00534261544711
-0.0043707048807
-0.0210682041725
-0.0287133754472
-0.0260609336888
-0.0751342468687
-0.0822060953916
-0.0194388084532
-0.0454771234363
-0.0293658402178
-0.0417827646785
-0.028794715516
-0.0525528114659
-0.0221504008224
-0.0230583937443
-0.00884491397251
-0.0109138143868
-0.0215507221097
-0.00192340887821
0.000433937533413
-0.0174849936812
-0.0337003808086
-0.00266918249547
-0.0215795551711
-0.00937246720748
-0.0797415624935
-0.00990360413833
-0.0806220667294
-0.0248463874549
-0.0307401866312
-0.0125374091287
-0.0043454311799
-0.0828676115358
-0.00780215767212
-0.0283701507052
-0.0139719294735
-0.00549256786328
-0.021692936641
-0.0123979532023
-0.01003529952
0.000260934294646
-0.0186796068836
-0.0423646637061
-0.0165688735355
-0.0324508061571
-0.0267592366714
-0.0406392990247
-0.00732606333199
-0.0135711852235
-0.0141956334518
-0.0160669426992
-0.0199334884846
-0.0561641756026
-0.0346657286357
-0.045414362239
-0.0346970974473
-0.0723755242275
0.00148951861537
-0.0266159820815
-0.0196643944904
-0.0126702528276
-0.0518107059147
-0.00288061197293
-0.0682364926064
-0.0383798836423
0.000334456169809
-0.00153836841586
0.007033488098
-0.00542480874332
-0.0819595182895
-0.0356132290744
-0.00479371598062
-0.0213676842687
-0.0268666707496
-0.00643261855748
-0.0219659346841
-0.0458858269561
-0.00898269709634
-0.0109498311368
-0.0239190232063
-0.0085640086816
1.14276843498e-05
-0.0211205623863
-0.0311898441391
-0.0222016177747
-0.00611973648529
-0.0739888966581
-0.00440420468017
-0.0200289616545
-0.0248708921066
-0.0166616767643
-0.023561623746
-0.0126971583698
-0.00941689417413
-0.0544398795146
-0.00355902897837
-0.034010336927
-0.0303178059022
-0.0323556463377
-0.0373560769521
-0.0186185620424
-0.0819479953879
-0.033186704259
-0.0183274598002
-0.0329479447889
-0.0283942401597
-0.0178670547709
-0.0228762337401
-0.0124616541081
-0.0422786305065
0.00194870006113
-0.00405257682174
-0.0135025202888
-0.0196539176564
-0.0198759836376
-0.0150980329815
0.00328381197761
-3.3848522376e-05
-0.0431576723174
-0.0357445434952
-0.0179569467602
-0.0306916472913
0.000620748541682
-0.000693887079454
-0.0218015902138
-0.0369370178267
-0.00605465447823
-0.000332625346768
-0.0435419594825
-0.0208192661865
-0.0334665085472
-0.00424993278563
-0.005130687812
-0.0170843588287
-0.0359060443267
-0.0242034627004
-0.0283514869228
-0.00811117952944
-0.0258288061042
-0.0418358917584
-0.0757080163411
-0.0340920286277
0.000763439484904
0.000826225806523
-0.0378404015815
-0.0107577335475
-0.0282101448698
-0.00679739738551
-0.00315375538582
-0.0387494756633
-0.00433745058366
-0.0134274158901
-0.044748161277
-0.00780456849428
-0.026174466984
-0.00321301238911
-0.0304407817419
-0.0450323666726
-0.00866662310117
-0.0270897285157
-0.00506800615566
-0.0515745787122
-0.0505741380082
-0.014764495266
-0.0251629543908
-0.010776172344
-0.0617937548908
-0.020261862458
-0.0162083174751
-0.0240411364298
-0.0032775577951
-0.000418865331948
-0.0211706737759
-0.0318382924895
-0.0196511265992
-0.0294577734644
-0.0266921958576
-0.0347588161514
-0.00728349585768
-0.0039412429464
0.000748750401539
-0.0266596374045
-0.0228913777843
-0.0194029279617
-0.00358910225565
-0.0452751417335
-0.0290413499001
-0.00052263973862
-0.00639603995874
-0.0387418978474
-0.014331059909
-0.00953767226231
-0.0348555282017
-0.0239309982978
0.000766478779327
-0.0777623298763
-0.0475559949886
-0.0285411497203
-0.0117158947276
-0.0280151508484
-0.0314844299026
-0.0370115977067
-0.0667015510719
-0.00731802872656
-0.00180772902668
0.00110430833931
-0.0274890447124
-0.0025248255068
-0.011293209412
-0.00623260490623
-0.0275590879017
-0.0235392260883
-0.0154568511663
-0.00574518032668
-0.0518884945081
-0.0231197215888
-0.00334624038133
-0.00118389564572
-0.00322064835798
0.000411987043368
-0.00577666458849
-0.0485160337833
-0.00525355365533
-0.016469546209
-0.00181562724653
-2.42902733237e-05
-0.0149097931599
-0.00745939659562
-0.022399320866
-0.0453719615353
-0.0291669611797
-0.00210517816954
-0.0379802752882
-0.031551267341
-0.00767898626805
-0.0507678453365
-0.00725986054062
-0.00894378773356
-0.00464508909521
-0.0232415161935
-0.0239852346731
-0.0170427323001
-0.00837736092141
-0.0106242579136
-0.0748388007457
-0.000318171909803
-0.0339274283666
-0.00826919710097
-0.0343288919562
-0.00311978275647
-0.00177574097812
-0.0189271251307
-0.00136734533624
-0.0204036432952
-0.0200640333985
-0.00169696499288
-0.00824919471647
-0.0318086981273
-0.0519387782589
-0.0037533778572
-0.0513829414848
-0.0461310950126
-0.0330157325785
0.00437108400449
-0.0386631400184
-0.0326685225373
-0.0250191700003
-0.0203116512621
-0.0220352806058
-0.0031671447622
-0.00798348129913
-0.0695423993134
-0.0252050174732
-0.0390354748469
-0.0207614850693
-0.00542096667901
-0.0264470272099
-0.0464940956837
-0.00179642688858
-0.00158971509144
-0.0784892229719
-0.0191798304801
-0.00971308781917
-0.0209804839632
-0.0534030894943
-0.0228961261749
-0.00379053154541
-0.0838256860475
-0.0281337421822
-0.0182807962751
-0.0285363754491
-0.0428150607842
-0.00590757378113
-0.0413592540798
-0.0269246715052
-0.0282605939354
-0.0254878096931
-0.00808891924935
-0.0226947824287
-0.0111863240688
-0.076446687989
-0.0247361139598
-0.0125420974829
-0.000355711759121
-0.00212278738745
-0.0253953116885
-0.00167448419414
-0.0591218574605
-0.000828680871051
-0.00177456648302
-0.0162191522103
-0.00367865955948
-0.013776482836
-0.0277414754292
-0.0304056777222
-0.0243259862135
-0.00134960833436
-0.0110910233487
-0.0190415652032
-0.0673291184832
-0.0340116576198
-0.00222816160561
-0.000588222704211
-0.0404072682603
-0.0191656025923
-0.0296668896143
-0.0226909960021
-0.0133012294508
-0.0143153225097
-0.000380469538791
-0.000957846262878
-0.0185776613265
-0.0348069311177
-0.022099594729
-0.00219780621132
-0.000585676041348
-0.0693421305415
-0.0207805357495
-0.000860994962536
-0.0150891562274
-0.0699068070429
-0.0665590472483
-0.0399208960412
-0.0134952386445
-0.0347490972142
-0.0311975886926
-0.0174600474429
-0.0221600914888
-0.00361304337749
-0.00552218128807
-0.0327333535599
-0.00856643150873
-0.00020876188057
-0.0191454918099
-0.0180862444392
-0.0866678995846
-0.000410697498867
-0.0203505035777
-0.0132638767472
-0.0256751858339
-0.0620763234294
-0.0719967654245
-0.0107900370468
-0.0588534576574
-0.0817766876228
-0.00607218711667
-0.000542220396571
-0.00213066374204
-0.0289679133656
-0.0452946307371
-0.0297811314321
-0.0366855945094
-0.0465512299396
-0.0264994912088
-0.030346025567
-0.0030208892318
-0.0857829662496
-0.0147874733028
-0.00421069051519
-0.0325487852747
-0.0326816963422
-0.0156111859812
-0.0303763719521
-0.013940577517
-0.0164391179692
-0.000998934001643
-0.0235022848454
-0.0342174582638
-0.0229736754459
-0.0659641089873
-0.0447817651494
-0.0204420600626
-0.0270079560873
-0.0213185961597
-0.073675943157
-0.0175577543259
-0.0694616491874
-0.0175552185454
-0.0327275397408
-0.0269757513568
-0.0307120430982
-0.0032177557319
-0.0454360794896
-0.00278474448448
-0.0165891702639
-0.000514139588167
-0.00843497650675
-0.0608120545221
-0.0331577113276
-0.0339355371973
-0.0188495115757
-0.0712461491053
-0.0379005079712
-0.000825205327209
-0.0268213010312
-0.0621856516634
-0.00248010680664
-0.0164312297074
-0.00518826678389
-0.0165721677519
-0.00788995945152
-0.00479773671479
-0.0179656769413
-0.0206881703168
-0.0231153231558
-0.0121241412903
-0.0112069264621
-0.00631633116471
-0.00500155360901
-0.0296705432872
-0.00721474369273
-0.0849312927421
-0.0789084516007
-0.0844386290379
-0.0676886292019
-0.0154311078776
-0.0831820082909
-0.0538556461991
-0.0802205328653
-0.0347982144099
-0.0121070689598
-0.0401178202954
-0.00397675369649
-0.0258931242391
-0.0715015772512
-0.0780626713205
-0.00993818528118
-0.00242494522752
-0.0245778825523
-0.0280704981799
-0.0347012262133
-0.0046259138229
-0.000449207950326
-0.0284748938853
-0.00472596682871
-0.0743661514783
-0.00785066061953
-0.00617648674198
-0.0269677225633
-0.0040476537914
-0.00402768459555
-0.00378813974501
-0.0141832270544
-0.00373386654241
-0.000217554202562
-0.00621070712063
-0.00858264862624
-0.00292796362295
-0.00715988342381
-0.00558838347301
-0.00641482060768
-0.00679549268114
-0.00338389426202
-0.00430378529718
-0.00726600355344
-0.0046188632631
-0.00575880990629
-0.00418739832378
-0.0243747229345
-0.00664130595404
-0.0235289558105
-0.00491925532176
-0.00503678604697
-0.00699526322763
-0.00324488191273
-0.0054453797954
-0.0073587261726
-0.00567878330747
-0.00217639234676
-0.00504567490158
-0.00184895471911
-0.00324916300379
-0.0016187066596
-0.0041643613942
-0.00267656569855
-0.00193560599075
-0.000829354191434
-0.0182773922757
-0.00015094538522
0.00493508750609
-0.000271961817803
-0.000536995066923
-0.0261807934307
-0.024881857673
-0.0174881516965
0.00110349865487
-0.0222830004885
-0.0232904703533
-0.00935172828452
0.00136233164617
-0.0144581883477
-0.00883337458807
-0.000183009623351
0.000662429367705
0.00627535891923
-0.000282612121415
-0.0258662926775
-0.0210646298362
0.00535925372594
0.0016129777043
-0.00118134289073
-0.0229794374713
0.00324737318712
0.00138607078291
-0.00059414777503
-0.00416288370487
-0.00253779608264
0.00506077088718
-0.0207589508851
-0.0254818974876
-0.0171763368665
-0.019287923832
-0.0102769950216
-0.0153764991449
-0.0219147303811
-0.0114034465623
-0.00545887296837
-0.0170826328999
-0.0223766965836
0.000214897431285
0.00309729862041
-0.0228886395683
0.00609066849747
0.00378964181968
-0.00377205029105
0.00634064975613
0.00581983694131
-0.020092226252
-0.0278555315085
-0.0266854512157
-0.0243044346501
-0.0181563952117
-0.0164809490179
-0.0198191345383
-0.0182406673492
-0.0247698097089
0.000306060531884
-0.0258755860603
-0.0184185376311
-0.0143907589669
-0.0232223460648
-0.0241338267352
-0.0265142417583
-0.0135131197232
0.000867135443888
-0.00695309341834
-0.0135656259249
0.00301649694179
0.00364958563008
-0.0238382015009
0.00023852117106
0.000131512563673
-0.0202583686293
-0.0154023137586
-0.0171093694836
-0.0243727873895
-0.0240827608297
-0.0190364801128
-0.00140152436891
-0.0227716401596
0.0022435294216
-0.00125361615819
-0.00943068549317
8.82036626221e-06
-0.012985487004
0.00622654277165
-0.000345694201826
-0.000244452179108
0.00472997587459
-0.0277294262055
0.00551978437963
-0.00224327899236
-0.000457621743634
-0.00442209092859
-0.014350790988
0.00388693125444
-0.018694118783
-0.000940338872945
0.000436386225949
-0.0174377926448
-0.0168317165965
-0.000995815567702
-0.000135804113726
-0.000609500432583
-0.0146680179154
-0.0165539369409
-1.6788298661e-05
-0.0042049464897
0.000332253459382
-0.00205884041583
-0.0200737461379
0.00334609351968
-0.00242512691575
-0.00530378239759
-0.002412117267
-0.0149349131836
-0.00144491568973
0.00605472219235
0.00617645017008
-0.00230661761901
-0.0151546737779
-0.0179887191386
-9.97621441922e-05
-9.0694487464e-05
0.00568920147563
0.0043512910569
0.00256342976656
-0.0223901218918
-0.0149438943325
-0.0129557958154
-0.0234454687032
-0.0147174520468
-0.000747804424343
-0.00217848328744
-0.0206912756595
0.00309404873714
-0.010263833768
-0.00603995319987
-0.020088368637
-0.00907430831761
-0.0161527907214
-0.0153270758622
-0.0152684249191
-0.0120315102201
-0.0246848061386
-0.0276403371695
0.00490127969365
-0.0137118857214
0.00401434181348
0.00318404462347
-0.00609425332415
0.00293450993266
0.00608074798931
-0.0245154673834
-0.027211871486
-0.0215291263725
-0.0174520032729
-0.0151915155739
-0.0179695416694
-0.0126207620379
-0.0228976230347
-0.0175230057493
-0.0251094298384
-0.0166335051734
0.00579147425065
-0.0254802229942
-0.000688333104692
-0.0247070701426
0.00588989893326
-0.0286690112043
-0.0249849232874
-0.0256662272284
-0.0253838676197
-0.0266541464075
-0.0194257092044
-0.0225301158295
-0.0124409797335
-0.0131714496622
-0.0120003035831
-0.0135501738308
0.00277017669684
-0.0108842933148
-0.021705311909
0.000359457052707
-0.000274726088314
-0.0154716722717
-0.0108581683056
-0.000168277662818
-0.00255019118456
0.00543270497933
-0.0214517863448
-0.0170477821653
-0.0235227205608
-0.0095760267837
-0.0158375400794
-0.0153604980166
0.00111030121945
-0.0214118578787
0.00280754306512
0.00257823498189
-0.0185669975089
-0.0227622387996
-0.000330920431352
0.000468884969168
8.93971096673e-05
-0.00237466501683
-0.00997820102991
0.000391877741182
-0.00618773245713
0.000250624564788
-0.000772704610391
2.38498967783e-05
-0.00163595825734
-0.00738001590776
4.51342355135e-05
0.0064326886243
-0.0243685666789
-0.0234438122475
-0.0143754794733
-0.0133114864475
-0.0150506783656
-0.00175812933709
0.000675115826055
-0.00996215935587
-0.000371866360295
-0.000758055305826
-0.0190842408424
-0.00148392195453
-0.0161929629225
-0.0226738398916
-0.0204465191739
0.000134434788691
0.000284180319043
-0.000541574308969
-0.0135551947811
-0.0099825107381
0.000988587182885
-0.0214765111348
-0.000175453707418
0.000171824035136
0.00626889736147
-0.0226825438013
-0.00291006299729
-0.00134473973704
-0.00462192429614
-0.0274783421353
-0.0145313594917
0.000357142122971
0.00663911312862
-0.00123898466705
-0.0166204664223
-1.59651272505e-05
0.00408629794234
-0.0163391000925
-0.0218145247295
-0.0108786338279
-0.0239045319732
-0.0226355753967
-0.0131611792779
-0.0157672674845
-0.0138574530503
-0.0216931034987
-0.0212120276579
-0.0210837963962
2.55944587946e-05
-0.0113127628768
-0.0130504639608
-0.0109848599302
-0.0135117525484
-0.0114842606996
-0.0242250870562
-0.0179604100571
-0.024198035853
-0.0254508177505
-0.0257351263785
-0.0208088617503
-0.00810634456245
0.000448247831425
0.0054496074441
-0.0231230475131
-0.0209673281076
0.00623122746425
0.00212911680277
0.00405098285397
0.00120602237838
-0.0158502444353
-9.21199210987e-05
-0.000109082242707
0.00619688127605
-0.013134593554
-0.0226490964566
-0.0219225951669
-0.0130343108016
-0.0106741635882
0.000978611261142
-0.0241254968241
0.00590722318863
0.0059964086313
0.0042319725403
0.00200179433558
-0.0219236439818
-0.0195562968001
0.00510017704703
0.00591603190807
-0.0222692345848
-0.0178970446797
0.00635414722112
0.00612144179062
-0.00441414581401
0.00598231766064
-0.00613344802362
-0.00740050303643
-0.0213854986628
-0.00379641526862
-0.00712209889339
-0.0142135628716
-0.0211921748257
-0.0187088502815
-0.000668156046069
-0.000329678634917
-0.0181899321323
-0.0168749177172
0.00316408852947
0.0004886404117
-0.0051717293181
-0.00574459017837
-0.0116593259946
-0.0116666327119
-0.0185031441135
-0.0196878547295
-0.0349058379803
-0.0236877103479
)
;

boundaryField
{
    bottomWall
    {
        type            zeroGradient;
    }
    leftWall
    {
        type            zeroGradient;
    }
    rightWall
    {
        type            zeroGradient;
    }
    movingTop
    {
        type            zeroGradient;
    }
    front
    {
        type            empty;
    }
    back
    {
        type            empty;
    }
}


// ************************************************************************* //
