/*--------------------------------*- C++ -*----------------------------------*\
  =========                 |
  \\      /  F ield         | OpenFOAM: The Open Source CFD Toolbox
   \\    /   O peration     | Website:  https://openfoam.org
    \\  /    A nd           | Version:  14
     \\/     M anipulation  |
\*---------------------------------------------------------------------------*/
FoamFile
{
    format      ascii;
    class       vectorField;
    location    "constant/polyMesh";
    object      points;
}
// * * * * * * * * * * * * * * * * * * * * * * * * * * * * * * * * * * * * * //


242
(
(-5 -5 0)
(5 -5 0)
(5 5 0)
(-5 5 0)
(-5 -5 0.1)
(5 -5 0.1)
(5 5 0.1)
(-5 5 0.1)
(-3.99999999999876 -5 0)
(-3.00000000000086 -5 0)
(-2.00000000000407 -5 0)
(-1.00000000000724 -5 0)
(-6.14086559380667e-12 -5 0)
(0.999999999995088 -5 0)
(1.99999999999632 -5 0)
(2.99999999999754 -5 0)
(3.99999999999877 -5 0)
(5 -3.99999999999876 0)
(5 -3.00000000000086 0)
(5 -2.00000000000407 0)
(5 -1.00000000000724 0)
(5 -6.14086559380667e-12 0)
(5 0.999999999995088 0)
(5 1.99999999999632 0)
(5 2.99999999999754 0)
(5 3.99999999999877 0)
(3.99999999999876 5 0)
(3.00000000000086 5 0)
(2.00000000000407 5 0)
(1.00000000000724 5 0)
(6.14086559380667e-12 5 0)
(-0.999999999995088 5 0)
(-1.99999999999632 5 0)
(-2.99999999999754 5 0)
(-3.99999999999877 5 0)
(-5 3.99999999999876 0)
(-5 3.00000000000086 0)
(-5 2.00000000000407 0)
(-5 1.00000000000724 0)
(-5 6.14086559380667e-12 0)
(-5 -0.999999999995088 0)
(-5 -1.99999999999632 0)
(-5 -2.99999999999754 0)
(-5 -3.99999999999877 0)
(-3.99999999999876 -5 0.1)
(-3.00000000000086 -5 0.1)
(-2.00000000000407 -5 0.1)
(-1.00000000000724 -5 0.1)
(-6.14086559380667e-12 -5 0.1)
(0.999999999995088 -5 0.1)
(1.99999999999632 -5 0.1)
(2.99999999999754 -5 0.1)
(3.99999999999877 -5 0.1)
(5 -3.99999999999876 0.1)
(5 -3.00000000000086 0.1)
(5 -2.00000000000407 0.1)
(5 -1.00000000000724 0.1)
(5 -6.14086559380667e-12 0.1)
(5 0.999999999995088 0.1)
(5 1.99999999999632 0.1)
(5 2.99999999999754 0.1)
(5 3.99999999999877 0.1)
(3.99999999999876 5 0.1)
(3.00000000000086 5 0.1)
(2.00000000000407 5 0.1)
(1.00000000000724 5 0.1)
(6.14086559380667e-12 5 0.1)
(-0.999999999995088 5 0.1)
(-1.99999999999632 5 0.1)
(-2.99999999999754 5 0.1)
(-3.99999999999877 5 0.1)
(-5 3.99999999999876 0.1)
(-5 3.00000000000086 0.1)
(-5 2.00000000000407 0.1)
(-5 1.00000000000724 0.1)
(-5 6.14086559380667e-12 0.1)
(-5 -0.999999999995088 0.1)
(-5 -1.99999999999632 0.1)
(-5 -2.99999999999754 0.1)
(-5 -3.99999999999877 0.1)
(-3.99999999999876 -3.99999999999877 0)
(-3.99999999999877 -2.99999999999787 0)
(-3.99999999999877 -1.99999999999709 0)
(-3.99999999999877 -0.999999999996303 0)
(-3.99999999999877 4.91251483936139e-12 0)
(-3.99999999999877 1.00000000000602 0)
(-3.99999999999877 2.00000000000329 0)
(-3.99999999999877 3.00000000000053 0)
(-3.99999999999877 3.99999999999876 0)
(-3.00000000000053 -3.99999999999877 0)
(-3.00000000000019 -2.9999999999982 0)
(-2.99999999999986 -1.99999999999787 0)
(-2.99999999999953 -0.999999999997518 0)
(-2.9999999999992 3.6848302187309e-12 0)
(-2.99999999999887 1.00000000000481 0)
(-2.99999999999854 2.00000000000251 0)
(-2.99999999999821 3.0000000000002 0)
(-2.99999999999788 3.99999999999876 0)
(-2.00000000000329 -3.99999999999877 0)
(-2.00000000000252 -2.99999999999854 0)
(-2.00000000000174 -1.99999999999864 0)
(-2.00000000000097 -0.999999999998733 0)
(-2.00000000000019 2.45647946428562e-12 0)
(-1.99999999999942 1.00000000000359 0)
(-1.99999999999864 2.00000000000174 0)
(-1.99999999999787 2.99999999999986 0)
(-1.99999999999709 3.99999999999877 0)
(-1.00000000000602 -3.99999999999877 0)
(-1.00000000000481 -2.99999999999887 0)
(-1.00000000000359 -1.99999999999941 0)
(-1.00000000000238 -0.999999999999947 0)
(-1.00000000000116 1.2285727990502e-12 0)
(-0.999999999999948 1.00000000000238 0)
(-0.999999999998732 2.00000000000097 0)
(-0.999999999997518 2.99999999999953 0)
(-0.999999999996303 3.99999999999877 0)
(-4.91269247504382e-12 -3.99999999999877 0)
(-3.68451935628302e-12 -2.9999999999992 0)
(-2.4563462375229e-12 -2.00000000000019 0)
(-1.22817311876276e-12 -1.00000000000116 0)
(0 0 0)
(1.22817311876276e-12 1.00000000000116 0)
(2.4563462375229e-12 2.00000000000019 0)
(3.68451935628302e-12 2.9999999999992 0)
(4.91269247504382e-12 3.99999999999877 0)
(0.999999999996303 -3.99999999999877 0)
(0.999999999997518 -2.99999999999953 0)
(0.999999999998733 -2.00000000000097 0)
(0.999999999999948 -1.00000000000238 0)
(1.00000000000116 -1.22823973214281e-12 0)
(1.00000000000238 0.999999999999947 0)
(1.00000000000359 1.99999999999942 0)
(1.00000000000481 2.99999999999887 0)
(1.00000000000602 3.99999999999877 0)
(1.99999999999709 -3.99999999999877 0)
(1.99999999999787 -2.99999999999986 0)
(1.99999999999864 -2.00000000000174 0)
(1.99999999999941 -1.00000000000359 0)
(2.00000000000019 -2.45614639737823e-12 0)
(2.00000000000097 0.999999999998732 0)
(2.00000000000174 1.99999999999864 0)
(2.00000000000251 2.99999999999854 0)
(2.00000000000329 3.99999999999877 0)
(2.99999999999788 -3.99999999999877 0)
(2.99999999999821 -3.0000000000002 0)
(2.99999999999854 -2.00000000000252 0)
(2.99999999999887 -1.00000000000481 0)
(2.9999999999992 -3.68449715182351e-12 0)
(2.99999999999953 0.999999999997518 0)
(2.99999999999986 1.99999999999787 0)
(3.00000000000019 2.99999999999821 0)
(3.00000000000053 3.99999999999877 0)
(3.99999999999877 -3.99999999999876 0)
(3.99999999999877 -3.00000000000053 0)
(3.99999999999877 -2.00000000000329 0)
(3.99999999999877 -1.00000000000602 0)
(3.99999999999877 -4.91251483936139e-12 0)
(3.99999999999877 0.999999999996303 0)
(3.99999999999877 1.99999999999709 0)
(3.99999999999877 2.99999999999788 0)
(3.99999999999876 3.99999999999877 0)
(-3.99999999999876 -3.99999999999877 0.1)
(-3.99999999999877 -2.99999999999787 0.1)
(-3.99999999999877 -1.99999999999709 0.1)
(-3.99999999999877 -0.999999999996303 0.1)
(-3.99999999999877 4.91251483936139e-12 0.1)
(-3.99999999999877 1.00000000000602 0.1)
(-3.99999999999877 2.00000000000329 0.1)
(-3.99999999999877 3.00000000000053 0.1)
(-3.99999999999877 3.99999999999876 0.1)
(-3.00000000000053 -3.99999999999877 0.1)
(-3.00000000000019 -2.9999999999982 0.1)
(-2.99999999999986 -1.99999999999787 0.1)
(-2.99999999999953 -0.999999999997518 0.1)
(-2.9999999999992 3.6848302187309e-12 0.1)
(-2.99999999999887 1.00000000000481 0.1)
(-2.99999999999854 2.00000000000251 0.1)
(-2.99999999999821 3.0000000000002 0.1)
(-2.99999999999788 3.99999999999876 0.1)
(-2.00000000000329 -3.99999999999877 0.1)
(-2.00000000000252 -2.99999999999854 0.1)
(-2.00000000000174 -1.99999999999864 0.1)
(-2.00000000000097 -0.999999999998733 0.1)
(-2.00000000000019 2.45647946428562e-12 0.1)
(-1.99999999999942 1.00000000000359 0.1)
(-1.99999999999864 2.00000000000174 0.1)
(-1.99999999999787 2.99999999999986 0.1)
(-1.99999999999709 3.99999999999877 0.1)
(-1.00000000000602 -3.99999999999877 0.1)
(-1.00000000000481 -2.99999999999887 0.1)
(-1.00000000000359 -1.99999999999941 0.1)
(-1.00000000000238 -0.999999999999947 0.1)
(-1.00000000000116 1.2285727990502e-12 0.1)
(-0.999999999999948 1.00000000000238 0.1)
(-0.999999999998732 2.00000000000097 0.1)
(-0.999999999997518 2.99999999999953 0.1)
(-0.999999999996303 3.99999999999877 0.1)
(-4.91269247504382e-12 -3.99999999999877 0.1)
(-3.68451935628302e-12 -2.9999999999992 0.1)
(-2.4563462375229e-12 -2.00000000000019 0.1)
(-1.22817311876276e-12 -1.00000000000116 0.1)
(0 0 0.1)
(1.22817311876276e-12 1.00000000000116 0.1)
(2.4563462375229e-12 2.00000000000019 0.1)
(3.68451935628302e-12 2.9999999999992 0.1)
(4.91269247504382e-12 3.99999999999877 0.1)
(0.999999999996303 -3.99999999999877 0.1)
(0.999999999997518 -2.99999999999953 0.1)
(0.999999999998733 -2.00000000000097 0.1)
(0.999999999999948 -1.00000000000238 0.1)
(1.00000000000116 -1.22823973214281e-12 0.1)
(1.00000000000238 0.999999999999947 0.1)
(1.00000000000359 1.99999999999942 0.1)
(1.00000000000481 2.99999999999887 0.1)
(1.00000000000602 3.99999999999877 0.1)
(1.99999999999709 -3.99999999999877 0.1)
(1.99999999999787 -2.99999999999986 0.1)
(1.99999999999864 -2.00000000000174 0.1)
(1.99999999999941 -1.00000000000359 0.1)
(2.00000000000019 -2.45614639737823e-12 0.1)
(2.00000000000097 0.999999999998732 0.1)
(2.00000000000174 1.99999999999864 0.1)
(2.00000000000251 2.99999999999854 0.1)
(2.00000000000329 3.99999999999877 0.1)
(2.99999999999788 -3.99999999999877 0.1)
(2.99999999999821 -3.0000000000002 0.1)
(2.99999999999854 -2.00000000000252 0.1)
(2.99999999999887 -1.00000000000481 0.1)
(2.9999999999992 -3.68449715182351e-12 0.1)
(2.99999999999953 0.999999999997518 0.1)
(2.99999999999986 1.99999999999787 0.1)
(3.00000000000019 2.99999999999821 0.1)
(3.00000000000053 3.99999999999877 0.1)
(3.99999999999877 -3.99999999999876 0.1)
(3.99999999999877 -3.00000000000053 0.1)
(3.99999999999877 -2.00000000000329 0.1)
(3.99999999999877 -1.00000000000602 0.1)
(3.99999999999877 -4.91251483936139e-12 0.1)
(3.99999999999877 0.999999999996303 0.1)
(3.99999999999877 1.99999999999709 0.1)
(3.99999999999877 2.99999999999788 0.1)
(3.99999999999876 3.99999999999877 0.1)
)


// ************************************************************************* //
