/*--------------------------------*- C++ -*----------------------------------*\
  =========                 |
  \\      /  F ield         | OpenFOAM: The Open Source CFD Toolbox
   \\    /   O peration     | Website:  https://openfoam.org
    \\  /    A nd           | Version:  14
     \\/     M anipulation  |
\*---------------------------------------------------------------------------*/
FoamFile
{
    format      ascii;
    class       vectorField;
    location    "constant/polyMesh";
    object      points;
}
// * * * * * * * * * * * * * * * * * * * * * * * * * * * * * * * * * * * * * //


242
(
(0 0 0)
(1 0 0)
(1 1 0)
(0 1 0)
(0 0 0.1)
(1 0 0.1)
(1 1 0.1)
(0 1 0.1)
(0.09999999999981413 0 0)
(0.1999999999995569 0 0)
(0.299999999999265 0 0)
(0.3999999999989731 0 0)
(0.4999999999986921 0 0)
(0.599999999998945 0 0)
(0.6999999999992088 0 0)
(0.7999999999994725 0 0)
(0.8999999999997362 0 0)
(1 0.09999999999981413 0)
(1 0.1999999999995569 0)
(1 0.299999999999265 0)
(1 0.3999999999989731 0)
(1 0.4999999999986921 0)
(1 0.599999999998945 0)
(1 0.6999999999992088 0)
(1 0.7999999999994725 0)
(1 0.8999999999997362 0)
(0.8999999999995836 1 0)
(0.8 1 0)
(0.7000000000006938 1 0)
(0.6000000000013874 1 0)
(0.5000000000020595 1 0)
(0.400000000001665 1 0)
(0.3000000000012487 1 0)
(0.2000000000008325 1 0)
(0.1000000000004162 1 0)
(0 0.8999999999995836 0)
(0 0.8 0)
(0 0.7000000000006938 0)
(0 0.6000000000013874 0)
(0 0.5000000000020595 0)
(0 0.400000000001665 0)
(0 0.3000000000012487 0)
(0 0.2000000000008325 0)
(0 0.1000000000004162 0)
(0.09999999999981413 0 0.1)
(0.1999999999995569 0 0.1)
(0.299999999999265 0 0.1)
(0.3999999999989731 0 0.1)
(0.4999999999986921 0 0.1)
(0.599999999998945 0 0.1)
(0.6999999999992088 0 0.1)
(0.7999999999994725 0 0.1)
(0.8999999999997362 0 0.1)
(1 0.09999999999981413 0.1)
(1 0.1999999999995569 0.1)
(1 0.299999999999265 0.1)
(1 0.3999999999989731 0.1)
(1 0.4999999999986921 0.1)
(1 0.599999999998945 0.1)
(1 0.6999999999992088 0.1)
(1 0.7999999999994725 0.1)
(1 0.8999999999997362 0.1)
(0.8999999999995836 1 0.1)
(0.8 1 0.1)
(0.7000000000006938 1 0.1)
(0.6000000000013874 1 0.1)
(0.5000000000020595 1 0.1)
(0.400000000001665 1 0.1)
(0.3000000000012487 1 0.1)
(0.2000000000008325 1 0.1)
(0.1000000000004162 1 0.1)
(0 0.8999999999995836 0.1)
(0 0.8 0.1)
(0 0.7000000000006938 0.1)
(0 0.6000000000013874 0.1)
(0 0.5000000000020595 0.1)
(0 0.400000000001665 0.1)
(0 0.3000000000012487 0.1)
(0 0.2000000000008325 0.1)
(0 0.1000000000004162 0.1)
(0.09999999999987436 0.100000000000356 0)
(0.09999999999993453 0.2000000000007049 0)
(0.09999999999999473 0.3000000000010504 0)
(0.100000000000055 0.4000000000013959 0)
(0.1000000000001152 0.5000000000017226 0)
(0.1000000000001754 0.6000000000011431 0)
(0.1000000000002356 0.7000000000005454 0)
(0.1000000000002958 0.7999999999999471 0)
(0.100000000000356 0.8999999999995988 0)
(0.1999999999996844 0.1000000000002958 0)
(0.199999999999812 0.2000000000005774 0)
(0.1999999999999396 0.3000000000008519 0)
(0.2000000000000672 0.4000000000011267 0)
(0.2000000000001947 0.500000000001386 0)
(0.2000000000003223 0.6000000000008989 0)
(0.2000000000004498 0.7000000000003967 0)
(0.2000000000005774 0.7999999999998944 0)
(0.2000000000007049 0.8999999999996142 0)
(0.2999999999994634 0.1000000000002356 0)
(0.2999999999996618 0.2000000000004498 0)
(0.29999999999986 0.3000000000006536 0)
(0.3000000000000586 0.4000000000008574 0)
(0.3000000000002568 0.5000000000010494 0)
(0.3000000000004552 0.6000000000006547 0)
(0.3000000000006536 0.7000000000002484 0)
(0.3000000000008519 0.7999999999998417 0)
(0.3000000000010503 0.8999999999996293 0)
(0.3999999999992422 0.1000000000001754 0)
(0.3999999999995115 0.2000000000003223 0)
(0.3999999999997807 0.3000000000004552 0)
(0.4000000000000499 0.4000000000005882 0)
(0.4000000000003192 0.5000000000007125 0)
(0.4000000000005883 0.6000000000004104 0)
(0.4000000000008574 0.7000000000000999 0)
(0.4000000000011266 0.7999999999997891 0)
(0.4000000000013959 0.8999999999996446 0)
(0.4999999999990289 0.1000000000001152 0)
(0.4999999999993656 0.2000000000001947 0)
(0.4999999999997022 0.3000000000002568 0)
(0.5000000000000391 0.4000000000003192 0)
(0.5000000000003757 0.5000000000003757 0)
(0.5000000000007125 0.6000000000001662 0)
(0.5000000000010494 0.6999999999999513 0)
(0.500000000001386 0.7999999999997363 0)
(0.5000000000017226 0.89999999999966 0)
(0.5999999999991893 0.100000000000055 0)
(0.5999999999994334 0.2000000000000671 0)
(0.5999999999996777 0.3000000000000586 0)
(0.5999999999999219 0.4000000000000498 0)
(0.6000000000001662 0.5000000000000391 0)
(0.6000000000004104 0.5999999999999219 0)
(0.6000000000006547 0.6999999999998028 0)
(0.6000000000008989 0.7999999999996834 0)
(0.6000000000011432 0.8999999999996751 0)
(0.699999999999357 0.09999999999999476 0)
(0.6999999999995059 0.1999999999999396 0)
(0.6999999999996542 0.2999999999998602 0)
(0.699999999999803 0.3999999999997807 0)
(0.6999999999999513 0.4999999999997022 0)
(0.7000000000000999 0.5999999999996777 0)
(0.7000000000002484 0.6999999999996542 0)
(0.7000000000003967 0.7999999999996308 0)
(0.7000000000005455 0.8999999999996904 0)
(0.7999999999995252 0.09999999999993453 0)
(0.7999999999995779 0.199999999999812 0)
(0.7999999999996306 0.2999999999996618 0)
(0.7999999999996834 0.3999999999995116 0)
(0.7999999999997363 0.4999999999993656 0)
(0.7999999999997891 0.5999999999994334 0)
(0.7999999999998419 0.6999999999995059 0)
(0.7999999999998946 0.7999999999995779 0)
(0.7999999999999472 0.8999999999997057 0)
(0.8999999999997209 0.09999999999987436 0)
(0.8999999999997055 0.1999999999996844 0)
(0.8999999999996904 0.2999999999994635 0)
(0.8999999999996751 0.3999999999992422 0)
(0.89999999999966 0.4999999999990288 0)
(0.8999999999996446 0.5999999999991892 0)
(0.8999999999996293 0.6999999999993571 0)
(0.8999999999996142 0.7999999999995253 0)
(0.8999999999995987 0.899999999999721 0)
(0.09999999999987436 0.100000000000356 0.1)
(0.09999999999993453 0.2000000000007049 0.1)
(0.09999999999999473 0.3000000000010504 0.1)
(0.100000000000055 0.4000000000013959 0.1)
(0.1000000000001152 0.5000000000017226 0.1)
(0.1000000000001754 0.6000000000011431 0.1)
(0.1000000000002356 0.7000000000005454 0.1)
(0.1000000000002958 0.7999999999999471 0.1)
(0.100000000000356 0.8999999999995988 0.1)
(0.1999999999996844 0.1000000000002958 0.1)
(0.199999999999812 0.2000000000005774 0.1)
(0.1999999999999396 0.3000000000008519 0.1)
(0.2000000000000672 0.4000000000011267 0.1)
(0.2000000000001947 0.500000000001386 0.1)
(0.2000000000003223 0.6000000000008989 0.1)
(0.2000000000004498 0.7000000000003967 0.1)
(0.2000000000005774 0.7999999999998944 0.1)
(0.2000000000007049 0.8999999999996142 0.1)
(0.2999999999994634 0.1000000000002356 0.1)
(0.2999999999996618 0.2000000000004498 0.1)
(0.29999999999986 0.3000000000006536 0.1)
(0.3000000000000586 0.4000000000008574 0.1)
(0.3000000000002568 0.5000000000010494 0.1)
(0.3000000000004552 0.6000000000006547 0.1)
(0.3000000000006536 0.7000000000002484 0.1)
(0.3000000000008519 0.7999999999998417 0.1)
(0.3000000000010503 0.8999999999996293 0.1)
(0.3999999999992422 0.1000000000001754 0.1)
(0.3999999999995115 0.2000000000003223 0.1)
(0.3999999999997807 0.3000000000004552 0.1)
(0.4000000000000499 0.4000000000005882 0.1)
(0.4000000000003192 0.5000000000007125 0.1)
(0.4000000000005883 0.6000000000004104 0.1)
(0.4000000000008574 0.7000000000000999 0.1)
(0.4000000000011266 0.7999999999997891 0.1)
(0.4000000000013959 0.8999999999996446 0.1)
(0.4999999999990289 0.1000000000001152 0.1)
(0.4999999999993656 0.2000000000001947 0.1)
(0.4999999999997022 0.3000000000002568 0.1)
(0.5000000000000391 0.4000000000003192 0.1)
(0.5000000000003757 0.5000000000003757 0.1)
(0.5000000000007125 0.6000000000001662 0.1)
(0.5000000000010494 0.6999999999999513 0.1)
(0.500000000001386 0.7999999999997363 0.1)
(0.5000000000017226 0.89999999999966 0.1)
(0.5999999999991893 0.100000000000055 0.1)
(0.5999999999994334 0.2000000000000671 0.1)
(0.5999999999996777 0.3000000000000586 0.1)
(0.5999999999999219 0.4000000000000498 0.1)
(0.6000000000001662 0.5000000000000391 0.1)
(0.6000000000004104 0.5999999999999219 0.1)
(0.6000000000006547 0.6999999999998028 0.1)
(0.6000000000008989 0.7999999999996834 0.1)
(0.6000000000011432 0.8999999999996751 0.1)
(0.699999999999357 0.09999999999999476 0.1)
(0.6999999999995059 0.1999999999999396 0.1)
(0.6999999999996542 0.2999999999998602 0.1)
(0.699999999999803 0.3999999999997807 0.1)
(0.6999999999999513 0.4999999999997022 0.1)
(0.7000000000000999 0.5999999999996777 0.1)
(0.7000000000002484 0.6999999999996542 0.1)
(0.7000000000003967 0.7999999999996308 0.1)
(0.7000000000005455 0.8999999999996904 0.1)
(0.7999999999995252 0.09999999999993453 0.1)
(0.7999999999995779 0.199999999999812 0.1)
(0.7999999999996306 0.2999999999996618 0.1)
(0.7999999999996834 0.3999999999995116 0.1)
(0.7999999999997363 0.4999999999993656 0.1)
(0.7999999999997891 0.5999999999994334 0.1)
(0.7999999999998419 0.6999999999995059 0.1)
(0.7999999999998946 0.7999999999995779 0.1)
(0.7999999999999472 0.8999999999997057 0.1)
(0.8999999999997209 0.09999999999987436 0.1)
(0.8999999999997055 0.1999999999996844 0.1)
(0.8999999999996904 0.2999999999994635 0.1)
(0.8999999999996751 0.3999999999992422 0.1)
(0.89999999999966 0.4999999999990288 0.1)
(0.8999999999996446 0.5999999999991892 0.1)
(0.8999999999996293 0.6999999999993571 0.1)
(0.8999999999996142 0.7999999999995253 0.1)
(0.8999999999995987 0.899999999999721 0.1)
)


// ************************************************************************* //
