/*--------------------------------*- C++ -*----------------------------------*\
  =========                 |
  \\      /  F ield         | OpenFOAM: The Open Source CFD Toolbox
   \\    /   O peration     | Website:  https://openfoam.org
    \\  /    A nd           | Version:  14
     \\/     M anipulation  |
\*---------------------------------------------------------------------------*/
FoamFile
{
    format      ascii;
    class       volVectorField;
    location    "constant";
    object      C;
}
// * * * * * * * * * * * * * * * * * * * * * * * * * * * * * * * * * * * * * //

dimensions      [0 1 0 0 0 0 0];

internalField   nonuniform List<vector> 
200
(
(0.03333333333327138 0.03333333333347207 0.05000000000000001)
(0.0666666666665628 0.06666666666692406 0.05)
(0.06666666666660295 0.1333333333338257 0.05)
(0.0333333333333115 0.1666666666673179 0.05)
(0.0333333333333115 0.233333333334262 0.05000000000000001)
(0.06666666666664309 0.266666666667668 0.05)
(0.06666666666668326 0.3333333333345651 0.05)
(0.03333333333335167 0.3666666666681033 0.05000000000000002)
(0.03333333333335165 0.4333333333350401 0.05000000000000001)
(0.0666666666667234 0.4666666666683926 0.05000000000000001)
(0.06666666666676353 0.5333333333349749 0.05)
(0.03333333333339181 0.5666666666681968 0.05)
(0.0333333333333918 0.6333333333344082 0.05)
(0.06666666666680367 0.6666666666674608 0.05)
(0.06666666666684379 0.7333333333337287 0.05)
(0.03333333333343193 0.7666666666668803 0.05000000000000001)
(0.03333333333343193 0.8333333333331768 0.05000000000000001)
(0.06666666666688389 0.8666666666663763 0.05)
(0.06666666666692407 0.9333333333330608 0.05)
(0.03333333333347206 0.9666666666665277 0.05)
(0.1666666666663518 0.03333333333343192 0.05000000000000001)
(0.1333333333331243 0.06666666666688394 0.05000000000000002)
(0.1333333333331644 0.1333333333337856 0.05)
(0.1666666666664769 0.1666666666671927 0.05)
(0.1666666666665621 0.2333333333340447 0.05000000000000001)
(0.1333333333332896 0.2666666666675357 0.05)
(0.1333333333333298 0.3333333333344327 0.05)
(0.1666666666666873 0.3666666666677915 0.05000000000000001)
(0.1666666666667723 0.4333333333346361 0.04999999999999999)
(0.133333333333455 0.4666666666681681 0.05)
(0.1333333333334951 0.5333333333347505 0.05)
(0.1666666666668974 0.5666666666678095 0.05)
(0.1666666666669825 0.6333333333341462 0.05)
(0.1333333333336203 0.6666666666673617 0.05)
(0.1333333333336604 0.7333333333336297 0.05)
(0.1666666666671076 0.7666666666667459 0.05)
(0.1666666666671927 0.8333333333331518 0.05)
(0.1333333333337856 0.8666666666663865 0.05)
(0.1333333333338257 0.9333333333330709 0.05)
(0.1666666666673178 0.9666666666665379 0.05)
(0.2333333333328355 0.03333333333343193 0.05)
(0.2666666666661376 0.0666666666668438 0.05)
(0.2666666666662698 0.1333333333336604 0.05)
(0.2333333333330527 0.1666666666671076 0.05)
(0.2333333333331377 0.2333333333339596 0.05)
(0.2666666666664871 0.2666666666673184 0.05)
(0.2666666666666194 0.3333333333341209 0.05)
(0.2333333333333551 0.3666666666676119 0.05000000000000001)
(0.2333333333334401 0.4333333333344566 0.05)
(0.2666666666668367 0.4666666666677643 0.05000000000000001)
(0.2666666666669689 0.5333333333343633 0.05000000000000001)
(0.2333333333336574 0.5666666666676464 0.05)
(0.2333333333337424 0.6333333333339836 0.05000000000000001)
(0.2666666666671861 0.6666666666670998 0.05)
(0.2666666666673184 0.7333333333334956 0.05)
(0.2333333333339598 0.7666666666667111 0.05000000000000002)
(0.2333333333340447 0.8333333333331169 0.05000000000000001)
(0.2666666666675357 0.8666666666663617 0.05)
(0.266666666667668 0.9333333333330811 0.05000000000000001)
(0.233333333334262 0.966666666666538 0.04999999999999999)
(0.3666666666658267 0.0333333333333918 0.05000000000000001)
(0.3333333333326569 0.06666666666680367 0.05)
(0.3333333333327891 0.1333333333336203 0.05)
(0.3666666666661385 0.1666666666669825 0.05000000000000001)
(0.3666666666663181 0.2333333333337424 0.05000000000000001)
(0.3333333333331009 0.2666666666671862 0.05)
(0.333333333333233 0.3333333333339887 0.05000000000000001)
(0.3666666666666297 0.3666666666673002 0.05)
(0.3666666666668092 0.4333333333340527 0.05000000000000001)
(0.3333333333335448 0.4666666666675396 0.05)
(0.3333333333336771 0.5333333333341389 0.05000000000000001)
(0.3666666666671209 0.5666666666672593 0.05)
(0.3666666666673002 0.6333333333337218 0.05)
(0.3333333333339888 0.6666666666670009 0.05)
(0.333333333334121 0.7333333333333968 0.05000000000000002)
(0.3666666666676119 0.7666666666665767 0.05)
(0.3666666666677914 0.8333333333330917 0.05)
(0.3333333333344327 0.8666666666663717 0.05)
(0.3333333333345649 0.9333333333330912 0.05000000000000002)
(0.3666666666681032 0.9666666666665481 0.05000000000000002)
(0.4333333333323024 0.03333333333339181 0.05000000000000001)
(0.4666666666656544 0.06666666666676353 0.05)
(0.466666666665879 0.1333333333334951 0.05000000000000001)
(0.4333333333327065 0.1666666666668974 0.05000000000000001)
(0.433333333332886 0.2333333333336574 0.05)
(0.4666666666662829 0.2666666666669689 0.05)
(0.4666666666665072 0.3333333333336769 0.05)
(0.4333333333332897 0.3666666666671208 0.05)
(0.4333333333334693 0.4333333333338734 0.05)
(0.4666666666669113 0.4666666666671358 0.05)
(0.4666666666671359 0.5333333333337514 0.05)
(0.4333333333338734 0.5666666666670964 0.05)
(0.4333333333340528 0.6333333333335588 0.05000000000000001)
(0.4666666666675398 0.6666666666667391 0.05)
(0.4666666666677642 0.7333333333332623 0.05)
(0.4333333333344566 0.7666666666665418 0.05)
(0.4333333333346362 0.8333333333330564 0.05)
(0.4666666666681681 0.866666666666347 0.05)
(0.4666666666683927 0.9333333333331016 0.05000000000000001)
(0.4333333333350401 0.9666666666665481 0.05)
(0.5666666666656087 0.03333333333335167 0.05)
(0.5333333333323034 0.0666666666667234 0.05)
(0.533333333332528 0.1333333333334549 0.05000000000000002)
(0.5666666666659961 0.1666666666667723 0.05)
(0.5666666666661588 0.2333333333334401 0.05)
(0.5333333333329151 0.2666666666668367 0.05)
(0.5333333333331396 0.3333333333335449 0.05)
(0.5666666666665462 0.3666666666668092 0.05)
(0.5666666666667091 0.4333333333334692 0.05)
(0.5333333333335271 0.4666666666669113 0.05000000000000001)
(0.5333333333337514 0.5333333333335271 0.05000000000000001)
(0.5666666666670964 0.5666666666667091 0.05000000000000001)
(0.5666666666672593 0.633333333333297 0.05000000000000001)
(0.5333333333341389 0.6666666666666402 0.05000000000000001)
(0.5333333333343634 0.7333333333331635 0.05)
(0.5666666666676465 0.7666666666664074 0.05)
(0.5666666666678093 0.8333333333330315 0.05)
(0.5333333333347505 0.8666666666663569 0.05)
(0.5333333333349752 0.9333333333331119 0.05000000000000002)
(0.5666666666681969 0.9666666666665583 0.05)
(0.6333333333324476 0.03333333333335166 0.05)
(0.6666666666659182 0.06666666666668324 0.05)
(0.6666666666660173 0.1333333333333298 0.05)
(0.6333333333327095 0.1666666666666873 0.05000000000000001)
(0.6333333333328722 0.233333333333355 0.05000000000000001)
(0.6666666666662793 0.2666666666666194 0.05000000000000001)
(0.6666666666663783 0.3333333333332332 0.05)
(0.6333333333331341 0.3666666666666297 0.05)
(0.6333333333332971 0.4333333333332898 0.05)
(0.6666666666666401 0.4666666666665072 0.05)
(0.6666666666667391 0.5333333333331396 0.05)
(0.6333333333335587 0.5666666666665462 0.05)
(0.6333333333337218 0.6333333333331342 0.05)
(0.666666666667001 0.6666666666663782 0.05)
(0.6666666666671001 0.7333333333330293 0.05)
(0.6333333333339835 0.7666666666663723 0.05)
(0.6333333333341462 0.8333333333329964 0.05)
(0.6666666666673619 0.866666666666332 0.05)
(0.6666666666674609 0.933333333333122 0.05000000000000001)
(0.6333333333344081 0.9666666666665582 0.05)
(0.7666666666660688 0.03333333333331152 0.05)
(0.733333333332697 0.0666666666666431 0.05)
(0.7333333333327959 0.1333333333332896 0.05)
(0.766666666666203 0.166666666666562 0.05)
(0.7666666666662382 0.2333333333331378 0.05)
(0.73333333333293 0.2666666666664872 0.05)
(0.7333333333330293 0.3333333333331009 0.05)
(0.7666666666663724 0.366666666666318 0.05)
(0.7666666666664076 0.433333333332886 0.05000000000000002)
(0.7333333333331638 0.4666666666662829 0.05000000000000001)
(0.7333333333332624 0.5333333333329151 0.05)
(0.7666666666665417 0.5666666666661588 0.05000000000000001)
(0.7666666666665768 0.6333333333328722 0.05)
(0.7333333333333967 0.6666666666662792 0.05)
(0.7333333333334957 0.7333333333329304 0.05)
(0.766666666666711 0.7666666666662382 0.05)
(0.7666666666667462 0.8333333333329714 0.05)
(0.7333333333336298 0.8666666666663423 0.05)
(0.7333333333337289 0.933333333333132 0.05000000000000001)
(0.7666666666668802 0.9666666666665684 0.05)
(0.8333333333329112 0.03333333333331152 0.05)
(0.8666666666663274 0.06666666666660297 0.05)
(0.8666666666663171 0.1333333333331644 0.05)
(0.8333333333329361 0.166666666666477 0.05)
(0.8333333333329713 0.2333333333330528 0.05)
(0.8666666666663421 0.2666666666662699 0.05)
(0.866666666666332 0.3333333333327891 0.05)
(0.8333333333329962 0.3666666666661384 0.05)
(0.8333333333330316 0.4333333333327065 0.05)
(0.8666666666663569 0.4666666666658787 0.05)
(0.8666666666663468 0.5333333333325276 0.05)
(0.8333333333330564 0.5666666666659959 0.05)
(0.833333333333092 0.6333333333327096 0.05)
(0.8666666666663719 0.6666666666660175 0.05000000000000001)
(0.8666666666663618 0.7333333333327962 0.05)
(0.8333333333331168 0.766666666666203 0.05)
(0.8333333333331517 0.8333333333329361 0.05)
(0.8666666666663868 0.8666666666663174 0.05000000000000001)
(0.8666666666663765 0.9333333333331423 0.05)
(0.8333333333331772 0.9666666666665686 0.05)
(0.9666666666665787 0.03333333333327138 0.05)
(0.9333333333331523 0.06666666666656283 0.05)
(0.9333333333331422 0.1333333333331243 0.05)
(0.9666666666665683 0.1666666666663518 0.05000000000000002)
(0.9666666666665684 0.2333333333328354 0.05)
(0.933333333333132 0.2666666666661376 0.05)
(0.9333333333331217 0.3333333333326569 0.05000000000000001)
(0.9666666666665583 0.3666666666658268 0.05000000000000001)
(0.9666666666665585 0.4333333333323025 0.05000000000000001)
(0.9333333333331115 0.4666666666656543 0.05)
(0.9333333333331015 0.5333333333323033 0.05)
(0.9666666666665481 0.5666666666656086 0.05)
(0.9666666666665482 0.6333333333324477 0.05)
(0.9333333333330912 0.6666666666659183 0.05)
(0.9333333333330811 0.7333333333326969 0.05)
(0.9666666666665379 0.7666666666660689 0.05)
(0.9666666666665379 0.8333333333329113 0.05)
(0.9333333333330708 0.8666666666663274 0.05)
(0.9333333333330608 0.9333333333331525 0.05000000000000001)
(0.9666666666665278 0.9666666666665786 0.05)
)
;

boundaryField
{
    zMin
    {
        type            empty;
    }
    zMax
    {
        type            empty;
    }
    xMin
    {
        type            calculated;
        value           nonuniform List<vector> 10((0 0.0500000000002081 0.05000000000000001) (0 0.1500000000006244 0.05000000000000001) (0 0.2500000000010406 0.05000000000000001) (0 0.3500000000014568 0.05000000000000001) (0 0.4500000000018622 0.05) (0 0.5500000000017234 0.05) (0 0.6500000000010406 0.05) (0 0.7500000000003471 0.05) (0 0.8499999999997917 0.05000000000000001) (0 0.9499999999997918 0.05));
    }
    xMax
    {
        type            calculated;
        value           nonuniform List<vector> 10((1 0.04999999999990706 0.05) (0.9999999999999998 0.1499999999996855 0.05) (1 0.249999999999411 0.05) (1 0.3499999999991191 0.05000000000000001) (1 0.4499999999988326 0.04999999999999999) (1 0.5499999999988185 0.05) (1 0.6499999999990769 0.05) (1 0.7499999999993406 0.05000000000000001) (1 0.8499999999996043 0.05) (1 0.9499999999998682 0.05));
    }
    yMin
    {
        type            calculated;
        value           nonuniform List<vector> 10((0.04999999999990706 0 0.05) (0.1499999999996855 0 0.05) (0.249999999999411 0 0.05) (0.3499999999991191 0 0.05000000000000001) (0.4499999999988326 0 0.04999999999999999) (0.5499999999988185 0 0.05) (0.6499999999990769 0 0.05) (0.7499999999993406 0 0.05000000000000001) (0.8499999999996043 0 0.05) (0.9499999999998682 0 0.05));
    }
    yMax
    {
        type            calculated;
        value           nonuniform List<vector> 10((0.0500000000002081 1 0.05000000000000001) (0.1500000000006244 1 0.05) (0.2500000000010406 1 0.05000000000000001) (0.3500000000014569 1 0.05) (0.4500000000018622 1 0.05) (0.5500000000017234 0.9999999999999998 0.05) (0.6500000000010406 1 0.05) (0.7500000000003471 1 0.05) (0.8499999999997919 1 0.05000000000000001) (0.9499999999997918 1 0.05));
    }
}


// ************************************************************************* //
