/*--------------------------------*- C++ -*----------------------------------*\
  =========                 |
  \\      /  F ield         | OpenFOAM: The Open Source CFD Toolbox
   \\    /   O peration     | Website:  https://openfoam.org
    \\  /    A nd           | Version:  14
     \\/     M anipulation  |
\*---------------------------------------------------------------------------*/
FoamFile
{
    format      ascii;
    class       volScalarField;
    location    "constant";
    object      Ccx;
}
// * * * * * * * * * * * * * * * * * * * * * * * * * * * * * * * * * * * * * //

dimensions      [0 1 0 0 0 0 0];

internalField   nonuniform List<scalar> 
800
(
0.01666666666663313
0.03333333333327139
0.03333333333328169
0.01666666666664342
0.01666666666664342
0.03333333333329197
0.03333333333330227
0.01666666666665371
0.01666666666665371
0.03333333333331256
0.03333333333332286
0.01666666666666401
0.016666666666664
0.03333333333333315
0.03333333333334344
0.01666666666667428
0.0166666666666743
0.03333333333335373
0.03333333333336402
0.01666666666668458
0.01666666666668459
0.03333333333337432
0.03333333333338459
0.01666666666669488
0.01666666666669487
0.03333333333339489
0.03333333333340517
0.01666666666670517
0.01666666666670516
0.03333333333341548
0.03333333333342576
0.01666666666671546
0.01666666666671544
0.03333333333343604
0.03333333333344633
0.01666666666672574
0.01666666666672574
0.03333333333345662
0.03333333333346691
0.01666666666673603
0.08333333333318592
0.0666666666665528
0.0666666666665631
0.08333333333321628
0.08333333333323634
0.06666666666659343
0.06666666666660374
0.08333333333326669
0.08333333333328675
0.06666666666663411
0.06666666666664439
0.08333333333331716
0.08333333333333716
0.06666666666667476
0.06666666666668504
0.08333333333336757
0.08333333333338765
0.06666666666671543
0.06666666666672573
0.08333333333341804
0.08333333333343805
0.06666666666675607
0.06666666666676635
0.08333333333346843
0.0833333333334885
0.06666666666679669
0.06666666666680701
0.08333333333351885
0.0833333333335389
0.06666666666683736
0.06666666666684765
0.08333333333356932
0.08333333333358933
0.06666666666687802
0.06666666666688831
0.0833333333336197
0.08333333333363975
0.06666666666691864
0.06666666666692896
0.08333333333367013
0.1166666666664537
0.1333333333330986
0.1333333333331293
0.1166666666665045
0.1166666666665246
0.1333333333331801
0.1333333333332108
0.1166666666665754
0.1166666666665954
0.1333333333332617
0.1333333333332924
0.1166666666666462
0.1166666666666663
0.1333333333333431
0.1333333333333739
0.1166666666667171
0.1166666666667372
0.1333333333334247
0.1333333333334554
0.116666666666788
0.116666666666808
0.1333333333335062
0.1333333333335369
0.1166666666668588
0.1166666666668789
0.1333333333335877
0.1333333333336184
0.1166666666669297
0.1166666666669498
0.1333333333336692
0.1333333333337
0.1166666666670005
0.1166666666670206
0.1333333333337507
0.1333333333337814
0.1166666666670714
0.1166666666670914
0.1333333333338322
0.1333333333338629
0.1166666666671423
0.1833333333329601
0.1666666666663574
0.1666666666663881
0.1833333333330333
0.1833333333330759
0.1666666666664615
0.1666666666664921
0.1833333333331491
0.1833333333331917
0.1666666666665654
0.166666666666596
0.1833333333332649
0.1833333333333073
0.1666666666666693
0.1666666666667
0.1833333333333806
0.1833333333334232
0.1666666666667733
0.166666666666804
0.1833333333334964
0.1833333333335389
0.1666666666668773
0.1666666666669079
0.1833333333336122
0.1833333333336548
0.1666666666669813
0.166666666667012
0.183333333333728
0.1833333333337704
0.1666666666670852
0.1666666666671159
0.1833333333338437
0.1833333333338863
0.1666666666671892
0.1666666666672199
0.1833333333339595
0.183333333334002
0.1666666666672931
0.1666666666673238
0.1833333333340751
0.2166666666661961
0.2333333333328412
0.2333333333328957
0.216666666666293
0.2166666666663355
0.2333333333329926
0.2333333333330469
0.2166666666664324
0.2166666666664749
0.2333333333331437
0.233333333333198
0.2166666666665717
0.2166666666666142
0.2333333333332949
0.2333333333333491
0.2166666666667111
0.2166666666667536
0.233333333333446
0.2333333333335004
0.2166666666668504
0.216666666666893
0.2333333333335972
0.2333333333336515
0.2166666666669898
0.2166666666670323
0.2333333333337483
0.2333333333338027
0.2166666666671292
0.2166666666671717
0.2333333333338995
0.2333333333339538
0.2166666666672686
0.2166666666673111
0.2333333333340507
0.233333333334105
0.2166666666674079
0.2166666666674504
0.2333333333342018
0.2333333333342561
0.2166666666675473
0.28333333333268
0.2666666666660892
0.2666666666661435
0.2833333333328006
0.2833333333328666
0.2666666666662639
0.2666666666663183
0.283333333332987
0.2833333333330532
0.2666666666664388
0.2666666666664931
0.2833333333331736
0.2833333333332397
0.2666666666666136
0.2666666666666678
0.2833333333333602
0.2833333333334264
0.2666666666667882
0.2666666666668426
0.2833333333335467
0.2833333333336129
0.2666666666669631
0.2666666666670173
0.2833333333337333
0.2833333333337995
0.2666666666671377
0.2666666666671921
0.2833333333339198
0.283333333333986
0.2666666666673125
0.2666666666673669
0.2833333333341064
0.2833333333341725
0.2666666666674873
0.2666666666675417
0.2833333333342931
0.2833333333343592
0.2666666666676621
0.2666666666677164
0.2833333333344796
0.3166666666659161
0.3333333333325731
0.3333333333326511
0.3166666666660601
0.3166666666661263
0.333333333332795
0.3333333333328729
0.3166666666662704
0.3166666666663365
0.333333333333017
0.3333333333330949
0.3166666666664805
0.3166666666665465
0.333333333333239
0.3333333333333169
0.3166666666666906
0.3166666666667569
0.3333333333334612
0.3333333333335389
0.3166666666669007
0.3166666666669669
0.3333333333336829
0.3333333333337609
0.3166666666671109
0.316666666667177
0.3333333333339049
0.3333333333339827
0.3166666666673211
0.3166666666673872
0.3333333333341269
0.3333333333342047
0.3166666666675312
0.3166666666675974
0.3333333333343487
0.3333333333344268
0.3166666666677415
0.3166666666678076
0.333333333334571
0.3333333333346487
0.3166666666679516
0.3833333333323999
0.3666666666658208
0.3666666666658989
0.3833333333325676
0.3833333333326572
0.3666666666660665
0.3666666666661443
0.383333333332825
0.3833333333329147
0.366666666666312
0.36666666666639
0.3833333333330824
0.3833333333331721
0.3666666666665576
0.3666666666666357
0.3833333333333399
0.3833333333334295
0.3666666666668033
0.3666666666668811
0.3833333333335971
0.3833333333336869
0.3666666666670488
0.3666666666671268
0.3833333333338546
0.3833333333339443
0.3666666666672943
0.3666666666673722
0.3833333333341119
0.3833333333342016
0.36666666666754
0.3666666666676179
0.3833333333343693
0.3833333333344591
0.3666666666677855
0.3666666666678635
0.3833333333346267
0.3833333333347165
0.3666666666680312
0.366666666668109
0.3833333333348841
0.4166666666656361
0.4333333333323047
0.4333333333324063
0.4166666666658272
0.4166666666659171
0.4333333333325975
0.433333333332699
0.4166666666661082
0.4166666666661979
0.4333333333328903
0.4333333333329918
0.4166666666663891
0.416666666666479
0.4333333333331832
0.4333333333332847
0.4166666666666703
0.4166666666667599
0.4333333333334759
0.4333333333335775
0.4166666666669512
0.4166666666670411
0.4333333333337687
0.4333333333338702
0.4166666666672321
0.4166666666673219
0.4333333333340615
0.433333333334163
0.4166666666675132
0.4166666666676028
0.4333333333343544
0.4333333333344559
0.4166666666677942
0.416666666667884
0.4333333333346471
0.4333333333347486
0.4166666666680752
0.416666666668165
0.4333333333349398
0.4333333333350414
0.4166666666683562
0.4833333333321266
0.4666666666655557
0.4666666666656572
0.4833333333323404
0.4833333333324527
0.4666666666658709
0.4666666666659725
0.4833333333326664
0.4833333333327786
0.4666666666661862
0.4666666666662877
0.4833333333329923
0.4833333333331045
0.4666666666665015
0.466666666666603
0.4833333333333183
0.4833333333334307
0.4666666666668169
0.4666666666669184
0.4833333333336443
0.4833333333337566
0.4666666666671322
0.4666666666672337
0.4833333333339704
0.4833333333340826
0.4666666666674475
0.466666666667549
0.4833333333342963
0.4833333333344088
0.4666666666677628
0.4666666666678643
0.4833333333346226
0.4833333333347347
0.466666666668078
0.4666666666681797
0.4833333333349485
0.4833333333350607
0.4666666666683934
0.4666666666684949
0.4833333333352745
0.5166666666654551
0.5333333333322107
0.5333333333323083
0.516666666665665
0.5166666666657771
0.5333333333325181
0.5333333333326153
0.5166666666659867
0.516666666666099
0.533333333332825
0.5333333333329223
0.5166666666663086
0.5166666666664207
0.5333333333331318
0.5333333333332292
0.5166666666666303
0.5166666666667425
0.5333333333334388
0.5333333333335361
0.5166666666669522
0.5166666666670645
0.5333333333337459
0.5333333333338433
0.5166666666672742
0.5166666666673864
0.5333333333340529
0.5333333333341502
0.5166666666675961
0.5166666666677083
0.5333333333343599
0.5333333333344573
0.5166666666679181
0.5166666666680301
0.5333333333346669
0.5333333333347642
0.5166666666682399
0.5166666666683519
0.5333333333349738
0.5333333333350712
0.5166666666685616
0.583333333332275
0.5666666666656129
0.5666666666657103
0.5833333333324537
0.5833333333325353
0.5666666666658894
0.5666666666659865
0.583333333332714
0.5833333333327954
0.5666666666661654
0.5666666666662626
0.583333333332974
0.5833333333330557
0.5666666666664415
0.5666666666665389
0.5833333333332346
0.5833333333333157
0.5666666666667177
0.5666666666668152
0.5833333333334947
0.583333333333576
0.5666666666669937
0.5666666666670912
0.5833333333337548
0.5833333333338362
0.5666666666672699
0.5666666666673675
0.583333333334015
0.5833333333340964
0.5666666666675463
0.5666666666676438
0.5833333333342754
0.5833333333343567
0.5666666666678224
0.5666666666679198
0.5833333333345354
0.5833333333346169
0.5666666666680985
0.566666666668196
0.5833333333347956
0.6166666666656964
0.6333333333324398
0.6333333333325051
0.6166666666658431
0.6166666666659245
0.6333333333326518
0.6333333333327175
0.6166666666660714
0.6166666666661528
0.6333333333328643
0.6333333333329298
0.6166666666662998
0.6166666666663811
0.6333333333330767
0.6333333333331422
0.6166666666665281
0.6166666666666094
0.6333333333332891
0.6333333333333544
0.6166666666667563
0.6166666666668377
0.6333333333335013
0.6333333333335667
0.6166666666669846
0.6166666666670659
0.6333333333337137
0.6333333333337791
0.6166666666672129
0.6166666666672944
0.6333333333339259
0.6333333333339913
0.6166666666674412
0.6166666666675227
0.6333333333341384
0.6333333333342038
0.6166666666676694
0.6166666666677509
0.6333333333343508
0.6333333333344161
0.6166666666678977
0.6833333333325228
0.6666666666658451
0.6666666666659106
0.6833333333326377
0.6833333333326872
0.6666666666660255
0.6666666666660909
0.6833333333328024
0.6833333333328518
0.6666666666662059
0.6666666666662713
0.6833333333329668
0.6833333333330163
0.6666666666663864
0.6666666666664516
0.6833333333331312
0.6833333333331809
0.6666666666665666
0.6666666666666321
0.6833333333332956
0.6833333333333451
0.666666666666747
0.6666666666668124
0.6833333333334601
0.6833333333335095
0.6666666666669273
0.6666666666669929
0.6833333333336246
0.6833333333336742
0.6666666666671079
0.6666666666671734
0.683333333333789
0.6833333333338384
0.6666666666672884
0.6666666666673536
0.6833333333339536
0.6833333333340034
0.6666666666674687
0.6666666666675343
0.6833333333341179
0.7166666666659443
0.7333333333326715
0.7333333333327048
0.7166666666660269
0.7166666666660765
0.7333333333327881
0.733333333332822
0.7166666666661599
0.7166666666662095
0.7333333333329047
0.7333333333329383
0.7166666666662923
0.7166666666663417
0.7333333333330212
0.7333333333330548
0.716666666666425
0.7166666666664745
0.7333333333331379
0.7333333333331714
0.7166666666665575
0.7166666666666068
0.7333333333332546
0.733333333333288
0.7166666666666899
0.7166666666667394
0.7333333333333711
0.7333333333334046
0.7166666666668224
0.7166666666668718
0.7333333333334877
0.7333333333335212
0.7166666666669552
0.7166666666670045
0.7333333333336044
0.7333333333336379
0.7166666666670876
0.7166666666671371
0.7333333333337211
0.7333333333337544
0.7166666666672201
0.7833333333327707
0.7666666666660767
0.7666666666661101
0.7833333333328215
0.7833333333328393
0.7666666666661615
0.7666666666661953
0.7833333333328905
0.7833333333329081
0.7666666666662464
0.7666666666662798
0.7833333333329593
0.7833333333329766
0.7666666666663309
0.7666666666663643
0.7833333333330279
0.7833333333330456
0.7666666666664155
0.7666666666664489
0.7833333333330966
0.7833333333331144
0.7666666666665002
0.7666666666665337
0.7833333333331655
0.7833333333331829
0.7666666666665849
0.7666666666666183
0.7833333333332341
0.7833333333332517
0.7666666666666696
0.7666666666667031
0.7833333333333028
0.7833333333333207
0.7666666666667542
0.7666666666667878
0.7833333333333716
0.7833333333333892
0.7666666666668389
0.7666666666668724
0.7833333333334404
0.8166666666661917
0.8333333333329033
0.8333333333329049
0.816666666666211
0.8166666666662289
0.8333333333329241
0.8333333333329257
0.8166666666662477
0.8166666666662656
0.8333333333329449
0.8333333333329467
0.8166666666662845
0.8166666666663023
0.8333333333329659
0.8333333333329672
0.8166666666663214
0.8166666666663389
0.8333333333329868
0.8333333333329884
0.8166666666663581
0.8166666666663758
0.8333333333330076
0.8333333333330089
0.8166666666663949
0.8166666666664126
0.8333333333330283
0.8333333333330297
0.816666666666432
0.8166666666664495
0.8333333333330492
0.8333333333330507
0.8166666666664686
0.816666666666486
0.8333333333330699
0.8333333333330715
0.8166666666665052
0.816666666666523
0.8333333333330908
0.8333333333330926
0.8166666666665422
0.8833333333330229
0.8666666666663134
0.8666666666663148
0.8833333333330196
0.8833333333330144
0.8666666666663113
0.866666666666313
0.8833333333330107
0.8833333333330058
0.8666666666663095
0.866666666666311
0.8833333333330023
0.8833333333329975
0.8666666666663075
0.8666666666663094
0.883333333332994
0.8833333333329886
0.8666666666663058
0.8666666666663075
0.8833333333329851
0.8833333333329801
0.8666666666663039
0.8666666666663053
0.8833333333329766
0.8833333333329715
0.8666666666663022
0.8666666666663035
0.8833333333329682
0.8833333333329629
0.8666666666663004
0.8666666666663019
0.8833333333329596
0.8833333333329545
0.8666666666662983
0.8666666666663001
0.8833333333329512
0.8833333333329458
0.8666666666662967
0.8666666666662981
0.8833333333329426
0.9166666666664443
0.9333333333331537
0.933333333333151
0.9166666666664365
0.9166666666664317
0.9333333333331436
0.9333333333331409
0.9166666666664239
0.9166666666664187
0.9333333333331332
0.9333333333331306
0.9166666666664112
0.9166666666664063
0.9333333333331233
0.9333333333331205
0.9166666666663986
0.9166666666663932
0.9333333333331131
0.9333333333331104
0.9166666666663856
0.9166666666663809
0.9333333333331026
0.9333333333331002
0.9166666666663729
0.9166666666663678
0.9333333333330924
0.9333333333330899
0.9166666666663601
0.9166666666663553
0.9333333333330823
0.9333333333330799
0.9166666666663474
0.9166666666663424
0.9333333333330722
0.9333333333330697
0.9166666666663349
0.9166666666663297
0.933333333333062
0.9333333333330593
0.916666666666322
0.9833333333332893
0.9666666666665775
0.966666666666575
0.9833333333332869
0.9833333333332869
0.9666666666665724
0.96666666666657
0.9833333333332841
0.9833333333332842
0.9666666666665674
0.9666666666665648
0.9833333333332817
0.9833333333332818
0.9666666666665623
0.9666666666665598
0.9833333333332792
0.9833333333332792
0.9666666666665571
0.9666666666665545
0.9833333333332767
0.9833333333332765
0.9666666666665519
0.9666666666665493
0.9833333333332738
0.9833333333332741
0.9666666666665469
0.9666666666665443
0.9833333333332714
0.9833333333332714
0.966666666666542
0.9666666666665392
0.9833333333332691
0.9833333333332688
0.9666666666665368
0.9666666666665341
0.9833333333332663
0.9833333333332662
0.9666666666665317
0.9666666666665289
0.9833333333332638
)
;

boundaryField
{
    zMin
    {
        type            empty;
    }
    zMax
    {
        type            empty;
    }
    xMin
    {
        type            calculated;
        value           uniform 0;
    }
    xMax
    {
        type            calculated;
        value           nonuniform List<scalar> 
20
(
0.9999999999999998
1
0.9999999999999998
0.9999999999999998
1
1
0.9999999999999998
1
0.9999999999999998
1
1
0.9999999999999998
1
0.9999999999999998
1
1
0.9999999999999998
1
0.9999999999999998
1
)
;
    }
    yMin
    {
        type            calculated;
        value           nonuniform List<scalar> 
20
(
0.02499999999994969
0.07499999999985674
0.1249999999997585
0.1749999999996298
0.2249999999994839
0.2749999999993379
0.3249999999991921
0.3749999999990462
0.4249999999989001
0.4749999999987596
0.5249999999987526
0.5749999999988791
0.6249999999990109
0.6749999999991427
0.7249999999992747
0.7749999999994066
0.8249999999995382
0.8749999999996703
0.9249999999998022
0.974999999999934
)
;
    }
    yMax
    {
        type            calculated;
        value           nonuniform List<scalar> 
20
(
0.02500000000010405
0.07500000000031215
0.1250000000005203
0.1750000000007285
0.2250000000009365
0.2750000000011447
0.3250000000013528
0.3750000000015609
0.425000000001769
0.4750000000019662
0.5250000000018969
0.5750000000015609
0.625000000001214
0.6750000000008672
0.7250000000005206
0.7750000000001736
0.8249999999998265
0.8749999999996183
0.9249999999996877
0.9749999999998959
)
;
    }
}


// ************************************************************************* //
