/*--------------------------------*- C++ -*----------------------------------*\
  =========                 |
  \\      /  F ield         | OpenFOAM: The Open Source CFD Toolbox
   \\    /   O peration     | Website:  https://openfoam.org
    \\  /    A nd           | Version:  14
     \\/     M anipulation  |
\*---------------------------------------------------------------------------*/
FoamFile
{
    format      ascii;
    class       labelList;
    note        "nPoints:3362  nCells:3200  nFaces:11280  nInternalFaces:4720";
    location    "constant/polyMesh";
    object      neighbour;
}
// * * * * * * * * * * * * * * * * * * * * * * * * * * * * * * * * * * * * * //


4720
(
1
2
81
3
82
4
5
6
85
7
86
8
9
10
89
11
90
12
13
14
93
15
94
16
17
18
97
19
98
20
21
22
101
23
102
24
25
26
105
27
106
28
29
30
109
31
110
32
33
34
113
35
114
36
37
38
117
39
118
40
41
42
121
43
122
44
45
46
125
47
126
48
49
50
129
51
130
52
53
54
133
55
134
56
57
58
137
59
138
60
61
62
141
63
142
64
65
66
145
67
146
68
69
70
149
71
150
72
73
74
153
75
154
76
77
78
157
79
158
81
160
82
83
84
163
85
164
86
87
88
167
89
168
90
91
92
171
93
172
94
95
96
175
97
176
98
99
100
179
101
180
102
103
104
183
105
184
106
107
108
187
109
188
110
111
112
191
113
192
114
115
116
195
117
196
118
119
120
199
121
200
122
123
124
203
125
204
126
127
128
207
129
208
130
131
132
211
133
212
134
135
136
215
137
216
138
139
140
219
141
220
142
143
144
223
145
224
146
147
148
227
149
228
150
151
152
231
153
232
154
155
156
235
157
236
158
159
239
161
162
241
163
242
164
165
166
245
167
246
168
169
170
249
171
250
172
173
174
253
175
254
176
177
178
257
179
258
180
181
182
261
183
262
184
185
186
265
187
266
188
189
190
269
191
270
192
193
194
273
195
274
196
197
198
277
199
278
200
201
202
281
203
282
204
205
206
285
207
286
208
209
210
289
211
290
212
213
214
293
215
294
216
217
218
297
219
298
220
221
222
301
223
302
224
225
226
305
227
306
228
229
230
309
231
310
232
233
234
313
235
314
236
237
238
317
239
318
241
320
242
243
244
323
245
324
246
247
248
327
249
328
250
251
252
331
253
332
254
255
256
335
257
336
258
259
260
339
261
340
262
263
264
343
265
344
266
267
268
347
269
348
270
271
272
351
273
352
274
275
276
355
277
356
278
279
280
359
281
360
282
283
284
363
285
364
286
287
288
367
289
368
290
291
292
371
293
372
294
295
296
375
297
376
298
299
300
379
301
380
302
303
304
383
305
384
306
307
308
387
309
388
310
311
312
391
313
392
314
315
316
395
317
396
318
319
399
321
322
401
323
402
324
325
326
405
327
406
328
329
330
409
331
410
332
333
334
413
335
414
336
337
338
417
339
418
340
341
342
421
343
422
344
345
346
425
347
426
348
349
350
429
351
430
352
353
354
433
355
434
356
357
358
437
359
438
360
361
362
441
363
442
364
365
366
445
367
446
368
369
370
449
371
450
372
373
374
453
375
454
376
377
378
457
379
458
380
381
382
461
383
462
384
385
386
465
387
466
388
389
390
469
391
470
392
393
394
473
395
474
396
397
398
477
399
478
401
480
402
403
404
483
405
484
406
407
408
487
409
488
410
411
412
491
413
492
414
415
416
495
417
496
418
419
420
499
421
500
422
423
424
503
425
504
426
427
428
507
429
508
430
431
432
511
433
512
434
435
436
515
437
516
438
439
440
519
441
520
442
443
444
523
445
524
446
447
448
527
449
528
450
451
452
531
453
532
454
455
456
535
457
536
458
459
460
539
461
540
462
463
464
543
465
544
466
467
468
547
469
548
470
471
472
551
473
552
474
475
476
555
477
556
478
479
559
481
482
561
483
562
484
485
486
565
487
566
488
489
490
569
491
570
492
493
494
573
495
574
496
497
498
577
499
578
500
501
502
581
503
582
504
505
506
585
507
586
508
509
510
589
511
590
512
513
514
593
515
594
516
517
518
597
519
598
520
521
522
601
523
602
524
525
526
605
527
606
528
529
530
609
531
610
532
533
534
613
535
614
536
537
538
617
539
618
540
541
542
621
543
622
544
545
546
625
547
626
548
549
550
629
551
630
552
553
554
633
555
634
556
557
558
637
559
638
561
640
562
563
564
643
565
644
566
567
568
647
569
648
570
571
572
651
573
652
574
575
576
655
577
656
578
579
580
659
581
660
582
583
584
663
585
664
586
587
588
667
589
668
590
591
592
671
593
672
594
595
596
675
597
676
598
599
600
679
601
680
602
603
604
683
605
684
606
607
608
687
609
688
610
611
612
691
613
692
614
615
616
695
617
696
618
619
620
699
621
700
622
623
624
703
625
704
626
627
628
707
629
708
630
631
632
711
633
712
634
635
636
715
637
716
638
639
719
641
642
721
643
722
644
645
646
725
647
726
648
649
650
729
651
730
652
653
654
733
655
734
656
657
658
737
659
738
660
661
662
741
663
742
664
665
666
745
667
746
668
669
670
749
671
750
672
673
674
753
675
754
676
677
678
757
679
758
680
681
682
761
683
762
684
685
686
765
687
766
688
689
690
769
691
770
692
693
694
773
695
774
696
697
698
777
699
778
700
701
702
781
703
782
704
705
706
785
707
786
708
709
710
789
711
790
712
713
714
793
715
794
716
717
718
797
719
798
721
800
722
723
724
803
725
804
726
727
728
807
729
808
730
731
732
811
733
812
734
735
736
815
737
816
738
739
740
819
741
820
742
743
744
823
745
824
746
747
748
827
749
828
750
751
752
831
753
832
754
755
756
835
757
836
758
759
760
839
761
840
762
763
764
843
765
844
766
767
768
847
769
848
770
771
772
851
773
852
774
775
776
855
777
856
778
779
780
859
781
860
782
783
784
863
785
864
786
787
788
867
789
868
790
791
792
871
793
872
794
795
796
875
797
876
798
799
879
801
802
881
803
882
804
805
806
885
807
886
808
809
810
889
811
890
812
813
814
893
815
894
816
817
818
897
819
898
820
821
822
901
823
902
824
825
826
905
827
906
828
829
830
909
831
910
832
833
834
913
835
914
836
837
838
917
839
918
840
841
842
921
843
922
844
845
846
925
847
926
848
849
850
929
851
930
852
853
854
933
855
934
856
857
858
937
859
938
860
861
862
941
863
942
864
865
866
945
867
946
868
869
870
949
871
950
872
873
874
953
875
954
876
877
878
957
879
958
881
960
882
883
884
963
885
964
886
887
888
967
889
968
890
891
892
971
893
972
894
895
896
975
897
976
898
899
900
979
901
980
902
903
904
983
905
984
906
907
908
987
909
988
910
911
912
991
913
992
914
915
916
995
917
996
918
919
920
999
921
1000
922
923
924
1003
925
1004
926
927
928
1007
929
1008
930
931
932
1011
933
1012
934
935
936
1015
937
1016
938
939
940
1019
941
1020
942
943
944
1023
945
1024
946
947
948
1027
949
1028
950
951
952
1031
953
1032
954
955
956
1035
957
1036
958
959
1039
961
962
1041
963
1042
964
965
966
1045
967
1046
968
969
970
1049
971
1050
972
973
974
1053
975
1054
976
977
978
1057
979
1058
980
981
982
1061
983
1062
984
985
986
1065
987
1066
988
989
990
1069
991
1070
992
993
994
1073
995
1074
996
997
998
1077
999
1078
1000
1001
1002
1081
1003
1082
1004
1005
1006
1085
1007
1086
1008
1009
1010
1089
1011
1090
1012
1013
1014
1093
1015
1094
1016
1017
1018
1097
1019
1098
1020
1021
1022
1101
1023
1102
1024
1025
1026
1105
1027
1106
1028
1029
1030
1109
1031
1110
1032
1033
1034
1113
1035
1114
1036
1037
1038
1117
1039
1118
1041
1120
1042
1043
1044
1123
1045
1124
1046
1047
1048
1127
1049
1128
1050
1051
1052
1131
1053
1132
1054
1055
1056
1135
1057
1136
1058
1059
1060
1139
1061
1140
1062
1063
1064
1143
1065
1144
1066
1067
1068
1147
1069
1148
1070
1071
1072
1151
1073
1152
1074
1075
1076
1155
1077
1156
1078
1079
1080
1159
1081
1160
1082
1083
1084
1163
1085
1164
1086
1087
1088
1167
1089
1168
1090
1091
1092
1171
1093
1172
1094
1095
1096
1175
1097
1176
1098
1099
1100
1179
1101
1180
1102
1103
1104
1183
1105
1184
1106
1107
1108
1187
1109
1188
1110
1111
1112
1191
1113
1192
1114
1115
1116
1195
1117
1196
1118
1119
1199
1121
1122
1201
1123
1202
1124
1125
1126
1205
1127
1206
1128
1129
1130
1209
1131
1210
1132
1133
1134
1213
1135
1214
1136
1137
1138
1217
1139
1218
1140
1141
1142
1221
1143
1222
1144
1145
1146
1225
1147
1226
1148
1149
1150
1229
1151
1230
1152
1153
1154
1233
1155
1234
1156
1157
1158
1237
1159
1238
1160
1161
1162
1241
1163
1242
1164
1165
1166
1245
1167
1246
1168
1169
1170
1249
1171
1250
1172
1173
1174
1253
1175
1254
1176
1177
1178
1257
1179
1258
1180
1181
1182
1261
1183
1262
1184
1185
1186
1265
1187
1266
1188
1189
1190
1269
1191
1270
1192
1193
1194
1273
1195
1274
1196
1197
1198
1277
1199
1278
1201
1280
1202
1203
1204
1283
1205
1284
1206
1207
1208
1287
1209
1288
1210
1211
1212
1291
1213
1292
1214
1215
1216
1295
1217
1296
1218
1219
1220
1299
1221
1300
1222
1223
1224
1303
1225
1304
1226
1227
1228
1307
1229
1308
1230
1231
1232
1311
1233
1312
1234
1235
1236
1315
1237
1316
1238
1239
1240
1319
1241
1320
1242
1243
1244
1323
1245
1324
1246
1247
1248
1327
1249
1328
1250
1251
1252
1331
1253
1332
1254
1255
1256
1335
1257
1336
1258
1259
1260
1339
1261
1340
1262
1263
1264
1343
1265
1344
1266
1267
1268
1347
1269
1348
1270
1271
1272
1351
1273
1352
1274
1275
1276
1355
1277
1356
1278
1279
1359
1281
1282
1361
1283
1362
1284
1285
1286
1365
1287
1366
1288
1289
1290
1369
1291
1370
1292
1293
1294
1373
1295
1374
1296
1297
1298
1377
1299
1378
1300
1301
1302
1381
1303
1382
1304
1305
1306
1385
1307
1386
1308
1309
1310
1389
1311
1390
1312
1313
1314
1393
1315
1394
1316
1317
1318
1397
1319
1398
1320
1321
1322
1401
1323
1402
1324
1325
1326
1405
1327
1406
1328
1329
1330
1409
1331
1410
1332
1333
1334
1413
1335
1414
1336
1337
1338
1417
1339
1418
1340
1341
1342
1421
1343
1422
1344
1345
1346
1425
1347
1426
1348
1349
1350
1429
1351
1430
1352
1353
1354
1433
1355
1434
1356
1357
1358
1437
1359
1438
1361
1440
1362
1363
1364
1443
1365
1444
1366
1367
1368
1447
1369
1448
1370
1371
1372
1451
1373
1452
1374
1375
1376
1455
1377
1456
1378
1379
1380
1459
1381
1460
1382
1383
1384
1463
1385
1464
1386
1387
1388
1467
1389
1468
1390
1391
1392
1471
1393
1472
1394
1395
1396
1475
1397
1476
1398
1399
1400
1479
1401
1480
1402
1403
1404
1483
1405
1484
1406
1407
1408
1487
1409
1488
1410
1411
1412
1491
1413
1492
1414
1415
1416
1495
1417
1496
1418
1419
1420
1499
1421
1500
1422
1423
1424
1503
1425
1504
1426
1427
1428
1507
1429
1508
1430
1431
1432
1511
1433
1512
1434
1435
1436
1515
1437
1516
1438
1439
1519
1441
1442
1521
1443
1522
1444
1445
1446
1525
1447
1526
1448
1449
1450
1529
1451
1530
1452
1453
1454
1533
1455
1534
1456
1457
1458
1537
1459
1538
1460
1461
1462
1541
1463
1542
1464
1465
1466
1545
1467
1546
1468
1469
1470
1549
1471
1550
1472
1473
1474
1553
1475
1554
1476
1477
1478
1557
1479
1558
1480
1481
1482
1561
1483
1562
1484
1485
1486
1565
1487
1566
1488
1489
1490
1569
1491
1570
1492
1493
1494
1573
1495
1574
1496
1497
1498
1577
1499
1578
1500
1501
1502
1581
1503
1582
1504
1505
1506
1585
1507
1586
1508
1509
1510
1589
1511
1590
1512
1513
1514
1593
1515
1594
1516
1517
1518
1597
1519
1598
1521
1600
1522
1523
1524
1603
1525
1604
1526
1527
1528
1607
1529
1608
1530
1531
1532
1611
1533
1612
1534
1535
1536
1615
1537
1616
1538
1539
1540
1619
1541
1620
1542
1543
1544
1623
1545
1624
1546
1547
1548
1627
1549
1628
1550
1551
1552
1631
1553
1632
1554
1555
1556
1635
1557
1636
1558
1559
1560
1639
1561
1640
1562
1563
1564
1643
1565
1644
1566
1567
1568
1647
1569
1648
1570
1571
1572
1651
1573
1652
1574
1575
1576
1655
1577
1656
1578
1579
1580
1659
1581
1660
1582
1583
1584
1663
1585
1664
1586
1587
1588
1667
1589
1668
1590
1591
1592
1671
1593
1672
1594
1595
1596
1675
1597
1676
1598
1599
1679
1601
1602
1681
1603
1682
1604
1605
1606
1685
1607
1686
1608
1609
1610
1689
1611
1690
1612
1613
1614
1693
1615
1694
1616
1617
1618
1697
1619
1698
1620
1621
1622
1701
1623
1702
1624
1625
1626
1705
1627
1706
1628
1629
1630
1709
1631
1710
1632
1633
1634
1713
1635
1714
1636
1637
1638
1717
1639
1718
1640
1641
1642
1721
1643
1722
1644
1645
1646
1725
1647
1726
1648
1649
1650
1729
1651
1730
1652
1653
1654
1733
1655
1734
1656
1657
1658
1737
1659
1738
1660
1661
1662
1741
1663
1742
1664
1665
1666
1745
1667
1746
1668
1669
1670
1749
1671
1750
1672
1673
1674
1753
1675
1754
1676
1677
1678
1757
1679
1758
1681
1760
1682
1683
1684
1763
1685
1764
1686
1687
1688
1767
1689
1768
1690
1691
1692
1771
1693
1772
1694
1695
1696
1775
1697
1776
1698
1699
1700
1779
1701
1780
1702
1703
1704
1783
1705
1784
1706
1707
1708
1787
1709
1788
1710
1711
1712
1791
1713
1792
1714
1715
1716
1795
1717
1796
1718
1719
1720
1799
1721
1800
1722
1723
1724
1803
1725
1804
1726
1727
1728
1807
1729
1808
1730
1731
1732
1811
1733
1812
1734
1735
1736
1815
1737
1816
1738
1739
1740
1819
1741
1820
1742
1743
1744
1823
1745
1824
1746
1747
1748
1827
1749
1828
1750
1751
1752
1831
1753
1832
1754
1755
1756
1835
1757
1836
1758
1759
1839
1761
1762
1841
1763
1842
1764
1765
1766
1845
1767
1846
1768
1769
1770
1849
1771
1850
1772
1773
1774
1853
1775
1854
1776
1777
1778
1857
1779
1858
1780
1781
1782
1861
1783
1862
1784
1785
1786
1865
1787
1866
1788
1789
1790
1869
1791
1870
1792
1793
1794
1873
1795
1874
1796
1797
1798
1877
1799
1878
1800
1801
1802
1881
1803
1882
1804
1805
1806
1885
1807
1886
1808
1809
1810
1889
1811
1890
1812
1813
1814
1893
1815
1894
1816
1817
1818
1897
1819
1898
1820
1821
1822
1901
1823
1902
1824
1825
1826
1905
1827
1906
1828
1829
1830
1909
1831
1910
1832
1833
1834
1913
1835
1914
1836
1837
1838
1917
1839
1918
1841
1920
1842
1843
1844
1923
1845
1924
1846
1847
1848
1927
1849
1928
1850
1851
1852
1931
1853
1932
1854
1855
1856
1935
1857
1936
1858
1859
1860
1939
1861
1940
1862
1863
1864
1943
1865
1944
1866
1867
1868
1947
1869
1948
1870
1871
1872
1951
1873
1952
1874
1875
1876
1955
1877
1956
1878
1879
1880
1959
1881
1960
1882
1883
1884
1963
1885
1964
1886
1887
1888
1967
1889
1968
1890
1891
1892
1971
1893
1972
1894
1895
1896
1975
1897
1976
1898
1899
1900
1979
1901
1980
1902
1903
1904
1983
1905
1984
1906
1907
1908
1987
1909
1988
1910
1911
1912
1991
1913
1992
1914
1915
1916
1995
1917
1996
1918
1919
1999
1921
1922
2001
1923
2002
1924
1925
1926
2005
1927
2006
1928
1929
1930
2009
1931
2010
1932
1933
1934
2013
1935
2014
1936
1937
1938
2017
1939
2018
1940
1941
1942
2021
1943
2022
1944
1945
1946
2025
1947
2026
1948
1949
1950
2029
1951
2030
1952
1953
1954
2033
1955
2034
1956
1957
1958
2037
1959
2038
1960
1961
1962
2041
1963
2042
1964
1965
1966
2045
1967
2046
1968
1969
1970
2049
1971
2050
1972
1973
1974
2053
1975
2054
1976
1977
1978
2057
1979
2058
1980
1981
1982
2061
1983
2062
1984
1985
1986
2065
1987
2066
1988
1989
1990
2069
1991
2070
1992
1993
1994
2073
1995
2074
1996
1997
1998
2077
1999
2078
2001
2080
2002
2003
2004
2083
2005
2084
2006
2007
2008
2087
2009
2088
2010
2011
2012
2091
2013
2092
2014
2015
2016
2095
2017
2096
2018
2019
2020
2099
2021
2100
2022
2023
2024
2103
2025
2104
2026
2027
2028
2107
2029
2108
2030
2031
2032
2111
2033
2112
2034
2035
2036
2115
2037
2116
2038
2039
2040
2119
2041
2120
2042
2043
2044
2123
2045
2124
2046
2047
2048
2127
2049
2128
2050
2051
2052
2131
2053
2132
2054
2055
2056
2135
2057
2136
2058
2059
2060
2139
2061
2140
2062
2063
2064
2143
2065
2144
2066
2067
2068
2147
2069
2148
2070
2071
2072
2151
2073
2152
2074
2075
2076
2155
2077
2156
2078
2079
2159
2081
2082
2161
2083
2162
2084
2085
2086
2165
2087
2166
2088
2089
2090
2169
2091
2170
2092
2093
2094
2173
2095
2174
2096
2097
2098
2177
2099
2178
2100
2101
2102
2181
2103
2182
2104
2105
2106
2185
2107
2186
2108
2109
2110
2189
2111
2190
2112
2113
2114
2193
2115
2194
2116
2117
2118
2197
2119
2198
2120
2121
2122
2201
2123
2202
2124
2125
2126
2205
2127
2206
2128
2129
2130
2209
2131
2210
2132
2133
2134
2213
2135
2214
2136
2137
2138
2217
2139
2218
2140
2141
2142
2221
2143
2222
2144
2145
2146
2225
2147
2226
2148
2149
2150
2229
2151
2230
2152
2153
2154
2233
2155
2234
2156
2157
2158
2237
2159
2238
2161
2240
2162
2163
2164
2243
2165
2244
2166
2167
2168
2247
2169
2248
2170
2171
2172
2251
2173
2252
2174
2175
2176
2255
2177
2256
2178
2179
2180
2259
2181
2260
2182
2183
2184
2263
2185
2264
2186
2187
2188
2267
2189
2268
2190
2191
2192
2271
2193
2272
2194
2195
2196
2275
2197
2276
2198
2199
2200
2279
2201
2280
2202
2203
2204
2283
2205
2284
2206
2207
2208
2287
2209
2288
2210
2211
2212
2291
2213
2292
2214
2215
2216
2295
2217
2296
2218
2219
2220
2299
2221
2300
2222
2223
2224
2303
2225
2304
2226
2227
2228
2307
2229
2308
2230
2231
2232
2311
2233
2312
2234
2235
2236
2315
2237
2316
2238
2239
2319
2241
2242
2321
2243
2322
2244
2245
2246
2325
2247
2326
2248
2249
2250
2329
2251
2330
2252
2253
2254
2333
2255
2334
2256
2257
2258
2337
2259
2338
2260
2261
2262
2341
2263
2342
2264
2265
2266
2345
2267
2346
2268
2269
2270
2349
2271
2350
2272
2273
2274
2353
2275
2354
2276
2277
2278
2357
2279
2358
2280
2281
2282
2361
2283
2362
2284
2285
2286
2365
2287
2366
2288
2289
2290
2369
2291
2370
2292
2293
2294
2373
2295
2374
2296
2297
2298
2377
2299
2378
2300
2301
2302
2381
2303
2382
2304
2305
2306
2385
2307
2386
2308
2309
2310
2389
2311
2390
2312
2313
2314
2393
2315
2394
2316
2317
2318
2397
2319
2398
2321
2400
2322
2323
2324
2403
2325
2404
2326
2327
2328
2407
2329
2408
2330
2331
2332
2411
2333
2412
2334
2335
2336
2415
2337
2416
2338
2339
2340
2419
2341
2420
2342
2343
2344
2423
2345
2424
2346
2347
2348
2427
2349
2428
2350
2351
2352
2431
2353
2432
2354
2355
2356
2435
2357
2436
2358
2359
2360
2439
2361
2440
2362
2363
2364
2443
2365
2444
2366
2367
2368
2447
2369
2448
2370
2371
2372
2451
2373
2452
2374
2375
2376
2455
2377
2456
2378
2379
2380
2459
2381
2460
2382
2383
2384
2463
2385
2464
2386
2387
2388
2467
2389
2468
2390
2391
2392
2471
2393
2472
2394
2395
2396
2475
2397
2476
2398
2399
2479
2401
2402
2481
2403
2482
2404
2405
2406
2485
2407
2486
2408
2409
2410
2489
2411
2490
2412
2413
2414
2493
2415
2494
2416
2417
2418
2497
2419
2498
2420
2421
2422
2501
2423
2502
2424
2425
2426
2505
2427
2506
2428
2429
2430
2509
2431
2510
2432
2433
2434
2513
2435
2514
2436
2437
2438
2517
2439
2518
2440
2441
2442
2521
2443
2522
2444
2445
2446
2525
2447
2526
2448
2449
2450
2529
2451
2530
2452
2453
2454
2533
2455
2534
2456
2457
2458
2537
2459
2538
2460
2461
2462
2541
2463
2542
2464
2465
2466
2545
2467
2546
2468
2469
2470
2549
2471
2550
2472
2473
2474
2553
2475
2554
2476
2477
2478
2557
2479
2558
2481
2560
2482
2483
2484
2563
2485
2564
2486
2487
2488
2567
2489
2568
2490
2491
2492
2571
2493
2572
2494
2495
2496
2575
2497
2576
2498
2499
2500
2579
2501
2580
2502
2503
2504
2583
2505
2584
2506
2507
2508
2587
2509
2588
2510
2511
2512
2591
2513
2592
2514
2515
2516
2595
2517
2596
2518
2519
2520
2599
2521
2600
2522
2523
2524
2603
2525
2604
2526
2527
2528
2607
2529
2608
2530
2531
2532
2611
2533
2612
2534
2535
2536
2615
2537
2616
2538
2539
2540
2619
2541
2620
2542
2543
2544
2623
2545
2624
2546
2547
2548
2627
2549
2628
2550
2551
2552
2631
2553
2632
2554
2555
2556
2635
2557
2636
2558
2559
2639
2561
2562
2641
2563
2642
2564
2565
2566
2645
2567
2646
2568
2569
2570
2649
2571
2650
2572
2573
2574
2653
2575
2654
2576
2577
2578
2657
2579
2658
2580
2581
2582
2661
2583
2662
2584
2585
2586
2665
2587
2666
2588
2589
2590
2669
2591
2670
2592
2593
2594
2673
2595
2674
2596
2597
2598
2677
2599
2678
2600
2601
2602
2681
2603
2682
2604
2605
2606
2685
2607
2686
2608
2609
2610
2689
2611
2690
2612
2613
2614
2693
2615
2694
2616
2617
2618
2697
2619
2698
2620
2621
2622
2701
2623
2702
2624
2625
2626
2705
2627
2706
2628
2629
2630
2709
2631
2710
2632
2633
2634
2713
2635
2714
2636
2637
2638
2717
2639
2718
2641
2720
2642
2643
2644
2723
2645
2724
2646
2647
2648
2727
2649
2728
2650
2651
2652
2731
2653
2732
2654
2655
2656
2735
2657
2736
2658
2659
2660
2739
2661
2740
2662
2663
2664
2743
2665
2744
2666
2667
2668
2747
2669
2748
2670
2671
2672
2751
2673
2752
2674
2675
2676
2755
2677
2756
2678
2679
2680
2759
2681
2760
2682
2683
2684
2763
2685
2764
2686
2687
2688
2767
2689
2768
2690
2691
2692
2771
2693
2772
2694
2695
2696
2775
2697
2776
2698
2699
2700
2779
2701
2780
2702
2703
2704
2783
2705
2784
2706
2707
2708
2787
2709
2788
2710
2711
2712
2791
2713
2792
2714
2715
2716
2795
2717
2796
2718
2719
2799
2721
2722
2801
2723
2802
2724
2725
2726
2805
2727
2806
2728
2729
2730
2809
2731
2810
2732
2733
2734
2813
2735
2814
2736
2737
2738
2817
2739
2818
2740
2741
2742
2821
2743
2822
2744
2745
2746
2825
2747
2826
2748
2749
2750
2829
2751
2830
2752
2753
2754
2833
2755
2834
2756
2757
2758
2837
2759
2838
2760
2761
2762
2841
2763
2842
2764
2765
2766
2845
2767
2846
2768
2769
2770
2849
2771
2850
2772
2773
2774
2853
2775
2854
2776
2777
2778
2857
2779
2858
2780
2781
2782
2861
2783
2862
2784
2785
2786
2865
2787
2866
2788
2789
2790
2869
2791
2870
2792
2793
2794
2873
2795
2874
2796
2797
2798
2877
2799
2878
2801
2880
2802
2803
2804
2883
2805
2884
2806
2807
2808
2887
2809
2888
2810
2811
2812
2891
2813
2892
2814
2815
2816
2895
2817
2896
2818
2819
2820
2899
2821
2900
2822
2823
2824
2903
2825
2904
2826
2827
2828
2907
2829
2908
2830
2831
2832
2911
2833
2912
2834
2835
2836
2915
2837
2916
2838
2839
2840
2919
2841
2920
2842
2843
2844
2923
2845
2924
2846
2847
2848
2927
2849
2928
2850
2851
2852
2931
2853
2932
2854
2855
2856
2935
2857
2936
2858
2859
2860
2939
2861
2940
2862
2863
2864
2943
2865
2944
2866
2867
2868
2947
2869
2948
2870
2871
2872
2951
2873
2952
2874
2875
2876
2955
2877
2956
2878
2879
2959
2881
2882
2961
2883
2962
2884
2885
2886
2965
2887
2966
2888
2889
2890
2969
2891
2970
2892
2893
2894
2973
2895
2974
2896
2897
2898
2977
2899
2978
2900
2901
2902
2981
2903
2982
2904
2905
2906
2985
2907
2986
2908
2909
2910
2989
2911
2990
2912
2913
2914
2993
2915
2994
2916
2917
2918
2997
2919
2998
2920
2921
2922
3001
2923
3002
2924
2925
2926
3005
2927
3006
2928
2929
2930
3009
2931
3010
2932
2933
2934
3013
2935
3014
2936
2937
2938
3017
2939
3018
2940
2941
2942
3021
2943
3022
2944
2945
2946
3025
2947
3026
2948
2949
2950
3029
2951
3030
2952
2953
2954
3033
2955
3034
2956
2957
2958
3037
2959
3038
2961
3040
2962
2963
2964
3043
2965
3044
2966
2967
2968
3047
2969
3048
2970
2971
2972
3051
2973
3052
2974
2975
2976
3055
2977
3056
2978
2979
2980
3059
2981
3060
2982
2983
2984
3063
2985
3064
2986
2987
2988
3067
2989
3068
2990
2991
2992
3071
2993
3072
2994
2995
2996
3075
2997
3076
2998
2999
3000
3079
3001
3080
3002
3003
3004
3083
3005
3084
3006
3007
3008
3087
3009
3088
3010
3011
3012
3091
3013
3092
3014
3015
3016
3095
3017
3096
3018
3019
3020
3099
3021
3100
3022
3023
3024
3103
3025
3104
3026
3027
3028
3107
3029
3108
3030
3031
3032
3111
3033
3112
3034
3035
3036
3115
3037
3116
3038
3039
3119
3041
3042
3121
3043
3122
3044
3045
3046
3125
3047
3126
3048
3049
3050
3129
3051
3130
3052
3053
3054
3133
3055
3134
3056
3057
3058
3137
3059
3138
3060
3061
3062
3141
3063
3142
3064
3065
3066
3145
3067
3146
3068
3069
3070
3149
3071
3150
3072
3073
3074
3153
3075
3154
3076
3077
3078
3157
3079
3158
3080
3081
3082
3161
3083
3162
3084
3085
3086
3165
3087
3166
3088
3089
3090
3169
3091
3170
3092
3093
3094
3173
3095
3174
3096
3097
3098
3177
3099
3178
3100
3101
3102
3181
3103
3182
3104
3105
3106
3185
3107
3186
3108
3109
3110
3189
3111
3190
3112
3113
3114
3193
3115
3194
3116
3117
3118
3197
3119
3198
3121
3122
3123
3124
3125
3126
3127
3128
3129
3130
3131
3132
3133
3134
3135
3136
3137
3138
3139
3140
3141
3142
3143
3144
3145
3146
3147
3148
3149
3150
3151
3152
3153
3154
3155
3156
3157
3158
3159
3160
3161
3162
3163
3164
3165
3166
3167
3168
3169
3170
3171
3172
3173
3174
3175
3176
3177
3178
3179
3180
3181
3182
3183
3184
3185
3186
3187
3188
3189
3190
3191
3192
3193
3194
3195
3196
3197
3198
3199
)


// ************************************************************************* //
