/*--------------------------------*- C++ -*----------------------------------*\
  =========                 |
  \\      /  F ield         | OpenFOAM: The Open Source CFD Toolbox
   \\    /   O peration     | Website:  https://openfoam.org
    \\  /    A nd           | Version:  14
     \\/     M anipulation  |
\*---------------------------------------------------------------------------*/
FoamFile
{
    format      ascii;
    class       volScalarField;
    location    "44.999999999986";
    object      p;
}
// * * * * * * * * * * * * * * * * * * * * * * * * * * * * * * * * * * * * * //

dimensions      [0 2 -2 0 0 0 0];

internalField   nonuniform List<scalar> 
2646
(
1.23641570121e-09
0.000165885880269
0.000336015557721
0.000615671591408
-7.54987341175e-05
0.0153024020511
0.00082196245432
-0.0120988266361
-0.00672267641298
-0.0202897873607
-0.0028796000922
-0.0101665500806
-0.0285806243064
-0.0162122805029
-0.0190264879147
0.00722569891394
-0.000686754305541
-7.27902219333e-05
-0.00631830686431
-0.00282118747556
-0.00263849206435
-0.00107197395361
-0.00222029824975
-0.0041843157313
0.00908879335626
0.00316141253927
-0.00893477490427
-0.00785699366528
-0.015142670655
-0.00435904630071
-0.00236562999515
-0.000534920484827
0.000456720088612
0.00744817083352
0.0108561172462
0.00102731538088
-0.00980127322982
-0.0181107761462
-0.0319027523744
0.000802228246163
0.0142634623235
0.00831461949519
0.00758472457927
0.00740239358006
0.00783186205927
0.00744488592933
0.00824357204923
-0.00565409035541
0.00298072576924
-0.00202428867808
-0.0126228333782
-0.018003911904
-0.0199030230095
-0.0193637560199
-0.000127847025063
0.00128415259506
-0.0106914388768
-0.0274710360497
-0.0274970684323
-0.0235376991841
-0.0144957836871
-0.00491640164326
-0.0294091345963
0.00110217462843
-0.0190937040418
0.00215714317506
-0.00697853082133
0.0014520262761
-0.00439907972633
-0.00207603306158
-0.010912386089
-0.001007239789
-0.00345457029382
0.00143887342956
-0.00568145531245
-0.0231052007093
0.000436099753019
0.00117449557324
0.0035835996823
-0.00454839512984
0.0010669381909
-0.0029992986236
-0.0188095166268
-0.0192585676503
-0.00728794587597
-0.00764863453981
-0.00331171337543
0.00876529426389
-0.031141959917
-0.0251122749194
-0.0535551783122
0.000150036372759
-0.0510957012146
-0.04845074972
-0.0533779426472
-0.035375269839
-0.0257318568537
-0.0533963720073
-0.00111292225691
-0.0414487381714
-0.00203523712866
-0.037629062689
0.0035349458753
-0.037848993803
-0.0633415439808
-0.0389054856061
0.0134483254839
-0.0468551184357
-0.00893159568701
-0.0377559960386
-0.023794191256
-0.00291668853201
0.0076455120753
0.00791797306179
0.00953516806951
0.00879468005105
-0.0179318038656
-0.0474800018645
-0.0534080815578
-0.0349280519888
-0.00987015949929
-0.0366891192292
-0.0149416863101
-0.00418506708827
-0.0179957176495
-0.00167455710132
-0.00051100234708
0.0247084729689
-0.031868118164
0.00358874893998
-0.0500097280223
-0.0335076552493
-0.0520598164217
-0.0580355820279
-0.0253929889886
0.00437588392583
8.10159496515e-05
-0.0474260460944
-0.0363693601223
-0.0430528231015
-0.0535212386378
-0.0398773317178
-0.0233819494374
-0.0519588899546
-0.00333257113635
-0.0450659322005
0.00638415962408
-0.0568078206329
0.0164872842687
-0.0472543121759
-0.0207961999537
-0.0611580670065
-0.00713636826538
-0.0196029112454
-0.0102337547748
-0.00216734576563
-0.0315096906841
0.000328707074095
-0.0180611494295
0.0143468482972
0.0509309584245
0.00634930782744
-0.0181147513992
-0.0626412264812
-0.0461590429547
-0.0358147043141
-0.0276148557131
0.223217744018
0.0570442800174
0.0627857025688
0.0478809272772
0.0506349579325
-0.0213762474401
-0.0257773691705
-0.000345428703147
-0.00180599198574
-0.00806781515758
-0.0134538777736
0.000446070659463
-0.000245229456252
-0.0169683678714
2.37828983024e-05
-0.0130551772182
-0.00766282714872
0.00509691134572
0.000422841466572
0.0104151589003
0.00775382311114
-0.028689650378
-0.0192756799937
-0.00204014881383
-0.000669303022641
-0.0162088629874
-0.0164138671896
0.000170150373094
0.00078886597962
-0.0015482054644
-0.00949126209743
-0.00851965819566
-0.0191928142627
-0.00800766022785
0.00248573317196
0.00349673747638
0.00378241029631
-0.0309781506345
-0.00900562018904
-0.000312491746079
-0.0557006013024
-0.000366223187796
0.003820647346
0.0075284330076
-0.0610916460895
-0.0404383633711
-0.0559080570861
-0.059216385805
-0.0280163302419
-0.000204670961233
-0.00214328816042
-0.00599663781281
-0.0488736949551
-0.0529979452847
-0.0361212842412
-0.0235509144594
-0.0378061520744
-0.0321864307155
-0.010188930667
-0.00610619723698
-0.0148301722234
-0.00378462251922
-0.0375881343936
-0.0307377312832
-0.0182038009911
-0.0621988346022
-0.0373344435242
-0.00434133505978
-0.00948047290191
-0.0401429904453
-0.0156329890905
-0.0103751410217
-0.0631613110067
-0.0071530972172
-0.0548897116435
-0.0627992396851
-0.00384645063558
-0.00236867097339
-0.0480912680013
-0.0461815473127
-0.0213750445861
-0.0228080091379
-0.0554265989226
-0.0551029628182
-0.0493812004753
-0.0662919791015
-0.0617573085324
-0.04801764401
-0.0477877996404
-0.0403163797346
-0.0392462770385
-0.0612306274115
-0.0132725564499
-0.0122383133558
0.00103812307437
-0.0645305738205
-0.063633597198
-0.0507409881568
-0.0440076524529
-0.0455849661805
-0.0613512517212
-0.0485026462193
-0.0654160751628
-0.0600541728392
-0.0531592412459
-0.0263326670481
0.00141106121038
-0.00851337913024
-0.0424967205223
-0.059757528685
-0.057257787497
-0.0236369735073
-0.00465327230727
-0.0355603859305
-0.0552318805182
-0.0324868113725
-0.0595441392038
-0.037527800568
-0.018585838662
-0.0168321364264
-0.0129790177186
-0.0101110428258
-0.0281407036861
-0.056304076591
-0.036465909879
-0.0409532080179
-0.0183188829116
-0.0396749026566
-0.0116357278964
-0.0309537044864
-0.0469541336322
-0.0138398990697
-0.0594157172702
-0.0312801978089
-0.000255096609919
0.00715381057515
-0.00486614428899
-0.000943713967545
-0.0324351869817
-0.0331364123342
-0.00187539059204
-0.000279370464198
-0.00458110750966
-0.0365210899814
-0.0101399260664
-0.0256357429467
-0.0595998122967
-0.0355963817589
-0.0319935089694
-0.0167843014273
-0.0326294833992
-0.0160667159832
-0.0308840970993
-0.014969316501
-0.0165644110738
-0.0468100555736
-0.0394818420938
-0.0250339931222
-0.000911382740812
-0.00225912573383
0.000778058914281
-0.0492170529566
-0.057636695266
-0.0616532390731
-0.0640510735263
-0.0277903609163
-0.0520223171865
-0.0109218721793
-0.0572693020006
-0.00731141494247
-0.0106465804117
-0.00606544722768
-0.0607934847
-0.0816962614862
-0.0869084742006
-0.0907267137714
-0.021588621231
-0.0560718052725
-0.0931249469216
-0.0292709984158
-0.0550382321659
-0.0856450315002
-0.00985191194126
-0.0698601270747
-0.059121434995
-0.0418465516806
-0.0941035881645
-0.0440681172427
-0.0841082269556
-0.0843370711548
-0.0884350709722
-0.0936847043334
-0.0903495172712
-0.0859163277145
-0.0863425995011
-0.0320338692093
-0.0307680903862
-0.0334307991304
-0.0859590895431
-0.080847009513
-0.0591841939776
-0.0598238173161
-0.0426664548889
-0.0380029542291
-0.0864286028251
-0.0340827467696
-0.0369823225571
-0.0566460973939
-0.0905767652007
-0.0825428906451
-0.0542544008133
-0.0599428105592
-0.0812182912262
-0.0885291066955
-0.0522492924606
-0.0526977208203
-0.0881717365267
-0.0827907870638
-0.062077624157
-0.0599725556475
-0.0899476356276
-0.0345106519403
-0.0574008018211
-0.0901786719238
0.00749647046339
-0.0932844959077
-0.03736862611
-0.0584464317229
-0.0255158155556
-0.0698390483267
-0.0378945751448
-0.084086888257
-0.0806443925365
-0.0881147698516
-0.0688907611198
-0.0895703134904
-0.0436655457535
-0.0878230488408
-0.0833747878213
-0.0888830798053
-0.0815661189298
0.00414271630541
-0.0945655623967
-0.0914247625862
-0.0921934566822
-0.0920269695934
0.00422255573639
-0.0884443143743
-0.0880341767525
-0.0307984998377
-0.0929444689987
-0.0928977125534
-0.041532975779
-0.0334741401047
-0.0542107242372
-0.00471816920516
-0.0367856344308
-0.0866831181526
-0.089916955018
-0.0339982043924
-0.0861029040252
-0.0943277737063
-0.0205613892726
-0.0846404965311
-0.0726789641354
-0.0306470210964
-0.0316557674544
-0.0327403103939
-0.0536972925713
-0.0580422643624
-0.0872323412028
-0.0847400817065
-0.032706750936
-0.0360964946445
-0.00621727866579
-0.0158709544236
-0.0851694719605
-0.00251954702395
-0.0816169778924
-0.00100097868793
-0.0295381288964
-0.0870891441747
-0.0292917135237
-0.0880707751471
-0.0276164376162
-0.0807771357509
-0.00223929694745
-0.0807555319247
-0.0851944934721
-0.0814429016086
0.00817663681694
-0.0893560062958
-0.0885632219936
-0.0891343108925
-0.0107968747558
-0.0793196199048
-0.0860119334593
-0.0909430311012
-0.081333362128
-0.0892116240786
-0.00195571269131
-0.0851880730016
-0.061037107463
-0.0883431329919
-0.0186583691904
-0.0235151133974
-0.0262428643776
-0.0574304200714
-0.0333763740538
-0.0666831288417
-0.0735934742782
-0.0819338611112
-0.0720547919837
-0.0346195344188
-0.0576314658914
-0.0567755041201
-0.0944399628393
-0.0395439991346
-0.0322640213554
-0.0421106061941
-0.0393748785697
-0.0712137212117
-0.0486455871118
-0.0684766994469
-0.0463995162135
-0.0537183503375
-0.0481312379384
-0.0891462318685
-0.0511873722087
-0.0529092859476
-0.0519704022355
-0.0437375695674
-0.0550122033625
-0.0202354287828
-0.0351677867885
-0.0304976094754
-0.0886274547733
-0.0637168746199
-0.0270397395901
-0.0901678216521
-0.0333085123769
-0.0856876191836
-0.0885464411481
-0.0777073239757
0.0109360328009
-0.00979805627339
-0.0659161959328
-0.0569086894373
-0.0298468376642
-0.060438856561
-0.0449248692303
-0.0386924858511
-0.0370941180459
-0.0177198801019
-0.0275218432727
-0.0929269307423
-0.0786294485429
-0.0880785973343
-0.0934081325409
0.00328681046193
-0.0872556860145
-0.0542567449874
-0.0514242397251
-0.0900699600001
-0.0500978311728
-0.0837001729511
-0.00398505714927
-0.070027762659
-0.0773058998961
-0.0920151490769
-0.0756032013144
-0.0802747343399
-0.0265752049138
-0.0835678079157
-0.00856538760201
-0.0120559421794
-0.0940289981837
-0.0809429643305
-0.0934073253011
-0.0940240249302
-0.0400063007115
-0.0599315644004
-0.0125610048951
-0.086754058347
-0.0271206272779
-0.091043862219
-0.0870415228201
-0.0540995161026
-0.0620451948345
-0.0581129495999
-0.00379455994207
-0.0884192060687
-0.0913339877144
-0.0512188226333
-0.0832052101125
-0.0859236898589
-0.062887358776
0.00606601773053
-0.0630120839565
-0.0313715772448
-0.0918331099955
-0.077216835613
-0.0546263382507
-0.0552959399856
-0.077524326061
-0.0592764317523
-0.0850134570031
-0.0324250821059
-0.0314267250026
-0.0587130868072
-0.00221446811426
-0.0751112527155
-0.0334663238355
-0.0268830092275
-0.0639554563407
-0.0901187444372
-0.0742950758897
-0.0601674631423
-0.0704878276609
-0.00892054415867
-0.0779873874863
-0.0400208905575
-0.00726337336944
-0.0569824395328
-0.0792521040421
-0.0340083896438
-0.0680524562496
-0.0798842004553
-0.00899489448552
0.0023044115541
-0.0129977831252
-0.0100099154911
-0.0219738304758
-0.0333328349926
-0.0129244190652
-0.0938169446132
-0.0177353526403
-0.0444789734273
-0.0901638264656
-0.0019116594574
-0.0846525791338
-0.037950566519
-0.0604605060947
-0.0604943386568
-0.00830423720707
-0.0295678973064
-0.0602470645683
-0.0827737122757
-0.034361572162
-0.0410533806253
-0.0153559592092
-0.00592908901576
-0.0221929470728
-0.0343954249312
-0.0332097117913
-0.0710891054715
-0.0418232606888
-0.0305708880762
-0.0571463386084
-0.00293193319606
-0.0503015573969
-0.0154883382484
-0.00771672761003
-0.0363808736169
-0.0185193774768
-0.0250090719496
-0.038948840834
-0.0539267087408
-0.0879850927422
-0.0737285647276
-0.0445943570473
-0.0299713083497
-0.0762520938921
-0.0477566711274
-0.0719707015026
-0.0564943359195
-0.0454585850637
-0.0793452454186
-0.0785169405816
-0.00718991032205
-0.0495720136282
-0.0402316527119
-0.0527424131789
-0.00917649376415
-0.0701107413682
-0.0361517832334
-0.072947721466
-0.0591946635042
-0.028902774478
-0.0884618678375
-0.0803112466847
-0.0784918180126
-0.00175701477003
-0.0345111990979
-0.0558491525995
-0.0787621290067
0.00170386158797
-0.00689442889043
-0.0793631308574
-0.0393273017035
-0.03275600507
-0.00860708985687
-0.0808552803572
-0.00227025660508
-0.017200055687
-0.0604517574203
-0.0590681707296
-0.0806113472835
-0.0648265715199
-0.0814017716839
-0.0829329756622
-0.07325370661
-0.094384750308
-0.0777839930231
-0.000825910245778
-0.0895418239563
-0.0360256818201
-0.0694339247657
-0.0351559052813
-0.0427261180376
-0.0618905512881
-0.000219834028708
-0.0490369741105
-0.0765851079556
-0.0324086341208
-0.0579212846785
-0.0591271449926
-0.0221265943399
-0.0133745677876
-0.0623947087945
-0.0191046322095
-0.00883262784879
-0.0485289393089
-0.0741062096039
-0.0159887510027
-0.0637658665766
-0.0543857025004
-0.0349027042896
-0.0504890122327
-0.0490173602068
-0.0765672088273
-0.035904033662
-0.0281656168983
-0.00290050485884
-0.086444803774
-0.0745128947286
-0.0405413272441
-0.00404556398134
-0.0155094593801
-0.0739205393595
-0.0409205685145
-0.0639050271218
-0.0791515116524
-0.0186067666251
0.00977377781267
-0.0229518607895
-0.017016944522
-0.0673799043741
-0.00087257944235
0.00676521255771
-0.020451190351
-0.0616402391533
-0.0271603331773
-0.082584696636
-0.0797454265003
-0.0498814574939
-0.0666633299903
-0.0638453984757
-0.0569804478028
-0.0785718632777
-0.0822961277891
-0.026172496367
-0.0243850774404
-0.0617080592562
-0.0347414822495
-0.0829873836523
-0.0804204848296
-0.00445817271181
-0.0247813295749
-0.0633823122579
-0.0251815849078
-0.0114085916699
-0.0767506448902
-0.0864749715954
-0.0783818927343
-0.0863412895592
-0.065715953955
-0.0196109965632
-0.0221582753418
-0.00304347812542
-0.0652634909297
-0.0378590574748
-0.0602321366
-0.0218805402799
-0.0495098005367
-0.00278978107175
-0.0838806071884
-0.0546639479224
-0.0675922974795
-0.0190005282359
-0.0729375168962
-0.0259626829546
-0.0683564613641
-0.0790495218873
-0.0897679406386
-0.0387404564904
-0.0597663384244
-0.0565629522226
-0.0317945100313
-0.0718451311456
-0.0353758934282
-0.0591883972498
-0.0432855943861
-0.0628080061779
-0.043490535154
-0.0609628310097
-0.0721666424628
-0.088982497325
-0.0652836343162
-0.0725278247723
-0.0454949867837
-0.0757767644155
-0.0931827189586
-0.0759524704017
-0.0308570186473
-0.0584855885153
-0.0733694807585
-0.0186270416588
-0.0419776057189
-0.0602300324224
-0.0688985652107
-0.0723526865626
-0.0705204514807
-0.0750083068273
-0.040330441095
-0.0521747822132
-0.0760948196038
-0.0589937003911
-0.0722961928512
-0.0430855664322
-0.0613345520026
-0.0215432344063
-0.0540091204028
-0.0809747472483
-0.0682407103016
-0.056673087128
-0.00281569977647
-0.0613753978386
-0.0771395917941
-0.0333390751499
-0.0268512619396
-0.0689537971355
-0.0586291007768
0.0076807760614
-0.0682904102124
-0.0787516071577
-0.0430342485846
-0.00498042555461
-0.00138049889797
-0.0824040336157
-0.0691777434105
-0.0445470372777
-0.0721905323723
-0.0420968526413
-0.0482646907007
-0.0895196122494
-0.045627326504
-0.0541982263194
-0.0566471341637
-0.0504413379027
-0.0694806253157
-0.0688408579105
-0.0534760538863
-0.0657509710989
-0.0707610794686
-0.0848309468727
-0.070883152621
-0.0727500699379
-0.0724880879737
-0.000119790528489
-0.000621639113816
-0.0235584143721
-0.0570980562607
-0.0536740045945
-0.0564172013983
-0.0461972783286
-0.0662591358548
-0.0806946513917
-0.0840868507259
-0.0866407375603
-0.00269242749407
-0.0239855967171
-0.0939023690247
-0.020326350276
-0.0554161991318
-0.0533697012908
-0.0694355466681
-0.0677490231272
-0.067578525585
-0.0570989067235
-0.0874580105729
-0.0612337192891
-0.0276963831552
-0.000376448385627
-0.0171752562383
-0.0868834177007
-0.072973304939
-0.0376848718948
-0.0652172349967
-0.060735579028
-0.0187410536896
-0.0707317914849
-0.0538099599587
-0.0729154495519
-0.0768194786337
-0.00592820082692
-0.00370797856782
-0.0115203178468
-0.0492271034193
-0.0811685439287
-0.0522777417293
-0.055053771327
-0.0633263493539
-0.0748178883392
-0.0512863017922
-0.0736086108482
-0.0639321183467
-0.0794016544019
-0.0746105060503
-0.0140897197844
-0.0662073461071
-0.0539358116947
-0.082748300737
-0.066114832139
-0.0697319486484
-0.000199346160619
-0.0418605943602
-0.0443984365254
-0.0836441667056
-0.0571487238978
-0.0376207989412
-0.0516613060502
-0.0750098304233
-0.0663742721148
-0.0469785440244
-0.0898230348179
-0.0664451327033
-0.000475725046429
-0.0552392776304
-0.0764590847601
-0.0890182402173
-0.0362505811398
-0.018797370574
-0.0541321738173
-0.084278154712
-0.0233858618964
-0.0606702454525
-0.0841602965852
-0.0701472397852
-0.0540243353372
-0.0397294901436
-0.0127870162217
-0.0315186177704
-0.0696899158127
-0.0754663761061
-0.0290612803058
-0.0810769341934
-0.0697628001661
-0.065128039456
-0.0242599487696
-0.0724755753105
-0.00905050828077
-0.0495812539077
-0.046098733678
-0.0691459212136
-0.0749241659112
-0.0720286115627
-0.0767957550555
-0.0729150059688
-0.0758527109892
-0.0699476069141
-0.0781775155606
-0.07702595742
-0.0889240294253
-0.0524126044127
-0.00370795782603
-0.0454273002639
-0.0479018059209
-0.0864982637873
-0.0453469741054
-0.0835850925439
-0.0904767620324
-0.0503043910286
-0.0763242813592
-0.0724801612229
-0.0187730058778
-0.0783961415077
-0.0839472459253
-0.0396258493142
-0.0829966162576
-0.0861821616557
-0.07102768518
-0.0713806803243
-0.0760700438761
-0.0717439762546
-0.0916306615748
-0.0111182303751
-0.0935534533555
-0.057516241003
-0.0666637121742
-0.0863097247607
-0.0448034270526
-0.0726405257788
-0.0832994651646
-0.0107603712876
-0.0922132891343
-0.0145153433982
-0.0385655032086
-0.0627296879939
-0.084249350555
-0.0845212248164
-0.0590676469344
-0.0798580204865
-0.0668466308625
-0.0673788031224
-0.0732187291455
-0.0445600354617
-0.0883119409404
-0.0738682120259
-0.0890578664779
-0.048129061062
-0.0694053480108
-0.0858126358765
-0.0443548401518
-0.0926321848408
-0.0889010462111
-0.0862253851479
-0.0916960068699
-0.0707150310996
-0.0299463053796
-0.075213570691
-0.0795303361089
-0.0413240363558
-0.0936449440686
-0.0632310979933
-0.0826587489741
-0.0682520871615
-0.00818078762099
-0.0666503768658
-0.0860171155981
-0.0776908469933
-0.0845165654252
-0.0696428587967
-0.0256841447967
-0.0600487469727
-0.0734733302985
-0.0470249242172
-0.0550776911566
-0.0750083359218
-0.0539929172273
-0.0847837075254
-0.0496650065061
-0.063033718404
-0.0422599962862
0.00555391619876
-0.0795446928464
-0.0399854756868
-0.049638005339
-0.0899388563497
-0.0802594063285
-0.0847224506266
-0.0688161848464
-0.0694417489297
-0.0599975200098
-0.0596755530594
-0.0651029369814
-0.0593058575089
-0.0878423777948
-0.0931462743254
-0.0606958650662
-0.0520514423974
-0.0769211459417
-0.0768816998369
-0.0885939448592
-0.0831669861372
-0.085560796365
-0.0703743621183
-0.0876421595311
-0.0935672653099
-0.0748016082454
-0.0874464336522
-0.090010146393
-0.0793652705395
-0.0937703138584
-0.0898176766498
-0.0662884504937
-0.0196572837932
-0.0234730734571
-0.0814982285867
-0.0648825881247
-0.0475482494481
-0.0866035430705
-0.081620454895
-0.0629175594572
-0.0624601271006
-0.0444717495471
-0.0697924051116
-0.0687040658391
-0.0820136259035
-0.0580531440885
-0.0759520324138
-0.0838978552206
-0.0668861758616
-0.00945814098085
-0.0849570592312
-0.0500858031278
-0.056117239665
-0.0787396996344
-0.0606701796257
-0.0580874472273
-0.0728699842822
-0.0843423356084
-0.0703821472936
-0.0834516764065
-0.0258077608088
-0.00406914493352
-0.0768021565875
-0.0874998841584
-0.0749652905415
-0.0488602025202
-0.0530100495745
-0.0397007038266
-0.0490139197568
-0.0383808416252
-0.0605047336667
-0.0300405302848
-0.0657028202905
-0.0297657101648
-0.0416185182954
-0.0837896480771
-0.00956233150081
-0.0765561921718
-0.0775838564966
-0.0500062459937
-0.088545114936
-0.0863769550941
-0.0784275524449
-0.0474532221634
-0.0855932440682
-0.074477960335
-0.0739351393846
-0.071183877017
-0.0164917230701
-0.0471291884202
-0.0791152843826
-0.0465046453021
-0.038796261269
-0.0668917274323
-0.0922244292344
-0.0715024255132
-0.0485606389137
-0.056933996426
-0.0751226053838
-0.0882941476123
-0.0875930505887
-0.08209006296
-0.0882745679104
-0.0754152364336
-0.0688431496804
-0.0768832859899
-0.0424997444674
-0.0886621077343
-0.0594743154395
-0.078019061039
-0.0862139285794
-0.0919366858836
-0.0779546876879
-0.0618099152293
-0.0239481116228
-0.0779625726474
-0.0450437392799
-0.069340267525
-0.0522610794741
-0.086528030476
-0.0293747819897
-0.0248699053078
-0.0349830284491
-0.0906061336021
-0.039790282885
-0.0396253443985
-0.0603270998624
-0.0143943896715
-0.0158747171717
-0.0294328614289
-0.0510065187835
-0.0792171114974
-0.0784557676967
-0.0481013203268
-0.073499846548
-0.0702942293167
-0.0925013764592
-0.0110013704954
-0.0569976532729
-0.0550583691529
-0.0687121406234
-0.0616124246313
-0.0814378893564
-0.0910046225464
-0.0478239208089
-0.0222306859651
-0.0323219143896
-0.0717744340309
-0.0843116034106
-0.0735956318618
-0.0740771656183
-0.0754036433343
-0.0786749725483
-0.0520223775382
-0.0136887399182
-0.00607571837512
-0.0430167803115
-0.0823495777241
-0.0513908273683
-0.083347179137
-0.0226315694055
-0.0131115964151
-0.0284319473923
-0.0777248940746
-0.0767659643825
-0.0499700038368
-0.0445353263426
-0.0666778049876
-0.0716570002584
-0.0699368846494
-0.0929096004738
-0.0340193412688
-0.0738380856431
-0.0363300397796
-0.0898612458998
-0.0478195203106
-0.0751534632857
-0.0670403849611
-0.0632929130711
-0.0588637659206
-0.0660818700265
-0.0710163703073
-0.07301479173
-0.0933763548125
0.000170704343771
-0.0802724832977
-0.0794123372024
-0.0646007872886
-0.0897285691103
-0.041762863168
-0.0904003224869
-0.0335145064368
-0.0568484778755
-0.0912473439666
-0.0150250006013
-0.0798332409183
-0.0809298699312
-0.064288748065
-0.0480254158083
-0.0658060953427
-0.0854355779692
-0.0843789339262
-0.0598387354255
-0.0176587150145
-0.039434772147
-0.0874233614212
-0.0756715223416
-0.0908296779222
-0.0567717625827
-0.0260013200082
-0.0595864909851
-0.0828550563595
-0.02057407427
-0.0599665431463
-0.0881755869834
-0.091250932462
-0.084089115969
-0.0833085266141
-0.033303540995
-0.0828902666203
-0.0873235460314
-0.0573542249741
-0.0421875446081
-0.0902877401672
-0.0811092862385
-0.0829591629586
-0.0919772915521
-0.0809433430472
-0.0797225036802
-0.084240337307
0.0012712239728
-0.0789907440239
-0.024272847739
-0.0798302081455
-0.0760313465374
-0.0814483448687
-0.0863050973476
-0.0230260378666
-0.00412416100347
-0.086381898033
-0.0823864936293
-0.0875729215979
-0.0758766980426
-0.0439288042647
-0.0635844360582
-0.0560092130339
-0.0343792478589
-0.0809157568975
-0.0544027442429
-0.0828657010996
-0.0689987818926
-0.0618544037956
-0.0905343440384
-0.0458300298906
-0.0877825383033
-0.0710502795692
-0.046575177706
-0.0812222344666
-0.0287308115265
-0.0197337932518
-0.0159534821526
-0.0563804493649
-0.0134512862458
-0.0560309364991
-0.0570187940942
-0.0280695162634
-0.0898201580405
-0.0752832444043
-0.0790435786797
-0.0758654701728
-0.0525621619653
-0.0248356248195
-0.0746670888663
-0.0124059724884
-0.0745012518083
-0.0808320949697
-0.0618634330641
-0.0823109056214
-0.0658022826173
-0.0710272105004
-0.085052326255
-0.0552572367383
-0.018651659291
-0.0722152059224
-0.0580013564351
-0.0616671076578
-0.0393654494594
-0.0775009098582
-0.0789672418777
-0.0634223714482
-0.0472961821674
-0.0912971480241
-0.0421855849855
-0.0880987523519
-0.0805624296368
-0.0689104410409
-0.0929275134149
-0.0866240273463
-0.0748374669601
-0.0713261448637
-0.0647569214953
-0.0917506557638
-0.0617253865849
-0.088862031774
-0.0829127641246
-0.0918056347514
-0.0833448890869
-0.0875411175292
-0.0752031748959
-0.0900506971154
-0.0809791506972
-0.0644024772849
-0.0661749444533
-0.0247706253457
-0.0484925096126
-0.0822171736153
-0.0676003921789
-0.0788100892053
-0.0241277810307
-0.0699474971443
-0.0371119919023
-0.0740129769871
-0.0691183236847
-0.0696921907457
-0.0849860408616
-0.0789509612553
-0.0633805781955
-0.0647965916698
-0.0528566022661
-0.0494195425058
-0.0838925106235
-0.0688187099375
-0.062469704878
0.00467920889964
-0.0925526214276
-0.0847062304626
-0.0669689140988
-0.0769888936942
-0.0338406674949
-0.0465008153141
-0.071515146048
-0.0524995210323
-0.0721162535463
-0.0817132635496
-0.0108693254322
-0.0555969872828
-0.0909525184541
-0.0690087025334
-0.0225665694708
-0.0500662596602
-0.067000621121
-0.00516457056612
-0.0641653723423
-0.0895865339744
-0.0874352219909
-0.0862560627567
-0.0692496481961
-0.0700054082393
-0.0628189618262
-0.0900675404521
-0.00628249503572
-0.0722730307298
-0.0739422941995
-0.0684331695709
-0.0901079260137
-0.080539602019
-0.0715175494303
-0.0807055848072
-0.0634006686904
-0.0820761406049
-0.0713966144633
-0.0549653734389
-0.0878721058873
-0.0251450143212
-0.0324113837705
-0.0764813888085
-0.0921175089715
-0.031379445527
-0.0913540710618
-0.0650244767389
-0.0927539206346
-0.0744900592522
-0.0848325865771
-0.0882884593846
-0.065433185423
-0.0567188717008
-0.0874821904823
-0.0205894812901
-0.0468816700296
-0.0935709695546
-0.078544930074
-0.0923659385371
-0.0667257391749
-0.0475359469452
-0.0473682825889
-0.0504705723355
-0.0721917155045
-0.0221263115435
-0.094755440375
-0.0908254429688
-0.0625415761102
-0.0884998186241
-0.0202669854695
-0.0564958039317
-0.0922368947526
-0.0899967523327
-0.0468097186216
-0.0663274857333
-0.0716973001068
-0.0919174349366
-0.0927519582592
-0.0425867624616
-0.0814885054888
-0.00515526884524
-0.0929875674254
-0.060194884683
-0.0885844069376
-0.028959949656
-0.0783794242144
-0.0767326817232
-0.086014315074
-0.0220552851124
-0.0460190874033
-0.0149232497166
-0.0533012577695
-0.0775545164733
-0.0860188049104
-0.0856439630737
-0.0274366271095
-0.0612861038735
-0.0290275237048
-0.0712517436597
-0.00276727570146
-0.000632549279023
-0.0595277086865
-0.0860219082173
-0.0932635813464
-0.0657676116053
-0.0794074064633
-0.0466425029105
-0.046825610184
-0.0522322444768
-0.0905761848033
-0.0743906489791
-0.0252352248651
-0.0831417144255
-0.0323107888436
-0.0755998966823
-0.0139138899755
-0.0833270367338
-0.0509633115612
-0.0744773018143
-0.0203547944013
-0.0202271074465
-0.0599103439279
-0.0948077168572
-0.0919305355763
-0.0601707881291
-0.063202100975
-0.0753501375453
-0.0832598668415
-0.0925417380914
-0.0289009094004
-0.0846553937553
-0.0910450967849
-0.092686595007
-0.0629232717691
-0.0879357873308
-0.0891613612339
-0.0383488151039
-0.0412663121986
-0.0427984310552
-0.0869027832215
-0.0944106544214
-0.0261092705496
-0.0941229769433
-0.0948061340342
-0.0444106590358
-0.0551059628049
-0.0675193460592
-0.0708163812619
-0.0944860859468
-0.0454212592394
-0.0781288727005
-0.0675247220309
-0.0693671861785
-0.0717969365114
-0.0481611046757
-0.0919358547346
-0.0852042010216
-0.0493802928173
-0.0919554028167
-0.0917849513375
-0.084775565402
-0.0940694637991
-0.0810097932499
-0.0734863153754
-0.0558456687263
-0.0401588729313
-0.0860962522695
-0.0366150408564
-0.0938287807948
-0.034092068067
-0.0491635186031
-0.0498808473074
-0.0540431345688
-0.0728763706269
-0.0918274124876
-0.0624622112821
-0.0613842220022
-0.0491668206122
-0.072153379889
-0.0652167732617
-0.00772843501878
-0.0902927936218
-0.066560376142
-0.04450962819
-0.0539862281104
-0.0776558510385
-0.0830446602825
-0.0837421961282
-0.0859893265672
-0.0946593852925
-0.084129001896
-0.0717854572451
-0.040105560649
-0.0770209284354
-0.0837043515291
-0.0876850222149
-0.0947635882911
-0.0798194782975
-0.0823162959696
-0.0846911774306
-0.089450421537
-0.0650700513538
-0.0758491477516
-0.0883939543844
-0.0826245177599
-0.0773059396723
-0.0922887396967
-0.0823542518489
-0.0664024293084
-0.0816512707359
-0.0899122728223
-0.0726231459222
-0.0908704735392
-0.0934665314754
-0.0947952212955
-0.0830400540923
-0.0853802821511
-0.081485416094
-0.0651580183109
-0.0935804421695
-0.0944656503272
-0.0849016399458
-0.0927295692813
-0.0924081362441
-0.0832059150696
-0.0550851692003
-0.0862789048201
-0.0672704000992
-0.0795455480557
-0.0725456618806
-0.0437474496494
-0.0699525296099
-0.0659880274019
-0.0367543527039
-0.0733319067259
-0.0927342429542
-0.0430405953043
-0.037947495936
-0.0927802895353
-0.0527919899759
-0.0799664524756
-0.0570643807561
-0.0416941541219
-0.0922793471903
-0.0558432995516
-0.0564499019933
-0.070122176811
-0.0876865021819
-0.0831807533553
-0.0829010318541
-0.0633025363479
-0.0670988226981
-0.0686775601467
-0.089237049463
-0.0484871142818
-0.0763093421034
-0.0687146638231
-0.0816860935613
-0.0443195772214
-0.0892110655091
-0.0911624852591
-0.0903650610918
-0.0916035882599
-0.0904773203223
-0.0817336566763
-0.0644054019858
-0.086368826284
-0.091498960377
-0.0606876843963
-0.0867405369052
-0.0948652103721
-0.0366212512536
-0.029017143475
-0.0903789622302
-0.0235044383446
-0.0933366444042
-0.0830309459106
-0.0888890144486
-0.0787510723503
-0.0944038087824
-0.0677177332434
-0.0841663266852
-0.0798228999151
-0.0857951140893
-0.0503922106424
-0.0558596359323
-0.0056694358128
-0.0755415523635
-0.0750507666418
-0.0307335936771
-0.0668133938954
-0.0910211238344
-0.0854369368087
-0.0734541059538
-0.0499102388979
-0.0950165701633
-0.0781269069649
-0.0906642006957
-0.0711596073626
-0.0865303276057
-0.051852428911
-0.0684643991253
-0.0734904196075
-0.0802971024836
-0.0697903555448
-0.0247570068635
-0.0842028308719
-0.0711521256718
-0.0543278334716
-0.0818971494958
-0.076212409952
-0.0458352596648
0.00293074402317
-0.0426099346632
-0.0515467063669
-0.0935546083368
-0.0568332235318
-0.0345630939846
-0.0289632116403
-0.0863168854281
-0.0318662447796
-0.0792933564382
-0.0362503271185
-0.0354333352985
-0.0703621821046
-0.0437570891831
-0.00492190819461
-0.041157449916
-0.0644665442837
-0.0890552696389
-0.0841242604059
0.00356457300004
0.00619043091151
-0.020530917915
-0.0836879277553
-0.0844883253962
-0.0947085711213
-0.0762047360346
-0.0390094807219
-0.0827687654974
-0.0428015178881
-0.0926058738099
-0.0840744399851
-0.0670379689431
-0.0914906677529
-0.0636428746442
-0.0714810144474
-0.0811297327184
-0.0157689391705
-0.0572559852396
-0.0829043414506
-0.0909917553735
-0.0664239020955
-0.0948771843729
-0.0578748405154
-0.0859574377827
-0.0933514527521
-0.0905937044508
-0.0655280274367
-0.0384684470333
-0.0644408322033
-0.0514121886322
-0.0619563681454
-0.0645947542345
-0.0850152589835
-0.0583714236838
-0.0635466612688
-0.0784516855177
-0.0942058551861
-0.0853894003525
-0.0608384590966
-0.0591984604605
-0.0388216645928
-0.0846026833844
-0.0688088610856
-0.0713211834226
-0.0625097022625
-0.073196183115
-0.00554037204604
-0.0587545909825
-0.0349478391742
-0.0744839498998
-0.0817137871676
-0.0903823691671
-0.0617429410836
-0.0624053854546
-0.0376088313636
-0.0693747385301
-0.0811734816544
-0.0522456279202
-0.0472645554176
-0.0610606268336
-0.0842547459297
-0.0708669297914
-0.0638033167117
-0.05966846719
-0.0760882624036
-0.0734987221442
-0.0857714058123
-0.0863827375686
-0.070163258824
-0.0408803476904
-0.0514046808302
-0.080912566023
-0.0522358703858
-0.0531484678548
-0.0568252255612
-0.0780274814139
-0.0545407900136
-0.0510994531578
-0.062630062099
-0.0295209169438
-0.0894443094308
0.000853522623007
-0.0944878839653
-0.0733662240051
-0.0497201297324
-0.0874329737911
-0.0484514285479
-0.0893006717488
-0.0386756052113
-0.0601632664791
-0.054259259541
-0.0554187519182
-0.0619244293891
-0.0668263473291
-0.00348776726406
-0.0734221699338
-0.0418667161782
-0.0788575297524
-0.0768881977334
-0.042755527833
0.00527096867229
-0.0811763646838
-0.0716493204137
-0.0620777084811
-0.0510768452857
-0.0857032322641
-0.0697188154646
-0.0693423519411
-0.0473048255669
-0.0754646611804
-0.0501907291648
-0.0802109008592
-0.090965358267
-0.0669776758729
-0.0677684169839
-0.0582426381148
-0.0855669584644
-0.0632251620849
-0.0553693655741
-0.0356425220667
-0.0646434550593
-0.0774778902436
-0.0667205783455
-0.0943043441364
-0.0911466113287
-0.0545000304006
-0.0791665688761
-0.0686071009559
-0.0783676656464
-0.0705304727436
-0.0816858996891
-0.071760619534
-0.0641047817617
-0.0458727909052
-0.0606079027144
-0.0696754993904
-0.0139517551149
-0.0283084588905
-0.0522674204631
-0.0730820205866
-0.0317665171531
-0.0575051255958
-0.0612426293022
-0.0912893997133
-0.0527497255161
-0.0929482265263
-0.0673555706949
-0.0776440509023
-0.0605120766334
-0.0449983902098
-0.0933120937288
-0.0530747156496
-0.0774858086191
-0.0543603010482
-0.0537134335172
-0.0577271415392
-0.0533082382284
-0.0483992593078
-0.039195500698
-0.0589362418754
-0.0870485798778
-0.0654876231685
-0.0715555777883
-0.0691779020597
-0.0874951020378
-0.0367783622658
-0.0297328560969
-0.0624767007095
-0.066546576401
-0.056769793111
-0.0894560752138
-0.084505113533
-0.0797513701661
-0.0746682416668
-0.0942438714774
-0.0263603934335
-0.0733192344887
-0.0561713232799
-0.0648444285353
-0.0872910880093
-0.0481176582169
-0.0936888129859
-0.0755884708922
0.00248228953309
-0.00202814935155
-0.00113050587027
-0.0544204643907
-0.0915931415553
-0.0856604913193
-0.0530571605573
-0.0588029616449
-0.0707225606888
-0.0451063482297
-0.0619813774963
-0.0884811559451
-0.045218141868
-0.0570737608957
-0.0617618475782
-0.0476262275618
-0.030473270243
-0.0648622357368
-0.0793119056064
-0.0584290205789
-0.0281323153824
-0.0939485607495
-0.0519901977641
-0.0588183929299
-0.0634924217165
-0.0582656842583
-0.0724964563626
-0.050177936197
-0.0553550239858
-0.0888587423582
-0.0442115052252
-0.0737606761696
-0.0797924455826
-0.0778711618366
-0.0759514944291
-0.0638147484488
-0.0914406090699
-0.074943990946
-0.067027991401
-0.0727558340698
-0.0694497434981
-0.0686726284109
-0.0647168049022
-0.0276711509813
-0.0828071537071
-0.028494202436
-0.0263353494566
-0.03099257561
-0.0571159753053
-0.0513080332088
-0.0583260831592
-0.0179815296927
-0.00344843884666
-0.0847699826453
-0.0810521906385
-0.046647487338
-0.0708736808897
-0.0273467047507
-0.0290908549859
-0.0687719129138
-0.0828057049743
-0.047379172553
0.000515384598974
-0.0790230256778
-0.0712479938415
-0.0734858380532
-0.0183238693722
-0.0516346113753
-0.0599727485366
-0.0821795638348
-0.0658954603117
-0.0676709177881
-0.0414897241527
-0.066637156794
-0.0778098206041
-0.0937468809122
-0.0798348619515
-0.0121809533445
-0.0255983080091
-0.0814645204155
-0.0516620516201
-0.0726508619118
-0.0330122518736
-0.0123194460828
-0.0766668201037
-0.0504688034887
-0.0558738398418
-0.0796689743577
-0.0343289840586
-0.0652838174149
-0.0273934753538
-0.0717273907145
-0.0795798394339
-0.0517663130859
-0.0757595191935
-0.0439403888357
-0.0875134881659
-0.0817921498538
-0.0593126890292
-0.0650644243212
-0.0606097855391
-0.0892942753377
-0.0671054985961
-0.0563492956786
-0.0745511175555
-0.0340842165868
-0.0392758439594
-0.072127609437
-0.0752080844868
-0.0533301261238
-0.0699108632954
-0.0764381819385
-0.0778573678213
-0.0496230127629
-0.0396616443539
-0.0251131606069
-0.0659224863978
-0.0639650811627
-0.070222704211
-0.0481997742696
-0.0802091925522
-0.0708616762078
-0.00188289422835
-0.0508324873176
-0.0759388646337
-0.0493328560913
-0.0494345560835
-0.0758954893723
-0.0741558106418
-0.00625759050487
-0.0925327180651
-0.084754169848
-0.0693694848023
-0.0636338787276
-0.0690055115959
-0.0771047707523
-0.0779603216637
-0.091760066624
-0.0502040328345
-0.00682229009338
-0.0162131444514
-0.0699140271352
-0.00930160160321
-0.0520660531565
-0.0474042172265
-0.0749007953149
-0.0617499902525
-0.0585545645257
-0.0459609926897
-0.0821785483408
-0.0620013899222
-0.0478312483003
-0.0397259903697
-0.0349585899353
-0.0133086164989
-0.0429402863654
-0.0808669962177
-0.0234946235707
-0.0473913315752
-0.0249698778172
-0.0311503821578
-0.0489460835561
-0.0449254185302
-0.068401669863
-0.0789534430671
-0.0777935731474
-0.0267143925151
-0.0777899340716
-0.0784040469908
-0.0588650775921
-0.0816709716562
-0.0273136205788
-0.0363120257012
-0.0230554116953
-0.0660891077022
-0.0667648054396
-0.0536462139216
-0.0513589250383
-0.0619053263559
-0.0924176961596
-0.00196591827112
-0.0754330846138
-0.0429261552223
-0.0788246271032
-0.0130932540462
-0.0228479289793
-0.0564897012602
-0.0156521978756
-0.0542771945918
-0.0586957418899
-0.0213735105897
-0.0447505918434
-0.0791112518851
-0.0821219272565
-0.0371358167037
-0.0811584024172
-0.0815038554922
-0.0773071371866
-0.0116392433901
-0.0753442467806
-0.0755460970659
-0.0705475075641
-0.0600202960051
-0.0640067246178
-0.0162016035276
-0.0543265363178
-0.0880164298498
-0.0725858919583
-0.0766095739362
-0.0606776890845
-0.0292623715762
-0.0664877536706
-0.0792980713782
-0.0375472321078
-0.032491828447
-0.0900344326527
-0.0617853262417
-0.0576682983811
-0.0559257179784
-0.0819008285485
-0.0600520236794
-0.0359153878091
-0.09411575695
-0.0741177449348
-0.0546010676036
-0.0733418625133
-0.0795652445655
-0.0553809273833
-0.0798182363378
-0.0683655297061
-0.0761471632753
-0.068663417476
-0.0579656460826
-0.065449050338
-0.0496620964335
-0.0900018723386
-0.0715591965907
-0.0605729527276
-0.0138655485814
-0.0163560095702
-0.0746166510028
-0.0112714164101
-0.089864033906
-0.0022436613807
-0.00742040616818
-0.0497278820856
-0.0175212787587
-0.0582451144222
-0.0751882251323
-0.0756795073546
-0.0713833362153
-0.00768246674586
-0.0566408221031
-0.0606917431366
-0.0913610579975
-0.0724981412673
-0.00673451403163
0.000191976433079
-0.0764741583965
-0.0631472424888
-0.0768741862403
-0.0657865973382
-0.05866201571
-0.0558600866465
0.000668180578203
-0.0200917611382
-0.0496053658904
-0.0770679927737
-0.0664277173071
-0.00641552410983
-0.0109521067254
-0.0925663400769
-0.0630767779954
-0.00781816004035
-0.0600311638665
-0.0886274056942
-0.0873712447606
-0.0761065040644
-0.0643367268444
-0.0744251298903
-0.0730691201905
-0.0636304516728
-0.0676031455781
-0.0163848633138
-0.026733772514
-0.0745394018506
-0.0455581703582
-0.00199854425754
-0.0667631729428
-0.0661884488786
-0.0944011497085
-0.000993381932736
-0.0585239521461
-0.0618954866979
-0.0682218592742
-0.090939281756
-0.0922927247964
-0.0604623949162
-0.0888465595722
-0.0942987123479
-0.036356227731
-0.0189737704621
-0.0135690398057
-0.0687437672318
-0.0839520778734
-0.0702200457025
-0.0781429927859
-0.0792243403323
-0.0668872627141
-0.0704025897688
-0.0126648507221
-0.0948813610541
-0.0628040607038
-0.0350997474187
-0.0764972283131
-0.0776441339142
-0.0630059747152
-0.0745058345994
-0.0482952083052
-0.0661015757671
-0.0114342199297
-0.0734212556322
-0.0751577760106
-0.0725530888049
-0.0872306185828
-0.0792857882534
-0.0711113679381
-0.0738805287174
-0.0716961817853
-0.0932058830416
-0.0691571202387
-0.0876328020956
-0.0617698300958
-0.0770203622278
-0.066650629258
-0.0717225074347
-0.0105519359363
-0.0796437440848
-0.0374182052332
-0.0646907426846
-0.000555116162282
-0.0519234127775
-0.0852414375524
-0.0730375278028
-0.0735764140495
-0.0674701147703
-0.091350709622
-0.0759661439987
-0.00339201528055
-0.064112586942
-0.0864150939793
-0.0122761947864
-0.0610968592931
-0.042369373276
-0.0650099348529
-0.0432444013955
-0.0447874263838
-0.0659824346904
-0.0683526961864
-0.0709296610893
-0.0579977590594
-0.0502154492655
-0.0454598908653
-0.0432575884268
-0.0700665972097
-0.0434473349987
-0.0946722671523
-0.093670219661
-0.0942721450958
-0.0912426652312
-0.0563570438597
-0.0940679726686
-0.0873858332464
-0.0937226882868
-0.073190870346
-0.0502754848463
-0.0821142791204
-0.0144094075843
-0.066011566262
-0.0920396819385
-0.0932680409101
-0.0522275786758
-0.0209372945464
-0.0635279265991
-0.0754419256142
-0.0782121427131
-0.0175677618482
-0.00166134451723
-0.0742839534972
-0.0408204944412
-0.0927533264251
-0.0415501404059
-0.0288701092824
-0.0733280633587
-0.0301137016405
-0.0352920531982
-0.0309053147923
-0.0619450879316
-0.0287695416599
0.000242232021573
-0.0314812865912
-0.0508908143726
-0.0260112921331
-0.0494572031687
-0.0434205388584
-0.0356705979678
-0.0451107977013
-0.0363236760132
-0.0386700261859
-0.0395231124111
-0.0373368783985
-0.038331132091
-0.0399287727783
-0.0628873327283
-0.0337225698426
-0.0613151447925
-0.0300636413147
-0.0211581200904
-0.0369342999271
-0.0323259534774
-0.0260145546629
-0.0376202841922
-0.0249474485058
-0.0240089999086
-0.0206190777899
-0.0184851043191
-0.0127259952665
-0.0142961600136
-0.0159968545574
-0.0283495788683
-0.00771596187739
-0.010302670815
-0.0492940779502
-0.0371975482178
-0.0064051171508
-0.00119998595926
-0.0353818265443
-0.0639552779703
-0.0607986540447
-0.0450194698013
-0.0423459296724
-0.0598833348966
-0.0613447165202
-0.0366836996658
-0.0234455181455
0.0129129550679
0.00464876200632
-0.000591014210786
0.0029485764997
0.00637787662668
-0.00168443212271
-0.0682594540229
-0.0550545391561
-0.00517637455731
-0.0261075012394
-0.0362229998642
-0.0568872577637
-0.024832917636
-0.0342312661871
-0.00308776443941
-0.0422863136592
-0.0404202704535
-0.000402035784025
-0.0528212396728
-0.066360916949
-0.0492273689466
-0.0520948185781
-0.0395117277039
-0.0433238821004
-0.0585978724012
-0.0422257913559
-0.0332683324947
-0.0480424109523
-0.0575433359132
-0.0220325376066
-0.00886523120916
-0.0584425017748
-0.00501812683225
-0.011256665491
-0.0296907271995
0.00226158610135
0.00476259196055
-0.0518206327335
-0.0682550545355
-0.0673158944933
-0.0623977396429
-0.0462122331207
-0.0414083763385
-0.0531612306588
-0.0481579563893
-0.0652620760881
-0.0172090445034
-0.0665021049283
-0.0373215931045
-0.0542545753115
-0.0639899667839
-0.0652838961735
-0.0684685787602
-0.021789870103
-0.0162807310126
-0.0300413597837
-0.0207473087758
-0.0176499841527
-0.0153431296508
-0.0615779612213
-0.00885505562179
-0.00426207371182
-0.0539242864804
-0.0510169088636
-0.0561376311894
-0.0626616106057
-0.0607420186938
-0.0502353538012
-0.00884810445082
-0.0592559243841
-0.0257068566469
-0.0479302759887
-0.0414743229454
-0.0237196289924
-3.79213374445e-05
0.00573094917611
0.000374451448773
0.000583113864064
-0.0152762903679
-0.0681025626619
-0.00489948141593
-0.04458895562
-0.0424977344079
-0.0261800479259
-0.0296642883036
-0.0108623788698
-0.048211953725
-0.0102949950701
-0.0384967991833
-0.0176954130017
-0.00764206018181
-0.00302443177795
-0.00145145246865
-0.0449522894872
-0.0178262697477
-0.0284598624805
-0.00402083800294
-0.0219600843791
-0.0167531600454
-0.03550565584
-0.0515001927441
-0.0217917021098
-0.0498866202296
-0.0517666836447
-0.0500352876717
-0.0358844625604
-0.00173696722019
0.00356567000791
0.0046399431531
-0.0031921040053
0.0157334983998
0.0129560495272
-9.94130509016e-05
-0.000616790981078
-0.00564118677986
-0.0120031715565
-0.0349237059437
-0.0556257814575
-0.0179575164438
-0.0249785638923
-0.0620169516126
-0.0395257057749
-0.0066301865884
-0.0436221951094
-0.0548138474599
-0.0250460830665
-0.0378190998713
-0.0367185706971
-0.0545012571479
-0.0351366832746
-0.0438973745643
-0.0447883070134
-0.0474509281195
-0.0457691977879
-0.0614058023597
-0.0663390671933
-0.00527380640377
-0.039684342235
-0.0142332474316
-0.0153321907234
-0.0342686712714
-0.0127071118765
0.00274955196425
-0.0602763622305
-0.0690437137631
-0.0586618309908
-0.043797521765
-0.0367243460524
-0.0529218152801
-0.0263651313248
-0.0653235864513
-0.0390530390178
-0.0647911849505
-0.0568105558539
-0.00435419355003
-0.0655371113377
-0.0432830465633
-0.0675306825101
-0.000396862574099
-0.0690497203804
-0.0635086677248
-0.061705877993
-0.0636514771173
-0.0652652283649
-0.0507727600732
-0.056318750101
-0.0226848345861
-0.0218815121203
-0.022268371155
-0.0252637114341
-0.0199908267513
-0.019566065988
-0.0581817781748
-0.00609160439309
-0.0326794638737
-0.0507683499277
-0.0474762112673
-0.0333039338814
-0.014589693793
-0.00276092249955
-0.0558122374525
-0.029504329741
-0.0629274626331
-0.0197266608574
-0.0405586296847
-0.0333547620177
-0.0263790578476
-0.0564838017637
-0.0257779633561
-0.0199476997509
-0.0445272539003
-0.065213884486
-0.00604260319615
-0.00780126763022
-0.0352002174415
-0.0437743038968
-0.0431136735348
-0.0258767164521
-0.0331478104482
-0.0185717259931
-0.044030826869
-0.00450146120797
-0.0376398274005
-0.0379806964672
-0.0247823524105
0.000775978520894
-0.0607240495872
-0.0593134458958
-0.0219814643276
-0.0269802543887
-0.0358606631956
-0.00892873635129
-0.0350316207441
-0.00424281295094
-0.0026869547485
-0.00534132682744
-0.0456360897138
-0.0452637565654
-0.0241259756542
-0.0660842232839
-0.0537839653989
-0.00341942408948
-0.0299246141305
-0.0417156088292
-0.0506974597445
-0.0411127401946
-0.0259859361533
0.00641285048636
-0.000161906401867
0.00154004562689
0.00708893791683
-0.0598157750672
-0.0471635564913
-0.0419234823541
-0.0543509249395
-0.0674859441118
-0.034137928617
-0.0341422615817
0.00689143234459
-8.00879065887e-05
0.00405000854984
-0.000242656444136
-0.0127944391929
-0.0398895839139
-0.0578080409509
-0.0146154740779
-0.0587257245704
-0.0603534362511
-0.0284510731467
-0.0356922531329
-0.0173606165406
-0.058222548116
-0.0563119888431
-0.056146535619
-0.0415134658453
-0.0141548045172
-0.0176447247682
-0.0139953390095
-0.0207009958494
-0.0176753400298
-0.0608117670289
-0.0463395955907
-0.0622509068049
-0.0638146388858
-0.0641351930996
-0.0542788301361
-0.0370079922664
-0.0182961284916
-0.00100553143289
-0.0631831332632
-0.0614868932865
0.00584549063766
-0.0276467706623
-0.0203445910325
-0.033419785648
0.00016200627599
-0.000241642639143
0.000580109899114
0.00642096472674
-0.0264601666048
-0.0619892469989
-0.0570690227952
-0.0495108991475
-0.0431893028431
-0.0286187621852
-0.0657786402221
-1.27810534093e-05
0.00238327840775
-0.0113256855606
-0.038515081129
-0.0562269014903
-0.0528700286672
0.00156390529452
-0.00102022387334
-0.0523567206584
-0.0464838613969
0.00807210934876
0.00786701830032
-0.0275593959221
-0.0129890177057
-0.0347599419591
-0.0358359808621
-0.0343103930517
-0.0105934924546
0.0179261523356
-0.0104667403022
-0.0561739719668
-0.0520441608773
-0.00539154946331
-0.00324087014624
-0.0427718546286
-0.041510306667
0.00698309811257
0.00325392318952
-0.0232563974748
-0.0263428675896
-0.0382191698332
-0.0397620650049
-0.0302157232271
-0.0220710897064
-0.0279783724262
-0.0194458625257
)
;

boundaryField
{
    bottomWall
    {
        type            zeroGradient;
    }
    leftWall
    {
        type            zeroGradient;
    }
    rightWall
    {
        type            zeroGradient;
    }
    movingTop
    {
        type            zeroGradient;
    }
    front
    {
        type            empty;
    }
    back
    {
        type            empty;
    }
}


// ************************************************************************* //
