/*--------------------------------*- C++ -*----------------------------------*\
  =========                 |
  \\      /  F ield         | OpenFOAM: The Open Source CFD Toolbox
   \\    /   O peration     | Website:  https://openfoam.org
    \\  /    A nd           | Version:  14
     \\/     M anipulation  |
\*---------------------------------------------------------------------------*/
FoamFile
{
    format      ascii;
    class       volScalarField;
    location    "0.20000000000000001";
    object      phi;
}
// * * * * * * * * * * * * * * * * * * * * * * * * * * * * * * * * * * * * * //

dimensions      [];

internalField   nonuniform List<scalar> 
3200
(
8.78634478243e-18
2.38542163569e-17
7.81875351546e-17
8.61051788916e-17
3.76634144846e-16
1.0946448364e-15
3.32403772118e-15
3.19555434324e-15
1.20992411454e-14
3.30675915744e-14
8.851811346e-14
7.52225264248e-14
2.4323272824e-13
6.26874431513e-13
1.47024750919e-12
1.12228291649e-12
3.06013374681e-12
7.45487884573e-12
1.52081798471e-11
1.0586649535e-11
2.40573325289e-11
5.55226697909e-11
9.78387619979e-11
6.29708715893e-11
1.18255962398e-10
2.592620944e-10
3.93202013589e-10
2.36960392493e-10
3.6764416443e-10
7.68653379988e-10
1.00816112994e-09
5.75836771869e-10
7.48766483209e-10
1.5018226305e-09
1.7344203982e-09
9.50311547727e-10
1.06769235634e-09
2.07009461451e-09
2.16177166261e-09
1.14754355174e-09
1.14754355173e-09
2.1617716626e-09
2.07009461449e-09
1.06769235633e-09
9.50311547716e-10
1.73442039817e-09
1.50182263048e-09
7.48766483195e-10
5.75836771857e-10
1.00816112992e-09
7.68653379969e-10
3.67644164421e-10
2.36960392487e-10
3.93202013578e-10
2.59262094393e-10
1.18255962394e-10
6.29708715875e-11
9.78387619952e-11
5.55226697894e-11
2.40573325282e-11
1.05866495347e-11
1.52081798467e-11
7.45487884556e-12
3.06013374674e-12
1.12228291647e-12
1.47024750916e-12
6.26874431504e-13
2.43232728237e-13
7.52225264241e-14
8.85181134594e-14
3.30675915742e-14
1.20992411454e-14
3.19555434322e-15
3.32403772116e-15
1.0946448364e-15
3.76634144845e-16
8.61051788914e-17
7.81875351545e-17
2.38542163569e-17
8.78634478243e-18
8.61051788914e-17
7.81875351545e-17
3.64396849652e-16
1.19783583423e-15
3.7648871894e-15
3.5008143975e-15
1.51825989923e-14
4.71570299005e-14
1.31255601286e-13
1.06095850532e-13
3.93832721724e-13
1.15724346913e-12
2.83678998498e-12
2.02730732159e-12
6.34707553632e-12
1.76906287459e-11
3.79529367049e-11
2.44052141459e-11
6.35442194137e-11
1.68371084003e-10
3.13981458892e-10
1.84706802064e-10
3.95333130534e-10
9.97992558773e-10
1.60919483389e-09
8.79210269681e-10
1.53832629184e-09
3.70998649578e-09
5.17365317765e-09
2.66211565099e-09
3.83295641475e-09
8.86743087968e-09
1.08136244671e-08
5.3097673836e-09
6.44578862409e-09
1.43918367488e-08
1.57115700352e-08
7.45004573875e-09
7.89881148751e-09
1.71293331929e-08
1.71293331929e-08
7.89881148748e-09
7.4500457387e-09
1.57115700351e-08
1.43918367487e-08
6.44578862401e-09
5.30976738352e-09
1.08136244669e-08
8.86743087951e-09
3.83295641467e-09
2.66211565093e-09
5.17365317752e-09
3.70998649569e-09
1.5383262918e-09
8.79210269658e-10
1.60919483385e-09
9.97992558748e-10
3.95333130524e-10
1.84706802059e-10
3.13981458885e-10
1.68371083999e-10
6.35442194122e-11
2.44052141454e-11
3.79529367041e-11
1.76906287456e-11
6.34707553621e-12
2.02730732156e-12
2.83678998495e-12
1.15724346913e-12
3.93832721721e-13
1.06095850532e-13
1.31255601285e-13
4.71570299004e-14
1.51825989923e-14
3.5008143975e-15
3.7648871894e-15
1.19783583423e-15
3.64396849652e-16
7.81875351546e-17
8.61051788916e-17
3.76634144845e-16
1.0946448364e-15
3.5008143975e-15
3.7648871894e-15
1.73478036466e-14
5.38640609392e-14
1.58894839062e-13
1.47725954236e-13
5.88637089797e-13
1.72189853712e-12
4.47910166245e-12
3.63673925185e-12
1.23325336348e-11
3.4095947372e-11
7.78082279773e-11
5.60879749521e-11
1.59473026425e-10
4.1782799086e-10
8.31402053087e-10
5.41294955143e-10
1.27322685142e-09
3.16887828699e-09
5.46641161105e-09
3.26745882653e-09
6.29939984139e-09
1.49306082618e-08
2.22711396333e-08
1.24088117019e-08
1.96021418489e-08
4.4394466203e-08
5.75716573219e-08
3.03312622415e-08
3.98603303481e-08
8.67087281764e-08
9.95160551074e-08
5.02513808649e-08
5.67214613269e-08
1.19331471925e-07
1.24377122145e-07
6.08395589362e-08
6.08395589361e-08
1.24377122144e-07
1.19331471925e-07
5.67214613265e-08
5.02513808644e-08
9.95160551062e-08
8.67087281751e-08
3.98603303474e-08
3.03312622409e-08
5.75716573207e-08
4.43944662021e-08
1.96021418485e-08
1.24088117016e-08
2.22711396328e-08
1.49306082615e-08
6.29939984124e-09
3.26745882645e-09
5.46641161092e-09
3.16887828691e-09
1.27322685139e-09
5.41294955131e-10
8.31402053069e-10
4.17827990852e-10
1.59473026422e-10
5.60879749512e-11
7.78082279762e-11
3.40959473716e-11
1.23325336347e-11
3.63673925183e-12
4.47910166243e-12
1.72189853712e-12
5.88637089796e-13
1.47725954236e-13
1.58894839061e-13
5.38640609392e-14
1.73478036466e-14
3.7648871894e-15
3.5008143975e-15
1.0946448364e-15
3.76634144846e-16
3.19555434322e-15
3.32403772116e-15
1.51825989923e-14
4.71570299004e-14
1.47725954236e-13
1.58894839061e-13
6.74354886448e-13
1.96824854553e-12
5.44253017931e-12
5.07214863366e-12
1.85001899329e-11
5.08184039303e-11
1.23437508804e-10
1.009301349e-10
3.11521747964e-10
8.07933252459e-10
1.71498150866e-09
1.25021875957e-09
3.21761174264e-09
7.90054038976e-09
1.45745030941e-08
9.63366259803e-09
2.04262811341e-08
4.76056462771e-08
7.6016243375e-08
4.63065491788e-08
8.04329932512e-08
1.78456001864e-07
2.46967390708e-07
1.40802883768e-07
2.01695048167e-07
4.27837948937e-07
5.19151498266e-07
2.8114215547e-07
3.4027750664e-07
6.94520949395e-07
7.5643089407e-07
3.94313632533e-07
4.1766037065e-07
8.25883064724e-07
8.25883064723e-07
4.17660370649e-07
3.94313632531e-07
7.56430894064e-07
6.94520949388e-07
3.40277506636e-07
2.81142155466e-07
5.19151498258e-07
4.2783794893e-07
2.01695048163e-07
1.40802883765e-07
2.46967390703e-07
1.7845600186e-07
8.04329932494e-08
4.63065491778e-08
7.60162433733e-08
4.76056462761e-08
2.04262811336e-08
9.63366259783e-09
1.45745030938e-08
7.90054038961e-09
3.21761174257e-09
1.25021875955e-09
1.71498150863e-09
8.07933252447e-10
3.1152174796e-10
1.00930134899e-10
1.23437508803e-10
5.08184039301e-11
1.85001899329e-11
5.07214863365e-12
5.44253017931e-12
1.96824854553e-12
6.74354886448e-13
1.58894839062e-13
1.47725954236e-13
4.71570299005e-14
1.51825989923e-14
3.32403772118e-15
3.19555434324e-15
1.20992411454e-14
3.30675915742e-14
1.06095850532e-13
1.31255601285e-13
5.88637089796e-13
1.72189853712e-12
5.07214863365e-12
5.44253017931e-12
2.12019105613e-11
5.8108203144e-11
1.50460047567e-10
1.40561348469e-10
4.68019876837e-10
1.20589768606e-09
2.7322488635e-09
2.24993961444e-09
6.30384219635e-09
1.53186587448e-08
3.02203541495e-08
2.2283641193e-08
5.1801489283e-08
1.19058047448e-07
2.03593886574e-07
1.36683147474e-07
2.61086525253e-07
5.69157196395e-07
8.42519936559e-07
5.2346528959e-07
8.21259933927e-07
1.70422727288e-06
2.19761066201e-06
1.28377934281e-06
1.67950583314e-06
3.33586478862e-06
3.81587276049e-06
2.1278272436e-06
2.39643104099e-06
4.58979622534e-06
4.77871212796e-06
2.57404265267e-06
2.57404265267e-06
4.77871212795e-06
4.58979622531e-06
2.39643104097e-06
2.12782724358e-06
3.81587276045e-06
3.33586478857e-06
1.67950583312e-06
1.28377934278e-06
2.19761066198e-06
1.70422727285e-06
8.21259933911e-07
5.23465289579e-07
8.42519936542e-07
5.69157196383e-07
2.61086525247e-07
1.36683147471e-07
2.0359388657e-07
1.19058047446e-07
5.1801489282e-08
2.22836411925e-08
3.02203541489e-08
1.53186587446e-08
6.30384219625e-09
2.24993961441e-09
2.73224886347e-09
1.20589768605e-09
4.68019876833e-10
1.40561348469e-10
1.50460047567e-10
5.8108203144e-11
2.12019105613e-11
5.44253017931e-12
5.07214863366e-12
1.72189853712e-12
5.88637089797e-13
1.31255601286e-13
1.06095850532e-13
3.30675915744e-14
1.20992411454e-14
7.52225264241e-14
8.85181134594e-14
3.93832721721e-13
1.15724346913e-12
3.63673925183e-12
4.47910166243e-12
1.85001899329e-11
5.08184039301e-11
1.40561348469e-10
1.50460047567e-10
5.36597115319e-10
1.37945123483e-09
3.34127995288e-09
3.12905135761e-09
9.48520148305e-09
2.2897461381e-08
4.83466447518e-08
4.00981503308e-08
1.01731589502e-07
2.31349806317e-07
4.23942000476e-07
3.16268872899e-07
6.63088826953e-07
1.42479376571e-06
2.25975719254e-06
1.54169965337e-06
2.65503439746e-06
5.40798299724e-06
7.44143486726e-06
4.72045477974e-06
6.72094629948e-06
1.30367548236e-05
1.57564412343e-05
9.44645661065e-06
1.1391670536e-05
2.11883131284e-05
2.30311321535e-05
1.32451420038e-05
1.40120289098e-05
2.51796979011e-05
2.51796979011e-05
1.40120289098e-05
1.32451420038e-05
2.30311321533e-05
2.11883131283e-05
1.13916705359e-05
9.44645661053e-06
1.57564412341e-05
1.30367548234e-05
6.72094629938e-06
4.72045477966e-06
7.44143486714e-06
5.40798299715e-06
2.65503439742e-06
1.54169965334e-06
2.2597571925e-06
1.42479376569e-06
6.63088826941e-07
3.16268872894e-07
4.23942000469e-07
2.31349806313e-07
1.017315895e-07
4.00981503303e-08
4.83466447513e-08
2.28974613808e-08
9.48520148297e-09
3.12905135759e-09
3.34127995287e-09
1.37945123483e-09
5.36597115319e-10
1.50460047567e-10
1.40561348469e-10
5.08184039303e-11
1.85001899329e-11
4.47910166245e-12
3.63673925185e-12
1.15724346913e-12
3.93832721724e-13
8.851811346e-14
7.52225264248e-14
2.43232728237e-13
6.26874431504e-13
2.02730732156e-12
2.83678998495e-12
1.23325336347e-11
3.40959473716e-11
1.00930134899e-10
1.23437508803e-10
4.68019876833e-10
1.20589768605e-09
3.12905135759e-09
3.34127995287e-09
1.08800363997e-08
2.62044172094e-08
5.93174111062e-08
5.56858832813e-08
1.53275146623e-07
3.462306875e-07
6.80728560268e-07
5.6871272907e-07
1.3038207839e-06
2.77121082785e-06
4.71647385876e-06
3.5610889484e-06
6.73005006053e-06
1.35029640778e-05
1.98912125319e-05
1.38010652872e-05
2.14827078218e-05
4.08483550408e-05
5.24634517987e-05
3.40242239308e-05
4.42781969346e-05
8.02650162119e-05
9.15787266905e-05
5.64490787144e-05
6.34031424548e-05
0.000110468430229
0.000114913271971
6.82196516719e-05
6.82196516719e-05
0.000114913271971
0.000110468430228
6.34031424545e-05
5.6449078714e-05
9.15787266898e-05
8.02650162111e-05
4.42781969342e-05
3.40242239304e-05
5.24634517981e-05
4.08483550402e-05
2.14827078215e-05
1.3801065287e-05
1.98912125316e-05
1.35029640777e-05
6.73005006042e-06
3.56108894835e-06
4.71647385869e-06
2.77121082782e-06
1.30382078389e-06
5.68712729064e-07
6.80728560261e-07
3.46230687497e-07
1.53275146621e-07
5.5685883281e-08
5.9317411106e-08
2.62044172094e-08
1.08800363997e-08
3.34127995288e-09
3.12905135761e-09
1.20589768606e-09
4.68019876837e-10
1.23437508804e-10
1.009301349e-10
3.4095947372e-11
1.23325336348e-11
2.83678998498e-12
2.02730732159e-12
6.26874431513e-13
2.4323272824e-13
1.12228291647e-12
1.47024750916e-12
6.34707553621e-12
1.76906287456e-11
5.60879749512e-11
7.78082279762e-11
3.1152174796e-10
8.07933252447e-10
2.24993961441e-09
2.73224886347e-09
9.48520148297e-09
2.28974613808e-08
5.5685883281e-08
5.9317411106e-08
1.75886406914e-07
3.96385179131e-07
8.37796358916e-07
7.88461324655e-07
1.96585777896e-06
4.14976426669e-06
7.59333137775e-06
6.39138615765e-06
1.32216607428e-05
2.62299464984e-05
4.14826173579e-05
3.17148469104e-05
5.40711164384e-05
0.000101182089448
0.000138790232694
9.80313047736e-05
0.000138584261207
0.000245842734565
0.000296367514579
0.000196828220386
0.000236320344484
0.000400448731269
0.000434646057429
0.000275904765188
0.00029143727937
0.000475728810073
0.000475728810073
0.00029143727937
0.000275904765187
0.000434646057427
0.000400448731267
0.000236320344482
0.000196828220384
0.000296367514577
0.000245842734562
0.000138584261206
9.80313047725e-05
0.000138790232693
0.000101182089447
5.40711164378e-05
3.17148469101e-05
4.14826173575e-05
2.62299464982e-05
1.32216607426e-05
6.39138615759e-06
7.59333137769e-06
4.14976426667e-06
1.96585777895e-06
7.88461324651e-07
8.37796358914e-07
3.96385179131e-07
1.75886406914e-07
5.93174111062e-08
5.56858832813e-08
2.2897461381e-08
9.48520148305e-09
2.7322488635e-09
2.24993961444e-09
8.07933252459e-10
3.11521747964e-10
7.78082279773e-11
5.60879749521e-11
1.76906287459e-11
6.34707553632e-12
1.47024750919e-12
1.12228291649e-12
3.06013374674e-12
7.45487884556e-12
2.44052141454e-11
3.79529367041e-11
1.59473026422e-10
4.17827990852e-10
1.25021875955e-09
1.71498150863e-09
6.30384219625e-09
1.53186587446e-08
4.00981503303e-08
4.83466447513e-08
1.53275146621e-07
3.46230687497e-07
7.88461324651e-07
8.37796358914e-07
2.25638193334e-06
4.75180026207e-06
9.37037971812e-06
8.84104963294e-06
1.99274360285e-05
3.92552118162e-05
6.68395842704e-05
5.66970926927e-05
0.000105781818961
0.000195618134318
0.000287838330543
0.000222985119659
0.00034385845908
0.000599563664286
0.000768744004802
0.000553504443807
0.000715786337811
0.00118453385158
0.00134953782632
0.000919532141157
0.00102942390116
0.00163168406708
0.00169634383795
0.00110989803249
0.00110989803249
0.00169634383795
0.00163168406708
0.00102942390116
0.000919532141153
0.00134953782632
0.00118453385157
0.000715786337806
0.000553504443802
0.000768744004796
0.000599563664281
0.000343858459076
0.000222985119657
0.000287838330541
0.000195618134316
0.00010578181896
5.66970926923e-05
6.68395842699e-05
3.9255211816e-05
1.99274360284e-05
8.8410496329e-06
9.3703797181e-06
4.75180026207e-06
2.25638193334e-06
8.37796358916e-07
7.88461324655e-07
3.462306875e-07
1.53275146623e-07
4.83466447518e-08
4.00981503308e-08
1.53186587448e-08
6.30384219635e-09
1.71498150866e-09
1.25021875957e-09
4.1782799086e-10
1.59473026425e-10
3.79529367049e-11
2.44052141459e-11
7.45487884573e-12
3.06013374681e-12
1.05866495347e-11
1.52081798467e-11
6.35442194122e-11
1.68371083999e-10
5.41294955131e-10
8.31402053069e-10
3.21761174257e-09
7.90054038961e-09
2.22836411925e-08
3.02203541489e-08
1.017315895e-07
2.31349806313e-07
5.68712729064e-07
6.80728560261e-07
1.96585777895e-06
4.14976426667e-06
8.8410496329e-06
9.3703797181e-06
2.28696762069e-05
4.49423175543e-05
8.26364776214e-05
7.8173847299e-05
0.000159077465126
0.000292023310853
0.000462827737713
0.000395805444701
0.000666632696033
0.00114777063614
0.00157486566251
0.0012373989638
0.00173433342723
0.00281636366427
0.00339311362606
0.00249452274254
0.00297924299036
0.00460209125364
0.00499182910995
0.00349528331614
0.00368527607467
0.00546758688205
0.00546758688205
0.00368527607467
0.00349528331614
0.00499182910993
0.00460209125363
0.00297924299035
0.00249452274252
0.00339311362604
0.00281636366425
0.00173433342722
0.00123739896379
0.0015748656625
0.00114777063613
0.000666632696028
0.000395805444699
0.00046282773771
0.000292023310851
0.000159077465126
7.81738472988e-05
8.26364776212e-05
4.49423175543e-05
2.28696762069e-05
9.37037971812e-06
8.84104963294e-06
4.14976426669e-06
1.96585777896e-06
6.80728560268e-07
5.6871272907e-07
2.31349806317e-07
1.01731589502e-07
3.02203541495e-08
2.2283641193e-08
7.90054038976e-09
3.21761174264e-09
8.31402053087e-10
5.41294955143e-10
1.68371084003e-10
6.35442194137e-11
1.52081798471e-11
1.0586649535e-11
2.40573325282e-11
5.55226697894e-11
1.84706802059e-10
3.13981458885e-10
1.27322685139e-09
3.16887828691e-09
9.63366259783e-09
1.45745030938e-08
5.1801489282e-08
1.19058047446e-07
3.16268872894e-07
4.23942000469e-07
1.30382078389e-06
2.77121082782e-06
6.39138615759e-06
7.59333137769e-06
1.99274360284e-05
3.9255211816e-05
7.81738472988e-05
8.26364776212e-05
0.000182436156076
0.000334066127813
0.000572543040618
0.000543120262221
0.000997494410015
0.00170413778452
0.00251644902788
0.00217082148112
0.00330971731734
0.00530107735172
0.00680601197412
0.00543044700581
0.00696960484759
0.0105432647413
0.0120129007744
0.00903391471513
0.0100738897924
0.0145440887755
0.0151181138521
0.0108868915966
0.0108868915966
0.015118113852
0.0145440887754
0.0100738897924
0.00903391471511
0.0120129007743
0.0105432647413
0.00696960484756
0.00543044700578
0.00680601197409
0.00530107735169
0.00330971731733
0.00217082148111
0.00251644902787
0.00170413778452
0.000997494410012
0.00054312026222
0.000572543040617
0.000334066127813
0.000182436156076
8.26364776214e-05
7.8173847299e-05
3.92552118162e-05
1.99274360285e-05
7.59333137775e-06
6.39138615765e-06
2.77121082785e-06
1.3038207839e-06
4.23942000476e-07
3.16268872899e-07
1.19058047448e-07
5.1801489283e-08
1.45745030941e-08
9.63366259804e-09
3.16887828699e-09
1.27322685142e-09
3.13981458892e-10
1.84706802064e-10
5.55226697909e-11
2.40573325289e-11
6.29708715875e-11
9.78387619952e-11
3.95333130524e-10
9.97992558748e-10
3.26745882645e-09
5.46641161092e-09
2.04262811336e-08
4.76056462761e-08
1.36683147471e-07
2.0359388657e-07
6.63088826941e-07
1.42479376569e-06
3.56108894835e-06
4.71647385869e-06
1.32216607426e-05
2.62299464982e-05
5.66970926923e-05
6.68395842699e-05
0.000159077465126
0.000292023310851
0.00054312026222
0.000572543040617
0.00114213223569
0.00194610657161
0.00310873484455
0.0029576548817
0.00490829758084
0.00779564047373
0.0107446594176
0.00935679635154
0.0129802951003
0.019337370975
0.0233412538246
0.018941123096
0.0224808888533
0.0317213070864
0.0344213631046
0.0265199703625
0.0279014684016
0.0377065261968
0.0377065261968
0.0279014684016
0.0265199703624
0.0344213631046
0.0317213070863
0.0224808888533
0.018941123096
0.0233412538246
0.019337370975
0.0129802951003
0.00935679635151
0.0107446594176
0.00779564047371
0.00490829758082
0.00295765488169
0.00310873484455
0.00194610657161
0.00114213223569
0.000572543040618
0.000543120262221
0.000292023310853
0.000159077465126
6.68395842704e-05
5.66970926927e-05
2.62299464984e-05
1.32216607428e-05
4.71647385876e-06
3.5610889484e-06
1.42479376571e-06
6.63088826953e-07
2.03593886574e-07
1.36683147474e-07
4.76056462771e-08
2.04262811341e-08
5.46641161105e-09
3.26745882653e-09
9.97992558773e-10
3.95333130534e-10
9.78387619979e-11
6.29708715893e-11
1.18255962394e-10
2.59262094393e-10
8.79210269658e-10
1.60919483385e-09
6.29939984124e-09
1.49306082615e-08
4.63065491778e-08
7.60162433733e-08
2.61086525247e-07
5.69157196383e-07
1.54169965334e-06
2.2597571925e-06
6.73005006042e-06
1.35029640777e-05
3.17148469101e-05
4.14826173575e-05
0.00010578181896
0.000195618134316
0.000395805444699
0.00046282773771
0.000997494410012
0.00170413778452
0.00295765488169
0.00310873484455
0.00560375203342
0.00887499333487
0.0132191491254
0.0126168542628
0.0189783336628
0.0280101206656
0.0361363091132
0.0317981247297
0.0404517241832
0.0561076112345
0.0640518236346
0.0529492204078
0.0587804987381
0.0775464100479
0.0806379899078
0.0636842894868
0.0636842894867
0.0806379899078
0.0775464100479
0.058780498738
0.0529492204077
0.0640518236345
0.0561076112344
0.0404517241831
0.0317981247297
0.0361363091131
0.0280101206655
0.0189783336627
0.0126168542628
0.0132191491254
0.00887499333487
0.00560375203342
0.00310873484455
0.0029576548817
0.00170413778452
0.000997494410015
0.000462827737713
0.000395805444701
0.000195618134318
0.000105781818961
4.14826173579e-05
3.17148469104e-05
1.35029640778e-05
6.73005006053e-06
2.25975719254e-06
1.54169965337e-06
5.69157196395e-07
2.61086525253e-07
7.6016243375e-08
4.63065491788e-08
1.49306082618e-08
6.29939984139e-09
1.60919483389e-09
8.79210269681e-10
2.592620944e-10
1.18255962398e-10
2.36960392487e-10
3.93202013578e-10
1.5383262918e-09
3.70998649569e-09
1.24088117016e-08
2.22711396328e-08
8.04329932494e-08
1.7845600186e-07
5.23465289579e-07
8.42519936542e-07
2.65503439742e-06
5.40798299715e-06
1.3801065287e-05
1.98912125316e-05
5.40711164378e-05
0.000101182089447
0.000222985119657
0.000287838330541
0.000666632696028
0.00114777063613
0.00217082148111
0.00251644902787
0.00490829758082
0.00779564047371
0.0126168542628
0.0132191491254
0.0215667441992
0.0317305383879
0.0441154304354
0.0422538722674
0.057931817228
0.0795083603137
0.0964064228779
0.0858207463627
0.101154075717
0.130961944791
0.142332170377
0.120008602898
0.125966103772
0.15582575398
0.15582575398
0.125966103772
0.120008602898
0.142332170377
0.130961944791
0.101154075716
0.0858207463626
0.0964064228778
0.0795083603136
0.0579318172279
0.0422538722674
0.0441154304354
0.0317305383879
0.0215667441992
0.0132191491254
0.0126168542628
0.00779564047373
0.00490829758084
0.00251644902788
0.00217082148112
0.00114777063614
0.000666632696033
0.000287838330543
0.000222985119659
0.000101182089448
5.40711164384e-05
1.98912125319e-05
1.38010652872e-05
5.40798299724e-06
2.65503439746e-06
8.42519936559e-07
5.2346528959e-07
1.78456001864e-07
8.04329932512e-08
2.22711396333e-08
1.24088117019e-08
3.70998649578e-09
1.53832629184e-09
3.93202013589e-10
2.36960392493e-10
3.67644164421e-10
7.68653379969e-10
2.66211565093e-09
5.17365317752e-09
1.96021418485e-08
4.43944662021e-08
1.40802883765e-07
2.46967390703e-07
8.21259933911e-07
1.70422727285e-06
4.72045477966e-06
7.44143486714e-06
2.14827078215e-05
4.08483550402e-05
9.80313047725e-05
0.000138790232693
0.000343858459076
0.000599563664281
0.00123739896379
0.0015748656625
0.00330971731733
0.00530107735169
0.00935679635151
0.0107446594176
0.0189783336627
0.0280101206655
0.0422538722674
0.0441154304354
0.0653810306899
0.0894127775162
0.116269507461
0.111802227461
0.140879970378
0.180238644417
0.206514720119
0.186187462665
0.205732238109
0.249646033148
0.259836985569
0.223440785592
0.223440785592
0.259836985569
0.249646033148
0.205732238109
0.186187462665
0.206514720119
0.180238644417
0.140879970378
0.111802227461
0.116269507461
0.0894127775162
0.0653810306899
0.0441154304354
0.0422538722674
0.0280101206656
0.0189783336628
0.0107446594176
0.00935679635154
0.00530107735172
0.00330971731734
0.00157486566251
0.0012373989638
0.000599563664286
0.00034385845908
0.000138790232694
9.80313047736e-05
4.08483550408e-05
2.14827078218e-05
7.44143486726e-06
4.72045477974e-06
1.70422727288e-06
8.21259933927e-07
2.46967390708e-07
1.40802883768e-07
4.4394466203e-08
1.96021418489e-08
5.17365317765e-09
2.66211565099e-09
7.68653379988e-10
3.6764416443e-10
5.75836771857e-10
1.00816112992e-09
3.83295641467e-09
8.86743087951e-09
3.03312622409e-08
5.75716573207e-08
2.01695048163e-07
4.2783794893e-07
1.28377934278e-06
2.19761066198e-06
6.72094629938e-06
1.30367548234e-05
3.40242239304e-05
5.24634517981e-05
0.000138584261206
0.000245842734562
0.000553504443802
0.000768744004796
0.00173433342722
0.00281636366425
0.00543044700578
0.00680601197409
0.0129802951003
0.019337370975
0.0317981247297
0.0361363091131
0.0579318172279
0.0795083603136
0.111802227461
0.116269507461
0.157498926934
0.200684564462
0.244904920404
0.236526497803
0.276876445838
0.331736208403
0.361436958214
0.330188146291
0.345813750492
0.395251625298
0.395251625298
0.345813750492
0.330188146291
0.361436958214
0.331736208403
0.276876445838
0.236526497803
0.244904920404
0.200684564462
0.157498926934
0.116269507461
0.111802227461
0.0795083603137
0.057931817228
0.0361363091132
0.0317981247297
0.019337370975
0.0129802951003
0.00680601197412
0.00543044700581
0.00281636366427
0.00173433342723
0.000768744004802
0.000553504443807
0.000245842734565
0.000138584261207
5.24634517987e-05
3.40242239308e-05
1.30367548236e-05
6.72094629948e-06
2.19761066201e-06
1.28377934281e-06
4.27837948937e-07
2.01695048167e-07
5.75716573219e-08
3.03312622415e-08
8.86743087968e-09
3.83295641475e-09
1.00816112994e-09
5.75836771869e-10
7.48766483195e-10
1.50182263048e-09
5.30976738352e-09
1.08136244669e-08
3.98603303474e-08
8.67087281751e-08
2.81142155466e-07
5.19151498258e-07
1.67950583312e-06
3.33586478857e-06
9.44645661053e-06
1.57564412341e-05
4.42781969342e-05
8.02650162111e-05
0.000196828220384
0.000296367514577
0.000715786337806
0.00118453385157
0.00249452274252
0.00339311362604
0.00696960484756
0.0105432647413
0.018941123096
0.0233412538246
0.0404517241831
0.0561076112344
0.0858207463626
0.0964064228778
0.140879970378
0.180238644417
0.236526497803
0.244904920404
0.305878261652
0.364864187138
0.419958611029
0.407477963642
0.448403512631
0.506398504245
0.527719697177
0.488000159992
0.488000159992
0.527719697177
0.506398504245
0.44840351263
0.407477963642
0.419958611029
0.364864187138
0.305878261652
0.244904920404
0.236526497803
0.180238644417
0.140879970378
0.0964064228779
0.0858207463627
0.0561076112345
0.0404517241832
0.0233412538246
0.018941123096
0.0105432647413
0.00696960484759
0.00339311362606
0.00249452274254
0.00118453385158
0.000715786337811
0.000296367514579
0.000196828220386
8.02650162119e-05
4.42781969346e-05
1.57564412343e-05
9.44645661065e-06
3.33586478862e-06
1.67950583314e-06
5.19151498266e-07
2.8114215547e-07
8.67087281764e-08
3.98603303481e-08
1.08136244671e-08
5.3097673836e-09
1.5018226305e-09
7.48766483209e-10
9.50311547716e-10
1.73442039817e-09
6.44578862401e-09
1.43918367487e-08
5.02513808644e-08
9.95160551062e-08
3.40277506636e-07
6.94520949389e-07
2.12782724358e-06
3.81587276045e-06
1.13916705359e-05
2.11883131283e-05
5.6449078714e-05
9.15787266898e-05
0.000236320344482
0.000400448731267
0.000919532141153
0.00134953782632
0.00297924299035
0.00460209125363
0.00903391471511
0.0120129007743
0.0224808888533
0.0317213070863
0.0529492204077
0.0640518236345
0.101154075716
0.130961944791
0.186187462665
0.206514720119
0.276876445838
0.331736208403
0.407477963642
0.419958611029
0.488835368491
0.549688136479
0.600517055798
0.585242449095
0.611884048134
0.655860804026
0.655860804026
0.611884048134
0.585242449095
0.600517055798
0.549688136479
0.488835368491
0.419958611029
0.407477963642
0.331736208403
0.276876445838
0.206514720119
0.186187462665
0.130961944791
0.101154075717
0.0640518236346
0.0529492204078
0.0317213070864
0.0224808888533
0.0120129007744
0.00903391471513
0.00460209125364
0.00297924299036
0.00134953782632
0.000919532141157
0.000400448731269
0.000236320344484
9.15787266905e-05
5.64490787144e-05
2.11883131284e-05
1.1391670536e-05
3.81587276049e-06
2.1278272436e-06
6.94520949395e-07
3.4027750664e-07
9.95160551074e-08
5.02513808649e-08
1.43918367488e-08
6.44578862409e-09
1.7344203982e-09
9.50311547727e-10
1.06769235633e-09
2.07009461449e-09
7.4500457387e-09
1.57115700351e-08
5.67214613265e-08
1.19331471925e-07
3.94313632531e-07
7.56430894064e-07
2.39643104097e-06
4.58979622531e-06
1.32451420038e-05
2.30311321533e-05
6.34031424545e-05
0.000110468430228
0.000275904765187
0.000434646057427
0.00102942390116
0.00163168406708
0.00349528331614
0.00499182910993
0.0100738897924
0.0145440887754
0.0265199703624
0.0344213631046
0.058780498738
0.0775464100479
0.120008602898
0.142332170377
0.205732238109
0.249646033148
0.330188146291
0.361436958214
0.448403512631
0.506398504245
0.585242449095
0.600517055798
0.658875393849
0.703928185292
0.734422876919
0.718099527167
0.718099527167
0.734422876919
0.703928185292
0.658875393849
0.600517055798
0.585242449095
0.506398504245
0.448403512631
0.361436958214
0.330188146291
0.249646033148
0.205732238109
0.142332170377
0.120008602898
0.0775464100479
0.0587804987381
0.0344213631046
0.0265199703625
0.0145440887755
0.0100738897924
0.00499182910995
0.00349528331614
0.00163168406708
0.00102942390116
0.000434646057429
0.000275904765188
0.000110468430229
6.34031424548e-05
2.30311321535e-05
1.32451420038e-05
4.58979622534e-06
2.39643104099e-06
7.5643089407e-07
3.94313632533e-07
1.19331471925e-07
5.67214613269e-08
1.57115700352e-08
7.45004573875e-09
2.07009461451e-09
1.06769235634e-09
1.14754355173e-09
2.1617716626e-09
7.89881148748e-09
1.71293331929e-08
6.08395589361e-08
1.24377122144e-07
4.17660370649e-07
8.25883064723e-07
2.57404265267e-06
4.77871212795e-06
1.40120289098e-05
2.51796979011e-05
6.82196516719e-05
0.000114913271971
0.00029143727937
0.000475728810073
0.00110989803249
0.00169634383795
0.00368527607467
0.00546758688205
0.0108868915966
0.015118113852
0.0279014684016
0.0377065261968
0.0636842894867
0.0806379899078
0.125966103772
0.15582575398
0.223440785592
0.259836985569
0.345813750492
0.395251625298
0.488000159992
0.527719697177
0.611884048134
0.655860804026
0.718099527167
0.734422876919
0.766976576267
0.783443197672
0.783443197672
0.766976576267
0.734422876919
0.718099527167
0.655860804026
0.611884048134
0.527719697177
0.488000159992
0.395251625298
0.345813750492
0.259836985569
0.223440785592
0.15582575398
0.125966103772
0.0806379899078
0.0636842894868
0.0377065261968
0.0279014684016
0.0151181138521
0.0108868915966
0.00546758688205
0.00368527607467
0.00169634383795
0.00110989803249
0.000475728810073
0.00029143727937
0.000114913271971
6.82196516719e-05
2.51796979011e-05
1.40120289098e-05
4.77871212796e-06
2.57404265267e-06
8.25883064724e-07
4.1766037065e-07
1.24377122145e-07
6.08395589362e-08
1.71293331929e-08
7.89881148751e-09
2.16177166261e-09
1.14754355174e-09
1.14754355174e-09
2.16177166261e-09
7.89881148751e-09
1.71293331929e-08
6.08395589362e-08
1.24377122145e-07
4.1766037065e-07
8.25883064724e-07
2.57404265267e-06
4.77871212796e-06
1.40120289098e-05
2.51796979011e-05
6.82196516719e-05
0.000114913271971
0.00029143727937
0.000475728810073
0.00110989803249
0.00169634383795
0.00368527607467
0.00546758688205
0.0108868915966
0.0151181138521
0.0279014684016
0.0377065261968
0.0636842894868
0.0806379899078
0.125966103772
0.15582575398
0.223440785592
0.259836985569
0.345813750492
0.395251625298
0.488000159992
0.527719697177
0.611884048134
0.655860804026
0.718099527167
0.734422876919
0.766976576267
0.783443197672
0.783443197672
0.766976576267
0.734422876919
0.718099527167
0.655860804026
0.611884048134
0.527719697177
0.488000159992
0.395251625298
0.345813750492
0.259836985569
0.223440785592
0.15582575398
0.125966103772
0.0806379899078
0.0636842894867
0.0377065261968
0.0279014684016
0.015118113852
0.0108868915966
0.00546758688205
0.00368527607467
0.00169634383795
0.00110989803249
0.000475728810073
0.00029143727937
0.000114913271971
6.82196516719e-05
2.51796979011e-05
1.40120289098e-05
4.77871212795e-06
2.57404265267e-06
8.25883064723e-07
4.17660370649e-07
1.24377122144e-07
6.08395589361e-08
1.71293331929e-08
7.89881148748e-09
2.1617716626e-09
1.14754355173e-09
1.06769235634e-09
2.07009461451e-09
7.45004573875e-09
1.57115700352e-08
5.67214613269e-08
1.19331471925e-07
3.94313632533e-07
7.5643089407e-07
2.39643104099e-06
4.58979622534e-06
1.32451420038e-05
2.30311321535e-05
6.34031424548e-05
0.000110468430229
0.000275904765188
0.000434646057429
0.00102942390116
0.00163168406708
0.00349528331614
0.00499182910995
0.0100738897924
0.0145440887755
0.0265199703625
0.0344213631046
0.0587804987381
0.0775464100479
0.120008602898
0.142332170377
0.205732238109
0.249646033148
0.330188146291
0.361436958214
0.448403512631
0.506398504245
0.585242449095
0.600517055798
0.658875393849
0.703928185292
0.734422876919
0.718099527167
0.718099527167
0.734422876919
0.703928185292
0.658875393849
0.600517055798
0.585242449095
0.506398504245
0.44840351263
0.361436958214
0.330188146291
0.249646033148
0.205732238109
0.142332170377
0.120008602898
0.0775464100479
0.058780498738
0.0344213631046
0.0265199703624
0.0145440887754
0.0100738897924
0.00499182910993
0.00349528331614
0.00163168406708
0.00102942390116
0.000434646057427
0.000275904765187
0.000110468430228
6.34031424545e-05
2.30311321533e-05
1.32451420038e-05
4.58979622531e-06
2.39643104097e-06
7.56430894064e-07
3.94313632531e-07
1.19331471925e-07
5.67214613265e-08
1.57115700351e-08
7.4500457387e-09
2.07009461449e-09
1.06769235633e-09
9.50311547727e-10
1.7344203982e-09
6.44578862409e-09
1.43918367488e-08
5.02513808649e-08
9.95160551074e-08
3.4027750664e-07
6.94520949395e-07
2.1278272436e-06
3.81587276049e-06
1.1391670536e-05
2.11883131284e-05
5.64490787144e-05
9.15787266905e-05
0.000236320344484
0.000400448731269
0.000919532141157
0.00134953782632
0.00297924299036
0.00460209125364
0.00903391471513
0.0120129007744
0.0224808888533
0.0317213070864
0.0529492204078
0.0640518236346
0.101154075717
0.130961944791
0.186187462665
0.206514720119
0.276876445838
0.331736208403
0.407477963642
0.419958611029
0.488835368491
0.549688136479
0.600517055798
0.585242449095
0.611884048134
0.655860804026
0.655860804026
0.611884048134
0.585242449095
0.600517055798
0.549688136479
0.488835368491
0.419958611029
0.407477963642
0.331736208403
0.276876445838
0.206514720119
0.186187462665
0.130961944791
0.101154075716
0.0640518236345
0.0529492204077
0.0317213070863
0.0224808888533
0.0120129007743
0.00903391471511
0.00460209125363
0.00297924299035
0.00134953782632
0.000919532141153
0.000400448731267
0.000236320344482
9.15787266898e-05
5.6449078714e-05
2.11883131283e-05
1.13916705359e-05
3.81587276045e-06
2.12782724358e-06
6.94520949389e-07
3.40277506636e-07
9.95160551062e-08
5.02513808644e-08
1.43918367487e-08
6.44578862401e-09
1.73442039817e-09
9.50311547716e-10
7.48766483209e-10
1.5018226305e-09
5.3097673836e-09
1.08136244671e-08
3.98603303481e-08
8.67087281764e-08
2.8114215547e-07
5.19151498266e-07
1.67950583314e-06
3.33586478862e-06
9.44645661065e-06
1.57564412343e-05
4.42781969346e-05
8.02650162119e-05
0.000196828220386
0.000296367514579
0.000715786337811
0.00118453385158
0.00249452274254
0.00339311362606
0.00696960484759
0.0105432647413
0.018941123096
0.0233412538246
0.0404517241832
0.0561076112345
0.0858207463627
0.0964064228779
0.140879970378
0.180238644417
0.236526497803
0.244904920404
0.305878261652
0.364864187138
0.419958611029
0.407477963642
0.448403512631
0.506398504245
0.527719697177
0.488000159992
0.488000159992
0.527719697177
0.506398504245
0.448403512631
0.407477963642
0.419958611029
0.364864187138
0.305878261652
0.244904920404
0.236526497803
0.180238644417
0.140879970378
0.0964064228778
0.0858207463626
0.0561076112344
0.0404517241831
0.0233412538246
0.018941123096
0.0105432647413
0.00696960484756
0.00339311362604
0.00249452274252
0.00118453385157
0.000715786337806
0.000296367514577
0.000196828220384
8.02650162111e-05
4.42781969342e-05
1.57564412341e-05
9.44645661053e-06
3.33586478857e-06
1.67950583312e-06
5.19151498258e-07
2.81142155466e-07
8.67087281751e-08
3.98603303474e-08
1.08136244669e-08
5.30976738352e-09
1.50182263048e-09
7.48766483195e-10
5.75836771869e-10
1.00816112994e-09
3.83295641475e-09
8.86743087968e-09
3.03312622415e-08
5.75716573219e-08
2.01695048167e-07
4.27837948937e-07
1.28377934281e-06
2.19761066201e-06
6.72094629948e-06
1.30367548236e-05
3.40242239308e-05
5.24634517987e-05
0.000138584261207
0.000245842734565
0.000553504443807
0.000768744004802
0.00173433342723
0.00281636366427
0.00543044700581
0.00680601197412
0.0129802951003
0.019337370975
0.0317981247297
0.0361363091132
0.057931817228
0.0795083603137
0.111802227461
0.116269507461
0.157498926934
0.200684564462
0.244904920404
0.236526497803
0.276876445838
0.331736208403
0.361436958214
0.330188146291
0.345813750492
0.395251625298
0.395251625298
0.345813750492
0.330188146291
0.361436958214
0.331736208403
0.276876445838
0.236526497803
0.244904920404
0.200684564462
0.157498926934
0.116269507461
0.111802227461
0.0795083603136
0.0579318172279
0.0361363091131
0.0317981247297
0.019337370975
0.0129802951003
0.00680601197409
0.00543044700578
0.00281636366425
0.00173433342722
0.000768744004796
0.000553504443802
0.000245842734562
0.000138584261206
5.24634517981e-05
3.40242239304e-05
1.30367548234e-05
6.72094629938e-06
2.19761066198e-06
1.28377934278e-06
4.2783794893e-07
2.01695048163e-07
5.75716573207e-08
3.03312622409e-08
8.86743087951e-09
3.83295641467e-09
1.00816112992e-09
5.75836771857e-10
3.6764416443e-10
7.68653379988e-10
2.66211565099e-09
5.17365317765e-09
1.96021418489e-08
4.4394466203e-08
1.40802883768e-07
2.46967390708e-07
8.21259933927e-07
1.70422727288e-06
4.72045477974e-06
7.44143486726e-06
2.14827078218e-05
4.08483550408e-05
9.80313047736e-05
0.000138790232694
0.00034385845908
0.000599563664286
0.0012373989638
0.00157486566251
0.00330971731734
0.00530107735172
0.00935679635154
0.0107446594176
0.0189783336628
0.0280101206656
0.0422538722674
0.0441154304354
0.0653810306899
0.0894127775162
0.116269507461
0.111802227461
0.140879970378
0.180238644417
0.206514720119
0.186187462665
0.205732238109
0.249646033148
0.259836985569
0.223440785592
0.223440785592
0.259836985569
0.249646033148
0.205732238109
0.186187462665
0.206514720119
0.180238644417
0.140879970378
0.111802227461
0.116269507461
0.0894127775162
0.0653810306899
0.0441154304354
0.0422538722674
0.0280101206655
0.0189783336627
0.0107446594176
0.00935679635151
0.00530107735169
0.00330971731733
0.0015748656625
0.00123739896379
0.000599563664281
0.000343858459076
0.000138790232693
9.80313047725e-05
4.08483550402e-05
2.14827078215e-05
7.44143486714e-06
4.72045477966e-06
1.70422727285e-06
8.21259933911e-07
2.46967390703e-07
1.40802883765e-07
4.43944662021e-08
1.96021418485e-08
5.17365317752e-09
2.66211565093e-09
7.68653379969e-10
3.67644164421e-10
2.36960392493e-10
3.93202013589e-10
1.53832629184e-09
3.70998649578e-09
1.24088117019e-08
2.22711396333e-08
8.04329932512e-08
1.78456001864e-07
5.2346528959e-07
8.42519936559e-07
2.65503439746e-06
5.40798299724e-06
1.38010652872e-05
1.98912125319e-05
5.40711164384e-05
0.000101182089448
0.000222985119659
0.000287838330543
0.000666632696033
0.00114777063614
0.00217082148112
0.00251644902788
0.00490829758084
0.00779564047373
0.0126168542628
0.0132191491254
0.0215667441992
0.0317305383879
0.0441154304354
0.0422538722674
0.0579318172279
0.0795083603136
0.0964064228778
0.0858207463626
0.101154075716
0.130961944791
0.142332170377
0.120008602898
0.125966103772
0.15582575398
0.15582575398
0.125966103772
0.120008602898
0.142332170377
0.130961944791
0.101154075717
0.0858207463627
0.0964064228779
0.0795083603137
0.057931817228
0.0422538722674
0.0441154304354
0.0317305383879
0.0215667441992
0.0132191491254
0.0126168542628
0.00779564047371
0.00490829758082
0.00251644902787
0.00217082148111
0.00114777063613
0.000666632696028
0.000287838330541
0.000222985119657
0.000101182089447
5.40711164378e-05
1.98912125316e-05
1.3801065287e-05
5.40798299715e-06
2.65503439742e-06
8.42519936542e-07
5.23465289579e-07
1.7845600186e-07
8.04329932494e-08
2.22711396328e-08
1.24088117016e-08
3.70998649569e-09
1.5383262918e-09
3.93202013578e-10
2.36960392487e-10
1.18255962398e-10
2.592620944e-10
8.79210269681e-10
1.60919483389e-09
6.29939984139e-09
1.49306082618e-08
4.63065491788e-08
7.6016243375e-08
2.61086525253e-07
5.69157196395e-07
1.54169965337e-06
2.25975719254e-06
6.73005006053e-06
1.35029640778e-05
3.17148469104e-05
4.14826173579e-05
0.000105781818961
0.000195618134318
0.000395805444701
0.000462827737713
0.000997494410015
0.00170413778452
0.0029576548817
0.00310873484455
0.00560375203342
0.00887499333487
0.0132191491254
0.0126168542628
0.0189783336627
0.0280101206655
0.0361363091131
0.0317981247297
0.0404517241831
0.0561076112344
0.0640518236345
0.0529492204077
0.058780498738
0.0775464100479
0.0806379899078
0.0636842894867
0.0636842894868
0.0806379899078
0.0775464100479
0.0587804987381
0.0529492204078
0.0640518236346
0.0561076112345
0.0404517241832
0.0317981247297
0.0361363091132
0.0280101206656
0.0189783336628
0.0126168542628
0.0132191491254
0.00887499333487
0.00560375203342
0.00310873484455
0.00295765488169
0.00170413778452
0.000997494410012
0.00046282773771
0.000395805444699
0.000195618134316
0.00010578181896
4.14826173575e-05
3.17148469101e-05
1.35029640777e-05
6.73005006042e-06
2.2597571925e-06
1.54169965334e-06
5.69157196383e-07
2.61086525247e-07
7.60162433733e-08
4.63065491778e-08
1.49306082615e-08
6.29939984124e-09
1.60919483385e-09
8.79210269658e-10
2.59262094393e-10
1.18255962394e-10
6.29708715893e-11
9.78387619979e-11
3.95333130534e-10
9.97992558773e-10
3.26745882653e-09
5.46641161105e-09
2.04262811341e-08
4.76056462771e-08
1.36683147474e-07
2.03593886574e-07
6.63088826953e-07
1.42479376571e-06
3.5610889484e-06
4.71647385876e-06
1.32216607428e-05
2.62299464984e-05
5.66970926927e-05
6.68395842704e-05
0.000159077465126
0.000292023310853
0.000543120262221
0.000572543040618
0.00114213223569
0.00194610657161
0.00310873484455
0.00295765488169
0.00490829758082
0.00779564047371
0.0107446594176
0.00935679635151
0.0129802951003
0.019337370975
0.0233412538246
0.018941123096
0.0224808888533
0.0317213070863
0.0344213631046
0.0265199703624
0.0279014684016
0.0377065261968
0.0377065261968
0.0279014684016
0.0265199703625
0.0344213631046
0.0317213070864
0.0224808888533
0.018941123096
0.0233412538246
0.019337370975
0.0129802951003
0.00935679635154
0.0107446594176
0.00779564047373
0.00490829758084
0.0029576548817
0.00310873484455
0.00194610657161
0.00114213223569
0.000572543040617
0.00054312026222
0.000292023310851
0.000159077465126
6.68395842699e-05
5.66970926923e-05
2.62299464982e-05
1.32216607426e-05
4.71647385869e-06
3.56108894835e-06
1.42479376569e-06
6.63088826941e-07
2.0359388657e-07
1.36683147471e-07
4.76056462761e-08
2.04262811336e-08
5.46641161092e-09
3.26745882645e-09
9.97992558748e-10
3.95333130524e-10
9.78387619952e-11
6.29708715875e-11
2.40573325289e-11
5.55226697909e-11
1.84706802064e-10
3.13981458892e-10
1.27322685142e-09
3.16887828698e-09
9.63366259803e-09
1.45745030941e-08
5.1801489283e-08
1.19058047448e-07
3.16268872899e-07
4.23942000476e-07
1.3038207839e-06
2.77121082785e-06
6.39138615765e-06
7.59333137775e-06
1.99274360285e-05
3.92552118162e-05
7.8173847299e-05
8.26364776214e-05
0.000182436156076
0.000334066127813
0.000572543040617
0.00054312026222
0.000997494410012
0.00170413778452
0.00251644902787
0.00217082148111
0.00330971731733
0.00530107735169
0.00680601197409
0.00543044700578
0.00696960484756
0.0105432647413
0.0120129007743
0.00903391471511
0.0100738897924
0.0145440887754
0.015118113852
0.0108868915966
0.0108868915966
0.0151181138521
0.0145440887755
0.0100738897924
0.00903391471513
0.0120129007744
0.0105432647413
0.00696960484759
0.00543044700581
0.00680601197412
0.00530107735172
0.00330971731734
0.00217082148112
0.00251644902788
0.00170413778452
0.000997494410015
0.000543120262221
0.000572543040618
0.000334066127813
0.000182436156076
8.26364776212e-05
7.81738472988e-05
3.9255211816e-05
1.99274360284e-05
7.59333137769e-06
6.39138615759e-06
2.77121082782e-06
1.30382078389e-06
4.23942000469e-07
3.16268872894e-07
1.19058047446e-07
5.1801489282e-08
1.45745030938e-08
9.63366259783e-09
3.16887828691e-09
1.27322685139e-09
3.13981458885e-10
1.84706802059e-10
5.55226697894e-11
2.40573325282e-11
1.0586649535e-11
1.52081798471e-11
6.35442194137e-11
1.68371084003e-10
5.41294955143e-10
8.31402053087e-10
3.21761174264e-09
7.90054038976e-09
2.2283641193e-08
3.02203541495e-08
1.01731589502e-07
2.31349806317e-07
5.6871272907e-07
6.80728560268e-07
1.96585777896e-06
4.14976426669e-06
8.84104963294e-06
9.37037971812e-06
2.28696762069e-05
4.49423175543e-05
8.26364776212e-05
7.81738472988e-05
0.000159077465126
0.000292023310851
0.00046282773771
0.000395805444699
0.000666632696028
0.00114777063613
0.0015748656625
0.00123739896379
0.00173433342722
0.00281636366425
0.00339311362604
0.00249452274252
0.00297924299035
0.00460209125363
0.00499182910993
0.00349528331614
0.00368527607467
0.00546758688205
0.00546758688205
0.00368527607467
0.00349528331614
0.00499182910995
0.00460209125364
0.00297924299036
0.00249452274254
0.00339311362606
0.00281636366427
0.00173433342723
0.0012373989638
0.00157486566251
0.00114777063614
0.000666632696033
0.000395805444701
0.000462827737713
0.000292023310853
0.000159077465126
7.8173847299e-05
8.26364776214e-05
4.49423175543e-05
2.28696762069e-05
9.3703797181e-06
8.8410496329e-06
4.14976426667e-06
1.96585777895e-06
6.80728560261e-07
5.68712729064e-07
2.31349806313e-07
1.017315895e-07
3.02203541489e-08
2.22836411925e-08
7.90054038961e-09
3.21761174257e-09
8.31402053069e-10
5.41294955131e-10
1.68371083999e-10
6.35442194122e-11
1.52081798467e-11
1.05866495347e-11
3.06013374681e-12
7.45487884573e-12
2.44052141459e-11
3.79529367049e-11
1.59473026425e-10
4.1782799086e-10
1.25021875957e-09
1.71498150866e-09
6.30384219635e-09
1.53186587448e-08
4.00981503308e-08
4.83466447518e-08
1.53275146623e-07
3.462306875e-07
7.88461324655e-07
8.37796358916e-07
2.25638193334e-06
4.75180026207e-06
9.3703797181e-06
8.8410496329e-06
1.99274360284e-05
3.9255211816e-05
6.68395842699e-05
5.66970926923e-05
0.00010578181896
0.000195618134316
0.000287838330541
0.000222985119657
0.000343858459076
0.000599563664281
0.000768744004796
0.000553504443802
0.000715786337806
0.00118453385157
0.00134953782632
0.000919532141153
0.00102942390116
0.00163168406708
0.00169634383795
0.00110989803249
0.00110989803249
0.00169634383795
0.00163168406708
0.00102942390116
0.000919532141157
0.00134953782632
0.00118453385158
0.000715786337811
0.000553504443807
0.000768744004802
0.000599563664286
0.00034385845908
0.000222985119659
0.000287838330543
0.000195618134318
0.000105781818961
5.66970926927e-05
6.68395842704e-05
3.92552118162e-05
1.99274360285e-05
8.84104963294e-06
9.37037971812e-06
4.75180026207e-06
2.25638193334e-06
8.37796358914e-07
7.88461324651e-07
3.46230687497e-07
1.53275146621e-07
4.83466447513e-08
4.00981503303e-08
1.53186587446e-08
6.30384219625e-09
1.71498150863e-09
1.25021875955e-09
4.17827990852e-10
1.59473026422e-10
3.79529367041e-11
2.44052141454e-11
7.45487884556e-12
3.06013374674e-12
1.12228291649e-12
1.47024750919e-12
6.34707553632e-12
1.76906287459e-11
5.60879749521e-11
7.78082279773e-11
3.11521747964e-10
8.07933252459e-10
2.24993961444e-09
2.7322488635e-09
9.48520148305e-09
2.2897461381e-08
5.56858832813e-08
5.93174111062e-08
1.75886406914e-07
3.96385179131e-07
8.37796358914e-07
7.88461324651e-07
1.96585777895e-06
4.14976426667e-06
7.59333137769e-06
6.39138615759e-06
1.32216607426e-05
2.62299464982e-05
4.14826173575e-05
3.17148469101e-05
5.40711164378e-05
0.000101182089447
0.000138790232693
9.80313047725e-05
0.000138584261206
0.000245842734562
0.000296367514577
0.000196828220384
0.000236320344482
0.000400448731267
0.000434646057427
0.000275904765187
0.00029143727937
0.000475728810073
0.000475728810073
0.00029143727937
0.000275904765188
0.000434646057429
0.000400448731269
0.000236320344484
0.000196828220386
0.00029636751458
0.000245842734565
0.000138584261207
9.80313047736e-05
0.000138790232694
0.000101182089448
5.40711164384e-05
3.17148469104e-05
4.14826173579e-05
2.62299464984e-05
1.32216607428e-05
6.39138615765e-06
7.59333137775e-06
4.14976426669e-06
1.96585777896e-06
7.88461324655e-07
8.37796358916e-07
3.96385179131e-07
1.75886406914e-07
5.9317411106e-08
5.5685883281e-08
2.28974613808e-08
9.48520148297e-09
2.73224886347e-09
2.24993961441e-09
8.07933252447e-10
3.1152174796e-10
7.78082279762e-11
5.60879749512e-11
1.76906287456e-11
6.34707553621e-12
1.47024750916e-12
1.12228291647e-12
2.4323272824e-13
6.26874431513e-13
2.02730732159e-12
2.83678998498e-12
1.23325336348e-11
3.4095947372e-11
1.009301349e-10
1.23437508804e-10
4.68019876837e-10
1.20589768606e-09
3.12905135761e-09
3.34127995288e-09
1.08800363997e-08
2.62044172094e-08
5.9317411106e-08
5.5685883281e-08
1.53275146621e-07
3.46230687497e-07
6.80728560261e-07
5.68712729064e-07
1.30382078389e-06
2.77121082782e-06
4.71647385869e-06
3.56108894835e-06
6.73005006042e-06
1.35029640777e-05
1.98912125316e-05
1.3801065287e-05
2.14827078215e-05
4.08483550402e-05
5.24634517981e-05
3.40242239304e-05
4.42781969342e-05
8.02650162111e-05
9.15787266898e-05
5.6449078714e-05
6.34031424545e-05
0.000110468430228
0.000114913271971
6.82196516719e-05
6.82196516719e-05
0.000114913271971
0.000110468430229
6.34031424548e-05
5.64490787144e-05
9.15787266905e-05
8.02650162119e-05
4.42781969346e-05
3.40242239308e-05
5.24634517987e-05
4.08483550408e-05
2.14827078218e-05
1.38010652872e-05
1.98912125319e-05
1.35029640778e-05
6.73005006053e-06
3.5610889484e-06
4.71647385876e-06
2.77121082785e-06
1.3038207839e-06
5.6871272907e-07
6.80728560268e-07
3.462306875e-07
1.53275146623e-07
5.56858832813e-08
5.93174111062e-08
2.62044172094e-08
1.08800363997e-08
3.34127995287e-09
3.12905135759e-09
1.20589768605e-09
4.68019876833e-10
1.23437508803e-10
1.00930134899e-10
3.40959473716e-11
1.23325336347e-11
2.83678998495e-12
2.02730732156e-12
6.26874431504e-13
2.43232728237e-13
7.52225264248e-14
8.851811346e-14
3.93832721724e-13
1.15724346913e-12
3.63673925185e-12
4.47910166245e-12
1.85001899329e-11
5.08184039303e-11
1.40561348469e-10
1.50460047567e-10
5.36597115319e-10
1.37945123483e-09
3.34127995287e-09
3.12905135759e-09
9.48520148297e-09
2.28974613808e-08
4.83466447513e-08
4.00981503303e-08
1.017315895e-07
2.31349806313e-07
4.23942000469e-07
3.16268872894e-07
6.63088826941e-07
1.42479376569e-06
2.2597571925e-06
1.54169965334e-06
2.65503439742e-06
5.40798299715e-06
7.44143486714e-06
4.72045477966e-06
6.72094629938e-06
1.30367548234e-05
1.57564412341e-05
9.44645661053e-06
1.13916705359e-05
2.11883131283e-05
2.30311321533e-05
1.32451420038e-05
1.40120289098e-05
2.51796979011e-05
2.51796979011e-05
1.40120289098e-05
1.32451420038e-05
2.30311321535e-05
2.11883131284e-05
1.1391670536e-05
9.44645661065e-06
1.57564412343e-05
1.30367548236e-05
6.72094629948e-06
4.72045477974e-06
7.44143486726e-06
5.40798299724e-06
2.65503439746e-06
1.54169965337e-06
2.25975719254e-06
1.42479376571e-06
6.63088826953e-07
3.16268872899e-07
4.23942000476e-07
2.31349806317e-07
1.01731589502e-07
4.00981503308e-08
4.83466447518e-08
2.2897461381e-08
9.48520148305e-09
3.12905135761e-09
3.34127995288e-09
1.37945123483e-09
5.36597115319e-10
1.50460047567e-10
1.40561348469e-10
5.08184039301e-11
1.85001899329e-11
4.47910166243e-12
3.63673925183e-12
1.15724346913e-12
3.93832721721e-13
8.85181134594e-14
7.52225264241e-14
1.20992411454e-14
3.30675915744e-14
1.06095850532e-13
1.31255601286e-13
5.88637089797e-13
1.72189853712e-12
5.07214863366e-12
5.44253017931e-12
2.12019105613e-11
5.8108203144e-11
1.50460047567e-10
1.40561348469e-10
4.68019876833e-10
1.20589768605e-09
2.73224886347e-09
2.24993961441e-09
6.30384219625e-09
1.53186587446e-08
3.02203541489e-08
2.22836411925e-08
5.1801489282e-08
1.19058047446e-07
2.0359388657e-07
1.36683147471e-07
2.61086525247e-07
5.69157196383e-07
8.42519936542e-07
5.23465289579e-07
8.21259933911e-07
1.70422727285e-06
2.19761066198e-06
1.28377934278e-06
1.67950583312e-06
3.33586478857e-06
3.81587276045e-06
2.12782724358e-06
2.39643104097e-06
4.58979622531e-06
4.77871212795e-06
2.57404265267e-06
2.57404265267e-06
4.77871212796e-06
4.58979622534e-06
2.39643104099e-06
2.1278272436e-06
3.81587276049e-06
3.33586478862e-06
1.67950583314e-06
1.28377934281e-06
2.19761066201e-06
1.70422727288e-06
8.21259933927e-07
5.2346528959e-07
8.42519936559e-07
5.69157196395e-07
2.61086525253e-07
1.36683147474e-07
2.03593886574e-07
1.19058047448e-07
5.1801489283e-08
2.2283641193e-08
3.02203541495e-08
1.53186587448e-08
6.30384219635e-09
2.24993961444e-09
2.7322488635e-09
1.20589768606e-09
4.68019876837e-10
1.40561348469e-10
1.50460047567e-10
5.8108203144e-11
2.12019105613e-11
5.44253017931e-12
5.07214863365e-12
1.72189853712e-12
5.88637089796e-13
1.31255601285e-13
1.06095850532e-13
3.30675915742e-14
1.20992411454e-14
3.19555434324e-15
3.32403772118e-15
1.51825989923e-14
4.71570299005e-14
1.47725954236e-13
1.58894839062e-13
6.74354886448e-13
1.96824854553e-12
5.44253017931e-12
5.07214863365e-12
1.85001899329e-11
5.08184039301e-11
1.23437508803e-10
1.00930134899e-10
3.1152174796e-10
8.07933252447e-10
1.71498150863e-09
1.25021875955e-09
3.21761174257e-09
7.90054038961e-09
1.45745030938e-08
9.63366259783e-09
2.04262811336e-08
4.76056462761e-08
7.60162433733e-08
4.63065491778e-08
8.04329932494e-08
1.7845600186e-07
2.46967390703e-07
1.40802883765e-07
2.01695048163e-07
4.2783794893e-07
5.19151498258e-07
2.81142155466e-07
3.40277506636e-07
6.94520949389e-07
7.56430894064e-07
3.94313632531e-07
4.17660370649e-07
8.25883064723e-07
8.25883064724e-07
4.1766037065e-07
3.94313632533e-07
7.5643089407e-07
6.94520949395e-07
3.4027750664e-07
2.8114215547e-07
5.19151498266e-07
4.27837948937e-07
2.01695048167e-07
1.40802883768e-07
2.46967390708e-07
1.78456001864e-07
8.04329932512e-08
4.63065491788e-08
7.6016243375e-08
4.76056462771e-08
2.04262811341e-08
9.63366259803e-09
1.45745030941e-08
7.90054038976e-09
3.21761174264e-09
1.25021875957e-09
1.71498150866e-09
8.07933252459e-10
3.11521747964e-10
1.009301349e-10
1.23437508804e-10
5.08184039303e-11
1.85001899329e-11
5.07214863366e-12
5.44253017931e-12
1.96824854553e-12
6.74354886448e-13
1.58894839061e-13
1.47725954236e-13
4.71570299004e-14
1.51825989923e-14
3.32403772116e-15
3.19555434322e-15
3.76634144846e-16
1.0946448364e-15
3.5008143975e-15
3.7648871894e-15
1.73478036466e-14
5.38640609392e-14
1.58894839061e-13
1.47725954236e-13
5.88637089796e-13
1.72189853712e-12
4.47910166243e-12
3.63673925183e-12
1.23325336347e-11
3.40959473716e-11
7.78082279762e-11
5.60879749512e-11
1.59473026422e-10
4.17827990852e-10
8.31402053069e-10
5.41294955131e-10
1.27322685139e-09
3.16887828691e-09
5.46641161092e-09
3.26745882645e-09
6.29939984124e-09
1.49306082615e-08
2.22711396328e-08
1.24088117016e-08
1.96021418485e-08
4.43944662021e-08
5.75716573207e-08
3.03312622409e-08
3.98603303474e-08
8.67087281751e-08
9.95160551062e-08
5.02513808644e-08
5.67214613265e-08
1.19331471925e-07
1.24377122144e-07
6.08395589361e-08
6.08395589362e-08
1.24377122145e-07
1.19331471925e-07
5.67214613269e-08
5.02513808649e-08
9.95160551074e-08
8.67087281764e-08
3.98603303481e-08
3.03312622415e-08
5.75716573219e-08
4.4394466203e-08
1.96021418489e-08
1.24088117019e-08
2.22711396333e-08
1.49306082618e-08
6.29939984139e-09
3.26745882653e-09
5.46641161105e-09
3.16887828698e-09
1.27322685142e-09
5.41294955143e-10
8.31402053087e-10
4.1782799086e-10
1.59473026425e-10
5.60879749521e-11
7.78082279773e-11
3.4095947372e-11
1.23325336348e-11
3.63673925185e-12
4.47910166245e-12
1.72189853712e-12
5.88637089797e-13
1.47725954236e-13
1.58894839062e-13
5.38640609392e-14
1.73478036466e-14
3.7648871894e-15
3.5008143975e-15
1.0946448364e-15
3.76634144845e-16
8.61051788916e-17
7.81875351546e-17
3.64396849652e-16
1.19783583423e-15
3.7648871894e-15
3.5008143975e-15
1.51825989923e-14
4.71570299004e-14
1.31255601285e-13
1.06095850532e-13
3.93832721721e-13
1.15724346913e-12
2.83678998495e-12
2.02730732156e-12
6.34707553621e-12
1.76906287456e-11
3.79529367041e-11
2.44052141454e-11
6.35442194122e-11
1.68371083999e-10
3.13981458885e-10
1.84706802059e-10
3.95333130524e-10
9.97992558748e-10
1.60919483385e-09
8.79210269658e-10
1.5383262918e-09
3.70998649569e-09
5.17365317752e-09
2.66211565093e-09
3.83295641467e-09
8.86743087951e-09
1.08136244669e-08
5.30976738352e-09
6.44578862401e-09
1.43918367487e-08
1.57115700351e-08
7.4500457387e-09
7.89881148748e-09
1.71293331929e-08
1.71293331929e-08
7.89881148751e-09
7.45004573875e-09
1.57115700352e-08
1.43918367488e-08
6.44578862409e-09
5.3097673836e-09
1.08136244671e-08
8.86743087968e-09
3.83295641475e-09
2.66211565099e-09
5.17365317765e-09
3.70998649578e-09
1.53832629184e-09
8.79210269681e-10
1.60919483389e-09
9.97992558773e-10
3.95333130534e-10
1.84706802064e-10
3.13981458892e-10
1.68371084003e-10
6.35442194137e-11
2.44052141459e-11
3.79529367049e-11
1.76906287459e-11
6.34707553632e-12
2.02730732159e-12
2.83678998498e-12
1.15724346913e-12
3.93832721724e-13
1.06095850532e-13
1.31255601286e-13
4.71570299005e-14
1.51825989923e-14
3.5008143975e-15
3.7648871894e-15
1.19783583423e-15
3.64396849652e-16
7.81875351545e-17
8.61051788914e-17
8.78634478243e-18
2.38542163569e-17
7.81875351545e-17
8.61051788914e-17
3.76634144845e-16
1.0946448364e-15
3.32403772116e-15
3.19555434322e-15
1.20992411454e-14
3.30675915742e-14
8.85181134594e-14
7.52225264241e-14
2.43232728237e-13
6.26874431504e-13
1.47024750916e-12
1.12228291647e-12
3.06013374674e-12
7.45487884556e-12
1.52081798467e-11
1.05866495347e-11
2.40573325282e-11
5.55226697894e-11
9.78387619952e-11
6.29708715875e-11
1.18255962394e-10
2.59262094393e-10
3.93202013578e-10
2.36960392487e-10
3.67644164421e-10
7.68653379969e-10
1.00816112992e-09
5.75836771857e-10
7.48766483195e-10
1.50182263048e-09
1.73442039817e-09
9.50311547716e-10
1.06769235633e-09
2.07009461449e-09
2.1617716626e-09
1.14754355173e-09
1.14754355174e-09
2.16177166261e-09
2.07009461451e-09
1.06769235634e-09
9.50311547727e-10
1.7344203982e-09
1.5018226305e-09
7.48766483209e-10
5.75836771869e-10
1.00816112994e-09
7.68653379987e-10
3.6764416443e-10
2.36960392493e-10
3.93202013589e-10
2.592620944e-10
1.18255962398e-10
6.29708715893e-11
9.78387619979e-11
5.55226697909e-11
2.40573325289e-11
1.0586649535e-11
1.52081798471e-11
7.45487884573e-12
3.06013374681e-12
1.12228291649e-12
1.47024750919e-12
6.26874431513e-13
2.4323272824e-13
7.52225264248e-14
8.851811346e-14
3.30675915744e-14
1.20992411454e-14
3.19555434324e-15
3.32403772118e-15
1.0946448364e-15
3.76634144846e-16
8.61051788916e-17
7.81875351546e-17
2.38542163569e-17
8.78634478243e-18
)
;

boundaryField
{
    zMin
    {
        type            empty;
    }
    zMax
    {
        type            empty;
    }
    xMin
    {
        type            zeroGradient;
    }
    xMax
    {
        type            zeroGradient;
    }
    yMin
    {
        type            zeroGradient;
    }
    yMax
    {
        type            zeroGradient;
    }
}


// ************************************************************************* //
