/*--------------------------------*- C++ -*----------------------------------*\
  =========                 |
  \\      /  F ield         | OpenFOAM: The Open Source CFD Toolbox
   \\    /    O peration     |
    \\  /    A nd           |
     \\/     M anipulation  |
\*---------------------------------------------------------------------------*/
FoamFile
{
    format      ascii;
    class       volScalarField;
    location    "0";
    object      phi;
}

// 第三题第二个算例的未知量：phi(x,y,tau)。
//
// OpenFOAM 计算时间记为 tau，范围是 0 <= tau <= 2*pi。
//
// 对应控制方程：
//
//     d(phi)/dt + div(U phi) - div(epsilon grad(phi)) = 0
//
// 对应旋转尖峰解析初值：
//
//     phi(x,y,0) = 1/(4*pi*epsilon*t0)
//                  * exp(-((x-x0)^2+(y-y0)^2)/(4*epsilon*t0))
//
// 其中：
//
//     epsilon = 0.001
//     t0 = 1.570796326794897
//     (x0,y0) = (0,0.5)
//
// internalField 的每个数都是单元中心值，不是网格顶点值。
// 对四边形网格，单元中心来自 blockMesh 的 N x N 规则网格；
// 对三角形网格，单元中心来自 gmshToFoam 后写出的 constant/C。
//
// 边界说明：
// 原题说初始和边界条件由解析函数给出。这里先采用 fixedValue 0 的工程近似；
// 因为尖峰始终在区域内部旋转，边界解析值处于指数小量级，主要误差来自内部离散。
dimensions      [0 0 0 0 0 0 0];

internalField   nonuniform List<scalar>
400
(
    9.9707777040060102e-207
    2.7564459012311134e-194
    3.1591310472394186e-183
    1.5010098390966310e-173
    2.9566312669428584e-165
    2.4143960981695767e-158
    8.1736795054040157e-153
    1.1471611163442812e-148
    6.6746571093193706e-146
    1.6100198521145835e-144
    1.6100198521145835e-144
    6.6746571093193706e-146
    1.1471611163442812e-148
    8.1736795054040157e-153
    2.4143960981695767e-158
    2.9566312669428584e-165
    1.5010098390965453e-173
    3.1591310472394186e-183
    2.7564459012311134e-194
    9.9707777040054431e-207
    2.2509239833715604e-187
    6.2227344467375107e-175
    7.1318046113774173e-164
    3.3885611999373167e-154
    6.6746571093186122e-146
    5.4505498408064201e-139
    1.8452252950855077e-133
    2.5897402852870572e-129
    1.5068178445210083e-126
    3.6346535911366302e-125
    3.6346535911366302e-125
    1.5068178445210083e-126
    2.5897402852870572e-129
    1.8452252950855077e-133
    5.4505498408064201e-139
    6.6746571093186122e-146
    3.3885611999369318e-154
    7.1318046113774173e-164
    6.2227344467371561e-175
    2.2509239833714325e-187
    2.1066401264245914e-169
    5.8238581926456423e-157
    6.6746571093193706e-146
    3.1713549846054775e-136
    6.2468126869193745e-128
    5.1011704928931999e-121
    1.7269466573003872e-115
    2.4237383591391675e-111
    1.4102310686324857e-108
    3.4016728940232528e-107
    3.4016728940232528e-107
    1.4102310686324857e-108
    2.4237383591391675e-111
    1.7269466573003872e-115
    5.1011704928929101e-121
    6.2468126869193745e-128
    3.1713549846052973e-136
    6.6746571093193706e-146
    5.8238581926456423e-157
    2.1066401264244720e-169
    8.1736795054044789e-153
    2.2596337055632178e-140
    2.5897402852872046e-129
    1.2304730607228377e-119
    2.4237383591393052e-111
    1.9792337660490555e-104
    6.7004840184357049e-99
    9.4040079765224188e-95
    5.4716401909277950e-92
    1.3198354891852041e-90
    1.3198354891852041e-90
    5.4716401909277950e-92
    9.4040079765224188e-95
    6.7004840184357049e-99
    1.9792337660489991e-104
    2.4237383591393052e-111
    1.2304730607227677e-119
    2.5897402852872046e-129
    2.2596337055632178e-140
    8.1736795054040157e-153
    1.3147482042765449e-137
    3.6346535911368370e-125
    4.1656348127825057e-114
    1.9792337660489991e-104
    3.8986183067338159e-96
    3.1836262212579305e-89
    1.0777825733437035e-83
    1.5126483234336967e-79
    8.8012126126463466e-77
    2.1229745284229045e-75
    2.1229745284229045e-75
    8.8012126126463466e-77
    1.5126483234336967e-79
    1.0777825733437035e-83
    3.1836262212578398e-89
    3.8986183067338159e-96
    1.9792337660489430e-104
    4.1656348127825057e-114
    3.6346535911366302e-125
    1.3147482042763955e-137
    8.7672884785636544e-124
    2.4237383591391675e-111
    2.7778187474391774e-100
    1.3198354891852041e-90
    2.5997610228153003e-82
    2.1229745284229045e-75
    7.1871029805842484e-70
    1.0086968877403487e-65
    5.8690150467788849e-63
    1.4156878148062702e-61
    1.4156878148062299e-61
    5.8690150467788849e-63
    1.0086968877403487e-65
    7.1871029805840438e-70
    2.1229745284228441e-75
    2.5997610228153003e-82
    1.3198354891850913e-90
    2.7778187474391774e-100
    2.4237383591391675e-111
    8.7672884785636544e-124
    2.4237383591391675e-111
    6.7004840184357049e-99
    7.6793479185339425e-88
    3.6487175147856753e-78
    7.1871029805842484e-70
    5.8690150467790522e-63
    1.9868922104841980e-57
    2.7885672355122692e-53
    1.6225035749678015e-50
    3.9137036150932632e-49
    3.9137036150931522e-49
    1.6225035749677784e-50
    2.7885672355122692e-53
    1.9868922104841414e-57
    5.8690150467788849e-63
    7.1871029805842484e-70
    3.6487175147855722e-78
    7.6793479185339425e-88
    6.7004840184353240e-99
    2.4237383591391675e-111
    2.7778187474391774e-100
    7.6793479185339425e-88
    8.8012126126463466e-77
    4.1817533144462623e-67
    8.2370563324056599e-59
    6.7264108621587599e-52
    2.2771543845119522e-46
    3.1959449402167967e-42
    1.8595327467330824e-39
    4.4854508461825702e-38
    4.4854508461824423e-38
    1.8595327467330559e-39
    3.1959449402167967e-42
    2.2771543845119199e-46
    6.7264108621585685e-52
    8.2370563324056599e-59
    4.1817533144461437e-67
    8.8012126126463466e-77
    7.6793479185335061e-88
    2.7778187474390196e-100
    1.3198354891852041e-90
    3.6487175147856753e-78
    4.1817533144462623e-67
    1.9868922104842543e-57
    3.9137036150932632e-49
    3.1959449402168871e-42
    1.0819529437632355e-36
    1.5185013627935821e-32
    8.8352680127271933e-30
    2.1311891631680389e-28
    2.1311891631680389e-28
    8.8352680127271933e-30
    1.5185013627935821e-32
    1.0819529437632199e-36
    3.1959449402167967e-42
    3.9137036150932632e-49
    1.9868922104841414e-57
    4.1817533144462623e-67
    3.6487175147855722e-78
    1.3198354891850913e-90
    2.5997610228153744e-82
    7.1871029805842484e-70
    8.2370563324056599e-59
    3.9137036150932632e-49
    7.7090623768970995e-41
    6.2952490327179608e-34
    2.1311891631680084e-28
    2.9910853954381779e-24
    1.7403370036516157e-21
    4.1979341850183163e-20
    4.1979341850183163e-20
    1.7403370036515913e-21
    2.9910853954381779e-24
    2.1311891631680084e-28
    6.2952490327177820e-34
    7.7090623768970995e-41
    3.9137036150930968e-49
    8.2370563324056599e-59
    7.1871029805840438e-70
    2.5997610228152260e-82
    2.1229745284229045e-75
    5.8690150467790522e-63
    6.7264108621587599e-52
    3.1959449402168871e-42
    6.2952490327178718e-34
    5.1407237931686809e-27
    1.7403370036515913e-21
    2.4425314677487157e-17
    1.4211656753062478e-14
    3.4280486816201807e-13
    3.4280486816201807e-13
    1.4211656753062273e-14
    2.4425314677487157e-17
    1.7403370036515785e-21
    5.1407237931684613e-27
    6.2952490327178718e-34
    3.1959449402167055e-42
    6.7264108621587599e-52
    5.8690150467788849e-63
    2.1229745284228441e-75
    7.1871029805842484e-70
    1.9868922104841980e-57
    2.2771543845119522e-46
    1.0819529437632355e-36
    2.1311891631680084e-28
    1.7403370036516285e-21
    5.8917246055971911e-16
    8.2689287869451041e-12
    4.8112042439271003e-09
    1.1605291805155468e-07
    1.1605291805155426e-07
    4.8112042439270498e-09
    8.2689287869451041e-12
    5.8917246055971083e-16
    1.7403370036515665e-21
    2.1311891631680084e-28
    1.0819529437632047e-36
    2.2771543845119522e-46
    1.9868922104841414e-57
    7.1871029805840438e-70
    1.0086968877403487e-65
    2.7885672355122692e-53
    3.1959449402167967e-42
    1.5185013627935821e-32
    2.9910853954381353e-24
    2.4425314677487157e-17
    8.2689287869449571e-12
    1.1605291805155262e-07
    6.7524380271756208e-05
    1.6287816880880815e-03
    1.6287816880880786e-03
    6.7524380271755368e-05
    1.1605291805155262e-07
    8.2689287869448989e-12
    2.4425314677486464e-17
    2.9910853954381353e-24
    1.5185013627935172e-32
    3.1959449402167967e-42
    2.7885672355121505e-53
    1.0086968877402913e-65
    5.8690150467788849e-63
    1.6225035749678015e-50
    1.8595327467330824e-39
    8.8352680127271933e-30
    1.7403370036515785e-21
    1.4211656753062478e-14
    4.8112042439270325e-09
    6.7524380271756208e-05
    3.9288472945241404e-02
    9.4769244869204228e-01
    9.4769244869204017e-01
    3.9288472945241022e-02
    6.7524380271756208e-05
    4.8112042439269638e-09
    1.4211656753062074e-14
    1.7403370036515785e-21
    8.8352680127268177e-30
    1.8595327467330824e-39
    1.6225035749677554e-50
    5.8690150467787186e-63
    1.4156878148062702e-61
    3.9137036150932632e-49
    4.4854508461825702e-38
    2.1311891631680389e-28
    4.1979341850182266e-20
    3.4280486816202054e-13
    1.1605291805155303e-07
    1.6287816880880815e-03
    9.4769244869204405e-01
    2.2859656025819142e+01
    2.2859656025819099e+01
    9.4769244869203384e-01
    1.6287816880880815e-03
    1.1605291805155139e-07
    3.4280486816201075e-13
    4.1979341850182266e-20
    2.1311891631679479e-28
    4.4854508461825702e-38
    3.9137036150930968e-49
    1.4156878148061899e-61
    1.4156878148062299e-61
    3.9137036150931522e-49
    4.4854508461824423e-38
    2.1311891631680389e-28
    4.1979341850182266e-20
    3.4280486816201807e-13
    1.1605291805155262e-07
    1.6287816880880786e-03
    9.4769244869204017e-01
    2.2859656025819060e+01
    2.2859656025819017e+01
    9.4769244869203018e-01
    1.6287816880880786e-03
    1.1605291805155096e-07
    3.4280486816200832e-13
    4.1979341850182266e-20
    2.1311891631679479e-28
    4.4854508461824423e-38
    3.9137036150930406e-49
    1.4156878148061899e-61
    5.8690150467788849e-63
    1.6225035749677784e-50
    1.8595327467330559e-39
    8.8352680127271933e-30
    1.7403370036515665e-21
    1.4211656753062273e-14
    4.8112042439269804e-09
    6.7524380271755368e-05
    3.9288472945241022e-02
    9.4769244869203173e-01
    9.4769244869203018e-01
    3.9288472945240606e-02
    6.7524380271755368e-05
    4.8112042439269299e-09
    1.4211656753061872e-14
    1.7403370036515665e-21
    8.8352680127268177e-30
    1.8595327467330559e-39
    1.6225035749677322e-50
    5.8690150467785524e-63
    1.0086968877403487e-65
    2.7885672355122692e-53
    3.1959449402167967e-42
    1.5185013627935821e-32
    2.9910853954381353e-24
    2.4425314677487157e-17
    8.2689287869449571e-12
    1.1605291805155262e-07
    6.7524380271756208e-05
    1.6287816880880815e-03
    1.6287816880880786e-03
    6.7524380271755368e-05
    1.1605291805155262e-07
    8.2689287869448989e-12
    2.4425314677486464e-17
    2.9910853954381353e-24
    1.5185013627935172e-32
    3.1959449402167967e-42
    2.7885672355121505e-53
    1.0086968877402913e-65
    7.1871029805840438e-70
    1.9868922104841414e-57
    2.2771543845119199e-46
    1.0819529437632199e-36
    2.1311891631679784e-28
    1.7403370036515785e-21
    5.8917246055970235e-16
    8.2689287869448989e-12
    4.8112042439269638e-09
    1.1605291805155139e-07
    1.1605291805155096e-07
    4.8112042439269299e-09
    8.2689287869448989e-12
    5.8917246055969397e-16
    1.7403370036515172e-21
    2.1311891631679784e-28
    1.0819529437631585e-36
    2.2771543845119199e-46
    1.9868922104840851e-57
    7.1871029805836346e-70
    2.1229745284228441e-75
    5.8690150467788849e-63
    6.7264108621585685e-52
    3.1959449402167967e-42
    6.2952490327176931e-34
    5.1407237931684613e-27
    1.7403370036515540e-21
    2.4425314677486464e-17
    1.4211656753062074e-14
    3.4280486816200832e-13
    3.4280486816200832e-13
    1.4211656753061872e-14
    2.4425314677486464e-17
    1.7403370036515172e-21
    5.1407237931683164e-27
    6.2952490327176931e-34
    3.1959449402166144e-42
    6.7264108621585685e-52
    5.8690150467787186e-63
    2.1229745284227840e-75
);

boundaryField
{
    xMin { type fixedValue; value uniform 0; }
    xMax { type fixedValue; value uniform 0; }
    yMin { type fixedValue; value uniform 0; }
    yMax { type fixedValue; value uniform 0; }
    zMin { type empty; }
    zMax { type empty; }
}
