/*--------------------------------*- C++ -*----------------------------------*\
  =========                 |
  \\      /  F ield         | OpenFOAM: The Open Source CFD Toolbox
   \\    /    O peration     |
    \\  /    A nd           |
     \\/     M anipulation  |
\*---------------------------------------------------------------------------*/
FoamFile
{
    format      ascii;
    class       volVectorField;
    location    "0";
    object      U;
}

// 第三题第二个算例的速度场：
//
//     U(x,y) = (-y, x, 0)
//
// 求解器用 fvc::flux(U) 计算面通量：
//
//     F_f = U_f dot S_f
//
// 然后用 fvc::div(faceFlux, phi) 构造对流项。
// internalField 是按单元中心坐标计算的非均匀速度。
dimensions      [0 1 -1 0 0 0 0];

internalField   nonuniform List<vector>
400
(
    (9.4999999999999996e-01 -9.4999999999999996e-01 0.0000000000000000e+00)
    (9.4999999999999996e-01 -8.4999999999999998e-01 0.0000000000000000e+00)
    (9.4999999999999996e-01 -7.5000000000000000e-01 0.0000000000000000e+00)
    (9.4999999999999996e-01 -6.4999999999999991e-01 0.0000000000000000e+00)
    (9.4999999999999996e-01 -5.5000000000000004e-01 0.0000000000000000e+00)
    (9.4999999999999996e-01 -4.4999999999999996e-01 0.0000000000000000e+00)
    (9.4999999999999996e-01 -3.4999999999999998e-01 0.0000000000000000e+00)
    (9.4999999999999996e-01 -2.5000000000000000e-01 0.0000000000000000e+00)
    (9.4999999999999996e-01 -1.4999999999999991e-01 0.0000000000000000e+00)
    (9.4999999999999996e-01 -4.9999999999999933e-02 0.0000000000000000e+00)
    (9.4999999999999996e-01 5.0000000000000044e-02 0.0000000000000000e+00)
    (9.4999999999999996e-01 1.5000000000000013e-01 0.0000000000000000e+00)
    (9.4999999999999996e-01 2.5000000000000000e-01 0.0000000000000000e+00)
    (9.4999999999999996e-01 3.5000000000000009e-01 0.0000000000000000e+00)
    (9.4999999999999996e-01 4.5000000000000018e-01 0.0000000000000000e+00)
    (9.4999999999999996e-01 5.5000000000000004e-01 0.0000000000000000e+00)
    (9.4999999999999996e-01 6.5000000000000013e-01 0.0000000000000000e+00)
    (9.4999999999999996e-01 7.5000000000000000e-01 0.0000000000000000e+00)
    (9.4999999999999996e-01 8.5000000000000009e-01 0.0000000000000000e+00)
    (9.4999999999999996e-01 9.5000000000000018e-01 0.0000000000000000e+00)
    (8.4999999999999998e-01 -9.4999999999999996e-01 0.0000000000000000e+00)
    (8.4999999999999998e-01 -8.4999999999999998e-01 0.0000000000000000e+00)
    (8.4999999999999998e-01 -7.5000000000000000e-01 0.0000000000000000e+00)
    (8.4999999999999998e-01 -6.4999999999999991e-01 0.0000000000000000e+00)
    (8.4999999999999998e-01 -5.5000000000000004e-01 0.0000000000000000e+00)
    (8.4999999999999998e-01 -4.4999999999999996e-01 0.0000000000000000e+00)
    (8.4999999999999998e-01 -3.4999999999999998e-01 0.0000000000000000e+00)
    (8.4999999999999998e-01 -2.5000000000000000e-01 0.0000000000000000e+00)
    (8.4999999999999998e-01 -1.4999999999999991e-01 0.0000000000000000e+00)
    (8.4999999999999998e-01 -4.9999999999999933e-02 0.0000000000000000e+00)
    (8.4999999999999998e-01 5.0000000000000044e-02 0.0000000000000000e+00)
    (8.4999999999999998e-01 1.5000000000000013e-01 0.0000000000000000e+00)
    (8.4999999999999998e-01 2.5000000000000000e-01 0.0000000000000000e+00)
    (8.4999999999999998e-01 3.5000000000000009e-01 0.0000000000000000e+00)
    (8.4999999999999998e-01 4.5000000000000018e-01 0.0000000000000000e+00)
    (8.4999999999999998e-01 5.5000000000000004e-01 0.0000000000000000e+00)
    (8.4999999999999998e-01 6.5000000000000013e-01 0.0000000000000000e+00)
    (8.4999999999999998e-01 7.5000000000000000e-01 0.0000000000000000e+00)
    (8.4999999999999998e-01 8.5000000000000009e-01 0.0000000000000000e+00)
    (8.4999999999999998e-01 9.5000000000000018e-01 0.0000000000000000e+00)
    (7.5000000000000000e-01 -9.4999999999999996e-01 0.0000000000000000e+00)
    (7.5000000000000000e-01 -8.4999999999999998e-01 0.0000000000000000e+00)
    (7.5000000000000000e-01 -7.5000000000000000e-01 0.0000000000000000e+00)
    (7.5000000000000000e-01 -6.4999999999999991e-01 0.0000000000000000e+00)
    (7.5000000000000000e-01 -5.5000000000000004e-01 0.0000000000000000e+00)
    (7.5000000000000000e-01 -4.4999999999999996e-01 0.0000000000000000e+00)
    (7.5000000000000000e-01 -3.4999999999999998e-01 0.0000000000000000e+00)
    (7.5000000000000000e-01 -2.5000000000000000e-01 0.0000000000000000e+00)
    (7.5000000000000000e-01 -1.4999999999999991e-01 0.0000000000000000e+00)
    (7.5000000000000000e-01 -4.9999999999999933e-02 0.0000000000000000e+00)
    (7.5000000000000000e-01 5.0000000000000044e-02 0.0000000000000000e+00)
    (7.5000000000000000e-01 1.5000000000000013e-01 0.0000000000000000e+00)
    (7.5000000000000000e-01 2.5000000000000000e-01 0.0000000000000000e+00)
    (7.5000000000000000e-01 3.5000000000000009e-01 0.0000000000000000e+00)
    (7.5000000000000000e-01 4.5000000000000018e-01 0.0000000000000000e+00)
    (7.5000000000000000e-01 5.5000000000000004e-01 0.0000000000000000e+00)
    (7.5000000000000000e-01 6.5000000000000013e-01 0.0000000000000000e+00)
    (7.5000000000000000e-01 7.5000000000000000e-01 0.0000000000000000e+00)
    (7.5000000000000000e-01 8.5000000000000009e-01 0.0000000000000000e+00)
    (7.5000000000000000e-01 9.5000000000000018e-01 0.0000000000000000e+00)
    (6.4999999999999991e-01 -9.4999999999999996e-01 0.0000000000000000e+00)
    (6.4999999999999991e-01 -8.4999999999999998e-01 0.0000000000000000e+00)
    (6.4999999999999991e-01 -7.5000000000000000e-01 0.0000000000000000e+00)
    (6.4999999999999991e-01 -6.4999999999999991e-01 0.0000000000000000e+00)
    (6.4999999999999991e-01 -5.5000000000000004e-01 0.0000000000000000e+00)
    (6.4999999999999991e-01 -4.4999999999999996e-01 0.0000000000000000e+00)
    (6.4999999999999991e-01 -3.4999999999999998e-01 0.0000000000000000e+00)
    (6.4999999999999991e-01 -2.5000000000000000e-01 0.0000000000000000e+00)
    (6.4999999999999991e-01 -1.4999999999999991e-01 0.0000000000000000e+00)
    (6.4999999999999991e-01 -4.9999999999999933e-02 0.0000000000000000e+00)
    (6.4999999999999991e-01 5.0000000000000044e-02 0.0000000000000000e+00)
    (6.4999999999999991e-01 1.5000000000000013e-01 0.0000000000000000e+00)
    (6.4999999999999991e-01 2.5000000000000000e-01 0.0000000000000000e+00)
    (6.4999999999999991e-01 3.5000000000000009e-01 0.0000000000000000e+00)
    (6.4999999999999991e-01 4.5000000000000018e-01 0.0000000000000000e+00)
    (6.4999999999999991e-01 5.5000000000000004e-01 0.0000000000000000e+00)
    (6.4999999999999991e-01 6.5000000000000013e-01 0.0000000000000000e+00)
    (6.4999999999999991e-01 7.5000000000000000e-01 0.0000000000000000e+00)
    (6.4999999999999991e-01 8.5000000000000009e-01 0.0000000000000000e+00)
    (6.4999999999999991e-01 9.5000000000000018e-01 0.0000000000000000e+00)
    (5.5000000000000004e-01 -9.4999999999999996e-01 0.0000000000000000e+00)
    (5.5000000000000004e-01 -8.4999999999999998e-01 0.0000000000000000e+00)
    (5.5000000000000004e-01 -7.5000000000000000e-01 0.0000000000000000e+00)
    (5.5000000000000004e-01 -6.4999999999999991e-01 0.0000000000000000e+00)
    (5.5000000000000004e-01 -5.5000000000000004e-01 0.0000000000000000e+00)
    (5.5000000000000004e-01 -4.4999999999999996e-01 0.0000000000000000e+00)
    (5.5000000000000004e-01 -3.4999999999999998e-01 0.0000000000000000e+00)
    (5.5000000000000004e-01 -2.5000000000000000e-01 0.0000000000000000e+00)
    (5.5000000000000004e-01 -1.4999999999999991e-01 0.0000000000000000e+00)
    (5.5000000000000004e-01 -4.9999999999999933e-02 0.0000000000000000e+00)
    (5.5000000000000004e-01 5.0000000000000044e-02 0.0000000000000000e+00)
    (5.5000000000000004e-01 1.5000000000000013e-01 0.0000000000000000e+00)
    (5.5000000000000004e-01 2.5000000000000000e-01 0.0000000000000000e+00)
    (5.5000000000000004e-01 3.5000000000000009e-01 0.0000000000000000e+00)
    (5.5000000000000004e-01 4.5000000000000018e-01 0.0000000000000000e+00)
    (5.5000000000000004e-01 5.5000000000000004e-01 0.0000000000000000e+00)
    (5.5000000000000004e-01 6.5000000000000013e-01 0.0000000000000000e+00)
    (5.5000000000000004e-01 7.5000000000000000e-01 0.0000000000000000e+00)
    (5.5000000000000004e-01 8.5000000000000009e-01 0.0000000000000000e+00)
    (5.5000000000000004e-01 9.5000000000000018e-01 0.0000000000000000e+00)
    (4.4999999999999996e-01 -9.4999999999999996e-01 0.0000000000000000e+00)
    (4.4999999999999996e-01 -8.4999999999999998e-01 0.0000000000000000e+00)
    (4.4999999999999996e-01 -7.5000000000000000e-01 0.0000000000000000e+00)
    (4.4999999999999996e-01 -6.4999999999999991e-01 0.0000000000000000e+00)
    (4.4999999999999996e-01 -5.5000000000000004e-01 0.0000000000000000e+00)
    (4.4999999999999996e-01 -4.4999999999999996e-01 0.0000000000000000e+00)
    (4.4999999999999996e-01 -3.4999999999999998e-01 0.0000000000000000e+00)
    (4.4999999999999996e-01 -2.5000000000000000e-01 0.0000000000000000e+00)
    (4.4999999999999996e-01 -1.4999999999999991e-01 0.0000000000000000e+00)
    (4.4999999999999996e-01 -4.9999999999999933e-02 0.0000000000000000e+00)
    (4.4999999999999996e-01 5.0000000000000044e-02 0.0000000000000000e+00)
    (4.4999999999999996e-01 1.5000000000000013e-01 0.0000000000000000e+00)
    (4.4999999999999996e-01 2.5000000000000000e-01 0.0000000000000000e+00)
    (4.4999999999999996e-01 3.5000000000000009e-01 0.0000000000000000e+00)
    (4.4999999999999996e-01 4.5000000000000018e-01 0.0000000000000000e+00)
    (4.4999999999999996e-01 5.5000000000000004e-01 0.0000000000000000e+00)
    (4.4999999999999996e-01 6.5000000000000013e-01 0.0000000000000000e+00)
    (4.4999999999999996e-01 7.5000000000000000e-01 0.0000000000000000e+00)
    (4.4999999999999996e-01 8.5000000000000009e-01 0.0000000000000000e+00)
    (4.4999999999999996e-01 9.5000000000000018e-01 0.0000000000000000e+00)
    (3.4999999999999998e-01 -9.4999999999999996e-01 0.0000000000000000e+00)
    (3.4999999999999998e-01 -8.4999999999999998e-01 0.0000000000000000e+00)
    (3.4999999999999998e-01 -7.5000000000000000e-01 0.0000000000000000e+00)
    (3.4999999999999998e-01 -6.4999999999999991e-01 0.0000000000000000e+00)
    (3.4999999999999998e-01 -5.5000000000000004e-01 0.0000000000000000e+00)
    (3.4999999999999998e-01 -4.4999999999999996e-01 0.0000000000000000e+00)
    (3.4999999999999998e-01 -3.4999999999999998e-01 0.0000000000000000e+00)
    (3.4999999999999998e-01 -2.5000000000000000e-01 0.0000000000000000e+00)
    (3.4999999999999998e-01 -1.4999999999999991e-01 0.0000000000000000e+00)
    (3.4999999999999998e-01 -4.9999999999999933e-02 0.0000000000000000e+00)
    (3.4999999999999998e-01 5.0000000000000044e-02 0.0000000000000000e+00)
    (3.4999999999999998e-01 1.5000000000000013e-01 0.0000000000000000e+00)
    (3.4999999999999998e-01 2.5000000000000000e-01 0.0000000000000000e+00)
    (3.4999999999999998e-01 3.5000000000000009e-01 0.0000000000000000e+00)
    (3.4999999999999998e-01 4.5000000000000018e-01 0.0000000000000000e+00)
    (3.4999999999999998e-01 5.5000000000000004e-01 0.0000000000000000e+00)
    (3.4999999999999998e-01 6.5000000000000013e-01 0.0000000000000000e+00)
    (3.4999999999999998e-01 7.5000000000000000e-01 0.0000000000000000e+00)
    (3.4999999999999998e-01 8.5000000000000009e-01 0.0000000000000000e+00)
    (3.4999999999999998e-01 9.5000000000000018e-01 0.0000000000000000e+00)
    (2.5000000000000000e-01 -9.4999999999999996e-01 0.0000000000000000e+00)
    (2.5000000000000000e-01 -8.4999999999999998e-01 0.0000000000000000e+00)
    (2.5000000000000000e-01 -7.5000000000000000e-01 0.0000000000000000e+00)
    (2.5000000000000000e-01 -6.4999999999999991e-01 0.0000000000000000e+00)
    (2.5000000000000000e-01 -5.5000000000000004e-01 0.0000000000000000e+00)
    (2.5000000000000000e-01 -4.4999999999999996e-01 0.0000000000000000e+00)
    (2.5000000000000000e-01 -3.4999999999999998e-01 0.0000000000000000e+00)
    (2.5000000000000000e-01 -2.5000000000000000e-01 0.0000000000000000e+00)
    (2.5000000000000000e-01 -1.4999999999999991e-01 0.0000000000000000e+00)
    (2.5000000000000000e-01 -4.9999999999999933e-02 0.0000000000000000e+00)
    (2.5000000000000000e-01 5.0000000000000044e-02 0.0000000000000000e+00)
    (2.5000000000000000e-01 1.5000000000000013e-01 0.0000000000000000e+00)
    (2.5000000000000000e-01 2.5000000000000000e-01 0.0000000000000000e+00)
    (2.5000000000000000e-01 3.5000000000000009e-01 0.0000000000000000e+00)
    (2.5000000000000000e-01 4.5000000000000018e-01 0.0000000000000000e+00)
    (2.5000000000000000e-01 5.5000000000000004e-01 0.0000000000000000e+00)
    (2.5000000000000000e-01 6.5000000000000013e-01 0.0000000000000000e+00)
    (2.5000000000000000e-01 7.5000000000000000e-01 0.0000000000000000e+00)
    (2.5000000000000000e-01 8.5000000000000009e-01 0.0000000000000000e+00)
    (2.5000000000000000e-01 9.5000000000000018e-01 0.0000000000000000e+00)
    (1.4999999999999991e-01 -9.4999999999999996e-01 0.0000000000000000e+00)
    (1.4999999999999991e-01 -8.4999999999999998e-01 0.0000000000000000e+00)
    (1.4999999999999991e-01 -7.5000000000000000e-01 0.0000000000000000e+00)
    (1.4999999999999991e-01 -6.4999999999999991e-01 0.0000000000000000e+00)
    (1.4999999999999991e-01 -5.5000000000000004e-01 0.0000000000000000e+00)
    (1.4999999999999991e-01 -4.4999999999999996e-01 0.0000000000000000e+00)
    (1.4999999999999991e-01 -3.4999999999999998e-01 0.0000000000000000e+00)
    (1.4999999999999991e-01 -2.5000000000000000e-01 0.0000000000000000e+00)
    (1.4999999999999991e-01 -1.4999999999999991e-01 0.0000000000000000e+00)
    (1.4999999999999991e-01 -4.9999999999999933e-02 0.0000000000000000e+00)
    (1.4999999999999991e-01 5.0000000000000044e-02 0.0000000000000000e+00)
    (1.4999999999999991e-01 1.5000000000000013e-01 0.0000000000000000e+00)
    (1.4999999999999991e-01 2.5000000000000000e-01 0.0000000000000000e+00)
    (1.4999999999999991e-01 3.5000000000000009e-01 0.0000000000000000e+00)
    (1.4999999999999991e-01 4.5000000000000018e-01 0.0000000000000000e+00)
    (1.4999999999999991e-01 5.5000000000000004e-01 0.0000000000000000e+00)
    (1.4999999999999991e-01 6.5000000000000013e-01 0.0000000000000000e+00)
    (1.4999999999999991e-01 7.5000000000000000e-01 0.0000000000000000e+00)
    (1.4999999999999991e-01 8.5000000000000009e-01 0.0000000000000000e+00)
    (1.4999999999999991e-01 9.5000000000000018e-01 0.0000000000000000e+00)
    (4.9999999999999933e-02 -9.4999999999999996e-01 0.0000000000000000e+00)
    (4.9999999999999933e-02 -8.4999999999999998e-01 0.0000000000000000e+00)
    (4.9999999999999933e-02 -7.5000000000000000e-01 0.0000000000000000e+00)
    (4.9999999999999933e-02 -6.4999999999999991e-01 0.0000000000000000e+00)
    (4.9999999999999933e-02 -5.5000000000000004e-01 0.0000000000000000e+00)
    (4.9999999999999933e-02 -4.4999999999999996e-01 0.0000000000000000e+00)
    (4.9999999999999933e-02 -3.4999999999999998e-01 0.0000000000000000e+00)
    (4.9999999999999933e-02 -2.5000000000000000e-01 0.0000000000000000e+00)
    (4.9999999999999933e-02 -1.4999999999999991e-01 0.0000000000000000e+00)
    (4.9999999999999933e-02 -4.9999999999999933e-02 0.0000000000000000e+00)
    (4.9999999999999933e-02 5.0000000000000044e-02 0.0000000000000000e+00)
    (4.9999999999999933e-02 1.5000000000000013e-01 0.0000000000000000e+00)
    (4.9999999999999933e-02 2.5000000000000000e-01 0.0000000000000000e+00)
    (4.9999999999999933e-02 3.5000000000000009e-01 0.0000000000000000e+00)
    (4.9999999999999933e-02 4.5000000000000018e-01 0.0000000000000000e+00)
    (4.9999999999999933e-02 5.5000000000000004e-01 0.0000000000000000e+00)
    (4.9999999999999933e-02 6.5000000000000013e-01 0.0000000000000000e+00)
    (4.9999999999999933e-02 7.5000000000000000e-01 0.0000000000000000e+00)
    (4.9999999999999933e-02 8.5000000000000009e-01 0.0000000000000000e+00)
    (4.9999999999999933e-02 9.5000000000000018e-01 0.0000000000000000e+00)
    (-5.0000000000000044e-02 -9.4999999999999996e-01 0.0000000000000000e+00)
    (-5.0000000000000044e-02 -8.4999999999999998e-01 0.0000000000000000e+00)
    (-5.0000000000000044e-02 -7.5000000000000000e-01 0.0000000000000000e+00)
    (-5.0000000000000044e-02 -6.4999999999999991e-01 0.0000000000000000e+00)
    (-5.0000000000000044e-02 -5.5000000000000004e-01 0.0000000000000000e+00)
    (-5.0000000000000044e-02 -4.4999999999999996e-01 0.0000000000000000e+00)
    (-5.0000000000000044e-02 -3.4999999999999998e-01 0.0000000000000000e+00)
    (-5.0000000000000044e-02 -2.5000000000000000e-01 0.0000000000000000e+00)
    (-5.0000000000000044e-02 -1.4999999999999991e-01 0.0000000000000000e+00)
    (-5.0000000000000044e-02 -4.9999999999999933e-02 0.0000000000000000e+00)
    (-5.0000000000000044e-02 5.0000000000000044e-02 0.0000000000000000e+00)
    (-5.0000000000000044e-02 1.5000000000000013e-01 0.0000000000000000e+00)
    (-5.0000000000000044e-02 2.5000000000000000e-01 0.0000000000000000e+00)
    (-5.0000000000000044e-02 3.5000000000000009e-01 0.0000000000000000e+00)
    (-5.0000000000000044e-02 4.5000000000000018e-01 0.0000000000000000e+00)
    (-5.0000000000000044e-02 5.5000000000000004e-01 0.0000000000000000e+00)
    (-5.0000000000000044e-02 6.5000000000000013e-01 0.0000000000000000e+00)
    (-5.0000000000000044e-02 7.5000000000000000e-01 0.0000000000000000e+00)
    (-5.0000000000000044e-02 8.5000000000000009e-01 0.0000000000000000e+00)
    (-5.0000000000000044e-02 9.5000000000000018e-01 0.0000000000000000e+00)
    (-1.5000000000000013e-01 -9.4999999999999996e-01 0.0000000000000000e+00)
    (-1.5000000000000013e-01 -8.4999999999999998e-01 0.0000000000000000e+00)
    (-1.5000000000000013e-01 -7.5000000000000000e-01 0.0000000000000000e+00)
    (-1.5000000000000013e-01 -6.4999999999999991e-01 0.0000000000000000e+00)
    (-1.5000000000000013e-01 -5.5000000000000004e-01 0.0000000000000000e+00)
    (-1.5000000000000013e-01 -4.4999999999999996e-01 0.0000000000000000e+00)
    (-1.5000000000000013e-01 -3.4999999999999998e-01 0.0000000000000000e+00)
    (-1.5000000000000013e-01 -2.5000000000000000e-01 0.0000000000000000e+00)
    (-1.5000000000000013e-01 -1.4999999999999991e-01 0.0000000000000000e+00)
    (-1.5000000000000013e-01 -4.9999999999999933e-02 0.0000000000000000e+00)
    (-1.5000000000000013e-01 5.0000000000000044e-02 0.0000000000000000e+00)
    (-1.5000000000000013e-01 1.5000000000000013e-01 0.0000000000000000e+00)
    (-1.5000000000000013e-01 2.5000000000000000e-01 0.0000000000000000e+00)
    (-1.5000000000000013e-01 3.5000000000000009e-01 0.0000000000000000e+00)
    (-1.5000000000000013e-01 4.5000000000000018e-01 0.0000000000000000e+00)
    (-1.5000000000000013e-01 5.5000000000000004e-01 0.0000000000000000e+00)
    (-1.5000000000000013e-01 6.5000000000000013e-01 0.0000000000000000e+00)
    (-1.5000000000000013e-01 7.5000000000000000e-01 0.0000000000000000e+00)
    (-1.5000000000000013e-01 8.5000000000000009e-01 0.0000000000000000e+00)
    (-1.5000000000000013e-01 9.5000000000000018e-01 0.0000000000000000e+00)
    (-2.5000000000000000e-01 -9.4999999999999996e-01 0.0000000000000000e+00)
    (-2.5000000000000000e-01 -8.4999999999999998e-01 0.0000000000000000e+00)
    (-2.5000000000000000e-01 -7.5000000000000000e-01 0.0000000000000000e+00)
    (-2.5000000000000000e-01 -6.4999999999999991e-01 0.0000000000000000e+00)
    (-2.5000000000000000e-01 -5.5000000000000004e-01 0.0000000000000000e+00)
    (-2.5000000000000000e-01 -4.4999999999999996e-01 0.0000000000000000e+00)
    (-2.5000000000000000e-01 -3.4999999999999998e-01 0.0000000000000000e+00)
    (-2.5000000000000000e-01 -2.5000000000000000e-01 0.0000000000000000e+00)
    (-2.5000000000000000e-01 -1.4999999999999991e-01 0.0000000000000000e+00)
    (-2.5000000000000000e-01 -4.9999999999999933e-02 0.0000000000000000e+00)
    (-2.5000000000000000e-01 5.0000000000000044e-02 0.0000000000000000e+00)
    (-2.5000000000000000e-01 1.5000000000000013e-01 0.0000000000000000e+00)
    (-2.5000000000000000e-01 2.5000000000000000e-01 0.0000000000000000e+00)
    (-2.5000000000000000e-01 3.5000000000000009e-01 0.0000000000000000e+00)
    (-2.5000000000000000e-01 4.5000000000000018e-01 0.0000000000000000e+00)
    (-2.5000000000000000e-01 5.5000000000000004e-01 0.0000000000000000e+00)
    (-2.5000000000000000e-01 6.5000000000000013e-01 0.0000000000000000e+00)
    (-2.5000000000000000e-01 7.5000000000000000e-01 0.0000000000000000e+00)
    (-2.5000000000000000e-01 8.5000000000000009e-01 0.0000000000000000e+00)
    (-2.5000000000000000e-01 9.5000000000000018e-01 0.0000000000000000e+00)
    (-3.5000000000000009e-01 -9.4999999999999996e-01 0.0000000000000000e+00)
    (-3.5000000000000009e-01 -8.4999999999999998e-01 0.0000000000000000e+00)
    (-3.5000000000000009e-01 -7.5000000000000000e-01 0.0000000000000000e+00)
    (-3.5000000000000009e-01 -6.4999999999999991e-01 0.0000000000000000e+00)
    (-3.5000000000000009e-01 -5.5000000000000004e-01 0.0000000000000000e+00)
    (-3.5000000000000009e-01 -4.4999999999999996e-01 0.0000000000000000e+00)
    (-3.5000000000000009e-01 -3.4999999999999998e-01 0.0000000000000000e+00)
    (-3.5000000000000009e-01 -2.5000000000000000e-01 0.0000000000000000e+00)
    (-3.5000000000000009e-01 -1.4999999999999991e-01 0.0000000000000000e+00)
    (-3.5000000000000009e-01 -4.9999999999999933e-02 0.0000000000000000e+00)
    (-3.5000000000000009e-01 5.0000000000000044e-02 0.0000000000000000e+00)
    (-3.5000000000000009e-01 1.5000000000000013e-01 0.0000000000000000e+00)
    (-3.5000000000000009e-01 2.5000000000000000e-01 0.0000000000000000e+00)
    (-3.5000000000000009e-01 3.5000000000000009e-01 0.0000000000000000e+00)
    (-3.5000000000000009e-01 4.5000000000000018e-01 0.0000000000000000e+00)
    (-3.5000000000000009e-01 5.5000000000000004e-01 0.0000000000000000e+00)
    (-3.5000000000000009e-01 6.5000000000000013e-01 0.0000000000000000e+00)
    (-3.5000000000000009e-01 7.5000000000000000e-01 0.0000000000000000e+00)
    (-3.5000000000000009e-01 8.5000000000000009e-01 0.0000000000000000e+00)
    (-3.5000000000000009e-01 9.5000000000000018e-01 0.0000000000000000e+00)
    (-4.5000000000000018e-01 -9.4999999999999996e-01 0.0000000000000000e+00)
    (-4.5000000000000018e-01 -8.4999999999999998e-01 0.0000000000000000e+00)
    (-4.5000000000000018e-01 -7.5000000000000000e-01 0.0000000000000000e+00)
    (-4.5000000000000018e-01 -6.4999999999999991e-01 0.0000000000000000e+00)
    (-4.5000000000000018e-01 -5.5000000000000004e-01 0.0000000000000000e+00)
    (-4.5000000000000018e-01 -4.4999999999999996e-01 0.0000000000000000e+00)
    (-4.5000000000000018e-01 -3.4999999999999998e-01 0.0000000000000000e+00)
    (-4.5000000000000018e-01 -2.5000000000000000e-01 0.0000000000000000e+00)
    (-4.5000000000000018e-01 -1.4999999999999991e-01 0.0000000000000000e+00)
    (-4.5000000000000018e-01 -4.9999999999999933e-02 0.0000000000000000e+00)
    (-4.5000000000000018e-01 5.0000000000000044e-02 0.0000000000000000e+00)
    (-4.5000000000000018e-01 1.5000000000000013e-01 0.0000000000000000e+00)
    (-4.5000000000000018e-01 2.5000000000000000e-01 0.0000000000000000e+00)
    (-4.5000000000000018e-01 3.5000000000000009e-01 0.0000000000000000e+00)
    (-4.5000000000000018e-01 4.5000000000000018e-01 0.0000000000000000e+00)
    (-4.5000000000000018e-01 5.5000000000000004e-01 0.0000000000000000e+00)
    (-4.5000000000000018e-01 6.5000000000000013e-01 0.0000000000000000e+00)
    (-4.5000000000000018e-01 7.5000000000000000e-01 0.0000000000000000e+00)
    (-4.5000000000000018e-01 8.5000000000000009e-01 0.0000000000000000e+00)
    (-4.5000000000000018e-01 9.5000000000000018e-01 0.0000000000000000e+00)
    (-5.5000000000000004e-01 -9.4999999999999996e-01 0.0000000000000000e+00)
    (-5.5000000000000004e-01 -8.4999999999999998e-01 0.0000000000000000e+00)
    (-5.5000000000000004e-01 -7.5000000000000000e-01 0.0000000000000000e+00)
    (-5.5000000000000004e-01 -6.4999999999999991e-01 0.0000000000000000e+00)
    (-5.5000000000000004e-01 -5.5000000000000004e-01 0.0000000000000000e+00)
    (-5.5000000000000004e-01 -4.4999999999999996e-01 0.0000000000000000e+00)
    (-5.5000000000000004e-01 -3.4999999999999998e-01 0.0000000000000000e+00)
    (-5.5000000000000004e-01 -2.5000000000000000e-01 0.0000000000000000e+00)
    (-5.5000000000000004e-01 -1.4999999999999991e-01 0.0000000000000000e+00)
    (-5.5000000000000004e-01 -4.9999999999999933e-02 0.0000000000000000e+00)
    (-5.5000000000000004e-01 5.0000000000000044e-02 0.0000000000000000e+00)
    (-5.5000000000000004e-01 1.5000000000000013e-01 0.0000000000000000e+00)
    (-5.5000000000000004e-01 2.5000000000000000e-01 0.0000000000000000e+00)
    (-5.5000000000000004e-01 3.5000000000000009e-01 0.0000000000000000e+00)
    (-5.5000000000000004e-01 4.5000000000000018e-01 0.0000000000000000e+00)
    (-5.5000000000000004e-01 5.5000000000000004e-01 0.0000000000000000e+00)
    (-5.5000000000000004e-01 6.5000000000000013e-01 0.0000000000000000e+00)
    (-5.5000000000000004e-01 7.5000000000000000e-01 0.0000000000000000e+00)
    (-5.5000000000000004e-01 8.5000000000000009e-01 0.0000000000000000e+00)
    (-5.5000000000000004e-01 9.5000000000000018e-01 0.0000000000000000e+00)
    (-6.5000000000000013e-01 -9.4999999999999996e-01 0.0000000000000000e+00)
    (-6.5000000000000013e-01 -8.4999999999999998e-01 0.0000000000000000e+00)
    (-6.5000000000000013e-01 -7.5000000000000000e-01 0.0000000000000000e+00)
    (-6.5000000000000013e-01 -6.4999999999999991e-01 0.0000000000000000e+00)
    (-6.5000000000000013e-01 -5.5000000000000004e-01 0.0000000000000000e+00)
    (-6.5000000000000013e-01 -4.4999999999999996e-01 0.0000000000000000e+00)
    (-6.5000000000000013e-01 -3.4999999999999998e-01 0.0000000000000000e+00)
    (-6.5000000000000013e-01 -2.5000000000000000e-01 0.0000000000000000e+00)
    (-6.5000000000000013e-01 -1.4999999999999991e-01 0.0000000000000000e+00)
    (-6.5000000000000013e-01 -4.9999999999999933e-02 0.0000000000000000e+00)
    (-6.5000000000000013e-01 5.0000000000000044e-02 0.0000000000000000e+00)
    (-6.5000000000000013e-01 1.5000000000000013e-01 0.0000000000000000e+00)
    (-6.5000000000000013e-01 2.5000000000000000e-01 0.0000000000000000e+00)
    (-6.5000000000000013e-01 3.5000000000000009e-01 0.0000000000000000e+00)
    (-6.5000000000000013e-01 4.5000000000000018e-01 0.0000000000000000e+00)
    (-6.5000000000000013e-01 5.5000000000000004e-01 0.0000000000000000e+00)
    (-6.5000000000000013e-01 6.5000000000000013e-01 0.0000000000000000e+00)
    (-6.5000000000000013e-01 7.5000000000000000e-01 0.0000000000000000e+00)
    (-6.5000000000000013e-01 8.5000000000000009e-01 0.0000000000000000e+00)
    (-6.5000000000000013e-01 9.5000000000000018e-01 0.0000000000000000e+00)
    (-7.5000000000000000e-01 -9.4999999999999996e-01 0.0000000000000000e+00)
    (-7.5000000000000000e-01 -8.4999999999999998e-01 0.0000000000000000e+00)
    (-7.5000000000000000e-01 -7.5000000000000000e-01 0.0000000000000000e+00)
    (-7.5000000000000000e-01 -6.4999999999999991e-01 0.0000000000000000e+00)
    (-7.5000000000000000e-01 -5.5000000000000004e-01 0.0000000000000000e+00)
    (-7.5000000000000000e-01 -4.4999999999999996e-01 0.0000000000000000e+00)
    (-7.5000000000000000e-01 -3.4999999999999998e-01 0.0000000000000000e+00)
    (-7.5000000000000000e-01 -2.5000000000000000e-01 0.0000000000000000e+00)
    (-7.5000000000000000e-01 -1.4999999999999991e-01 0.0000000000000000e+00)
    (-7.5000000000000000e-01 -4.9999999999999933e-02 0.0000000000000000e+00)
    (-7.5000000000000000e-01 5.0000000000000044e-02 0.0000000000000000e+00)
    (-7.5000000000000000e-01 1.5000000000000013e-01 0.0000000000000000e+00)
    (-7.5000000000000000e-01 2.5000000000000000e-01 0.0000000000000000e+00)
    (-7.5000000000000000e-01 3.5000000000000009e-01 0.0000000000000000e+00)
    (-7.5000000000000000e-01 4.5000000000000018e-01 0.0000000000000000e+00)
    (-7.5000000000000000e-01 5.5000000000000004e-01 0.0000000000000000e+00)
    (-7.5000000000000000e-01 6.5000000000000013e-01 0.0000000000000000e+00)
    (-7.5000000000000000e-01 7.5000000000000000e-01 0.0000000000000000e+00)
    (-7.5000000000000000e-01 8.5000000000000009e-01 0.0000000000000000e+00)
    (-7.5000000000000000e-01 9.5000000000000018e-01 0.0000000000000000e+00)
    (-8.5000000000000009e-01 -9.4999999999999996e-01 0.0000000000000000e+00)
    (-8.5000000000000009e-01 -8.4999999999999998e-01 0.0000000000000000e+00)
    (-8.5000000000000009e-01 -7.5000000000000000e-01 0.0000000000000000e+00)
    (-8.5000000000000009e-01 -6.4999999999999991e-01 0.0000000000000000e+00)
    (-8.5000000000000009e-01 -5.5000000000000004e-01 0.0000000000000000e+00)
    (-8.5000000000000009e-01 -4.4999999999999996e-01 0.0000000000000000e+00)
    (-8.5000000000000009e-01 -3.4999999999999998e-01 0.0000000000000000e+00)
    (-8.5000000000000009e-01 -2.5000000000000000e-01 0.0000000000000000e+00)
    (-8.5000000000000009e-01 -1.4999999999999991e-01 0.0000000000000000e+00)
    (-8.5000000000000009e-01 -4.9999999999999933e-02 0.0000000000000000e+00)
    (-8.5000000000000009e-01 5.0000000000000044e-02 0.0000000000000000e+00)
    (-8.5000000000000009e-01 1.5000000000000013e-01 0.0000000000000000e+00)
    (-8.5000000000000009e-01 2.5000000000000000e-01 0.0000000000000000e+00)
    (-8.5000000000000009e-01 3.5000000000000009e-01 0.0000000000000000e+00)
    (-8.5000000000000009e-01 4.5000000000000018e-01 0.0000000000000000e+00)
    (-8.5000000000000009e-01 5.5000000000000004e-01 0.0000000000000000e+00)
    (-8.5000000000000009e-01 6.5000000000000013e-01 0.0000000000000000e+00)
    (-8.5000000000000009e-01 7.5000000000000000e-01 0.0000000000000000e+00)
    (-8.5000000000000009e-01 8.5000000000000009e-01 0.0000000000000000e+00)
    (-8.5000000000000009e-01 9.5000000000000018e-01 0.0000000000000000e+00)
    (-9.5000000000000018e-01 -9.4999999999999996e-01 0.0000000000000000e+00)
    (-9.5000000000000018e-01 -8.4999999999999998e-01 0.0000000000000000e+00)
    (-9.5000000000000018e-01 -7.5000000000000000e-01 0.0000000000000000e+00)
    (-9.5000000000000018e-01 -6.4999999999999991e-01 0.0000000000000000e+00)
    (-9.5000000000000018e-01 -5.5000000000000004e-01 0.0000000000000000e+00)
    (-9.5000000000000018e-01 -4.4999999999999996e-01 0.0000000000000000e+00)
    (-9.5000000000000018e-01 -3.4999999999999998e-01 0.0000000000000000e+00)
    (-9.5000000000000018e-01 -2.5000000000000000e-01 0.0000000000000000e+00)
    (-9.5000000000000018e-01 -1.4999999999999991e-01 0.0000000000000000e+00)
    (-9.5000000000000018e-01 -4.9999999999999933e-02 0.0000000000000000e+00)
    (-9.5000000000000018e-01 5.0000000000000044e-02 0.0000000000000000e+00)
    (-9.5000000000000018e-01 1.5000000000000013e-01 0.0000000000000000e+00)
    (-9.5000000000000018e-01 2.5000000000000000e-01 0.0000000000000000e+00)
    (-9.5000000000000018e-01 3.5000000000000009e-01 0.0000000000000000e+00)
    (-9.5000000000000018e-01 4.5000000000000018e-01 0.0000000000000000e+00)
    (-9.5000000000000018e-01 5.5000000000000004e-01 0.0000000000000000e+00)
    (-9.5000000000000018e-01 6.5000000000000013e-01 0.0000000000000000e+00)
    (-9.5000000000000018e-01 7.5000000000000000e-01 0.0000000000000000e+00)
    (-9.5000000000000018e-01 8.5000000000000009e-01 0.0000000000000000e+00)
    (-9.5000000000000018e-01 9.5000000000000018e-01 0.0000000000000000e+00)
);

boundaryField
{
    // 速度边界用 zeroGradient 从内部外推到边界面；
    // 标量 phi 在边界上使用 fixedValue 0，所以边界标量通量主要由该 Dirichlet 值控制。
    xMin { type zeroGradient; }
    xMax { type zeroGradient; }
    yMin { type zeroGradient; }
    yMax { type zeroGradient; }
    zMin { type empty; }
    zMax { type empty; }
}
