/*--------------------------------*- C++ -*----------------------------------*\
  =========                 |
  \\      /  F ield         | OpenFOAM: The Open Source CFD Toolbox
   \\    /   O peration     | Website:  https://openfoam.org
    \\  /    A nd           | Version:  14
     \\/     M anipulation  |
\*---------------------------------------------------------------------------*/
FoamFile
{
    format      ascii;
    class       surfaceScalarField;
    location    "50.999999999972";
    object      phi;
}
// * * * * * * * * * * * * * * * * * * * * * * * * * * * * * * * * * * * * * //

dimensions      [0 3 -1 0 0 0 0];

internalField   nonuniform List<scalar> 
4035
(
-6.9115649156e-06
-2.61389425382e-05
3.30505071752e-05
-6.33634944225e-06
4.62024851769e-05
-4.67777006703e-05
-3.24752919821e-05
7.925299235e-05
-7.92529926515e-05
0.000924618656902
-0.000166462498808
-0.000758156158095
1.76871289777e-05
0.00023391420279
-0.000251601331774
-0.000641669848667
3.49538852145e-05
0.000606715963454
-0.000981474458208
0.000458662375967
0.000969141692295
-0.000446329610074
0.000425882661425
-0.00135728350029
-0.000380897909759
0.00131229874863
0.000352755579044
-8.75638961468e-05
-0.000388862041183
0.000123670358278
-0.00027121262461
-0.000763237845051
0.000749500452241
0.000284950017419
0.00118327144596
-0.00084896494851
9.15761639671e-05
5.05931342765e-05
-0.000990652461283
0.000963327276454
-2.32679494477e-05
6.09998549736e-05
-0.00116375486238
0.00092874588782
0.000174009119579
0.000924401809849
0.000570736864714
-0.00114519047017
-0.000349948204396
0.000601649479802
-0.000756008197461
-0.000116853906953
-0.000363510664603
-0.000690997549792
0.000760095861373
0.000294412353008
0.000643525351757
-0.000695666274219
0.000321304460609
-0.000269163538153
0.000328062533983
-0.000188476841957
0.000213169887011
0.000655139015295
-0.000774851508588
-6.98767671717e-05
0.000557189913774
0.00102256775843
-0.000552189011538
-0.000389124995858
-0.000518458502997
-0.00123231501481
0.00031184041158
0.000114937619037
-0.00066695504326
0.000607158916228
1.83381065292e-05
-1.31337573476e-05
7.40486431626e-05
7.21316976341e-05
0.000231084463664
-6.82994870072e-05
2.06829704272e-05
-0.000183467947083
-0.000345459825575
0.000576544289239
0.000236633870615
0.000163560360999
-0.000376750930229
0.000292912296659
0.000134454202624
-0.000104052964061
-0.000323453475907
0.000445757348332
-0.000506828542737
-0.000284388631167
-1.49469215266e-06
1.49469216028e-06
-1.50286147925e-08
4.11766624913e-06
-5.5973297692e-06
1.47966354621e-06
-6.2702157199e-05
-6.82994869676e-05
0.000238347003325
-0.000862653094805
0.000624306091501
-0.000308743631529
-8.28184501212e-05
0.000391562081657
0.000152705916268
-0.000948943526617
0.000796237610354
0.000888472418607
-0.000418192157683
-0.000887250482989
0.00041697022204
-0.000764389195748
0.000742139609735
0.000276032620127
-0.000253783034105
-0.00135071935476
9.64497586057e-05
0.000489880400413
0.00078157176581
0.000633140063756
-0.000672572219823
0.000458817678484
-0.000426297661525
0.000108497934673
-0.000141017951628
-0.000420576950314
0.000570650997266
0.000348083710173
0.000671835058968
-0.000331828988642
-0.00126799766997
0.000249107303856
-0.0011025967636
0.000832322877028
-6.15551020722e-05
0.000917638820104
-0.000862381112053
4.11920505529e-05
-4.43374263304e-05
0.00104363205276
-0.000851431969595
-0.000147862656848
-0.000110617981399
-0.00123553035611
0.0010889159054
0.000257232432103
-0.000568851976007
0.000726935947614
0.000117948648505
0.000669978914056
-0.000774791821437
-0.000315764042946
0.000791445062146
-0.000363923734912
0.000205618736515
-0.000347527256281
0.000169098567325
-0.000247868972576
-0.00104534491421
2.56794845525e-05
-0.000595326251335
-2.54578336964e-05
0.000510166103653
0.00107869186101
-0.000234556868732
-3.65998926889e-05
0.000377063550344
0.000791938313692
-0.000639479474106
0.00035160571666
-6.66948256059e-06
-1.6349504143e-06
-7.0948559676e-05
-0.000122007949635
-0.000629559503004
0.000660893549427
-0.000188577916689
0.000157243870289
0.000232212317308
-0.00026461132877
-0.000204923877148
0.000340218523563
-0.000309719083615
-9.5564603521e-05
9.50038099919e-05
0.000227749765007
-0.00054807588096
0.000564161989515
0.000216126208748
0.00269514723492
-2.9417720505e-05
-0.00266572951433
0.000242876857091
0.000542745043138
-0.000785621900259
-0.0016075975626
8.05123096524e-05
0.00152708525289
-0.00147299613422
0.000685834285529
0.001343798693
-0.000556636844309
0.000589199863599
-0.00186028225188
-0.000726345108633
0.0019974274969
0.000759229391473
-0.000209389022792
-0.000880219824432
0.000330379455748
-0.000101862156226
-0.00116025590408
0.000813166746865
0.000448951313478
0.00135983091742
0.000106309790427
-0.000876940844331
-3.98264267016e-05
-0.000998828626266
3.65533145686e-05
0.00100210173843
3.44619298707e-05
-0.00138237272202
0.000210674007828
0.00113723678422
0.00130077177932
0.000210074264233
-0.000117756307695
-0.00139308973577
0.000578492763122
2.05193256249e-06
-0.000682406851926
-0.000642955959683
-0.00104669310481
0.000444026376807
0.0012456226877
0.000402343940851
-0.000998528248093
-5.38019625409e-05
0.000649986270049
0.000661674008576
0.000403430683955
-0.000305875301056
0.000725737367985
-0.00148364933112
3.3487834299e-05
0.00108694193172
0.00233394267124
-0.000397442694831
-0.00111562435674
-0.000980430740983
-0.00192228694864
0.000483752744237
0.000155652857886
-0.00122521609686
0.000930619641381
-0.000180788362475
0.000156506867803
-4.40179922967e-05
0.000183078927571
0.00335860913771
-0.0040439226841
-0.000325975367189
0.0010112889136
0.000319880930013
0.000524872006134
0.000411681316334
-0.000527754779746
0.000133111053253
2.86154503206e-05
-9.51991635801e-05
0.00021267046911
-0.000155560600375
0.0011157951024
-0.00117290497111
0.00357127960683
-0.000362468156079
0.000362468156089
0.000183902840897
-0.000347229474619
-0.000199141522346
0.000546370996988
0.00031366407481
0.000660893549458
0.000254325730052
-0.00268823642872
0.00243391069873
-0.000447267851469
-0.00128110063001
0.0017283684815
-6.11082986768e-05
-0.00220035163051
0.00226145992922
0.00103327312702
-0.000578760512542
-0.000978316344648
0.000523803730159
-0.000750925193102
0.000976388125152
0.000140551422205
-0.000366014354178
-0.00157024614801
-1.46394254368e-06
0.000820784897468
0.00123019483345
0.0005782605926
-0.000832067300858
0.000861482696603
-0.000741225580283
0.000248617470715
-0.000368874587022
-0.000473222418929
0.00088743726406
0.000912696911885
0.000571823651641
-0.000439875481307
-0.00156842956955
0.000438058902876
-0.0011866330069
-9.56263372257e-05
0.000842383862847
0.000944599678763
-1.87173049876e-05
-0.000927346316305
-0.0001516440249
0.00121014518803
-0.000129811308315
-0.000928689854739
0.000247187352332
-0.0014212402677
0.000123564148479
0.00105048876688
-0.000563308067492
2.32079140909e-05
0.000680651575632
0.000858874692918
-0.000332594288576
-0.000999502823287
0.000978188856728
0.000126046041401
-0.000525974305522
-0.000606952525395
-0.000374505824572
0.000240232769678
-0.0026995188321
-0.00103248315929
-0.00131575081892
0.000182178441455
0.00138075972984
0.0014501102396
-0.000568481137453
-0.000179427628605
0.00203085679171
0.00104046428646
-0.000731787534919
0.00221303523319
0.00102909188036
-0.000308621560489
-5.95767704072e-05
-0.00328915481296
0.00404392268407
5.5057744504e-05
-0.000809825615554
-0.000372265865952
0.000304640150072
-0.000378441877443
-0.000600776513909
-0.00031691826913
0.000444005427124
-0.000155915447467
1.52772570955e-05
0.000128772240666
0.000151945369724
-0.000843288586674
0.000995983367021
-0.00106431331118
0.00106431331119
0.000653298312479
0.000284226820922
-0.00200183844457
0.00171761162368
-0.00204208423949
-0.000929186283949
8.02213354351e-05
3.41409925051e-05
-0.000470377366675
0.000281900524713
0.000289718494696
-0.000565096858274
-0.000190911339191
-0.000243792397665
-0.000112652960617
9.95192032661e-05
0.000123980909996
0.000693798630044
0.000275343062246
0.000317047699817
0.000718647052871
0.000210098834943
0.000272317442794
-0.000786786957502
-0.000358403512661
-0.000341029609168
0.000237793336062
-0.000217110365633
-0.000269035206674
0.00087167631316
-3.93534361309e-05
9.29520110681e-06
0.000462344128326
-0.000293245561017
-0.000312447693111
0.000567754036618
0.000159181910998
0.000203830301704
0.000113418200593
-0.000115053151008
-0.000151193128178
-0.000639220086315
-0.000248030396683
-0.000299001562753
-0.00065925833894
-0.000192173630668
-0.000242288116907
0.000835135178123
0.000253780727268
0.00028705929716
-0.000379845928609
0.000191268011923
0.000184316060907
0.00103816369203
-0.000380638055621
-0.000657525636407
-0.000869757147228
0.000732267871187
0.000137489276037
-9.75910216479e-05
0.000259201386255
-0.000161610364616
-0.000785485987862
0.000245803934578
0.000539682053316
3.38423437214e-05
-0.000419387884104
0.000385545540383
-0.00011333904301
0.000443808680212
-0.000330469637196
-0.000539459271393
0.000426120228386
0.0008100433815
-0.000304909593708
-0.000505133787748
0.000237365696698
-0.000627875728886
0.000390510032204
-0.00082791943683
0.00066054350742
0.000167375929443
-0.000775747464702
-9.73852312889e-06
0.000879145595138
0.000159018096893
-0.000277410017126
0.000179818995473
0.00043577870425
-0.000401936360533
-0.000782615114258
0.000374940927117
0.000407674187139
0.000865176045659
-0.000812984386573
-5.21916591551e-05
0.000629459241088
0.000235716804524
0.00123201729032
-0.00074873831196
-0.000483278978355
0.000871362673107
0.000360654617212
0.00115462325222
-0.00063145314878
-0.000523170103463
0.000405884940259
0.00111793516194
-0.000495253277369
-0.000622681884569
0.000696163587081
0.000421771574862
-0.000811002769124
4.29791707984e-05
0.00076802359832
-0.00101980755142
0.0005961188229
0.000423688728527
-0.000242985910405
0.00048035160711
0.000140622604411
-0.000532400937896
0.000391778333499
0.000433464574753
-0.000843050632474
0.000409586057699
-0.000789761053991
0.000858381017861
-6.8619963846e-05
0.000888536637518
-0.00100437223641
0.000115835598896
-0.000423552858944
0.000399877879896
2.36749790555e-05
-0.000205376758029
-0.000577238356234
-0.000132344990049
-0.000495530738829
7.38118901797e-05
-0.000884814659307
-0.000621368452297
-0.000248388694933
-0.000114704378242
-0.000675056675711
0.000686765254839
4.55026163407e-05
-0.000310107460499
-0.000517811976328
0.000637221511217
0.000172821870319
-1.14540327716e-05
0.000707617619857
0.00055893320341
-0.00057038723618
0.000371829591949
-0.000813502391767
0.000441672799829
0.000864189858487
-0.000492360266547
-0.000160126637471
0.00081961937673
-0.00065949273926
0.00071123603564
-0.000483275542842
-0.000329708843768
0.000267230582242
-0.00075050612512
-0.000586183867748
0.000549726243561
3.64576242257e-05
-0.000598838427726
0.000437030042817
0.000161808384894
0.000455712499649
0.00020818638341
-0.000663898883109
-0.000913680180725
0.000100177788916
-0.000284220939622
0.00103337570007
-0.000169185841578
0.000401922551283
0.000623480842152
7.52874424161e-05
-0.000698768284628
0.00114300407507
-0.000323384698341
0.000647750797699
0.000869507177131
-0.000310573973718
-0.000429100403573
-0.000169738024168
0.000188814619558
-0.000617915023141
0.000456873973854
0.000175289169457
-0.000632163143381
0.000307273432304
0.000264053182758
-0.000571326615029
-0.000278910435438
0.000668284899327
-0.000212572399714
0.000590336886481
-4.06106428824e-05
0.000592444715779
-0.000155414672983
0.000724481395441
-0.000101000553315
0.000656094296327
-0.00019922032252
0.00046098728111
-0.000320364676696
0.00033004790574
-0.000334659498596
-0.000685148052819
0.000202739955308
0.000630695704207
-0.000833435659517
-0.000418025186407
0.000663829120995
-0.000682220818179
0.000377311224497
-0.000253075972331
0.00068654054708
-0.00037840168954
-4.51511693896e-05
0.000201419575313
0.000687117062205
-2.16773107507e-05
0.000445798435624
-0.000826436491241
0.000588232554819
0.00027014846306
-0.000651346777689
-0.00035302545872
-0.000237487059587
-0.000605563572896
-0.000507692623916
9.70267853915e-05
0.000410665838532
-0.00021639451306
0.000812513335964
-0.000442580160143
-0.000284116914308
0.000726697074432
-0.00010226898385
-0.000762743574071
0.000865012557923
3.02059965806e-05
0.000703231565117
-0.000733437561666
-7.17716736939e-06
0.000461775659687
-0.000454598492298
-0.000733364959925
0.00101350322084
-0.00028013826092
-2.15180069121e-05
-0.000486174616992
8.02063857275e-05
0.000662614971952
-0.000742821357689
-0.000578389281499
0.00040860698052
-0.000415784147881
0.000664022199101
-0.000461282243795
0.00068006721973
-0.000305126292618
-0.000618438551399
-0.000157308913291
0.000753615761539
0.000125529833599
-0.000498989424269
7.96015401687e-05
0.000426831707231
1.69769729836e-05
0.000453072612553
9.0239248316e-05
-0.000543311860877
-0.000376409755897
1.37776134915e-05
0.000362632142398
0.000719928396084
-0.000499756970646
-0.000220171425408
0.000508985969551
0.000210942426552
0.000324495164156
7.53827157472e-05
0.000254282921665
4.91846458339e-06
0.00064674254414
-0.000193669931592
-0.000572186403743
0.000652392789467
0.000102794121734
-0.00083615908166
-0.000760459722014
0.000703638325684
5.68213963502e-05
0.000838003212536
-0.000779969791945
-5.80334205928e-05
-0.0007753868483
-0.00093146233107
0.000767395489325
0.000164066841748
-0.000202588390753
-0.000557871331262
0.000224618425091
0.000613384787442
-0.000294732124481
-0.000636730206585
-0.00023552687853
-0.000655399244458
0.000890926122981
0.000520402827447
0.000493100393397
-0.000456345792736
0.00043482778583
-0.000472618161223
9.62084053207e-05
-0.000263632403637
0.000526017952562
0.000427705463566
-0.00073781292407
-0.000452877174229
-0.000166965821089
0.000619842995342
1.53029524125e-05
0.000621918558847
0.000527833657708
-0.000642538035911
-6.45674592297e-05
0.000398485545661
0.000106081329665
-0.000504566875309
-0.000281374904142
6.95454101966e-05
-0.000522422584413
0.000366177472074
0.000326538607953
-0.00069271608003
-0.000415997195057
-0.000311490392395
0.000727487587449
-0.000714454173769
0.000298456978709
-0.000642105246578
0.000111513677716
0.000530591568861
-0.000369247800034
4.30378201491e-05
0.000326209979871
-0.000289958323417
4.62866773618e-05
0.000243671646041
-0.000214895177462
4.93166044381e-05
0.000165578573008
-4.08910050825e-05
-0.000564672567814
-0.000687985044755
8.7580397358e-05
0.0006004046474
-0.000143133772233
5.16390134748e-05
9.14947587299e-05
0.000615611414715
0.000239901681963
-0.000855513096686
-0.000624779813461
-6.32052312935e-05
0.000244588948651
-0.000203064686204
-4.15242624607e-05
-0.000348276701694
-0.000535423337918
0.000424104846273
0.000111318491645
0.000707907970106
-0.000651776222737
-5.61317472817e-05
-0.00084904588233
0.000481803883801
0.000367241998533
-7.27452200267e-05
5.25675645722e-05
2.01776554355e-05
0.00070973884249
-0.000543055961108
-0.000166682881364
0.00012490918806
-0.000269917946428
0.000145008758342
3.32482450539e-05
-0.000320303384768
0.000287055139687
0.000180201232339
-0.000212191476518
3.19902441762e-05
-1.41542208387e-06
5.13739548785e-05
-4.99585328183e-05
-0.000194770003382
0.000189789338574
4.98066478801e-06
9.84754276149e-05
-0.000319450043208
0.000220974615564
0.000292451194623
-0.000193975766997
3.60496709233e-05
-0.000815697329098
0.000779647658182
0.000759380044176
-0.000853527243313
9.41471991389e-05
-0.000322958183952
0.000878484430928
-0.000555526246979
-0.000315829607006
0.000159897522151
0.000155932084849
-1.7445522341e-05
-0.000351802277694
-4.0146331268e-05
-0.000765351242085
0.00080549757339
-0.000554524849219
-0.000391836647672
-0.000457209234653
0.000863281903089
-0.000358405686024
-0.000504876217068
-2.06441044693e-05
-0.000269314218951
0.00054032371914
-0.000778776930275
0.000814826601203
-0.000700801141157
0.000296931390862
0.000403869750288
-2.39043327552e-05
-0.000190990844712
3.69539385202e-05
0.0002937006823
-0.000330654620811
-0.000686187130607
0.000485373384858
0.000200813745744
-0.000715203006958
-0.00031901799419
0.000355971932719
0.000210693665832
-9.82960880501e-05
-0.00011239757779
0.000720794734813
-0.000431530675431
-0.000289264059385
0.000458413593012
0.000262381141798
0.000185102992041
-4.9017597027e-06
0.000354868595736
-0.000240527720662
-0.000114340875073
0.000692419675286
-0.000617500429807
-7.49192454313e-05
0.000638787602256
5.36320730623e-05
-0.000116083652482
0.000191536398919
-7.54527464538e-05
-0.000721550717928
0.000108741171135
0.000612809546803
-0.000321742175427
-0.00037905896574
0.000173670781889
-2.12192374353e-05
-0.00015245154447
-0.000314148786869
0.000402321898389
-8.81731115149e-05
-2.67363731109e-05
-0.000116397399132
-0.000129632821686
-0.000591917896231
9.0407540321e-05
0.000706865109482
-0.000747756114559
-0.000487348159159
0.000367612513473
0.000119735645721
1.39614694511e-05
-0.000792738399722
0.000375540736175
-0.000126380711281
-0.000249160024894
-0.000403745188153
7.98766047375e-05
0.000323868583412
-0.000101116220532
-0.000137874934497
0.000238991155018
-8.67847504638e-05
-0.000448638587456
-5.35404321717e-06
0.000179024825085
-0.000758602415956
0.000772563885412
0.000234908830479
-0.000202706335754
-3.22024947674e-05
0.000103096878484
0.000272443857689
0.000295000450109
-0.000122722379825
-0.000172278070291
-0.00030064830967
-0.000112682920362
0.000584636146758
-0.000471953226389
-2.85453887551e-05
-4.41998312802e-05
0.000146283529164
-9.89009148876e-05
-4.73826142874e-05
0.00021776352263
-0.000119551621665
-9.8211900971e-05
9.6104978237e-05
0.000121658544385
9.95429329153e-05
0.000195457517192
8.51012511754e-05
0.000125592414634
0.000127233814738
-0.000839850737611
0.00071261692287
-0.000193277796183
7.37261745076e-05
-0.000143492710954
-4.97850852338e-05
0.000580106020811
-0.000838076640858
9.23602469192e-05
0.000745716393958
-0.000227773537597
0.000405229187053
0.000230213777973
-0.000635442965032
-0.000711703066651
-0.000126373574193
0.000180883636395
-0.000238329264271
5.74456278393e-05
-0.000217199873019
0.000851663342277
-0.000672358127018
-0.000179305215255
-0.000129663532391
0.00025457272044
0.000117445720068
-0.000118763049297
1.31732921775e-06
0.000379584620404
0.000507794460198
-0.000887379080593
-0.000174230961199
-9.56869852366e-05
0.0004480720936
-0.000526483712437
7.84116188096e-05
0.000139960275635
0.000847227701534
-0.000767006366101
-0.000829887448459
0.000790534012334
-0.000796681622412
0.000738382346345
5.82992761055e-05
0.000912090159751
-0.000841673965866
-7.04161939665e-05
0.00017448596781
0.000117965226808
-0.000240308772586
-7.91412706318e-05
-0.000861122067739
0.000230601714747
0.000630520352989
-0.000591684470875
-0.000269437596857
-0.000355252261484
0.000653709240194
0.000300238039308
0.000575031341039
-0.00087526938035
7.03579874543e-05
0.000586353333161
-0.000181124146119
0.000317740443083
-0.000359282721834
4.15422787279e-05
0.000248542348813
-0.00045394223565
0.000205399886842
0.000862684019896
-0.000632082305149
-0.000214487025728
-5.39012716427e-05
0.000268388297364
0.000286799960052
0.00012780907757
-0.000265684012076
0.000190325892879
0.000386183822304
-6.8443379243e-05
0.000250447075456
-0.000605699336937
-0.00033354846017
-2.57342616805e-05
-0.0001413436392
-0.000331763027391
-1.78543279611e-06
0.000133286691718
-0.000212144508869
1.73745054833e-05
2.92799470326e-05
-0.000243766972773
0.000219069285608
-0.000743632761791
0.000429356909457
0.000314275852322
-0.000379349107543
6.03311133636e-05
0.000287706599721
0.00012506429172
8.60426833074e-05
0.000300141138975
-0.000299881156492
0.000199255588015
0.000100625568466
0.000294210044229
-0.000260961799181
-0.000597450794229
0.000106930116951
0.000490520677279
-5.36740297714e-05
-0.000158517446759
0.000911796875619
-0.000611558836311
0.00024028613078
-0.000838271176421
0.000597985045639
0.000793521036679
-0.000792014419407
2.66631773423e-05
-0.00080640212799
0.000289976060951
0.000310037560781
-0.000600013621746
0.00027971370033
0.000211139329363
-0.000490853029685
8.77875366209e-05
0.000267081059119
0.000260649450819
0.000280420976728
-0.000541070427548
0.00095002182327
-0.00070627408209
0.000718369267831
0.000193720891878
-2.86421659196e-05
2.72267438299e-05
0.000480029232202
-0.000838434918231
0.000839618991966
-0.000747258745023
0.000740142708958
-0.000506544972241
-0.000233597736705
0.000197086747851
0.000515028966891
-0.00023531526655
0.000329518983095
0.000442944120142
-0.000772463103238
-0.000287130845495
0.000540472047573
-0.000253341202064
0.000809548215297
0.000739875511
0.000120297479862
-0.000750265759875
0.000629968280011
-0.000174865509096
-0.000125015647405
-0.00080190041929
0.000824679058222
-0.000110650078028
-0.000691250341205
8.68818166497e-05
0.000706584672254
-0.000793466488904
0.000726324763306
9.83542948431e-05
-0.000487295682188
0.000866880302596
0.00104159798724
0.000758730027601
0.000282867959638
5.16827855367e-05
0.000183226044929
-0.000342731927489
0.000632707988436
0.000855897545491
6.70333214518e-05
-0.000165934236349
-0.000778063889894
-5.18235585517e-05
0.000221972875921
-0.000348353587209
-0.000208060378977
-0.000237545884967
0.000431456157146
-0.000193910272181
0.000241618119909
-0.00052600675107
-0.000332660694988
0.000548786903731
0.000286781081156
-0.00057391192664
0.000626553624977
-0.000458513784268
-0.000168039840695
-0.00066447410292
0.000804944086754
-0.000323140202951
1.58681156559e-05
-0.000808606515372
-0.000772336095588
0.00026579112335
-0.000911490723323
0.000720579384132
0.000833420487097
-0.000674238576103
4.83513773805e-05
0.000144751249488
-0.000193102626879
0.000433155048737
-0.000353278444005
-4.01741916077e-05
0.000221057827991
2.55363570804e-05
-0.000169029068045
-0.000414269818704
0.000655887938617
-0.000153228013099
0.000774329612698
-0.000716700956096
-5.76286565596e-05
0.000787518475108
-0.000797634635813
1.01161606026e-05
0.000146653223857
-0.000269375603688
0.000667715304592
-0.000547417824708
-0.000352007112279
0.000246843278744
0.000105163833502
-0.000269626174745
-0.000356330870936
-0.000131017288209
0.000367276116765
-0.000395393483999
2.81173672211e-05
-0.000171524079752
0.000219875457125
-0.000460188982779
0.000222643097812
1.58731274414e-05
-0.000347636154843
-4.45577545094e-05
0.00082258794676
-0.000778030192256
0.000340235234569
-0.000297197414418
0.000573060487241
-0.000421115117507
-0.000487980759395
0.000332420159026
0.000142982077145
0.000140133759248
-0.000380661479913
-2.32444991037e-05
0.00016799574858
-0.000142007548403
-3.98616774174e-06
0.000770878468914
-0.000766892301177
0.000314227869331
-0.000637593648656
0.000323365779335
0.000668004477954
-0.000227959620439
-0.000634440874718
0.000242758202091
0.000321515808836
4.81627088427e-05
0.00073935576616
-0.000462161925161
-0.000135288869068
0.000683349240408
-1.31174564984e-05
-0.000670231783964
0.000277885682714
-0.00039255297009
0.000114667287389
0.000263114029706
-0.00021682735235
7.41078211588e-05
-0.000245631900921
-0.000653217146306
-9.70486135525e-05
-0.000265964428984
-0.000221213757539
1.81490713301e-05
-7.64154046705e-05
-0.000689021998154
0.000274752179454
0.000601008950492
0.000794847043561
-0.000839404798073
0.000189986200447
-0.000140669596023
0.000264380242492
0.000167075914652
0.00067064684185
-0.000622484133058
0.000135968435001
0.000490585189985
-5.57492603658e-05
-0.000280187336298
0.000335936596683
-0.000678187127906
-4.8285700887e-05
0.000726472828787
-0.000384059326924
0.000203897670657
0.000180161656256
2.65146705788e-05
0.000828619289701
-0.000404930561173
4.01101819708e-05
-0.000453978369913
0.000413868187942
0.00093307545818
-0.000589827634634
-0.000343247823552
0.000616256608047
0.000316818850138
0.000598908877101
-0.000487395199384
0.000273363409171
0.00029347111202
-0.000349220372386
5.16211249362e-06
-0.000314271216829
-0.000195556229523
0.000509827446357
0.000495769420474
-0.000761594474783
0.000265825054307
0.000274141251437
-0.000370745824253
9.66045728204e-05
-0.00047122039278
-0.000301115702797
-0.000279160728986
-0.000741407698722
0.000728290242162
0.000404514001743
0.000790860875817
0.000226200830747
0.000360069894695
-8.59286432767e-05
-0.000657867085751
0.000325206390758
0.000478671085306
-0.000486400329687
0.000683137636724
-0.000876795192759
0.000820839708736
-0.000672998820885
0.000880722374464
-0.000207723553577
0.000119444909439
-6.78058959744e-05
0.000543395818206
-0.000803603782153
0.00026020796395
-0.000152535362243
0.000786322615179
-0.000633787252943
0.000137862369148
-0.000179286615688
-0.000204772711242
-0.000821607142847
0.0006690717806
0.00078678026841
-0.000708619991577
0.000745173306139
0.000370807788591
0.000312329848125
0.000815606280616
-0.000762426300746
-1.22548935578e-05
-0.000308048491216
0.000901094629985
-0.000284838021941
0.00057434243809
0.000158189495377
-0.000732531933492
-0.000348154444501
-0.000496959571906
0.000845114016404
0.000945214687301
-0.0004698529796
-0.000475361707706
0.000243486245369
-0.000901011881775
0.000559466949907
-0.000697906586569
0.000138439636646
0.000675401537121
-0.000115934587224
0.000261687764827
0.000504741620487
-0.000622497928152
-0.000150973904878
-0.000521701743754
0.000672675648628
-0.000254501673608
0.00053640219832
-0.00018150360777
-0.000563086246368
0.000744589854128
-0.000771145583213
0.000284745253525
0.000996452296793
-0.000517781211483
-0.000825369604534
0.00077354604599
0.000198979612378
-7.96532105706e-05
0.000733601662488
-0.000458543076281
-0.000275058586219
0.000152180474369
-0.000327045983472
-7.83821641379e-05
0.000371853276154
0.000604819007407
0.000642975342833
0.000258119287154
0.000243331885811
-0.000380422194463
0.000137090308664
-0.00068608057633
0.00051939769497
-0.000104718133726
0.000552790227296
0.000306432728217
0.000427168934267
0.000305493263625
0.000499450823127
0.000303415179824
5.66547148651e-05
0.0003831492442
0.000725983198441
0.000121112466407
-0.000535242739293
-9.23028424274e-05
0.000627545581883
-0.000714060151249
-0.000383775013603
0.000305392849479
0.000630441902873
-0.000125700282322
-0.00048433086264
0.000288774633115
4.1505787761e-07
0.000885993645579
-0.000378199185384
8.0473708256e-05
0.00041290708933
-0.000112765950376
-0.000127413938445
0.000235917111265
-0.000529162672287
0.000331866551059
-0.00080308694383
0.000652706027523
-0.000167332642667
0.000314084152727
-2.01788683812e-05
-0.00029390528435
-0.000191916087407
-0.000497105910742
-0.00021009507668
-0.00028099137746
0.000439544645158
-0.000158553267724
-3.50604693785e-05
-0.000916897120011
0.000703757730647
0.000213139389365
-0.000447941727078
0.000237846650407
-4.4220975027e-05
-0.000288121863877
-0.000349471784776
-0.000756905692482
0.000131915711859
0.000463492346611
0.000135416530489
0.00029699436481
-0.000402447427905
0.000105453063107
-0.000412557200078
0.000233270584382
0.000463263477864
-5.14307061556e-05
-0.000411832771696
4.92909090395e-05
3.27665552136e-06
-0.000338738769137
-0.000187733405516
0.000351293766511
-9.89874690231e-05
-0.000132898196928
0.000231885665932
-0.00016169320812
-0.00075520391189
0.000570687011599
-0.000678252231951
0.000585949389582
-0.000693497212926
0.000698659325402
-0.000428296453342
0.000240563047821
0.000722520214408
-0.000521706468662
0.000429445963873
-0.000112952430822
-0.000316493533051
-0.000859200669915
0.000187730322475
0.000671470347439
-0.000400125407314
0.000706558135528
-0.000556003916058
0.000749724807896
0.000410332158531
-0.00100015979316
0.000572378339337
-0.000820408736022
0.000624137957884
-0.000160645611273
-0.000582563896404
0.00085790695865
0.000425894788765
0.000376107920705
-0.000802002709479
0.000174827875117
0.000547692339285
0.00021107829641
0.000178224314541
-0.000389302610953
-0.000765061588472
0.000689211738699
7.58498497606e-05
-0.000649306412185
0.000342874125942
0.000306432286234
0.000588716659781
-0.000831787398864
0.000243070739054
0.000107525896759
0.000560189407826
0.000757347673514
-0.000670465856865
-0.000308363723545
0.000404968296363
-0.000216225327085
-0.000704819643604
0.000892549966082
0.000783135242975
-0.000508383063517
0.000356078145021
0.000105264414616
-0.000413628138153
-0.0005495565739
0.000855049837525
0.000309679810823
-0.000679779305078
0.000370099494249
-0.000869798860434
-0.000562827614757
0.000209788903376
0.000353038711442
3.66374216703e-05
0.000734241047239
-0.000281898707164
-0.000367407705022
-0.00013363164747
0.000430626012305
-0.000249306892387
-0.000515754696087
-0.00039272005935
0.000896002938443
-0.0006859041035
0.000931466147721
-0.000286825271468
-0.000644640876244
7.98858744204e-05
0.000429633657732
-0.000509519532136
0.000396667898765
-0.000305283477148
0.000501661700772
0.000308551952114
-0.000810213652883
1.41645501741e-05
-0.00059152487132
0.000577360321139
-0.000325980540734
0.000378758990595
-8.76457234534e-05
-0.000314801704448
-0.000486054723391
-0.000200025852933
-0.000315229146369
-0.000284784475382
0.00042667396023
-0.000661646508254
0.000234972548006
0.000389209037445
-0.000677330901326
0.000313634700782
4.49451968291e-07
-0.000258476809689
-0.000154080390398
0.000958828828537
-0.000642009978394
-0.000321837004208
-0.000560292950037
0.000882129954243
-0.00068202411448
-1.13426898434e-05
0.000752050409044
-0.000740707719198
0.000383136010003
-9.85266826221e-05
-0.000284609327392
-0.00029156157092
-0.000599398305519
0.000344896631908
0.0003304673986
-0.00023572622523
0.000610453653184
-0.000374727427951
0.000793181497963
-0.000291519797183
0.000673801855963
0.000257664291768
-0.000169343898042
0.000328771461016
-0.00046240310846
0.000231514760421
-0.000199524516257
-0.000397908198863
0.000601233613567
-0.00020332541471
-0.000225303200626
0.000899105056591
-0.000930122844227
0.000345893021151
0.000240460312004
-0.000417472856309
0.000101626247953
0.000315846608365
-0.000119159927912
-0.000702447214936
-0.00065034132532
0.000414615100092
0.000543874605573
0.000112906932106
0.000644440741408
0.00012465920031
0.000136834345812
-0.000713311579506
0.000576477233694
0.00057329598839
-0.000424459241803
-0.000148836746593
-0.000904400900615
0.000421122276988
-0.000242897962435
0.000473161901851
0.000352250242176
-0.000825412144013
0.000175387789524
0.000209568283993
-0.000471675058945
0.000262106774943
-0.000153775964347
0.000205458749867
-0.000822586820209
0.000696213246017
-0.000643719542596
0.000122017798837
0.000211137089322
-0.000693293966478
0.000482156877157
0.000805028452915
-0.000476190102897
0.000475283660681
9.06442224715e-07
-0.000892804397441
-0.000747123348318
-0.000594111984757
0.000768939859876
0.000439204235998
0.000184933721889
-0.000525079409507
0.000683268904879
0.000549025760374
-0.000616892849041
6.78670886582e-05
2.04836578008e-05
0.000363973918731
-0.000384457576493
-0.000192625736086
0.000554410250494
-0.000540245700325
-0.00036284075419
-0.000199986860531
0.000754593385606
-0.000421452435133
-0.000333140950464
-0.000249049653417
-9.62043259591e-05
9.97871366582e-05
-3.5828107368e-06
-0.000164301102287
0.000493072563325
0.000719407496648
-0.000838567424564
0.000667425914671
0.000263919480617
0.000632083457821
-0.000158664611972
-0.000663922208234
0.000496324313199
-0.000111316281621
-0.000385008031591
-6.37007169222e-05
-0.000462782995524
0.000438124732336
-0.000483190092494
4.50653601451e-05
0.000525253375139
-0.000315464471765
-0.000810337311843
0.000674642065825
-0.000567116169052
6.62295272245e-05
0.000506780303398
-3.80653705634e-05
0.000453477682808
-0.00025535015426
-0.000852573467528
0.000660399836859
0.000313292405879
-0.000411819088504
0.000399535019909
-0.000559521376762
0.000159986356862
-0.000226528597332
-0.000278859236653
0.000505387834014
-0.000376477491547
0.000612394602803
-9.21642978755e-05
-0.00054163846734
0.000633802765208
0.000331159081523
0.000113529287613
-0.000444688369137
-0.000219596038185
0.000923353768834
0.00077039452997
-0.000226519924392
0.000408732498708
8.75918145003e-05
-9.46937822238e-05
0.000314858329451
-0.000381321060692
0.000401804718503
-0.000432426983011
0.000344781259592
-0.000782931437191
0.000747870967817
-0.000677746053651
0.000301268562097
-0.000183269651139
-0.000399214017298
0.000233560556897
0.000165653460388
-0.000229258892094
0.000570242049874
-0.000340983157784
0.000632309424453
-0.000790974036421
0.000401113894831
-0.000456026081397
5.49121865854e-05
-0.000570211815584
-0.000240125496261
-0.000681118621096
-1.19664630476e-05
0.000693085084163
-0.000719652460095
-0.000315377676406
0.000704586713857
-0.00018651366308
-0.000138980703928
0.000686673043215
-0.000519852905767
-4.26549261595e-05
0.000562507831918
6.25107363506e-05
-0.000443831797018
-0.000719440775489
0.000262715801233
0.000456724974257
0.0005844687418
-7.44575937864e-05
0.000375828943072
-0.000201359296024
-0.000174469647051
-0.000344682703071
-3.90923105219e-05
0.00047402424378
1.25941689817e-06
-2.8159012502e-05
0.000502183256275
0.000211642272865
-8.76613628744e-05
8.21916799428e-05
-0.000233384808124
0.000180587121735
0.000589807408235
-0.000513725323595
0.000620655440549
0.000710165692813
-0.000477748376178
-0.000232417316628
-0.000841878349953
0.000655717027891
0.000186161322102
0.00037197472147
0.000149390276706
0.000281235735596
0.000271589468838
6.86457657193e-05
7.66778715992e-06
-0.000268629586347
-7.6026670529e-05
-0.000245699579668
-0.000606873887867
0.000454881138943
0.000255284553872
-0.000658539637203
0.000255012903505
0.000397593444286
4.21127423098e-06
-0.000672183142607
0.000194434766427
-0.000147718785264
-0.000197516762185
-0.000501840109374
0.000699356871521
-0.00067200355707
0.000599446533726
-0.00090082129632
0.000301374762602
0.000774864527938
-0.000466312575828
9.64495024119e-05
0.000230167709857
-0.000326617212278
0.000363779784396
0.000136360560295
-0.000500140344684
-0.000525562398901
-0.000598208777579
0.000506044479699
-0.000329569870866
0.000672443996802
0.000523766141262
-0.000547743596052
0.000783460400569
-0.000345312914639
0.000450577329249
-6.97109744634e-05
-0.000362716008534
-0.000385366952074
-0.000686204341088
0.000370440298138
-0.000325791044807
-0.000122150682264
0.000328938446022
-0.000824920728724
0.000495982282693
-0.000249823740586
0.000134731392944
0.000588958062331
-0.000723689455269
-0.000170428281535
-0.000501754861068
0.000260981868414
0.000394005106162
-0.0004914575852
9.7452479031e-05
0.000280787729655
-0.000507316326975
-0.000252954196403
-0.000304740448867
0.000557694645305
-0.000450851192956
-0.000210795315313
0.000260192623746
0.0001793520214
0.000290670334214
-0.000531079146508
0.000240408812287
0.000259109831848
-0.000358501133764
-5.8971722529e-05
-0.000353699417704
-0.000381277711108
0.000734977128805
0.000362622956783
-9.10334879488e-05
-0.000312930058221
-0.00054801191828
5.00319082464e-05
0.000620235822937
0.000148704036935
-0.000221063408577
-0.000620814941415
0.000338485826915
-0.000182553742031
-0.000745260358254
0.000756107380299
-1.92912156599e-05
-0.00032992915671
-0.000587663252205
0.000545008326023
0.000761831964923
0.000140300762724
-0.000237345685314
9.70449225778e-05
-0.000308066458838
0.000614498745067
0.000440334301923
-0.000284445234143
-0.000155889067776
-0.000296668460172
0.000173539064641
0.000123129395526
0.00067891811309
-0.000674259136063
-4.65897702461e-06
-0.000237283898331
0.000200211457764
0.000138274369129
-0.000457963410704
0.000683879371552
-0.000516503442083
-0.00010851585945
0.000308727317212
0.000242620508735
-0.000593363090073
0.000350742581333
-0.000353390565504
0.000730378830173
-0.000376988264662
1.95795473203e-05
0.000659338565786
0.000649318085754
0.000249786970844
0.000393951399827
-0.000829311560307
0.000435360160489
-0.000597160214999
0.000240719689747
0.000356440525298
0.000393552503415
-0.000157948706319
0.000442838868372
0.000498807114977
0.000462250643915
-0.00039973990755
0.00089099235998
-0.000517164042414
-0.00037382831757
-0.000593758401189
0.000340804204805
-0.000551162496484
-0.000210431978311
0.000767040817401
0.000332836114309
-0.000508156622514
0.000175320508223
-0.000389999635489
-0.000207160579473
-0.000276537829489
0.000562077740411
-0.000271407406197
-0.000220512926272
-0.000267146254471
0.00048765918075
3.94002607397e-05
1.43772585493e-05
-0.000426182096919
0.00041180483837
0.000122519376222
-0.000546978618034
0.000458843827157
-0.00017760809156
0.000128069153546
0.000342014088001
-0.000470083241556
-0.000119646502243
0.000259947264961
0.000402716814783
0.000321275631985
0.00021512656633
-0.000661539073779
-0.000152254628567
0.00071244403638
0.000179190740268
-0.00072422355457
-5.87078826103e-05
-0.000368561945055
0.000186008203022
2.52488607331e-05
-0.000754670878384
0.000144584447478
0.000276783665444
0.000590981924766
-0.000867765590215
-0.000184393889927
-0.000287281169022
-1.03010028816e-05
-0.000239048894104
0.00024934989696
-0.000212707070503
0.000843227423489
0.000116658055668
0.00024596490111
-0.000198532018729
-0.000149821568488
0.000456629196259
-0.00031204474876
0.000315975933695
-0.000500369823628
-6.67785416488e-05
-0.000122056988152
0.000188835529801
0.000834219433155
-0.000464119938909
2.65378538036e-05
7.32492828382e-05
0.000625384955961
-0.000382764447228
0.000536084114636
-0.00020324800032
0.000266249330474
0.000295828409933
-0.000260823870774
0.0002192996083
0.000233230515333
-0.000784393011812
-0.000165913937202
9.91353955336e-05
-0.000587291769421
0.000880204066077
0.000572341088293
-0.000841778685155
0.000178745583822
-0.000218955414985
-6.01399322628e-05
0.000279095347232
0.000177296924345
0.000109478937347
-0.000653330805232
0.000543851867889
-0.000191697572686
0.000425258129599
-0.000645527439938
0.00017631836332
0.000469209076667
0.000454098832523
-0.000439721573972
0.000815459829256
-0.000243118740956
0.000299028262884
-0.000202578760478
-0.000215103212812
-0.000197658410313
-9.90100498602e-05
0.000522245146731
-0.000814513537656
0.000292268390925
0.000407019097427
0.00031231741176
0.000278541814236
0.000257542300415
-7.44191784814e-05
0.000176991784558
0.000122036478318
0.000148560574144
-0.000349919870172
0.000115567021962
0.000414650468408
0.000470870124896
-0.000885520593304
0.000467519641821
0.000139186375495
-0.000414187549781
0.000275001174282
-0.000803876765139
7.58287628342e-05
-0.000414421988351
0.000418633262595
-0.00020290848467
-0.000461685527052
0.000149640778295
-0.000443968847944
0.000118177803145
-0.000500474981055
0.000115466949482
0.00021811966591
9.41977458464e-05
0.000228383268604
0.000238034206387
-0.000466417475012
8.97719022291e-05
-0.000327113759597
0.000905500141685
-0.000731491022105
-0.000473931776534
-0.000122714482709
0.000596646259236
-0.000528267413716
0.000255585347895
0.000272682065803
0.000379337119286
0.000351041710884
0.00031965919285
-0.000533508685686
0.000213849492831
-0.000152864346146
0.000772408984002
-0.000619544637862
0.000334777721581
-0.00074516785487
0.000429790178458
0.000565940535388
-7.54198581016e-05
0.000567218477751
-0.000288676663507
-0.000763334073832
9.42058565608e-05
-0.000796653071502
0.000111231828766
0.00057544121445
-7.17671123113e-05
0.000391691750122
-6.54817702589e-05
0.000142296248679
0.000192481472892
-0.000548245324765
-0.000274163678414
0.000614457082338
-0.000340293403879
-0.000605914161233
1.43892899082e-05
-3.95325279034e-05
-0.00046678185611
0.000670483310054
-0.000200816399002
-0.000469666911057
0.000322099638779
-1.03331946862e-06
-0.000517618963909
0.000665292478476
-0.000147673514573
0.000459886637445
0.000214755428388
0.000504598692657
-0.000184939499811
0.000142922009936
0.00029741229198
0.000191346917391
-0.000234024677923
0.000414186334173
0.000101344707324
-0.000507896774789
0.000497517074602
1.03797001793e-05
-0.000150054198919
-2.27756974198e-05
7.414965229e-05
-0.000237680275754
1.29974490009e-05
-0.00027188938981
7.4230979486e-05
0.00044136155942
2.58702300142e-05
-4.96023877155e-05
-0.000222287002093
-0.000115947534183
-0.000482261243399
0.000849162004774
0.000174233926622
0.000718316039462
0.0003851512766
-0.000168109434338
-0.000461825323638
0.000629934757972
-0.000135823150789
0.000780263892196
-0.000259664448524
0.000407718570817
-7.28797244864e-05
-0.000334838846336
0.00016638446143
-0.000668224570835
-0.000639534493517
0.000123031051464
-0.000107663519117
-0.000566550651923
0.000450603117736
0.000391219304147
-0.000602132483344
0.000210913179175
9.8978511685e-05
0.000308740059127
-0.000460937663622
5.28221492983e-05
0.000408115514292
0.000344252123869
-0.000123277508301
-6.30340909416e-05
0.000569078570635
-0.000796082975983
0.000447928531474
0.000188221277665
-0.000750980027082
0.000562758749424
0.000698436999679
-0.00042236040513
0.000353917025863
-0.000519232485738
-0.000134098319486
0.000516524482382
4.00464531157e-05
-0.000428200759684
-0.000138349892242
-0.000373101248887
-0.00091308653878
0.00035279358874
-0.000352338088629
0.00067361372061
0.000161446107008
0.000343152585645
0.000165898160988
-0.000285544663237
-0.000527141856468
-0.000771546921837
0.000417847504125
0.000342366492808
0.000362220221053
0.000450827533673
0.000388595327256
-0.000839422860929
0.000745323282538
-8.68619666956e-05
-0.000658461315848
0.00086547800208
0.000315946734213
0.000356497262587
-0.000883075402452
0.000189491432714
-0.000640342625693
-0.000649167058162
0.000602752758756
-1.14739738175e-05
0.000114544350064
0.000572220904772
-0.000117621848866
-0.000319457226916
0.000841702373646
0.000144945539267
0.000115001725686
0.000308194409667
0.00043734104251
-4.58609560107e-05
-0.000391480086502
0.000354826910162
0.000295130555646
0.000262564089658
0.000535292781713
-0.000373846674709
0.000232814611227
0.000331474423984
-0.000564289035238
0.00084708454009
-0.000613854024756
0.000536177324178
-0.00077929606514
0.000364461318022
0.000756014321402
0.000573743619335
0.000626191852149
9.86256346308e-05
0.000120196879224
-0.000218822513872
0.00044345268756
-0.00049488339371
-0.000743638509402
0.000684930626798
0.000665732272146
-0.000158355735626
-0.000261597041971
0.000162609572932
-0.00026764818578
0.000250590393982
-0.000300192781704
-0.000495146484494
0.000377524635653
-0.000590258571107
0.000282192112261
0.000502515587228
-6.36795692409e-05
0.000726294541191
-3.55393515574e-05
-0.000221061145542
0.000256600497092
0.000123654011134
-0.000475742177203
0.000366382124324
0.000109360052872
0.000175910277314
-0.000143871903536
-3.2038373798e-05
3.34473644875e-05
-0.000566701590753
-3.92125704861e-05
0.000806493675069
1.60942716876e-05
0.000255116119747
0.000232543061
-0.000603759692835
0.00058998649602
-0.000413668132669
-0.000214802702898
0.000127987645406
0.000228090499609
-0.000422478343807
0.000893348468702
-0.000850725729738
0.0007028630729
0.000416940975057
0.000448537027021
-0.000212611944539
9.05549563861e-05
-0.000250823084198
0.000839539743936
0.000506107448497
-0.0007569305327
-0.000265067194537
0.000668936944821
0.000432496104164
-0.00076509039276
-0.00054431836143
0.00098834473824
-0.000431460744181
-0.000288442880613
-0.000300658262173
-0.000132589591561
-0.0002402181889
0.000776527691283
-0.000536309502391
0.000407626997307
8.22996204435e-05
-0.000489926617756
0.000473818857208
-0.000536852948153
-0.000167916553886
0.000149382132805
1.85344210646e-05
-0.000603906628669
-0.000180486383147
0.000699114118512
-0.000406345029343
-0.00029276908918
0.000494004215156
-0.000708806918057
-0.000596310194025
-0.000430971584271
0.000371999861755
0.000201218941423
0.000204423503677
-0.000405642445121
-0.000266174777282
-0.000284497723319
-0.000597869061599
0.000882366784919
-0.000615916023464
0.00102759733978
-3.40779175821e-05
7.01161966099e-05
-0.000354725524004
0.000396942889469
0.000404283892115
-0.000442349262685
0.000432401259331
-0.000447133485934
0.000389746870784
5.73866151452e-05
0.000572469947428
0.00019993903657
-0.000694820421344
0.000832309697376
0.000461262134703
-0.00067169411302
0.000343302981545
0.000223915496212
-0.000284621192527
0.000188934207279
-0.000699281695348
0.000528853413816
-0.000165017644839
0.000357499117724
-0.000797429771762
0.00019352314309
0.000513508655733
-0.000161928742498
0.000436929916783
0.0002524968687
-0.000485131088757
0.00023263422006
-0.000327540035868
-0.000444006885974
4.23592084316e-05
0.000512051042055
0.000479460658707
1.805641589e-05
0.000521819867134
0.000119769005473
-0.000123351816231
-0.000466134427392
-0.000295452802497
0.000194261160431
-0.000229800512
0.000681643713296
1.99907723458e-05
-0.00043182354403
-0.000529866000149
-0.000662641722642
0.00068016319158
-0.000186158976413
0.000209741313854
0.000257082539856
0.000114770736298
4.34182389001e-05
0.00014955111151
-8.07513616118e-05
0.000579918130711
0.000139235576466
2.14587939995e-05
-0.000160694370456
0.000575126572132
-0.000815344761033
-0.000202254883854
-1.69658792746e-05
0.000219220763121
-0.000509392262262
-0.000376128331043
0.000317836407399
0.000244458109133
-0.000170227129655
0.000562586816769
0.000419049601883
-2.93027311012e-05
-0.000444877368739
0.000312287777174
-0.000327487090642
-0.000487026447015
0.000282359732358
0.000332139012714
7.41677990334e-05
0.000279515034836
-0.000353682833877
0.000254321819487
-0.000378493546521
0.000124171727025
6.71011744537e-05
-0.000854388752598
0.000240534727841
-1.94320265921e-05
0.000745726567778
6.41737467626e-05
-0.000285234892319
-0.000467135974057
0.000421275018042
-7.99372342876e-06
-0.000700168464431
0.000230501553372
-0.000877781884818
0.000665792478784
-0.000431734496421
-0.000234057982369
4.84781976381e-05
-0.000383317043975
0.000468514016177
0.000259447449439
0.000246043132877
1.05573642065e-05
0.000146246208162
-0.000346789456408
-0.000171997669954
0.000373216611373
-0.000858836824666
-6.53215842133e-05
0.000324758193011
0.000160930705846
-2.1165733399e-05
-0.000288710002106
-0.000156167366639
0.000403976369825
-0.000149654550342
-0.000220012214893
0.000206448366366
0.000218809763231
2.1851766689e-05
-0.000413331853192
0.000448475744381
0.000458469695841
-0.000283072560982
-0.000175397134861
0.000775926363418
3.05673116482e-05
0.000432806772277
0.000449079558167
-0.00044336180948
-5.71774869064e-06
0.000208814190447
-0.000225748143151
-0.000882520797147
0.000284651735548
-0.000174180830333
0.000153435616351
-0.000402595641245
-0.00042005311192
0.000477439727062
0.000481253586793
-0.000808793622663
-0.000612050212654
0.000477951893173
0.000543074758228
7.75806823239e-05
0.000358169274136
-0.000867561536403
-0.000430246529921
0.000204947813026
0.0002252987169
0.000229506722776
-0.000451637299973
-9.53413180664e-05
0.000453467105195
-0.000639626081607
2.52611577126e-05
-0.000247548159815
0.000187364626875
-7.83709970545e-05
7.01825671585e-05
0.000806442831384
-0.000200739807145
0.000560687126133
0.000323849886437
-0.000884537012576
0.000332605247324
0.000549761537595
7.32031769744e-05
0.000225331674348
0.000558128726215
-0.000420293868888
-0.000584330736467
4.09816636535e-05
0.000543349072837
-5.94757887543e-05
-0.000614175788564
0.000673651577325
0.000893292373457
0.000235500495653
-5.66581793135e-05
0.000464285176614
0.000457444681726
0.000493619554277
-0.000736775975158
-0.00042721404131
-0.000460165039278
-0.000682885421699
8.6249830417e-05
-0.000506302942341
-8.38596051227e-05
0.000627711473018
0.000270079680991
-0.00031430065604
0.000484576812642
-0.000440990755881
0.000523290376332
-0.000305204636241
-0.000495373602371
0.000703653954102
-0.000208280351737
-0.000660865609509
-0.000140809139676
0.000397891679524
0.000177302046255
0.000519626071759
4.6314463634e-05
-6.1449589255e-05
0.000376496869425
-3.09195313729e-05
0.000407416400796
0.000606594611475
-0.000619123432655
-4.24156411105e-05
-0.000147006266294
7.44125303589e-05
-0.000276893405086
0.000430329021436
0.000108012705856
-0.000549003461736
-7.29057476589e-05
2.76662175752e-05
-0.000295213247814
0.000267547030238
-0.000158583107457
-0.000194751057184
-0.000457757864882
0.000635059911131
0.000218230326974
5.02821082644e-05
-0.00026851243524
0.000325112383934
-0.000283570105233
-0.00016789701457
0.000282898740257
-5.94945941338e-05
-0.000170305917876
-0.000377606134773
0.000346686603398
0.000585964599034
-0.000933812912062
0.000712749503494
-0.000361465277288
0.000416913721657
-0.000575496829115
-0.000849738253598
0.000770186992224
7.95512613681e-05
0.000184772219249
-0.00042767018168
-0.000543711649966
-0.000412641050636
0.000464730500867
5.8559875467e-05
-0.000295290975612
0.000322957193188
0.000257729888696
0.000631422170906
0.000502104993914
-0.000469595971733
-0.000267180003429
-0.000271202815858
-0.000508093249286
5.37375513615e-05
-0.000349028526974
-0.000190745399452
-0.000405564794577
-0.000402522229556
0.000432692165221
-3.01699356414e-05
-4.94998854054e-05
0.000122749168235
0.000174226595151
-0.00034622426512
1.55997195027e-05
0.000495041761356
-0.000510641480854
-0.000227401200061
0.000779299779086
0.000795465815178
-0.000392749000398
-3.33766690083e-05
0.000498107169875
0.000737553822571
-0.000161076588876
0.000564592074162
5.97343167206e-05
-0.00037453602116
0.000857110825494
0.000146712400516
4.21231292662e-05
-0.000600594468645
5.25825503599e-05
-0.000740888782072
0.000508471465445
0.000560664869387
0.00032253280273
4.78286555715e-05
-2.42685468552e-05
0.000242498873823
-0.00024493113955
0.000117973197185
0.000197106038584
-0.000315079235789
-0.000258784147127
-0.00013208974008
-0.000428802721899
-0.000210823359714
0.000272021913699
-0.000149985435389
0.000695014763008
-0.000122793858242
-0.000388821853041
0.000430908507606
-0.000392395320098
-0.000183101509021
-4.30165810257e-08
-0.000247505143239
0.000432727111324
-0.0001239870522
-0.000353375856071
0.000367640793896
0.000554874178063
-0.000427546557479
-0.000230993079717
-0.000275989355385
-2.42034263239e-05
-0.000641986069304
-0.000749866602548
0.000311810583459
-0.000487207718321
-4.35335074509e-05
0.00019291564025
-0.000599885277025
-4.69710142759e-05
0.000216674298308
-0.000169703284043
-0.000507331649805
0.000107591742274
-2.13082164397e-05
-0.000144682845973
0.000165991062402
-0.000513458724104
0.000286057524043
-0.000224208644171
0.000342181841349
-6.54791160483e-05
-0.000193400034797
0.000258879150845
3.4661982893e-05
0.000526002886496
0.000695283853495
-0.000703397827545
0.000852822103218
-0.000149424275677
0.000659377298286
-0.00014159331652
0.00012028510007
0.00018055127664
-0.000191653860251
-0.000473958164276
0.000509347687852
0.000647251264324
-0.000843390169199
0.00013999234165
-2.30436531827e-05
9.20921528664e-05
-6.90484997013e-05
0.00019240575145
-1.23383216661e-05
-0.000168345830034
0.000242758360399
0.000191956493708
-0.000240134222922
-0.000468672695142
-0.000195784376655
5.07234555718e-05
0.00070329505227
-0.000724460785672
0.000603218679812
-0.00023557788592
-0.000542631298432
0.000201648140645
-7.97833067919e-07
0.000125862124776
9.81483889668e-05
-7.2278158957e-05
-0.000389897891207
0.00022013363176
-0.000437285741654
0.000142553634419
-0.000596431807884
0.000428391967196
-0.00027603237197
0.000382809733696
-0.000373544218149
-9.26551553225e-06
0.00040280050605
-0.000329408062567
0.000757456482528
-0.000663250625973
-0.000696123958562
0.000609261991863
0.000461913797052
-0.000256501015671
-0.000210504300555
0.000267949928371
-0.000682231732672
0.000874188226381
0.000488561556203
0.000859399838297
-0.000367243508911
-0.000431138623717
0.000140297395089
-0.000123543408114
0.000142077829166
-0.000473649501919
0.000123669229583
0.000730032803158
-0.000693395381492
-2.40910804701e-05
-0.000223414062774
0.00014900796719
0.000268031012646
-0.00086791628967
0.000305590899326
-9.62803035508e-06
0.000297459633663
-0.00015245087535
-8.42612111146e-05
0.000432653392509
-3.1539497667e-05
-0.000519355067709
-0.000120179425794
-9.34094820841e-05
6.79744265737e-05
2.54350555028e-05
0.000146942401456
-2.71733959897e-05
0.000568235684267
-0.000592968869747
-7.52557011287e-05
-0.000421537402889
0.000258018967531
-9.58126272955e-05
7.30369298829e-05
0.000177168105623
-0.000181957076447
0.000283301783737
-0.000203366497676
-6.99953158685e-05
0.000638856994945
2.59844953161e-05
-0.000302016867291
0.000170021379603
0.000299445934811
-0.000843157584778
0.000218724802496
0.000984588321618
-0.000668810916907
-0.000315777404678
8.94987054627e-05
7.30940458215e-05
4.44035596397e-05
-0.000117497605467
0.000232202157077
9.34588982464e-05
4.95231788938e-05
4.44389863735e-05
-6.74826395702e-05
0.000731467651704
0.000453436578217
-0.000772893805135
-0.0006025276621
0.000135745806025
0.000586066466796
-0.000245262261963
-1.93695379888e-05
9.24635838024e-05
-0.000369538255839
0.000294881096506
-0.000621994856107
-7.62192835354e-05
-1.43750499768e-05
0.000468473882502
6.67821771822e-05
-0.000120397341296
7.30147270035e-05
0.000305504933818
5.29116210281e-05
-0.000358416554854
-0.000135399309171
-0.000563882386174
-9.51558238688e-05
-0.00012366669001
-0.000190941260748
0.000331238655833
-4.77457353979e-05
-9.42618130153e-05
0.000392456569388
-8.46933614298e-05
-0.000371332719961
0.000331489429132
-0.00055640724778
0.000267730584287
-9.71897568832e-05
-0.000635714132595
9.89967077674e-06
8.29848483688e-07
-1.92018181886e-05
0.000165914218685
0.000602897667164
-0.000197895132862
-0.000398536675018
-4.2817072377e-05
0.000481704703216
-0.000342347688502
-0.000139357014714
0.000567572160354
-0.000341371329599
0.00051452837986
-0.000474960491095
0.00056255230558
0.000416544940178
-0.000647935383845
0.000657835054618
0.000405083715816
-0.000344752602443
0.000388686641828
-0.000335775020804
0.000340156030531
-3.90915648036e-05
-0.000301064465741
0.000312428012054
-0.000248254265304
5.91479549343e-05
0.000577427350914
-0.000282296795237
-0.00078917921847
0.000367726783341
-4.21325284821e-05
-0.000384049568445
0.000299674086263
-2.95944052926e-05
-8.81288537379e-05
1.90608378275e-05
4.00968501678e-06
-2.30705228607e-05
-0.000340300590068
-7.15184984384e-05
0.000359383910725
0.000386006612934
0.000184886006875
-4.56504303964e-05
0.000427069741551
0.000382202940601
-0.000809272682106
-0.000101102484974
-0.000368980756582
-4.9949346397e-05
-0.000252067520899
0.000264835311472
0.000416526382416
-0.000104238605247
0.000334451523636
-0.000346706417187
0.000376119735461
0.000170894883468
-0.000167185072754
-1.29403767062e-06
2.03548754854e-05
0.000297888653452
2.08136656261e-06
-0.000251588479018
0.0004005964462
-0.000479496610634
-0.000306396486226
6.35735616917e-05
0.000242822924541
0.000117878147548
-0.000149916521359
9.74425160483e-05
3.51069517886e-05
0.000638544625543
-0.000238355523078
0.000251352972049
-9.84655528322e-06
0.000535849441783
0.000181218293249
0.00030326367251
0.000301454966015
0.000488260614591
-0.000387596004076
0.000820174384374
-0.000101593981073
2.33576167227e-06
-0.000680573021903
0.000324292606627
-0.000527540606935
5.04710092739e-05
-0.000596297199509
-4.0084497516e-05
-0.000246731886215
-0.000413817597965
0.000499950206406
-8.61326084178e-05
-4.73604114122e-05
-0.000633546093938
0.000197665480172
-0.000671597256704
0.000273894338951
0.000340562743416
0.000328716068072
-0.000311807962692
-4.29175613124e-05
0.000327370677394
1.2785353135e-05
-1.4354182719e-05
-0.000647490510374
0.000661844693052
-0.000167479757855
-0.000369677027492
0.00053715678536
-0.000338504010907
9.50395751301e-05
-0.000212035368254
-0.000276913307794
0.000310712399228
-0.000121778191949
-0.000975449768909
0.000334895666679
0.000640554102234
0.000229077253601
0.000175687255668
-0.000143721487478
0.000194444943045
0.000245141259258
-6.94540035946e-05
-0.000115502557216
0.000327431816162
-0.000211929258986
0.000697218204616
0.000214245983303
-0.000292616980385
-9.42744147464e-05
0.000144745424016
1.03147411867e-05
0.000592582925982
-0.00027333644725
0.000283893811446
-4.31449487028e-05
6.85800041946e-05
-0.000232114641149
0.00027418671067
-0.000916448260488
0.000599529991359
0.000167167560674
-6.924895024e-05
-9.79186104477e-05
0.000166557856972
-0.000258434771621
-0.000116794235106
-0.00016809778723
0.000434307744988
-0.000266209957751
0.000216897780763
-0.000355918163065
0.000676363166315
-0.000157165733164
0.00051768020943
0.000552779854696
-0.000350834202749
-0.000185262130355
-4.78184710983e-05
0.000488486404056
-0.000440667932933
0.000451352824246
7.3054918048e-05
0.000110371983261
0.000233469025451
-0.000265671520251
0.000461643043901
-0.000789130134543
-0.000248556849779
0.000580695862491
0.000149280973471
0.000233692298205
-0.000299013882409
-1.43478089143e-05
-0.000246257327467
0.000361028063768
0.000461636069063
-0.000525724529137
6.40884600943e-05
-0.000576101957353
0.000197660079905
-0.000210525753627
0.00072003757859
7.30255232607e-05
0.000524014608743
-0.00059704013199
-0.000330765321838
0.000598495906138
-0.000549250745436
0.000218485423608
-0.000140852640645
0.000146407331477
0.000351468263489
-0.00049787559495
0.000846239886222
-0.000577337004256
0.000164695953597
-0.000299946909691
-0.000386257431404
0.00084383509357
0.000441709553984
-0.000125862945612
7.24884290846e-05
1.4318548202e-05
5.00840047907e-05
-0.00040213266353
0.000352048658733
-0.000164883206801
0.000422633958703
-0.0002577507519
0.000823552012378
9.392757604e-05
-4.77140932175e-05
-1.97685463703e-05
-0.000337926744852
-0.000381133275451
-0.000388959559532
-0.000400219658941
7.27974831691e-05
0.000219820161382
-0.000169727161203
0.000535225791263
0.00047323828303
1.50223315616e-05
0.00015826152388
0.000840294734749
-0.000414399945979
0.000648859366732
-0.000241503172885
9.34458072641e-05
-0.000140806218676
-0.000163044349648
-0.000410173159428
0.00057321750907
4.92104662017e-05
0.000589389221866
-1.55627147014e-05
0.000299456526146
-5.66526057532e-06
-0.00060830821504
0.000882494925707
0.00065302189678
0.000420368298463
-0.000543082781164
0.000535835247938
0.000713893230541
0.000273611766756
4.37044082007e-05
2.91430028369e-05
-7.28474110594e-05
0.000319409816798
0.000451136266913
-7.91364051416e-05
-0.00054902959265
0.000590011256318
-6.24120242654e-05
-0.000193755698267
-0.000152468566868
0.000480666711379
0.000343755327189
-0.000558858540004
0.000255789222837
0.000383067772103
-0.000498073388508
0.000396970903533
0.000460475770612
-0.000583269628862
-0.000431850737705
-0.000397460822603
0.000297219360126
-0.000257172907013
7.25605529357e-05
0.000539909291331
0.000259637620896
-0.000599688026429
-0.000536043913965
0.000474502159197
6.15417547859e-05
-0.000118816930956
-0.000389339691542
-0.000560528948586
1.1499355948e-05
0.00030631732828
0.000655171146897
-0.000360290050391
0.000325273321317
-4.34618155082e-05
-0.00039703743951
0.000440499255021
-0.000321364014495
0.000464286024435
0.000125654118523
7.65846692856e-05
0.000547580729653
-0.000358131386671
-0.000189449342987
0.000585509011058
-0.000627924652161
-0.000355665399393
0.000368450752522
0.000551040159491
-1.43377744043e-05
-0.000521706139549
0.000406019794105
-9.91467125143e-05
-0.000383260268961
0.000482406981509
-0.000693721334762
-0.00019682524746
0.000470437014247
0.000769557959137
-0.000780900648975
-0.000122160297889
0.000505665012014
-0.000311819265913
-0.000193845746094
0.000538330030072
-0.000236099185615
-0.000272032764075
0.000455238543871
-0.000407409888285
-0.000311250761234
-0.000462396674092
0.000549234424829
-1.40086335653e-05
0.000602017434924
-0.00054943488459
-0.000549278025593
0.000392112292422
0.000425012066995
-0.000395272517526
8.96792692223e-05
-0.000815400010217
0.000679576859429
-0.000383218151381
0.000149617220815
-0.000563285353456
7.06561886124e-05
3.38342262747e-05
0.000318794442416
-0.000590201848615
0.000384536380002
0.000769021584804
-0.000339231406347
0.000279085482443
0.000214534071823
0.000731022146911
-0.000368801925862
0.000397797927875
-6.86628111248e-05
-0.000329135116764
7.22846451542e-05
0.000206885245422
0.000227422499567
0.00022256447582
-0.000629529754732
-0.00044282156126
0.000618302526713
-0.000459946261702
0.000539832136134
1.47673988595e-05
7.26350163933e-05
-9.240356278e-05
-0.000432606221761
0.000630271701925
0.000201593375484
-0.000323371567427
-0.000148832196093
0.000350425571591
-0.00022078493626
-0.000222149767285
0.000360424136423
-7.30613215106e-05
-0.000605632247923
0.000195459088491
0.00049696867805
-0.000785411558665
-0.000346637695524
-3.84905792484e-05
0.000511728862279
-0.000490826625036
-0.000329582110984
0.000800251166855
-0.000744478911721
-5.57722551253e-05
-0.000331995818739
0.000846879329542
-0.000490429041831
-0.00035645028771
0.000428562447818
-0.000440900769467
-0.000689553447476
-0.000119347424676
-0.000397881196447
-0.000295840138313
-2.63563001018e-05
9.93710270931e-05
-0.000565177451561
8.56808409342e-05
0.00046030377569
-0.000578371616524
-3.87630105412e-05
0.00061713462707
-0.000699866164628
0.00056446685546
4.77933521809e-05
-1.07881884462e-05
-0.000750976303478
0.000435639617441
0.000315336686042
-0.000475684484098
-0.000554899128893
-0.000700808944431
0.000826338778034
0.00066180901694
4.29555104736e-05
-1.42113094579e-05
0.000550060751245
0.000177106743274
0.000594434041961
-9.56269270182e-05
7.66485471697e-05
-0.000820810297236
0.000287327125836
-0.000519441766974
-0.000303200413689
0.000281768007684
-0.000212195867675
-4.41592187183e-05
0.000856553201364
-8.69952422238e-05
0.000520851400102
-0.000141909075219
-0.000529688181474
0.000272406699668
0.000288263691447
0.000429935472765
-0.000752392094801
0.000322456622037
-0.000639025866014
0.000264520041443
0.000725963486685
-0.000685084703895
0.000590390921666
0.000117011663003
2.77337610142e-05
-0.000145779392492
-0.00043155761179
-1.07314481352e-05
-0.000392007220698
-0.000151075560455
-0.000663542824
0.000238595188577
0.000231841825685
0.000619187303321
-0.000759016163198
-0.00053391629591
0.000449418506939
-9.80688233632e-05
-0.000150411162769
-0.000501909763192
-0.000571317137027
-0.000528241701363
0.000369885965734
0.00060556006659
4.74618301909e-05
-1.46834572662e-05
-0.000147411050802
-0.000111023720833
-0.000502136449593
-0.000473313319314
0.000184300997527
-0.000206224851274
0.00024480209855
0.000272878110901
4.38435047329e-05
0.000505390920098
0.000433660676222
0.000511570171997
0.000548065771068
-0.000427539547425
-0.000246446521425
-0.000494521262942
-0.000261923619595
0.000226290423721
0.000893184230225
-0.000842823348535
-0.000167973503483
-0.000847165788651
0.000859435816545
-0.000573566500241
0.000559557866682
-1.93505178799e-05
-0.000920769443976
0.000940119961866
-8.88022549845e-05
0.000275799700834
0.000124796745359
-0.000464182774344
0.000303769671568
-0.000121529864206
0.000839845903669
-0.000524510216112
0.000451448894602
0.000369727276866
-0.000289760148678
0.000798231614127
0.000205412869324
0.000245939954942
-0.000131270797831
0.000236246505168
0.000357980555716
-0.000815943966417
-0.000359194661777
-4.73025282792e-05
0.000466017688153
-0.000619737556788
-0.000804986063532
0.000465754657182
0.00065609727956
0.00018108167355
-6.89258205339e-05
0.000129680711765
-0.000841457060448
0.00025416529103
0.000655366129979
0.00033140205711
0.000355055640054
-0.000845484681887
0.000352999052563
-0.000478290980225
-0.000770535284119
0.000383506652891
0.000387028631228
0.000369892133836
-0.00033934319743
-0.000527416714602
-0.000304370684256
0.000189104380372
-0.000529133528495
-0.000416246757053
0.00026035768928
-0.000296095164534
-0.000485846660211
0.000329581125535
0.000156265534672
-0.000308017385486
0.000170306802111
6.08747568362e-05
-0.000417146747807
-0.000240731685107
1.58227216287e-05
0.000513055196789
0.00069864452017
-0.000990569093107
0.000486527133094
0.000576809248595
-0.000305295383569
-9.49377465037e-05
0.000448854772349
0.000709306130457
9.53669919505e-05
0.000275561904319
0.000380535375256
-0.000312805382806
-0.00018897257427
0.000462309025975
-0.000461479177482
0.000248653697475
0.000130363074829
-0.000379016772312
0.000835642227324
-0.000179925199377
-0.000762129143607
0.000524845245277
1.21232733264e-05
0.000207759813219
0.000494837114001
9.85731940176e-05
-0.000317841518889
-3.2574367728e-05
0.000156702960537
0.000303600815146
-0.000177174563887
9.46700112882e-05
8.25045525835e-05
-0.000211088984117
0.000288697456786
-0.000524409360629
0.000484545844325
-0.000789828187787
0.000621382788221
-0.000260566313388
0.000488105017644
-0.00081547119565
0.000397446009256
-0.000106454941998
0.000801653472427
-0.000182466169107
0.000121450420122
0.000238973716298
-0.00036888544191
-0.000782095561938
0.000726323306815
0.000333497598024
-0.000624228537553
-7.56376270726e-05
-0.000265566517924
-0.00083652383548
0.000405063091301
-0.000240806249031
0.000584109230584
-0.00113908612692
0.000821428187463
0.00070583091903
-0.000648016609938
0.000695478440132
-4.44836482976e-05
-0.000466157832552
0.000459261837298
-0.000387105328541
0.000187880263364
-0.000428397560505
9.92624437353e-05
-0.000728397509041
0.000277040491742
-0.000818656893075
0.000291240178475
-0.000697045381674
-0.00044204074521
-0.000483952156327
0.000399147548875
0.000138009236497
-0.000527095630663
0.000141334869621
-0.000888458217904
0.000694622673192
0.000325788153199
-0.000686078203591
-0.000167405969137
-0.000441365786111
0.000391589386579
8.34510417676e-05
0.000381923347708
-0.000399368870049
-0.000777802968223
-0.000537298191612
-0.000419822412506
0.000343893645608
-0.00053192540768
0.000188031762091
-0.000190022650288
-0.000410880875116
0.00059056448831
-0.000328745618527
7.15727115034e-05
-0.000214103622941
0.000422033529676
-0.00032947970473
-0.000501677653779
0.000411715868831
-0.000515364919488
0.000103649050652
-0.000629494567831
-0.000515596274709
-0.000870787889474
0.000761804017619
-0.00037477538639
0.000203252063376
-7.24893534399e-05
0.000484205222269
-0.000402965239258
0.000312367314569
9.05979246788e-05
-0.000270986207383
0.000502828033094
-0.000219126901705
-0.000609514200076
0.00038622433385
0.000223289866257
0.000381808109391
3.66791782589e-05
0.000715371230787
0.000165596130159
-0.000566401203693
-0.000402609355842
0.000234401626636
0.000855772768931
-0.000615871086973
-9.63512847346e-05
0.000357276478152
0.000130828539486
-0.000297523781041
0.000538540089136
-0.000373844135553
-0.000408013895124
2.30666668488e-05
0.000456538921885
0.000340168538397
-0.000714943924786
0.000437928640002
0.000100467001093
-0.000345909665193
0.000828411871076
0.000788136154384
-0.000473860302064
-0.000105983393293
-0.000383943224466
-0.000436829135226
0.000120861945092
0.000305217123449
-0.000486341269572
-0.000367509689273
-0.000403629167505
0.000530013953744
7.3931310402e-05
-0.000603945264141
-0.000316513420731
-0.000185164233065
0.000746548218841
-0.000399607238742
-0.000434035479342
-0.000104614010957
-0.000347647377371
-3.68101991004e-05
-0.000749197093571
0.000362939662156
-0.000125921500269
-0.000105552947288
-0.000492529607855
-0.000423358026185
0.000678642580061
-0.000106657673062
0.000636671626808
0.000330845377417
0.000874564985256
-0.000406050969075
-0.000475066688464
-0.000541577690654
-0.000507385519198
-5.52465100781e-05
0.000643564992871
-0.00044913022644
-0.000218724680132
4.01544707168e-05
-5.39225892482e-05
0.00036628990383
-0.000649110078883
-0.000455850547767
0.000103206039967
-0.0005793222305
0.000476116190538
0.000156326995273
-0.000830565571376
-0.000512822002072
0.000138977866499
0.00053015902508
-0.000138046732664
0.000554654934568
-0.000574179949848
-2.53655104027e-05
-0.000355978194747
0.000220206966685
-0.000489715908234
-0.000130021648585
-1.41490673801e-06
0.000279035341317
1.76718871307e-06
-3.88770093787e-06
0.000722053025918
0.000108815337963
-0.000830868363879
-0.000321026351879
0.000738281403457
-0.000425951555334
5.1156742961e-06
-0.000532131421323
0.000175800550408
0.000336088821964
0.000347827873598
-0.000276255162104
-0.00022897882481
-0.000347830423785
0.000439063047323
-5.01063492143e-06
-0.000370074737564
0.000849286840658
-0.000356551759417
-8.8136609725e-05
8.04753074635e-06
-0.000611032956278
0.00016190272984
-0.000121232615506
-0.000616521258991
0.000516032964546
-0.000359767429876
-0.00015760163298
-0.000542868938897
-0.000438956038352
-0.000335109125679
-0.000124172330619
0.000562024884266
0.000370771714184
-1.43844123807e-05
-0.000396314292306
-0.000670540059233
-0.000282977395258
-0.000423866660906
0.000333268736227
-0.000585286866577
0.000151110985503
-0.00072299051835
-0.00013491676574
-6.26097778508e-05
0.000681094027752
7.96931002656e-05
-0.000703921637815
-0.000423384136737
6.30902748235e-05
-0.000590846958965
0.000667242459556
1.38515681988e-05
0.000820884443286
-0.000230319954976
4.15622096188e-06
-4.43873974571e-05
5.19495731364e-05
-2.08978379307e-05
0.000635234356422
0.00036218459905
0.000174428880198
4.64969745394e-05
7.76753560798e-05
0.000811156561921
-0.000526411308397
0.00062073587552
0.000337296259856
0.000315602150213
-0.000453648882885
-0.000476958462765
-0.000152005362861
0.000831582222293
0.000560318129892
0.000317806775811
-0.000858025875573
0.000540219099759
-0.000744846927617
0.000853608473072
-0.000697281477798
-0.000656533484309
-6.34146221023e-05
0.000197074988763
-0.000733671088157
0.000838475241112
-0.000578267277166
-3.90484149626e-05
-0.00073351547045
-5.99510184483e-05
-0.000527677906079
-0.000649116053186
0.000846191041949
-0.000754875582755
-7.59927811189e-05
-0.000275377161679
0.000835695291564
-0.000377948348306
0.00055237722852
0.00058039560725
0.000242787527218
0.000312063932716
-0.000277630268326
0.000495832744766
-0.000852283032475
0.000833129004622
0.00044602367608
0.00080820827513
-0.000768099114199
-0.000397327400015
0.000435948606225
0.000291538981218
0.000695058438069
0.000596527764393
-0.000198042218723
0.000213499508976
-0.000781264261343
0.000567764752366
0.000137093483715
-0.000822241536527
0.000572077411707
0.000310417513996
6.54227359671e-05
0.000495421403739
-0.000560844139737
-3.3531482718e-05
0.000662412125856
-0.000628880643165
7.09062680957e-05
0.000474432478653
-0.000545338746699
-0.000473088235637
0.000686587744613
-0.000493003149714
8.5593261445e-05
0.00038541140744
0.000452167137941
-0.000756537822192
-0.000505113040062
0.000838610638087
0.000190208488193
-0.00023715725829
4.69487701043e-05
0.000202344481896
4.25165085614e-05
-0.000157569659572
1.65871231466e-05
-0.000324891748733
0.000308304625584
-9.21643215065e-05
0.000315267583443
-0.000223103261936
0.000190868299562
0.000658063933046
-0.000301623407733
-0.00049757075885
0.000676781273921
0.000180329551578
0.000143760594586
0.00071279260678
-0.000859131825373
0.000783494198304
0.000726439479225
-0.000879597481025
0.000924871000444
-0.000672194228582
0.00038807731427
0.000756806025736
-0.000192339170272
-0.000544770657481
0.000268813311191
-0.000765919221928
-0.000660794519723
0.000113376695038
0.000610431061975
-0.000383247928903
0.000658306515122
0.000492228055103
0.000897904833976
-0.000478029776029
-0.000953031856575
-0.000866231223215
0.000529726972741
-0.000766386523476
0.00105808295623
-0.000793237677937
0.000711641823398
-0.00019320367646
0.000328851998983
-0.000288923757514
0.000155576250505
-0.000475457180518
-0.000622345466334
-0.000437879641546
0.000392814281401
-0.000504682593375
0.00064464988745
-0.000414199049178
-0.000493230557242
0.000305198795151
-0.000514804134957
-0.000255335600181
-0.000629479059129
-0.000642030946986
0.000434870367535
-0.000636947211656
0.000637991402122
-9.46423292771e-05
0.000624114526066
-0.000699033771452
-0.00028143902439
0.000621732428268
-0.000317962756671
7.62475429556e-05
0.00035858024288
-0.000525804500914
0.000484511423986
-2.51873358784e-05
-0.000783675960259
0.000688308968308
0.000135243044074
0.000255830151655
-0.000600726783563
-0.000415624809879
0.000691072192764
-0.000511146993387
-0.000168477479383
-3.63561587849e-05
-0.00015773066472
0.000355504335061
0.000371192739349
-0.000718160304564
0.000760959593863
8.62295464093e-06
-0.000304763394762
0.000377016914179
0.000723725448809
0.000412801671098
-0.000427615691126
0.000696429002322
0.000459473914016
0.000431452208962
0.000841973677547
0.000562530308287
0.000484854523481
0.000926568244767
-0.000501388506477
0.000803270787085
0.000291685583104
-0.000447673398941
0.000251772879659
-0.000273829887414
0.000767164707935
-0.000444708085898
-0.000446302453389
0.000355036860421
-0.000232055113404
0.00071945553909
0.000659412950584
-0.000610921683222
0.00038042012985
0.000375643051274
0.000342285398415
-0.000185041528128
-0.00025817294362
7.47049965361e-05
-0.000101666075816
3.36638379258e-05
0.000330626651004
-0.000275568906499
4.65128381576e-06
0.000117473766786
-4.34251236256e-05
4.65252071091e-05
0.000498952553642
0.000559671935749
0.000635506702985
-0.000537152408181
0.000293013349201
-0.000420521745837
0.000127508396665
-0.000561341738237
0.0004115555016
0.000149786236673
0.000529040464012
-0.000468165707192
0.000602239976957
-0.00037832448073
0.000876859448531
-0.000453831539189
0.000814486156416
-0.000911040773839
-0.000374003168062
0.000740400980532
-0.000688209321376
-0.00026482253524
0.00050515583358
-0.000553285477177
-0.000464385678944
-0.000416072977837
0.000837844552704
-5.4744700104e-05
-0.000504267535508
2.23044212045e-05
-0.000539899331489
-0.000303844313615
0.000522329737233
4.63216932251e-05
0.00014280888966
0.000481305636444
0.000274112773931
-0.000575736181637
-0.000785368784322
-4.80668751952e-05
0.000555610560772
0.000631422668344
0.000683846669159
-4.30098311883e-05
-0.000640836838021
3.36101632564e-05
0.000515675712364
-0.000314643745144
-0.000201031967206
0.000253752092768
-0.000482617248623
-0.000119995268806
-0.000362621979809
0.000549599936048
-0.000295847843275
0.000593142094646
-0.000559531931423
0.0003526845967
0.000157640952692
0.000535444131476
-0.000206444035201
0.000635163718299
-0.000454834166718
-0.00011499942215
-0.000538768971636
-2.25727665871e-05
-8.88745591385e-05
-0.000245755622433
3.09133619374e-05
0.000561262003933
0.000315597444601
-0.000449209045601
-0.0004249209975
0.000487061223541
-0.000441558607206
0.000662405493609
0.000121088704699
-0.000444133563943
0.00060177451664
0.000523257475675
-0.000729701510878
0.00047006632334
0.000716159962142
-0.000836063612849
-0.000130755503627
-0.000155987815831
-9.12655929749e-05
-0.000140865814082
-0.000289811446914
0.000682350708633
0.000741869722955
0.000440801802194
0.000272026398206
-0.000312806137173
-0.000232505974472
-0.000111044452465
-0.000291227910807
0.000213601507628
-0.000279635057189
9.51634733948e-07
0.000241879658715
0.00023764780412
-0.000122232543672
-0.000356370167899
-0.000230578480611
0.000211626370638
0.000157123258725
0.000106125987882
0.000634195597719
-0.000330031548428
-8.81015868093e-05
0.00012848055203
-0.000383949430082
-0.000431051379405
-0.000384194063806
-0.000146102779669
0.000347134746875
-0.000228956943722
0.000348952212528
9.75921856098e-05
-0.000543244652419
0.000188045938808
0.000404890231791
-0.000481052744765
-0.000602708730014
0.000594279422945
-0.000297011121878
0.000176588501628
-0.000947357038323
-0.000781237008751
-0.000672290691254
-0.000267121254234
0.000969795524956
0.000872414248988
-0.00124330349907
0.00105823768372
0.000900683138963
0.000628310083938
0.000623022919075
0.000248727855175
-0.000735245605599
-0.000742528532655
0.000934554179649
-0.000839995551189
)
;

boundaryField
{
    bottomWall
    {
        type            calculated;
        value           uniform 0;
    }
    leftWall
    {
        type            calculated;
        value           uniform 0;
    }
    rightWall
    {
        type            calculated;
        value           uniform 0;
    }
    movingTop
    {
        type            calculated;
        value           uniform 0;
    }
    front
    {
        type            empty;
    }
    back
    {
        type            empty;
    }
}


// ************************************************************************* //
