/*--------------------------------*- C++ -*----------------------------------*\
  =========                 |
  \\      /  F ield         | OpenFOAM: The Open Source CFD Toolbox
   \\    /   O peration     | Website:  https://openfoam.org
    \\  /    A nd           | Version:  14
     \\/     M anipulation  |
\*---------------------------------------------------------------------------*/
FoamFile
{
    format      ascii;
    class       volScalarField;
    location    "55.99999999996";
    object      p;
}
// * * * * * * * * * * * * * * * * * * * * * * * * * * * * * * * * * * * * * //

dimensions      [0 2 -2 0 0 0 0];

internalField   nonuniform List<scalar> 
2646
(
7.34564550529e-10
0.000177786963912
0.000352919981936
0.000646794973431
-0.000123068541119
0.0163315541806
0.00100894838509
-0.0123770126407
-0.00695385428328
-0.0206947091112
-0.00293028171035
-0.0100514751401
-0.02929556213
-0.0165933664612
-0.019469698548
0.00776585761551
-0.000388438582061
-2.05440214564e-05
-0.00618773686066
-0.00286807596757
-0.00235739883381
-0.00105111412436
-0.00195377129724
-0.00405383452128
0.00998849163996
0.00338488554965
-0.00894377313004
-0.00791452121459
-0.0155318417792
-0.00445102016114
-0.00226000648994
-0.000527902623524
0.000539105148314
0.00719316103222
0.0109871299928
0.0011424242958
-0.0100367638268
-0.0187341020322
-0.0328084498783
0.00126684348091
0.0144725763503
0.0088382515832
0.00722966665182
0.00685888741496
0.00762610826005
0.00737453566254
0.00787566840771
-0.0055021659935
0.00319749578531
-0.00186410188748
-0.0131864651206
-0.0189819272729
-0.0207945568058
-0.0203735253677
-0.000193207366499
0.00140158135754
-0.0109547180548
-0.0291065474113
-0.0290487263511
-0.0246386383467
-0.0152203367523
-0.00471180790294
-0.0307140593884
0.00111951042135
-0.0200071321091
0.00216245788906
-0.00707622235685
0.00146248944176
-0.00404535968864
-0.00223072256854
-0.0111805369981
-0.000475425312169
-0.00358011843746
0.00156124550603
-0.00535749227899
-0.0243462640853
0.00041215814592
0.00116631102917
0.00457530530657
-0.00409262562984
0.00105310169135
-0.00325569311661
-0.019662587826
-0.0205202213622
-0.00728457523002
-0.00754154853111
-0.00287910776081
0.00854743481764
-0.0330593035468
-0.0258064150518
-0.0583991795073
-0.000520119916634
-0.0551549247442
-0.0535438754188
-0.0581446186363
-0.038249123349
-0.0262058512728
-0.056702908537
-0.000971160658984
-0.0443534942328
-0.00258098577866
-0.0407806081419
0.00308310470057
-0.0406739877004
-0.0672945008647
-0.0399748701759
0.0136297764423
-0.0505248147719
-0.0100024099725
-0.0401402228821
-0.0244164759906
-0.00340503165573
0.00705513149103
0.00749115390665
0.0134754361902
0.00834466767945
-0.0189811336869
-0.0507938335696
-0.0593903178083
-0.0360926754704
-0.007503480999
-0.0344394883495
-0.0155998608767
-0.00345451483028
-0.0171381122902
-0.00101132070116
6.60400933478e-05
0.0252832689512
-0.0331110017727
0.00319482140267
-0.0518186326882
-0.0353973936079
-0.0550915323284
-0.0611422014205
-0.0278810347392
0.00461633903262
-8.8359243526e-05
-0.0493442905012
-0.0393947528567
-0.0461328512253
-0.0567080255874
-0.042201679152
-0.0238312718069
-0.0553196642443
-0.0038757026192
-0.0479515755426
0.00665657058965
-0.0592075712323
0.0173746048652
-0.0474165084515
-0.0228092025274
-0.0637394642297
-0.00707220247572
-0.0203425021527
-0.0111681381569
-0.000406531259771
-0.0343152222468
0.000825993931208
-0.0142813599399
0.0152868171911
0.0536871232936
0.00697398518962
-0.0194279420316
-0.0652721912121
-0.0494371421366
-0.0372705112489
-0.0272812194498
0.226749096279
0.0605152517889
0.0668389814285
0.0520091397295
0.0548616932351
-0.0220469275091
-0.0264898393003
-0.000273532134449
-0.0018055504833
-0.00805834663026
-0.0135699117931
0.000503230684664
-0.000200093689482
-0.0174481374238
6.77390773731e-05
-0.0134548202185
-0.00794547851769
0.00536411770477
0.000606862835461
0.0103779165353
0.00780740488362
-0.0301447695263
-0.0204518451803
-0.00221043443093
-0.000798476815654
-0.017021015806
-0.0171697807953
9.2141507473e-05
0.000737287092936
-0.00177743210889
-0.0100288868008
-0.00908579830306
-0.0201468716964
-0.00796550613232
0.00326737771633
0.00432981242768
0.00471637805659
-0.0318036664136
-0.00935908283865
-0.000335028495138
-0.059850155179
-0.000190832303719
0.00347036626535
0.0073586683993
-0.0642451148955
-0.0432715441959
-0.0586914712674
-0.0634994640249
-0.0286179003002
-0.000198661673902
-0.0020300594805
-0.00645558423265
-0.0531869890749
-0.057401514391
-0.0378320357539
-0.024729706177
-0.039698472809
-0.0338151089429
-0.0105378766495
-0.00647288419572
-0.0154905277978
-0.00381268619847
-0.0397832958393
-0.0319578291967
-0.0194816682498
-0.0663283704868
-0.038248118867
-0.00208566827603
-0.0101617844614
-0.0429510208096
-0.0162627287615
-0.0108395141735
-0.06728767669
-0.00751806287859
-0.0576626069498
-0.0660889371784
-0.00415067621001
-0.00268367350621
-0.0513505361162
-0.0490726980373
-0.0221447680218
-0.0235883387659
-0.0600807251857
-0.06009063562
-0.053926670547
-0.0741981675138
-0.0682674655229
-0.0516059329087
-0.0514521742961
-0.0430374851224
-0.0416519062142
-0.0673129856524
-0.0137123991666
-0.0129528358336
0.000654838626466
-0.0721996059255
-0.0711045367507
-0.0554770882776
-0.04742908792
-0.049386967575
-0.0677864794047
-0.0528765656218
-0.073128775749
-0.0665671931447
-0.0582339240382
-0.0271582672307
0.000947665259431
-0.00844387154105
-0.0436654196346
-0.0640619897393
-0.0601916722593
-0.0250994320297
-0.00258929265702
-0.0365587303447
-0.0581257628411
-0.0334153345722
-0.0637512878997
-0.0385221273471
-0.0198556005662
-0.016265056136
-0.013214149266
-0.0109911432874
-0.0288989400167
-0.06015135944
-0.0389464904858
-0.0420529469148
-0.0181585881296
-0.0408648538905
-0.0120724561198
-0.0325508598924
-0.0481836138558
-0.0148086038859
-0.0637169720968
-0.0321838662072
0.000114782095211
0.00684354219961
-0.00505321705486
-0.000986585894732
-0.0338210068649
-0.03470221854
0.000950337686727
-0.000303638161106
-0.00484600560083
-0.0377022086264
-0.0109402204979
-0.0261854797947
-0.0636120116534
-0.0365147501851
-0.033876700215
-0.0174449525765
-0.0345429144124
-0.0163882933757
-0.0326861348402
-0.0155619613666
-0.0168134412727
-0.0480244843579
-0.0405211788228
-0.0257952796941
-0.000923663075129
-0.00233420706259
0.000917511250703
-0.0517437637959
-0.0623308478074
-0.0649786353848
-0.068377390552
-0.0288740019796
-0.0562319879505
-0.00998102857689
-0.0619814596154
-0.00734007639684
-0.0112505784803
-0.00613631878308
-0.0632979878871
-0.0842220142384
-0.0895741134017
-0.0937689468552
-0.0229663219364
-0.0585177045744
-0.0968286140312
-0.0307941368504
-0.0574889626059
-0.0941983402436
-0.0103182904482
-0.0724187136478
-0.0625950696418
-0.0441056182824
-0.0987392705183
-0.0461610191825
-0.0932467574704
-0.088554292686
-0.095976483767
-0.099458616363
-0.0950364284097
-0.0910909222325
-0.0919144162937
-0.033691290012
-0.0316619732565
-0.0350692264181
-0.0921920272117
-0.0834964896942
-0.0628515857731
-0.0623694367039
-0.0453893252964
-0.0397797808198
-0.0891362380748
-0.0357571350357
-0.0388689482296
-0.0588675190347
-0.0935400887653
-0.0862568503879
-0.0572698744955
-0.0639138754531
-0.0846783608032
-0.0969437514499
-0.0558733422138
-0.0557849115635
-0.0959848695884
-0.0860255669347
-0.0657093262116
-0.0637767971081
-0.0965905537026
-0.0364449195185
-0.0595595573258
-0.0979067397346
0.00736650530499
-0.0967806087029
-0.0393191002567
-0.0620160730801
-0.027104824688
-0.0761077234522
-0.0398362191525
-0.0861969079084
-0.0831221560661
-0.0948325577911
-0.0715527472812
-0.0972593365348
-0.0457867162606
-0.0957669316619
-0.0857528487361
-0.0909773555087
-0.0837924724111
0.00401206035856
-0.098877991133
-0.0987895649525
-0.0945117599168
-0.0945502096617
0.00394789228497
-0.0907920964774
-0.0965269845934
-0.0323975240425
-0.0955034232008
-0.0952735766649
-0.0436571006319
-0.0351370079742
-0.0578150191392
-0.00498460821101
-0.0386112381698
-0.0954795349038
-0.0963025639792
-0.035684526366
-0.0950756556891
-0.0974442162032
-0.0216465058897
-0.0936384408897
-0.08121430219
-0.0322117214453
-0.0324916420404
-0.0344864874556
-0.0571659475123
-0.063639750718
-0.0929994386576
-0.0897609121406
-0.0343490482908
-0.0378484017853
-0.00643926573354
-0.0160607733198
-0.0939503735263
-0.00274555936683
-0.0905494285975
-0.000546983939961
-0.0310524933844
-0.0921322033851
-0.0307831123497
-0.0944405303559
-0.0290257158849
-0.0894190837664
-0.00195299555326
-0.0898186951455
-0.0912657816925
-0.090782146598
0.00807426885783
-0.0937661728334
-0.0933123578257
-0.094110841499
-0.0110352282507
-0.0827019675625
-0.092682783041
-0.0983110205025
-0.0897518913694
-0.0911898872305
-0.00176379627696
-0.0897370824335
-0.0642827764479
-0.095623424282
-0.019007343355
-0.0247101205033
-0.0269273897301
-0.0610639501904
-0.0350937397146
-0.0688983953377
-0.076241513766
-0.0853109629091
-0.0742632183933
-0.0356000893223
-0.060976920802
-0.0624117043681
-0.099799447656
-0.0413812012293
-0.033984888161
-0.0441349587499
-0.0413955988425
-0.0738760930414
-0.0507254587359
-0.0710718136062
-0.0484062142995
-0.0558796254142
-0.0514865179813
-0.0913584899731
-0.054449556198
-0.0578789792362
-0.0551319733408
-0.045897235022
-0.0599048355798
-0.0213464041672
-0.0360724924433
-0.0314071734551
-0.0961424256303
-0.0659192795401
-0.0284337032441
-0.0979599473927
-0.0350455052614
-0.0879589648688
-0.0965793179985
-0.0805652302159
0.0109788146966
-0.00998944854948
-0.0684741806277
-0.0592365647124
-0.031465662606
-0.0626270097406
-0.0478200167811
-0.0406239571445
-0.0390089608442
-0.0179985297607
-0.0289585454637
-0.0955249351838
-0.0809659561005
-0.0965466162471
-0.0960361421256
0.00342330679074
-0.0960449655468
-0.0580087126686
-0.0559616428123
-0.0923625178517
-0.0537567357595
-0.0915443781198
-0.00374309332377
-0.076262446842
-0.086701566513
-0.0944026213011
-0.0783551766387
-0.0896404655739
-0.0275584862708
-0.0862773560293
-0.0080900102477
-0.0100644365737
-0.0968572272618
-0.0840396707379
-0.0961407826218
-0.0970078426366
-0.0413568670494
-0.0623914266865
-0.0126159734062
-0.0954661001595
-0.028514453964
-0.0933377954357
-0.0892005428915
-0.0589722110272
-0.0658864718696
-0.0637715993549
-0.00103150406161
-0.0913053170553
-0.0935931120599
-0.0549284387973
-0.0913893567434
-0.0942599799429
-0.0667899999017
0.00606003416008
-0.0654922610492
-0.0324785413603
-0.0951476569053
-0.0801246357922
-0.0600755101785
-0.0577507631964
-0.0860078594969
-0.0656501963366
-0.0869115424215
-0.0333443422156
-0.033103526757
-0.0622597061245
-0.00196039826363
-0.0776366044065
-0.0350834111008
-0.0278785817501
-0.066561066591
-0.0922111057251
-0.0824921143995
-0.0665410437337
-0.0731347272765
-0.00937822638652
-0.087507319627
-0.0419737876013
-0.00743279208874
-0.062390152545
-0.0822561773127
-0.0352292319528
-0.0706833894013
-0.0896125524884
-0.00905103190305
0.0028015434352
-0.0135112886249
-0.0102481011741
-0.0224377799417
-0.0349818731768
-0.0130065901369
-0.0978482714037
-0.0185491354236
-0.046097824039
-0.0971056349336
-0.0014824624874
-0.0867932598865
-0.0393972165782
-0.0642155561323
-0.0656452051314
-0.00835681465094
-0.0312732412106
-0.0635798947793
-0.0868685310734
-0.0361044476093
-0.0432546662202
-0.0162324167899
-0.00610743316119
-0.0226593900678
-0.0359294345216
-0.0343823863505
-0.0737379069903
-0.0436126530685
-0.0320049792988
-0.0589249350272
-0.00302819478634
-0.0520500704199
-0.0161206488914
-0.00750602403209
-0.0382217929531
-0.0188923527908
-0.0262777905524
-0.0409127618391
-0.0584351816725
-0.0901090638491
-0.0819174881955
-0.0462311001899
-0.0310412037881
-0.0855957694179
-0.0500202261628
-0.0800705649819
-0.0608495005245
-0.0478548681893
-0.0888751465529
-0.0880837009493
-0.00765111276607
-0.0530035956702
-0.0427736091427
-0.0544641897784
-0.00937270109364
-0.0778496734316
-0.0379439296864
-0.0757030769795
-0.0651064675159
-0.0303723306984
-0.0954285212056
-0.0884440557087
-0.0881478106598
-0.00192568876688
-0.0363065869173
-0.0593255911734
-0.0867976026871
0.00173483706676
-0.00479790859962
-0.0869308271976
-0.0412947407828
-0.0337296286095
-0.00680868262482
-0.0904649897079
-0.00196872162974
-0.0179981857484
-0.062906698854
-0.0647315767859
-0.0884445285217
-0.0673607800999
-0.0858242435821
-0.0850027380108
-0.0767457089295
-0.0993898903756
-0.0874949983501
-0.000818026101239
-0.0961298953087
-0.0370235500548
-0.0716181983772
-0.0369986156098
-0.0460365344785
-0.0688600794054
-0.000175099966944
-0.052019914744
-0.0795301968552
-0.0335705341286
-0.0628284986536
-0.065046095916
-0.0229502166809
-0.0140970539872
-0.0649604020236
-0.0197636926824
-0.00932364541615
-0.050907790647
-0.0830937721776
-0.0169808595721
-0.0688980097855
-0.0597215182395
-0.0369786018322
-0.0541472640373
-0.0513030680253
-0.0862410033717
-0.0377289343577
-0.0294406886266
-0.00276328945431
-0.0884212340901
-0.0837711288423
-0.042898696048
-0.00417229705344
-0.0166216687676
-0.0781522513884
-0.0423070523654
-0.0696441760369
-0.0838767762638
-0.0198011768888
0.00982856545707
-0.0236599324938
-0.0177141222879
-0.0701989043678
-0.000459795870401
0.00649580339374
-0.0215863264273
-0.0631977166025
-0.0277905447069
-0.0902047511004
-0.0841292802201
-0.0520756781153
-0.0687782154558
-0.0696460767203
-0.0593899032325
-0.0866598876256
-0.0846315475206
-0.0274304928127
-0.0252640100537
-0.066854456872
-0.0358077542048
-0.0857922215162
-0.0836260296369
-0.00458432086352
-0.0260677006571
-0.0659196375279
-0.0266294335783
-0.0116780202105
-0.0861497662161
-0.09119754647
-0.0825773275688
-0.0941639252358
-0.0676488757866
-0.0204420984425
-0.0227974420965
-0.00325265094239
-0.0723347988848
-0.0393132939416
-0.0626993089765
-0.023151788532
-0.0518187808108
-0.00284628617483
-0.086395151004
-0.0570737775252
-0.069401112804
-0.0195918140446
-0.0819536160275
-0.0273609387816
-0.0702566060572
-0.0809360715851
-0.0969294290034
-0.0406336863813
-0.0615009589849
-0.0589840860178
-0.0334791637558
-0.080636290271
-0.0369826977482
-0.0623439092003
-0.0456712352384
-0.0653160054823
-0.0463840962924
-0.0626045648074
-0.0794126455755
-0.0971251679525
-0.0668143617895
-0.0767070329765
-0.04758640229
-0.0785386729972
-0.0981632947055
-0.0804243048063
-0.0320663992
-0.0609946130902
-0.0760878295066
-0.0192212315486
-0.0439657419931
-0.0627332140888
-0.0775554033584
-0.0808160047685
-0.0791972580501
-0.0797080425554
-0.0421054227343
-0.0562938537425
-0.0854998652225
-0.0614643797398
-0.0815444866703
-0.0451768980146
-0.0669616132379
-0.0226459141998
-0.056429027051
-0.0837020237767
-0.0707957051422
-0.0624410188113
-0.00305857926664
-0.0628107461324
-0.0797343313881
-0.034319994505
-0.0284123665166
-0.0774419918698
-0.0603164622759
0.00778579607509
-0.0751259233081
-0.0826537508814
-0.0451290832888
-0.00528779637171
-0.00154405265121
-0.0877597354436
-0.0711747011938
-0.0466440759664
-0.075243524994
-0.0444958495471
-0.0505771450077
-0.0976487357143
-0.0478104221817
-0.0565224468281
-0.0590966955999
-0.0533195060734
-0.077584700557
-0.0753925431153
-0.0558280950005
-0.0683518872105
-0.0798057047727
-0.0866906545424
-0.0783822746385
-0.0819160640462
-0.0812371261232
-7.93747337661e-05
-0.000702471758741
-0.0249742939881
-0.0603617911909
-0.055335449461
-0.0619469172331
-0.0487969863216
-0.0682755249257
-0.0854467577588
-0.0867180125347
-0.0909191845755
-0.00235811856156
-0.0252087861845
-0.098557453976
-0.0214592694581
-0.057015946013
-0.055745458802
-0.07154748446
-0.0745231889126
-0.0702213744843
-0.0589389634279
-0.0936005091512
-0.0671514650264
-0.0289403301151
-0.000561149399882
-0.0182184717355
-0.0897072434516
-0.075552806659
-0.0398127553914
-0.0665817757796
-0.0657688255029
-0.019958339091
-0.0734024610762
-0.058634669675
-0.0822272493806
-0.0807260381016
-0.00611869140218
-0.0039101917903
-0.00999042995492
-0.0526710970153
-0.0864638049517
-0.0545965920745
-0.0568965840191
-0.0658340336862
-0.0765402238234
-0.0562409147293
-0.0784704724203
-0.0702104509029
-0.0865966690579
-0.076362060461
-0.014888956647
-0.0730904199537
-0.0559896854037
-0.0855387424532
-0.0686780226904
-0.0783114503877
-0.000180571959479
-0.0436258573824
-0.0468630089076
-0.0901489118504
-0.0623432686514
-0.0393375680342
-0.0555850503094
-0.0829140078858
-0.0741960130253
-0.0499579221181
-0.0930858809803
-0.0721348294795
-0.000463697909272
-0.0581151602737
-0.0829932878108
-0.0911016107539
-0.0382887254531
-0.0193888713354
-0.0565001382404
-0.0909038927082
-0.0247073273148
-0.0636763502751
-0.0912699117237
-0.0715459698306
-0.0582050547011
-0.0418233278818
-0.0130696420306
-0.0331636085773
-0.073712598763
-0.0789159233193
-0.0307497299774
-0.0830417578465
-0.0780729062235
-0.0712238410855
-0.0255201669035
-0.0769375421183
-0.00958477141241
-0.051811274848
-0.0501294683646
-0.073012462932
-0.0843557526511
-0.0737561342374
-0.0820629283912
-0.0818300899528
-0.0795185524369
-0.0717256168765
-0.08320651034
-0.0794738171156
-0.092245372777
-0.0560696743344
-0.0038281400006
-0.0477550208275
-0.0514170198471
-0.0933573236323
-0.0475046422209
-0.0895720290117
-0.0977137812294
-0.0533522520526
-0.0810650399129
-0.0814129582141
-0.0197931999266
-0.0805334639037
-0.0921697808067
-0.0415119865486
-0.0857343019671
-0.0881817915262
-0.0799529510912
-0.0789296909354
-0.0781250886218
-0.0760882430385
-0.0956264880487
-0.0115580670877
-0.0988953558794
-0.059937743275
-0.068130832406
-0.0943465401498
-0.0484654055236
-0.0741754838926
-0.0919874706592
-0.0112688523176
-0.0962051318963
-0.0150316955623
-0.0404206553889
-0.0657793986209
-0.0919381150417
-0.0866520165107
-0.0615330852935
-0.085478978885
-0.0738412268924
-0.0707773626338
-0.0767979948116
-0.0465811193025
-0.091208214738
-0.0758386515705
-0.0908993307493
-0.0492908438789
-0.0770654461011
-0.088643145591
-0.0480567271191
-0.0964013451257
-0.0915051473127
-0.0882315480297
-0.095164767133
-0.079470297234
-0.0313869670333
-0.0779337162371
-0.082207896946
-0.0433441818767
-0.0990213299622
-0.0694397692291
-0.0885529161373
-0.0765331418654
-0.00681676277064
-0.0747049820426
-0.0888324050844
-0.0842145324549
-0.0917680529304
-0.0712077363513
-0.0264098225202
-0.0667948753631
-0.0797228768899
-0.0494280636595
-0.0588248957488
-0.0764424462355
-0.0553582537261
-0.0877121352718
-0.0519230644939
-0.0665362682165
-0.0455404740665
0.00580720573403
-0.0845956858222
-0.0414170065395
-0.0519277196389
-0.0930980589375
-0.0829731531469
-0.0876638011862
-0.0713964239924
-0.0744093441804
-0.0614912436289
-0.0612662449011
-0.0684329222832
-0.0606975686136
-0.089749179819
-0.0956152078908
-0.06210159206
-0.0560203418995
-0.078450690657
-0.0834408167788
-0.0915092925281
-0.084975461297
-0.0946045223661
-0.071822995058
-0.0900215665678
-0.0997217843356
-0.0764252909963
-0.0958661956387
-0.0920345258861
-0.0818979317169
-0.0995211518952
-0.0916289111331
-0.067711528533
-0.0207142541905
-0.0240966904267
-0.0843439469877
-0.0662891200501
-0.0497838816429
-0.0940700279742
-0.0831551085854
-0.0691909227621
-0.0653447712088
-0.0465920006459
-0.0711159048777
-0.0753289490894
-0.0837647513884
-0.059335495007
-0.0849554415182
-0.0893776038311
-0.0683453640657
-0.00997948201159
-0.0905631672935
-0.0523207150218
-0.0585011456053
-0.0875601031226
-0.0630858536042
-0.0624806701127
-0.074584472569
-0.0921867493829
-0.071799715594
-0.0884482013716
-0.0266087646752
-0.00422068224773
-0.0781639787083
-0.0905872833609
-0.0789350103889
-0.0508337352178
-0.0553391596354
-0.0414637549029
-0.0503949268988
-0.0401225116041
-0.0649205948279
-0.0315378984044
-0.07220913788
-0.0307226210721
-0.0436002540147
-0.0921749574987
-0.00994855435895
-0.080756696756
-0.0820664946766
-0.0513042560658
-0.0919944004258
-0.0895196019839
-0.0799110435968
-0.0495872743516
-0.0881770895847
-0.0794221351911
-0.0753797380291
-0.0776970339038
-0.0173674945543
-0.0492532882863
-0.0807798805405
-0.0499067283421
-0.0412929160207
-0.0733404521137
-0.0949880565356
-0.0745774095345
-0.05082765696
-0.059293732616
-0.0774175174199
-0.0952398780283
-0.0906241136137
-0.0870026383549
-0.090095370422
-0.0791177053179
-0.0746181562616
-0.0787173451981
-0.0438331051972
-0.0932876972469
-0.0608181411809
-0.0793463822835
-0.0885210415885
-0.0968339860384
-0.0863862135795
-0.063297964422
-0.024882954805
-0.0832616381829
-0.0476456561871
-0.073041834447
-0.0544823971361
-0.0882877433116
-0.0308418668732
-0.0261241611771
-0.0366374159658
-0.0943113688626
-0.0419972677131
-0.0419211765263
-0.0625788240676
-0.0154886914742
-0.0162683919059
-0.0309900598877
-0.0532727864155
-0.0819741394579
-0.0799229208026
-0.0498946754503
-0.076055509435
-0.0716632563465
-0.0966034020206
-0.0116082691155
-0.0590174767873
-0.0573650120783
-0.0700230589071
-0.0678938873236
-0.0880421139409
-0.0945356333369
-0.0499708356267
-0.0233684102209
-0.033804713936
-0.0732546464249
-0.0873673864198
-0.0749072414101
-0.0832583162486
-0.0849253778533
-0.0800113983938
-0.0533070409117
-0.0143513641553
-0.00637533009668
-0.0464031829215
-0.0914177690928
-0.0531515601617
-0.086341058453
-0.0233190290863
-0.0136899075007
-0.0299919193171
-0.0804992452157
-0.0789460830129
-0.0519086040798
-0.0472681593421
-0.0682856431367
-0.0732151577833
-0.071491575098
-0.0978450153523
-0.03565597523
-0.0805962577867
-0.0381229784869
-0.0945871554555
-0.0491684158983
-0.0783699003292
-0.0685630375363
-0.0645968185046
-0.061208360368
-0.0686204254186
-0.0747983950289
-0.0814053821903
-0.0976804303582
0.000198775723653
-0.0825320046962
-0.0808613030966
-0.0662404694303
-0.0973909988262
-0.0434127601517
-0.0943623247928
-0.0350939709924
-0.0589278887927
-0.0932951873757
-0.0157560475097
-0.0813124351738
-0.0823440957487
-0.0656047063353
-0.0492962762851
-0.0708280689756
-0.0871821147077
-0.0862442187786
-0.0612480547364
-0.0184682513047
-0.0406851415666
-0.0924028478641
-0.0772741015358
-0.0951944238472
-0.0580355954343
-0.0273056624687
-0.0615398634878
-0.0844866950785
-0.0216262499617
-0.0619802946587
-0.0923947794504
-0.0935131386009
-0.0886980009393
-0.0896671075839
-0.034477498066
-0.0917445946441
-0.0889871346926
-0.0597482525051
-0.0435552028651
-0.0923427374319
-0.0826966898234
-0.0847055042595
-0.0942413564377
-0.0866042839585
-0.081276514079
-0.085861885701
0.00127274459299
-0.0808043436932
-0.0252101602161
-0.0862425536852
-0.0775387835071
-0.0831784527501
-0.0880518273898
-0.024091503532
-0.00441482274343
-0.0936428562575
-0.0846461843456
-0.0897421936719
-0.0773229486503
-0.0457455553243
-0.0660721190104
-0.0587034664573
-0.0359371258261
-0.0830613352455
-0.0567107370906
-0.0848686322597
-0.0706772175663
-0.064266418112
-0.0925360487695
-0.0488674329549
-0.09517997281
-0.0727108701977
-0.0485055478933
-0.0831138263759
-0.0300530914454
-0.0206990106322
-0.0165993428356
-0.0610863369203
-0.0122809455767
-0.0585287834452
-0.0594453059133
-0.0294488413705
-0.0935217779648
-0.0777126701229
-0.0810871941974
-0.0822066517259
-0.0545213043297
-0.0261406805639
-0.0761264227877
-0.0130445615852
-0.0758234144294
-0.0834418372912
-0.0643310019734
-0.0916968034692
-0.0675110630667
-0.0734816612827
-0.0865808815103
-0.05711434177
-0.019587074939
-0.0805825475629
-0.0598278324988
-0.0646379335195
-0.0413949791853
-0.0800605250884
-0.0813792977814
-0.0651764788627
-0.049530068716
-0.0938125751695
-0.0439838641932
-0.0933603812164
-0.0826921311503
-0.0714471543621
-0.0958050935632
-0.0891912844412
-0.0762093663079
-0.0727584900319
-0.0671591632599
-0.0938285073341
-0.0635871599033
-0.0913954351224
-0.0849043702051
-0.0962648970196
-0.0920305996782
-0.0909805959287
-0.0766290058453
-0.0952193718135
-0.0835480019666
-0.0662191362713
-0.0686334172696
-0.025975953583
-0.0510598589694
-0.0836560635595
-0.0700650165327
-0.0802002164549
-0.0250814507613
-0.0783775798463
-0.0387559130293
-0.0755899743683
-0.0761855806393
-0.0722869463577
-0.0873618012435
-0.0809899048778
-0.0654192096971
-0.0673470060827
-0.0547689458423
-0.0515361410288
-0.0863888263299
-0.0702511324979
-0.0643918224518
0.00769767367941
-0.0982616882502
-0.0912366606848
-0.0701183584281
-0.0789598944956
-0.0356297821061
-0.0497809340975
-0.074011186147
-0.0548647116214
-0.0736126651729
-0.0857984081469
-0.0112752373538
-0.0575023027127
-0.0951842604644
-0.0772618290183
-0.0235087164488
-0.0516015214587
-0.0695000898098
-0.00577532063432
-0.0702181614632
-0.0920977034441
-0.0897643527731
-0.0920192303523
-0.0756110157803
-0.072409749686
-0.0651524994432
-0.0927546242179
-0.00663972114648
-0.0749618904844
-0.0765569304012
-0.0707787712106
-0.0919299372012
-0.0822030220815
-0.0785168566257
-0.0825971613359
-0.065689475497
-0.0844046319975
-0.0775059537708
-0.0572555472118
-0.089490970394
-0.026359421059
-0.034217772619
-0.0784231545366
-0.0958307002922
-0.0328323530501
-0.0939003201184
-0.0709130319049
-0.0956611009489
-0.0765722568691
-0.0904572469692
-0.0921041731376
-0.0680278006638
-0.0610345342981
-0.0893809332568
-0.021564238327
-0.0490706422958
-0.0967622543465
-0.0808252106781
-0.0951612047591
-0.0737075425485
-0.0493559617036
-0.050926670674
-0.0522543418778
-0.0735317772265
-0.0230462635762
-0.098478374708
-0.0935699195126
-0.0686411002583
-0.0940652303671
-0.0211449201645
-0.0587540496913
-0.0945411026308
-0.0952451018469
-0.048216625295
-0.0686059253342
-0.0736857549145
-0.0988265246783
-0.0989074074304
-0.0444661543753
-0.0843104216927
-0.00552261196728
-0.0973035395729
-0.0627297856429
-0.0903676720764
-0.0304312738209
-0.0817347873267
-0.0803466775406
-0.0876744965138
-0.023027890865
-0.0475862221481
-0.0155451023184
-0.0546500274897
-0.0791639932522
-0.0891483539461
-0.0947235327591
-0.0286852549077
-0.0669354954006
-0.0302740123517
-0.0731108594442
-0.0028482569881
-0.000747354320571
-0.0618501279538
-0.0892483278785
-0.0974605897244
-0.0681488831015
-0.0809036749794
-0.0482363623349
-0.048320074283
-0.0544365539035
-0.092598888555
-0.0763016797359
-0.0265140306471
-0.0890625311813
-0.0337102520704
-0.0782295444409
-0.0130798277598
-0.0926790814304
-0.0532626672361
-0.0774923192252
-0.0210429811438
-0.0212136396764
-0.0627942580374
-0.0983281480968
-0.0971917671515
-0.062690047434
-0.0696767733666
-0.0842625066057
-0.084861140618
-0.0991308956729
-0.0300952256638
-0.0939514816574
-0.0963152557278
-0.095296117345
-0.0679033058959
-0.0895536726566
-0.0930561449911
-0.0399753430809
-0.0434310788718
-0.045475123002
-0.090494023127
-0.0977537567443
-0.0272517384828
-0.0971024367591
-0.0988847768528
-0.0467140684846
-0.0563648140941
-0.0706845663727
-0.0752832522578
-0.0980792025122
-0.0472340898054
-0.0870142119452
-0.0690009197285
-0.0759371977144
-0.0750087026613
-0.0497008084063
-0.098932989462
-0.0866738460936
-0.0510474877714
-0.0950148618482
-0.0939325487124
-0.0879882881784
-0.0973550675477
-0.0872384340411
-0.0763383510053
-0.0572520740562
-0.0418270316806
-0.0877141482699
-0.0389424372217
-0.0968730356902
-0.0355767315455
-0.050647117718
-0.0524194688048
-0.0564364157539
-0.076136835564
-0.0963664757952
-0.0649634582368
-0.0638010036343
-0.0505907562923
-0.0748833060626
-0.0677263802998
-0.00806723347374
-0.0944554898694
-0.0747406928358
-0.0464456906018
-0.0555081389326
-0.0807838004498
-0.0845528101912
-0.088098325758
-0.0908558960399
-0.0980593186714
-0.0925329883718
-0.0767297701608
-0.0420889328216
-0.081062504428
-0.0929744596374
-0.0931028055765
-0.0996749943298
-0.0828300164716
-0.0837001884398
-0.0863831275094
-0.0974213154104
-0.0697429107109
-0.0785439586995
-0.0901885275251
-0.0871275228572
-0.0789189553745
-0.0968849957295
-0.0838757917306
-0.072264833441
-0.0854099153347
-0.0917892356782
-0.0816576951138
-0.0956948528153
-0.0963394453145
-0.0993363842019
-0.0921369522603
-0.0868565088587
-0.0872486261965
-0.0683250914432
-0.0962836429303
-0.0976746110604
-0.0885825144975
-0.0977195002486
-0.0980080654915
-0.0847528083688
-0.0575242698994
-0.0950062457125
-0.0697988279437
-0.0855088572631
-0.0776413661855
-0.0457441946082
-0.0725887132804
-0.0718468420384
-0.0385429631493
-0.0770645643101
-0.0992545374632
-0.0452465739976
-0.0406645781462
-0.0988448876459
-0.0553235866747
-0.0839969978492
-0.0584426700654
-0.0448730042079
-0.0992370639924
-0.0573436441988
-0.0624248811382
-0.0752405215498
-0.0895453564771
-0.086542460958
-0.0868876311172
-0.070464206811
-0.0696556896758
-0.0713058287699
-0.0950576727869
-0.050010050303
-0.0796513980225
-0.0770726016162
-0.0909197216643
-0.0454536879244
-0.0930848910792
-0.0947836869795
-0.0958254547128
-0.0967404408208
-0.0937526003815
-0.0913343178734
-0.0687704577229
-0.0940943799366
-0.0979503499581
-0.0632388664318
-0.0908666945113
-0.0986921867274
-0.03894653816
-0.029909200322
-0.092791575363
-0.0249012709386
-0.0968222318376
-0.0860677664813
-0.0944242267187
-0.0823677621152
-0.098017741596
-0.0754246124977
-0.0874909692293
-0.0835129065555
-0.0893002839177
-0.0524426327154
-0.057305146887
-0.00601237302878
-0.0786448848691
-0.0804707244666
-0.0324419205519
-0.0749761002734
-0.0939850857229
-0.0898978772315
-0.0761587881586
-0.054221582636
-0.0991869674192
-0.0839859941582
-0.0931807053054
-0.0740358912143
-0.0947956002146
-0.0530670547666
-0.0739146793635
-0.0753453285418
-0.0891260451702
-0.0725260389396
-0.0260325843569
-0.0880485635973
-0.0737391689938
-0.0557665170178
-0.0832726729564
-0.0849930528725
-0.0494466900691
0.00316477263341
-0.0442671542213
-0.0538791557314
-0.0967236913442
-0.0593722432829
-0.0364265266528
-0.0299876208076
-0.0925287050243
-0.0336589912551
-0.080991028952
-0.037734673746
-0.0368728053823
-0.0776844438276
-0.0472715258153
-0.00526062623306
-0.0422667242087
-0.0713697873388
-0.0971645794594
-0.0930134720312
0.0039472827146
0.00579804453806
-0.0213069958128
-0.0872004242693
-0.0896810592797
-0.0991412804325
-0.0779613093752
-0.0417615507847
-0.0921606763957
-0.0448176490986
-0.0959888464376
-0.0933482904899
-0.0683637929477
-0.0977715761746
-0.0667749749241
-0.0740091741259
-0.0904728507334
-0.0166812412518
-0.0597081309349
-0.0924187019119
-0.0983754819565
-0.0708761028933
-0.0988038254225
-0.0608655573981
-0.0897198244388
-0.0979703464546
-0.0983203678588
-0.0669655663363
-0.0396238787085
-0.0670344914194
-0.0541195626908
-0.0690702491614
-0.0723717536229
-0.0940178934485
-0.0637320695705
-0.0705884124034
-0.081570427103
-0.0994277552754
-0.092945784946
-0.0669281531542
-0.0619577538976
-0.0402213945528
-0.0915655765413
-0.0719609009494
-0.0732153045242
-0.0668265413163
-0.0758084743097
-0.00576134714952
-0.0637000417323
-0.036705248449
-0.0840351080243
-0.089672073155
-0.0970707409169
-0.0663474645121
-0.0649236240937
-0.0394721210841
-0.0779963406788
-0.0906990077609
-0.0567328630569
-0.0512747393305
-0.0636223489613
-0.0879317555367
-0.0763867583901
-0.0653104709682
-0.0658909916427
-0.0792470738124
-0.079961740199
-0.0929101196622
-0.088801777121
-0.0752443192198
-0.0440229286758
-0.0538435198304
-0.0848014635316
-0.05458665402
-0.0577562640718
-0.0605560149062
-0.0798257807699
-0.0596601446354
-0.053401708618
-0.0694591414634
-0.0306030569347
-0.0955479469269
0.00107097055522
-0.099332652546
-0.0793431363578
-0.0542836821436
-0.0919504086064
-0.0527653260354
-0.0924931582587
-0.0397745558921
-0.0656660902799
-0.0556360306139
-0.0608042501233
-0.0645981556571
-0.0749123414917
-0.00363725803943
-0.0764949590138
-0.0437838618558
-0.0881171971451
-0.0856207075004
-0.0448612136847
0.00511474067968
-0.0844536326033
-0.0751748762733
-0.0647833173939
-0.0556478234355
-0.093818246585
-0.0713698557719
-0.0738270142761
-0.0494564670935
-0.0813061918462
-0.0524032506711
-0.084747351609
-0.0967286021096
-0.0747688826559
-0.0725753982818
-0.060701560916
-0.0941740179991
-0.0646422547654
-0.0569382753367
-0.0375120454779
-0.0671794828819
-0.0809388359728
-0.0743672001524
-0.0986484583341
-0.0971027021035
-0.0598897310067
-0.0882870228704
-0.0764236323211
-0.0875971108837
-0.0789570205454
-0.0885204095306
-0.0745481808723
-0.0682229046102
-0.0480439752639
-0.0627241658853
-0.0723346468748
-0.0147686342521
-0.0294463375061
-0.0571627795184
-0.0770495972867
-0.0333820241857
-0.0629455828808
-0.062539228988
-0.0985643868496
-0.0550061638666
-0.0994929835067
-0.0703166952301
-0.0834482844007
-0.0630715434227
-0.0466217368448
-0.0994721319528
-0.0551804392157
-0.0804077934055
-0.0567519118276
-0.0551272773561
-0.0638068922077
-0.0556179624531
-0.0506257951933
-0.0402485436614
-0.0632150143853
-0.090485401164
-0.0681070889083
-0.0800254223983
-0.0770118051039
-0.0891598928548
-0.0386358043626
-0.0310864820629
-0.0649950864228
-0.0681808108105
-0.0620520338094
-0.0917554044551
-0.0860171958825
-0.0886907490934
-0.0836298680002
-0.0981933518617
-0.0269150495105
-0.0790332549638
-0.0620573977248
-0.0662089822462
-0.0941017838263
-0.0492978239035
-0.097537939842
-0.0845083160369
0.00263266190378
-0.00219017124182
-0.00131789378861
-0.0560685346515
-0.0983817847295
-0.0872878313887
-0.0546583037849
-0.0642183814976
-0.07832202278
-0.0472809621025
-0.0691227497464
-0.0919967319408
-0.0473572361702
-0.0595318781015
-0.0686690863152
-0.0498728060551
-0.0317091950733
-0.0696400471387
-0.0834568842081
-0.0648442284606
-0.0295922533538
-0.0986563302628
-0.0536729420118
-0.0647880968112
-0.0709040821269
-0.0609066491794
-0.0747120610593
-0.0523384363722
-0.0578133539766
-0.0948570561866
-0.0454749566171
-0.0797956317918
-0.0833475169224
-0.0848326035404
-0.0814296131424
-0.0665781538827
-0.0983733848881
-0.0840369517155
-0.0695720624604
-0.0782204846403
-0.072979930105
-0.0704927486455
-0.0677295008565
-0.028691776014
-0.090042343142
-0.0292972813129
-0.0276397290212
-0.0324919236135
-0.0601817130432
-0.0555928625896
-0.0610219893363
-0.0185824220232
-0.00365055434418
-0.0870105384691
-0.0863766802295
-0.0503561721388
-0.0755172023689
-0.0281231322839
-0.0303461973642
-0.071497130062
-0.0878694990807
-0.0487997958058
0.000715284567453
-0.0849112527951
-0.0736516065086
-0.0790428422655
-0.0192566462062
-0.0530026246805
-0.0624291372957
-0.0868315744561
-0.073537082042
-0.0749082284313
-0.0435150896001
-0.0715087977041
-0.0871057367186
-0.0988975416468
-0.082215281346
-0.0126012089205
-0.0262266166533
-0.0884862814411
-0.0539059778731
-0.0778035127464
-0.0347083746863
-0.0129967555881
-0.0826876235239
-0.0517376943339
-0.058267271448
-0.0891668790462
-0.0364161638007
-0.0729417869225
-0.0287722624207
-0.0750197187814
-0.0860667300767
-0.0532690329724
-0.0781554082113
-0.0460011779017
-0.0938669315675
-0.0880808724707
-0.0616988992888
-0.0728071252152
-0.0620394851885
-0.092014110941
-0.0698879517191
-0.0588300603384
-0.076671876562
-0.0352498906197
-0.0403801262622
-0.0741857789936
-0.0837880676997
-0.058543305372
-0.0753065984912
-0.0786262291918
-0.086321860813
-0.0519318702499
-0.0415753823666
-0.0257615423478
-0.0709943259068
-0.0714156976123
-0.0722996409808
-0.0495641506117
-0.0897149635618
-0.0737523132719
-0.00201157877894
-0.0522731876101
-0.0819197243424
-0.0519644774496
-0.0517082383301
-0.0852498662287
-0.0764596965702
-0.00647583492384
-0.0990606677544
-0.0872624618143
-0.0727066584369
-0.0657499671905
-0.0721526143682
-0.082429392334
-0.0871697081557
-0.0975926413782
-0.0524863266409
-0.00720404241781
-0.0167770228532
-0.0726569593487
-0.00985043492773
-0.0545534023844
-0.0495850260485
-0.0801070023647
-0.066549997324
-0.0609330857325
-0.0481253545963
-0.0890918386601
-0.0665906736731
-0.0491634928955
-0.0408101473293
-0.0360954501072
-0.0137192583375
-0.0443608124829
-0.0894113369969
-0.0247227614517
-0.0515497467033
-0.0264477255859
-0.0323291708029
-0.0517099280128
-0.0470747366766
-0.0720032658358
-0.0854041811246
-0.0800542231528
-0.0281242338166
-0.080515656216
-0.083150673891
-0.0601701695454
-0.0897328096768
-0.0290232176152
-0.0381842715921
-0.0245648296211
-0.0687821886407
-0.0695462555727
-0.0566989874543
-0.0537026734097
-0.0633133071057
-0.095615800858
-0.00211488082785
-0.0839402650326
-0.0446464021691
-0.0813076255556
-0.0137266217162
-0.0240701127312
-0.0593649221107
-0.0165358470234
-0.0598436607517
-0.0650795575447
-0.0225464554655
-0.0469110684704
-0.0842998091605
-0.0896337300861
-0.0388496681565
-0.0895950749416
-0.0845243440701
-0.0799845028525
-0.0120716234719
-0.08324629353
-0.0825137943117
-0.0746384224712
-0.0635001052615
-0.0668751853383
-0.0170375698715
-0.055778898287
-0.0960950993777
-0.0766911773149
-0.0836783902481
-0.0673338899778
-0.0311424966993
-0.0718641314047
-0.0863228802822
-0.039018062648
-0.033705239629
-0.0972024655827
-0.0644125520664
-0.0591188323195
-0.0617726910102
-0.0893184934787
-0.0667459779223
-0.0376972971713
-0.0980796410049
-0.0788161801354
-0.0600972181511
-0.0809415801489
-0.0824446840541
-0.0566839861496
-0.0826878712494
-0.0713372890187
-0.0807824969752
-0.0712956594646
-0.0593912100577
-0.069294047438
-0.0520112122547
-0.0974766468815
-0.0761785848282
-0.0621192012082
-0.0146480291
-0.017134180803
-0.0769889081317
-0.0119633390086
-0.0959760905664
-0.00239558115183
-0.00761885397354
-0.0532317335272
-0.0184532541281
-0.0606334066429
-0.079378404069
-0.0830472560469
-0.0750406550352
-0.00818240807966
-0.0582080694133
-0.0648050038378
-0.0976751223568
-0.0797677982733
-0.00713376900149
0.000107725391574
-0.0835246944432
-0.0656100171934
-0.0793561996951
-0.0684277462249
-0.0603711587903
-0.0578927230566
0.000632299759867
-0.0211930195249
-0.0542628476269
-0.0847129608812
-0.0699411384203
-0.00678075686861
-0.0116123558507
-0.0980183216949
-0.0658158672801
-0.0083274428371
-0.0619185015892
-0.0928867762172
-0.0913980874862
-0.0836186381593
-0.0658918138828
-0.0773315965057
-0.0803108131172
-0.0660473438338
-0.0716507328554
-0.0172607750679
-0.0281205756055
-0.082466510385
-0.0477056378399
-0.00215556837739
-0.0691978889654
-0.0687349095573
-0.0993804844042
-0.00111618055177
-0.0621676592474
-0.0637235284973
-0.0756954099419
-0.0966784580206
-0.0953575349089
-0.0620767294346
-0.0915635376301
-0.0979999218694
-0.0382696507295
-0.0200007498592
-0.014176018066
-0.0765422022305
-0.0865614237929
-0.076139062433
-0.0864166255042
-0.0867839083395
-0.0720912578348
-0.0762393470131
-0.0133481710833
-0.0994887700903
-0.0644872602006
-0.0369019908357
-0.0792072533596
-0.0802700777692
-0.0651071726263
-0.082628727236
-0.0512589792519
-0.0678589894954
-0.0121206803993
-0.0757329861936
-0.0779673882515
-0.0750366162852
-0.0957920223123
-0.0868952991269
-0.0735125629044
-0.0765389271535
-0.073945423812
-0.0987378405477
-0.0714679965152
-0.0959284312091
-0.0641549801779
-0.0849648370097
-0.0722099190147
-0.0797020678256
-0.0108005762028
-0.0867116607846
-0.0390003728124
-0.0665705838695
-0.000630666058414
-0.0539142870347
-0.0893356324463
-0.079937715232
-0.080066631002
-0.0694908076566
-0.0982173179846
-0.0834890251363
-0.00357619268766
-0.0709222129065
-0.0902802372061
-0.012910864555
-0.0632113628677
-0.0444287204208
-0.0676331864708
-0.0448758672003
-0.0465411762398
-0.06811373768
-0.0706985181362
-0.0734791840608
-0.0601081394277
-0.0520686925045
-0.047437757391
-0.045316396269
-0.0755943699744
-0.0449731057646
-0.0989166841602
-0.0970525506959
-0.0996002521449
-0.0940418206648
-0.0586102626949
-0.0997815009222
-0.0898864079717
-0.0993955416018
-0.0800904457121
-0.0522800110231
-0.0845444137645
-0.0149622480824
-0.0716610644129
-0.0984279665689
-0.0993274438832
-0.0544740524122
-0.0219696729715
-0.0684612374341
-0.0779233974705
-0.0807571447497
-0.0183465750012
-0.00173561551981
-0.0768425898841
-0.0428165384077
-0.0987579813624
-0.0435980751544
-0.0303610641888
-0.076011993776
-0.0316850230034
-0.0370636681178
-0.0324958261586
-0.0644655670754
-0.0302808109555
0.000210577110319
-0.0331430865106
-0.0532311142199
-0.0273490308887
-0.0517669482172
-0.0455267532955
-0.0374926615252
-0.0472847850733
-0.0381184548724
-0.040565901637
-0.041519754599
-0.0391719435026
-0.0402785328997
-0.0418564695989
-0.0680735136287
-0.0354675909934
-0.0664024713141
-0.0317164434432
-0.0221917649889
-0.0388189563605
-0.0339622481054
-0.0273509351343
-0.039515739584
-0.0262231597586
-0.0252597871399
-0.0216275102393
-0.0194363293333
-0.0132280895131
-0.0150364476177
-0.0167136319508
-0.0298075409982
-0.00803204763013
-0.0109721853758
-0.0532234321599
-0.0381935032119
-0.0066391939487
-0.00126865789235
-0.0364815725736
-0.0710771408225
-0.0669574654034
-0.0486612438294
-0.0434574921436
-0.0652327671186
-0.0666507876647
-0.0388073989806
-0.0242682231795
0.0174140367401
0.00745568156383
-0.000657573597169
0.00336501617845
0.00595231680112
-0.00177634457686
-0.0722956806318
-0.0593016184264
-0.00539419100921
-0.0269762955751
-0.0374940412469
-0.0606561710303
-0.0253098137508
-0.0353376950732
-0.00341735976502
-0.0435839407731
-0.0415440164585
-0.000591523716047
-0.0568144101086
-0.0738530843317
-0.0528043166555
-0.0563085972052
-0.0422393733512
-0.0463424341223
-0.0640757947899
-0.0450685503456
-0.0349719405092
-0.0523691528556
-0.06332291219
-0.0229859358135
-0.00938095497991
-0.0643919234445
-0.0052598170208
-0.0116587644002
-0.0309854425544
0.00189172519211
0.00426533940171
-0.0560785081031
-0.076548798107
-0.0754369113361
-0.0693435376045
-0.0496846405944
-0.0443558417401
-0.0584534526135
-0.0524744329688
-0.0722642799541
-0.0178902269995
-0.0701327090966
-0.03940752062
-0.0569035532694
-0.0679239030491
-0.069805713248
-0.0730086281641
-0.0221107799116
-0.0168786627427
-0.0318455129885
-0.0209329251974
-0.017928469304
-0.0156491812277
-0.0669325219806
-0.00921339013231
-0.00441350871365
-0.0586237317318
-0.0536253408706
-0.0591695548402
-0.0693272461322
-0.0673235429786
-0.0547162596478
-0.00957090018503
-0.0630105027561
-0.0262634944565
-0.0492342407307
-0.0437975315388
-0.024507156185
0.0028752166362
0.0053153042603
0.000655563777197
0.000555286688112
-0.0154175539694
-0.0722916277515
-0.00502277850671
-0.0457982622136
-0.0436358751567
-0.0278782617263
-0.03102270422
-0.0113224814577
-0.0520574160216
-0.0110096253713
-0.0395124529744
-0.0166502828591
-0.00558603561511
-0.00297653105798
-0.0015454564771
-0.0461627607249
-0.0174776779953
-0.0291899008127
-0.00416609981885
-0.0234603388054
-0.0173312721092
-0.0365303027814
-0.0551359692504
-0.0223036360809
-0.0512296396093
-0.0529929616624
-0.0512443236353
-0.0382078952639
-0.00138152472332
0.00318147144256
0.00422609711705
-0.00295241411264
0.0201873800077
0.0179304202425
-9.32320348573e-05
-0.000641754345591
-0.00574555939008
-0.0120917624591
-0.0357847205776
-0.0609260100157
-0.0166261853486
-0.0252665094537
-0.0691729577698
-0.0423561241681
-0.00720059865858
-0.0450219686428
-0.0587287482893
-0.0255484826441
-0.0397694835183
-0.0386957800831
-0.0587890194332
-0.0373637653479
-0.0475164341567
-0.0480870295675
-0.0508189150137
-0.0485693885862
-0.0676524981072
-0.0738585802632
-0.00553129579059
-0.0421238861201
-0.0146084719249
-0.015786254826
-0.0359507235905
-0.0132278847578
0.00234794594234
-0.0657375844477
-0.0777970507817
-0.0650604703866
-0.0471474842085
-0.0388813431395
-0.0581406394157
-0.026925314464
-0.068780000913
-0.0415586697631
-0.0687397005836
-0.0594589060733
-0.00421296172026
-0.0693677955394
-0.0443776587641
-0.0716910171217
-0.000640334287214
-0.0737730451057
-0.070651667341
-0.0678469802569
-0.0706093809263
-0.0728554111497
-0.0555479403475
-0.0617877214719
-0.0228522627992
-0.0217947886508
-0.0226347809722
-0.0258947300772
-0.0207292983123
-0.0193654516899
-0.0644401489012
-0.00631547967368
-0.0337050504333
-0.0535512809114
-0.0499267113268
-0.0344012158831
-0.0156917760177
-0.00301956993784
-0.061046647146
-0.0294873429337
-0.0702388649322
-0.0196721688342
-0.0435510985187
-0.0352997740371
-0.027086221636
-0.0602429369259
-0.0264826556435
-0.0205775504243
-0.0475764146858
-0.0690237115775
-0.00626510944101
-0.00812352332623
-0.0361527671006
-0.0449053712919
-0.0453555740798
-0.0268133490097
-0.0350121937235
-0.0192931571776
-0.0452512726068
-0.00472095898141
-0.0388961728092
-0.0401352602152
-0.0256411393292
0.000737139036556
-0.0667902946412
-0.0656340302887
-0.0216508224695
-0.0277289410541
-0.0378567434481
-0.00945571472106
-0.0360666936147
-0.00263815934503
-0.00278620951663
-0.00560654748852
-0.0490972988804
-0.0463997951435
-0.0245188328313
-0.0696915642166
-0.058021029613
-0.00355903043586
-0.0308659370775
-0.0429200113285
-0.0531393168156
-0.0432808737321
-0.0269425910535
0.010636119212
-0.00022062091725
0.00190415319853
0.00662820110031
-0.0644046404005
-0.0484302049474
-0.0429939888719
-0.0557160551102
-0.0718775076178
-0.0361602528948
-0.0350478279968
0.0066140244872
0.000433435587552
0.00746602688278
-0.00023420626214
-0.013202872636
-0.0426372096276
-0.0626877022588
-0.0134576521695
-0.0646308442181
-0.0671594609801
-0.0294688819888
-0.0376606336116
-0.0162712227597
-0.0644517453822
-0.0610240787745
-0.0602972633754
-0.0427984361757
-0.0130924845888
-0.0170415223016
-0.013144955375
-0.0208344742852
-0.0174143632348
-0.0670771738963
-0.0501453478774
-0.0691221912833
-0.0710437129543
-0.0709771734968
-0.0596817569653
-0.0391462308656
-0.0189396254046
-0.00107052703343
-0.0672224120008
-0.0650347870906
0.00566696387249
-0.0283320736014
-0.0207296078502
-0.0342945609917
0.00314684538884
-0.00024884000565
0.000965385289137
0.00614497836484
-0.0274254941783
-0.065479581816
-0.061644826214
-0.0520257115171
-0.0455629775273
-0.0296002571976
-0.0700987924223
-0.000223539021019
0.00214638342219
-0.0115809332711
-0.0395705527511
-0.0611138359657
-0.0582617681626
0.00109204434668
-0.00138159599876
-0.0560269645989
-0.0500738989893
0.00759163698417
0.0072435727725
-0.0295416623342
-0.01310393882
-0.0368480077963
-0.0373078959097
-0.0342117512366
-0.0102760150044
0.0224514675193
-0.00835918571792
-0.0593576021271
-0.0554190822236
-0.00594201458666
-0.0038048946296
-0.045473076343
-0.0440506028732
0.00748214397162
0.00361676090181
-0.0252133359443
-0.0281412493089
-0.0405526365151
-0.0418064079527
-0.0308682243759
-0.0211828550217
-0.0254505988611
-0.0175190641917
)
;

boundaryField
{
    bottomWall
    {
        type            zeroGradient;
    }
    leftWall
    {
        type            zeroGradient;
    }
    rightWall
    {
        type            zeroGradient;
    }
    movingTop
    {
        type            zeroGradient;
    }
    front
    {
        type            empty;
    }
    back
    {
        type            empty;
    }
}


// ************************************************************************* //
