/*--------------------------------*- C++ -*----------------------------------*\
  =========                 |
  \\      /  F ield         | OpenFOAM: The Open Source CFD Toolbox
   \\    /   O peration     | Website:  https://openfoam.org
    \\  /    A nd           | Version:  14
     \\/     M anipulation  |
\*---------------------------------------------------------------------------*/
FoamFile
{
    format      ascii;
    class       volScalarField;
    location    "45.999999999983";
    object      p;
}
// * * * * * * * * * * * * * * * * * * * * * * * * * * * * * * * * * * * * * //

dimensions      [0 2 -2 0 0 0 0];

internalField   nonuniform List<scalar> 
2646
(
4.61467891341e-10
0.000161199617676
0.000338717036175
0.000592164569843
-7.86974643792e-05
0.0152486740972
0.000609547290904
-0.0121570767956
-0.00702049127295
-0.0202825173739
-0.00298979908027
-0.0102464427815
-0.0281151242768
-0.0163444005283
-0.0187894191238
0.00746054442544
-0.00127051127027
-0.000264738263048
-0.00651902502987
-0.00293357126988
-0.00259228732044
-0.00112597208024
-0.00260727047504
-0.00493357802573
0.00912607209151
0.00293369911302
-0.00930020560631
-0.00806000651186
-0.0152517281793
-0.004441219067
-0.00252572773191
-0.000571411328988
0.000388859213864
0.00762918512997
0.0114934512424
0.000962471947216
-0.00993805452585
-0.0180852987543
-0.0313192525719
0.000720545225348
0.0150147283017
0.00832834747388
0.00770346961662
0.00741211402868
0.00803956814224
0.00773102876604
0.00835382843057
-0.00571942340305
0.0031318761515
-0.00204606514488
-0.0128371924334
-0.0182602601694
-0.0202785706701
-0.019568601027
-1.5250703371e-05
0.00141482007907
-0.0108625375637
-0.0279289484118
-0.027985143938
-0.0239661955601
-0.0147377735265
-0.00493543257008
-0.0299485044806
0.00121635480158
-0.0193294123589
0.00228527710144
-0.00703115230796
0.00154990424751
-0.00449514308864
-0.00211166435195
-0.0111491215394
-0.000966252074456
-0.00340839238887
0.00155124778257
-0.00575157869927
-0.0234496891671
0.000462381019458
0.00123905786146
0.00354299668957
-0.00457239166069
0.00115047379734
-0.00294604591508
-0.019153526903
-0.019507183297
-0.0073694515489
-0.00773014685272
-0.00318308843494
0.00844257287028
-0.0316803359291
-0.0250561239783
-0.0549113813485
-0.000260067109141
-0.0524246532369
-0.0498030346118
-0.0548212401186
-0.0359248101001
-0.0259081119209
-0.0544543961847
-0.000912373765455
-0.0425229292753
-0.00240792927223
-0.0387823610826
0.00329842550531
-0.0387491477444
-0.0644720842187
-0.039320838661
0.0132778364414
-0.0479302915884
-0.00915166176855
-0.0381840338085
-0.0242278345326
-0.00344345670342
0.0076231058304
0.00777161538153
0.0107419235542
0.00856448725275
-0.0183563096252
-0.0481682323934
-0.0555351354211
-0.0354128244349
-0.00910912159931
-0.0359900983137
-0.0151927915309
-0.00421276106114
-0.0180309424439
-0.00174595232392
-0.000556184552948
0.0246467400909
-0.0321958175679
0.00363171544734
-0.0504905404455
-0.0339301198522
-0.0527706619153
-0.0588983172041
-0.0260376803893
0.0043882100041
0.000140102494528
-0.0478577468101
-0.0370164473041
-0.043827679113
-0.0543878782919
-0.0404237932031
-0.0235390859658
-0.0529027379581
-0.00334875354536
-0.0458399151972
0.00643585759851
-0.0575028172882
0.0164680740991
-0.047228134631
-0.0210427279558
-0.0619020390059
-0.00722157335308
-0.0197628308294
-0.0103118970544
-0.00164006090168
-0.0322066295369
0.000317126140344
-0.0169013114899
0.0143595191907
0.0516408666706
0.00635247122779
-0.0182327563525
-0.0635182505794
-0.0470082291232
-0.0362898988908
-0.0275081032522
0.224074805939
0.057853812767
0.0638409820766
0.0492149723396
0.0518238688174
-0.021419272211
-0.0254844244943
-0.000380388749057
-0.0019329657076
-0.00831797869824
-0.0135283211784
0.000431157332827
-0.000281107478096
-0.0170195648715
-3.43113779764e-05
-0.0130143784348
-0.00776937648647
0.00546614734934
0.000800815022535
0.0109758672083
0.00820228641789
-0.0292174652545
-0.0195704258345
-0.00197980253856
-0.000570694501832
-0.016457658066
-0.0166520156139
0.000195628941858
0.000838061842492
-0.00153993493258
-0.00959713937253
-0.00860359707866
-0.0194824581824
-0.00810716812425
0.00250913266103
0.00347281313718
0.00376137362451
-0.030331817152
-0.00906910114435
-0.000332545393019
-0.0568243011646
-0.000408700092063
0.00391898604814
0.00758886318466
-0.0621854056836
-0.0413052548376
-0.0568752275185
-0.0603452231112
-0.0273895748951
-0.000209343649932
-0.00218359592191
-0.00606552691028
-0.0493657301801
-0.053726391879
-0.0361988176267
-0.0232748647404
-0.0379300165404
-0.0319443881465
-0.0102654944115
-0.00613479402159
-0.0151205934982
-0.0035771522334
-0.0382491465919
-0.0311170025185
-0.0183903601491
-0.0633129342399
-0.0363172712891
-0.00360673445241
-0.00955209259758
-0.0410000783917
-0.015720048742
-0.0105862614767
-0.064327748489
-0.00731896815353
-0.055808158552
-0.0639263520888
-0.00385826122078
-0.00251109284283
-0.0483790535719
-0.0465392510029
-0.0214593363614
-0.0227279768738
-0.0561781900017
-0.0560370246565
-0.0510635725769
-0.0687101226034
-0.0631030838831
-0.0483244869979
-0.0481287805413
-0.0402518394677
-0.039217687091
-0.0627885744656
-0.01319681892
-0.012220674685
0.00103345513223
-0.0669929909626
-0.0661189504074
-0.0524607739406
-0.0452764674513
-0.0469766699285
-0.0626890479942
-0.0501146984183
-0.0677641723411
-0.0617624365037
-0.0549842478463
-0.0265753529144
0.00145243646336
-0.00828077199763
-0.0415141678476
-0.060956604522
-0.0582649804584
-0.0238904081922
-0.00402752825064
-0.0345261158829
-0.0561231785322
-0.0315118325045
-0.0606987719425
-0.0366209660702
-0.0187562985905
-0.0166847183983
-0.0127253278865
-0.0101677161274
-0.0276568876167
-0.0573484871289
-0.037279955261
-0.0399640208515
-0.0182677271876
-0.0393954899513
-0.0117110477212
-0.0314685450915
-0.0457202847626
-0.0139558164581
-0.0605711454931
-0.0303901459083
-0.000292145909796
0.00734770206221
-0.00493573707113
-0.000991281374885
-0.0329573725833
-0.0337422725726
-0.000969720108899
-0.000290505657646
-0.00463100857559
-0.036245017031
-0.0102295777222
-0.0252423633793
-0.0606733567215
-0.0347926322508
-0.0324015461382
-0.016984778694
-0.0332220673061
-0.0157729145523
-0.0312601331625
-0.0151919539276
-0.0162034842483
-0.0459421521081
-0.0386919267498
-0.025316617494
-0.000951359246016
-0.00231878004749
0.000764100049562
-0.0500176270709
-0.0589896869301
-0.0627235902774
-0.065283290648
-0.0281302916625
-0.0532492097299
-0.0105966997855
-0.0585664221892
-0.00741559211199
-0.0107205884722
-0.00615091081934
-0.0624383682336
-0.0840486754389
-0.0891246473306
-0.092607457069
-0.0218171467853
-0.0575151030623
-0.0945703114059
-0.02977603996
-0.0564862859546
-0.0876840413499
-0.0099178862847
-0.0719120842471
-0.0601826716846
-0.0412948802335
-0.0951336280416
-0.0447956036106
-0.0863091774105
-0.0863924051542
-0.0903157387784
-0.0944320165684
-0.0923547123715
-0.0879120933142
-0.0884718256237
-0.0326584798571
-0.030127035639
-0.0340246364721
-0.0879402435285
-0.0833017928202
-0.0602211498347
-0.0614834037858
-0.04250920381
-0.038680600185
-0.0887440608259
-0.0348883168643
-0.0377362299032
-0.0579059811934
-0.0925239614036
-0.0847047042558
-0.0528023289089
-0.0610310460626
-0.0833209780062
-0.0899469689743
-0.0512846989379
-0.0516120168844
-0.0901449982655
-0.0850921841734
-0.0631865780738
-0.0610452313751
-0.0918272254171
-0.0349642507439
-0.0584622872485
-0.0905538627292
0.00780902154041
-0.0947384397847
-0.0379024366472
-0.0594551103614
-0.0257936763482
-0.0715961853262
-0.0386738324943
-0.0857510357662
-0.0828353298289
-0.0901899753054
-0.0710024165482
-0.0897997053465
-0.044675331139
-0.0878890267492
-0.0853507149253
-0.0900251404528
-0.083506775742
0.00440125469944
-0.0955119743766
-0.0920191589789
-0.092630696007
-0.0928939688185
0.00456835021896
-0.0899692814956
-0.0894487121307
-0.031368051237
-0.0932214239982
-0.0927179434943
-0.0421668992503
-0.0342608374659
-0.0528518116273
-0.00473557978128
-0.0374998569772
-0.0880042071063
-0.0917798492294
-0.0346424748505
-0.0878616345953
-0.0938351774641
-0.0209819425477
-0.0867029391371
-0.074036055778
-0.0313603604664
-0.0310976526742
-0.0333729484958
-0.054620939368
-0.0593625120109
-0.0892215026236
-0.0868624037969
-0.0334929075027
-0.0367645358585
-0.00627006681898
-0.0156053635357
-0.0873699778593
-0.00250528779128
-0.0823612954921
-0.00105224905449
-0.030068580718
-0.0892126035188
-0.0299784340053
-0.0900356457188
-0.0282412043788
-0.0813231295283
-0.00230183088347
-0.0819044948863
-0.0873467429497
-0.0827601170501
0.00866698429251
-0.0914251703399
-0.0906271430116
-0.0911874276599
-0.010943561015
-0.0814109887973
-0.088186657875
-0.0913807426044
-0.0814647236844
-0.0867523965404
-0.00199171152178
-0.0873305220762
-0.0586679859015
-0.0903700935439
-0.0185536216731
-0.0238786303851
-0.0260368676481
-0.0584105459246
-0.0340159817791
-0.0679515308692
-0.0756994389632
-0.0841376863732
-0.0734051658423
-0.0340622569227
-0.0586206588873
-0.0581999077872
-0.0949733248364
-0.0404478419582
-0.0328544775091
-0.0427889799679
-0.0399753481788
-0.0732958268191
-0.0497472912285
-0.0703693791401
-0.0472564694141
-0.054776113676
-0.0490393972035
-0.0864818579523
-0.0520359796003
-0.0539225566265
-0.052863496855
-0.0446931846019
-0.0560887735327
-0.0205652800197
-0.0345984027223
-0.0300218995635
-0.0881867795661
-0.064952524792
-0.0273828027415
-0.0911909830278
-0.0339397440235
-0.0873255580078
-0.0887550642869
-0.0799835762689
0.0115808861659
-0.0098804135108
-0.0676230829167
-0.0581226721444
-0.0304399382305
-0.0616168142777
-0.0444575916345
-0.0395256796159
-0.0376579869705
-0.0176135590399
-0.0279340031973
-0.0914371611596
-0.0807269206892
-0.0888899570238
-0.0930470840393
0.00358655477146
-0.0885915270665
-0.0552288903698
-0.0530371294771
-0.0911001949493
-0.0510798489327
-0.0831549481639
-0.00403923421875
-0.0719156129889
-0.0794064380699
-0.0904713558012
-0.0777390306344
-0.0819683607363
-0.0266087244387
-0.0860298803862
-0.00842980258065
-0.011401592134
-0.0937073558279
-0.0831828004786
-0.0923849538404
-0.0930742888995
-0.0400719759203
-0.0613637241072
-0.012444279685
-0.0886207572951
-0.0274760007207
-0.0920391878817
-0.0886262650367
-0.055795778105
-0.0597031545627
-0.0599377951032
-0.00287711958245
-0.0906534590562
-0.0893313049819
-0.0521877339641
-0.0831131752467
-0.0881214673114
-0.0640232794522
0.00653810638158
-0.064636604879
-0.0315126526465
-0.0936664485392
-0.0793558202246
-0.0564933990597
-0.0563905549144
-0.0799060221161
-0.0612216848878
-0.0816591625487
-0.0318958545001
-0.0320232026948
-0.0597304411441
-0.00207465455489
-0.0773655953732
-0.033425662897
-0.0264200618144
-0.0658096195393
-0.0880868673604
-0.0768574167897
-0.0622734946477
-0.0724074134078
-0.00899467203865
-0.0804745984451
-0.0406409657456
-0.00731448527055
-0.0588334730529
-0.0814917878444
-0.0339497291927
-0.0698103961567
-0.0821077286231
-0.00910854142335
0.00235338529132
-0.013133442607
-0.010105569955
-0.021914554228
-0.0339735117599
-0.0128182810754
-0.0951830017139
-0.0180009172476
-0.0447993594389
-0.091920759309
-0.00197155858656
-0.0811318652567
-0.0381736564242
-0.0614866076927
-0.0619912634927
-0.00841147320094
-0.029931033382
-0.0612172184204
-0.0848939825475
-0.034130903474
-0.041670198586
-0.0156031864861
-0.00603081292079
-0.0216966977028
-0.034847937528
-0.0335518875065
-0.0730358363529
-0.0423060180212
-0.0311288911928
-0.0573809409058
-0.00307095866234
-0.0506451120735
-0.0157081906158
-0.00761316916771
-0.0372017187121
-0.0184753620548
-0.0254368062064
-0.0397225869273
-0.0537272477212
-0.0849364762425
-0.0761317073913
-0.0449053360292
-0.0293604826466
-0.0789511499909
-0.0485933682572
-0.0730320772977
-0.0564302884781
-0.0446943665895
-0.081496141445
-0.0803884250552
-0.00726645641252
-0.0505098174046
-0.0411759330072
-0.052915699405
-0.00925846638965
-0.0725878619026
-0.0368278764117
-0.0749228277163
-0.0611900294721
-0.0294093714095
-0.0903890414496
-0.0802313513974
-0.0809876910395
-0.00170710715604
-0.035035402836
-0.0540911979587
-0.0812150433778
0.00200927799578
-0.00619862770194
-0.0786746049915
-0.0401342883372
-0.0320990263555
-0.00800128620551
-0.0826732398973
-0.00223244751269
-0.0173809757404
-0.061988547975
-0.0608973146772
-0.0801309415995
-0.066640608854
-0.0832656211841
-0.0791705575094
-0.0749813466297
-0.0953243999479
-0.0800686690237
-0.000894355815735
-0.0883855801537
-0.0356044018478
-0.0708034372925
-0.0358571173207
-0.0439720580805
-0.0640782462783
-0.000277241844137
-0.0478682312425
-0.0786596349831
-0.03165279337
-0.0574540794537
-0.0604273934123
-0.0217848022576
-0.0136137206592
-0.0641363368307
-0.0193473535014
-0.00894944643232
-0.0472206748181
-0.0768772331048
-0.0161559286797
-0.0629059910881
-0.0562085083338
-0.0353280054251
-0.0514847983515
-0.0501828326522
-0.0791464738895
-0.0354682468733
-0.0278988797061
-0.00266138959827
-0.0834002210063
-0.0771878027783
-0.040201888752
-0.00420708549598
-0.0156399815622
-0.0754235825307
-0.0407964047274
-0.0632913261696
-0.0810905678085
-0.0187634576158
0.0101956554199
-0.0229181906565
-0.0170532066428
-0.0689616333406
-0.000919837085001
0.00716911923395
-0.0206976468309
-0.0608924782254
-0.0267351321606
-0.0818302225345
-0.0817213969213
-0.0508240914392
-0.0677732293345
-0.0637656511628
-0.0583216837733
-0.0808213868412
-0.0784437306781
-0.026192788748
-0.0245494222768
-0.0613933754002
-0.0337371902634
-0.0790950112567
-0.0825990584275
-0.00454917332569
-0.0253352011826
-0.0651104637591
-0.0254407149243
-0.0111328767508
-0.0793876636609
-0.0885272376047
-0.0801002130401
-0.0885348113411
-0.0663369348112
-0.0195567905219
-0.0216670878481
-0.00302300454758
-0.0675716069853
-0.0382161449867
-0.0617566414268
-0.0221369319992
-0.0506722188507
-0.00291581932403
-0.079982098323
-0.0560253007431
-0.0678970737348
-0.0188976217417
-0.0756955105899
-0.0263138670825
-0.0687919772175
-0.0752271184972
-0.0893151099213
-0.0397017258442
-0.0597558973265
-0.0579561780018
-0.0321879402908
-0.0740953506858
-0.0348680124357
-0.0602157970605
-0.0423746916089
-0.064492220041
-0.0443093174133
-0.060594228294
-0.0742491538506
-0.0898430908771
-0.064640273502
-0.0741244415213
-0.0463109613942
-0.0780552709745
-0.0945848917224
-0.0777331979586
-0.0310019238557
-0.0600478944948
-0.0754843485013
-0.0184499617186
-0.0428380219118
-0.0618237105522
-0.0717200540364
-0.0738656575448
-0.0729895665809
-0.0767383629787
-0.0394201792081
-0.0533153360839
-0.0785369754904
-0.0605283886457
-0.0749110854868
-0.0438318898449
-0.0611372601372
-0.0219783449827
-0.0553756048763
-0.0768788414213
-0.0701875073669
-0.0586615780896
-0.00277414791332
-0.0599237722923
-0.0794470030447
-0.033168920308
-0.0271468650395
-0.0716167992334
-0.0585950174577
0.0081739586447
-0.0704181241777
-0.0805421369774
-0.0440660289468
-0.00499771038748
-0.00132838719661
-0.0842686830197
-0.0700640171191
-0.0456930898149
-0.0739725870778
-0.041481858533
-0.0490757554793
-0.0904601518635
-0.0464239159697
-0.055423940833
-0.058081663113
-0.0489361792619
-0.0712230553865
-0.0707124018746
-0.0547038865507
-0.0676434274562
-0.0735346320551
-0.085758461572
-0.0730985042687
-0.0750224037699
-0.0744436839027
-0.000154980312378
-0.000589588760472
-0.0238272068199
-0.0549700480157
-0.0512282277199
-0.0581820545159
-0.0468533812851
-0.0670212006797
-0.0824913245119
-0.0864341150442
-0.0887641422506
-0.00267047263141
-0.0242451994366
-0.0952211647132
-0.0206527354645
-0.0528673743472
-0.0544261664949
-0.0704850754195
-0.0697391261095
-0.0696010002497
-0.0543568773467
-0.0895694640896
-0.0616187993726
-0.0275912937307
-0.000273052798561
-0.0173111682487
-0.0832688000273
-0.0751332879439
-0.0375662838732
-0.0637978934498
-0.0598752103664
-0.0189147739095
-0.0728848288687
-0.0541244245152
-0.0756988026702
-0.0786865631547
-0.00610216620975
-0.00370957893514
-0.0110172758831
-0.0492327794451
-0.0832025662263
-0.053674709887
-0.0524911823685
-0.0649555958442
-0.074703276529
-0.0530040727881
-0.0752787751313
-0.0640712402936
-0.0783402914714
-0.0708958993308
-0.0142417581882
-0.068306138922
-0.0547993042854
-0.0852494417243
-0.0679437766864
-0.0718620878111
-0.0002216996245
-0.0407560716799
-0.0450270380229
-0.0858276203593
-0.0578206570327
-0.0369066904161
-0.0514158540905
-0.0772721447726
-0.0683011722702
-0.046160294391
-0.0918819241471
-0.0653207771246
-0.000513224247346
-0.053438049136
-0.078518848607
-0.0896568571606
-0.0367229633303
-0.0184050970399
-0.055410145517
-0.0862645537667
-0.0236092187726
-0.0617862204408
-0.0864053286424
-0.0671808744804
-0.0534212643522
-0.0403113537288
-0.012461002699
-0.0319977545685
-0.0710532315698
-0.0771589918538
-0.0294013119372
-0.0773791600426
-0.0714995399362
-0.0669859661352
-0.0247048699068
-0.0739295973053
-0.00919202323882
-0.0507029197501
-0.0474749460811
-0.0705505015606
-0.0776566233354
-0.0684477246693
-0.0786505529692
-0.0747554592594
-0.0721952456873
-0.0699888590355
-0.0800776154672
-0.0729237871152
-0.0911772192602
-0.0521432716809
-0.00384216100455
-0.0461177196416
-0.0488642203812
-0.0884978163916
-0.0463446409828
-0.0855119131395
-0.0902235166676
-0.0495590277846
-0.0779220761309
-0.0752504263594
-0.0191836429517
-0.0744707988944
-0.0863034524942
-0.0404034979514
-0.085368216801
-0.0874533329264
-0.0738568762137
-0.0737543028041
-0.0721059255355
-0.0732842037379
-0.093569033724
-0.0113144874854
-0.0948737066671
-0.0589358296971
-0.0638151853703
-0.0883342846118
-0.0460832091398
-0.0692669325954
-0.0857067231296
-0.010846666071
-0.0939338625423
-0.0146778424005
-0.0395097343995
-0.0638882331934
-0.0865512851402
-0.0858359788089
-0.0607064476625
-0.0818679733689
-0.0690741000675
-0.0686662884301
-0.0695050504497
-0.0454548889122
-0.0850360213312
-0.07003327131
-0.0892509503996
-0.0468352469869
-0.0717509631526
-0.0882334183322
-0.0456599773334
-0.0943637303744
-0.0857238399573
-0.0870419551393
-0.0934849848902
-0.073442681998
-0.0305288063741
-0.0775680074002
-0.0818723102263
-0.0423395421717
-0.0947282816931
-0.0651726505168
-0.0847730802526
-0.0709634597824
-0.00771424036834
-0.0693066107676
-0.0883237504309
-0.0761078024911
-0.0865623370815
-0.0664025056234
-0.025539610286
-0.0624661164424
-0.0720855402286
-0.0459900711103
-0.054425821848
-0.071861488202
-0.0525617443822
-0.0872458762451
-0.0507141436232
-0.0602955612075
-0.0434479156368
0.00581337353308
-0.0812836447688
-0.040042735588
-0.0480782614489
-0.0920727785544
-0.0827546339317
-0.0870603533175
-0.0707067631749
-0.0709637255405
-0.0593458437804
-0.0593320375812
-0.0663885957316
-0.0573279874422
-0.0886166952635
-0.0923151210682
-0.0589246149898
-0.0531664123978
-0.0738247793415
-0.0787453971852
-0.0907361235704
-0.0798561476926
-0.0873803847804
-0.0693786578534
-0.0844327345278
-0.0942203364165
-0.0713838736801
-0.0881737026307
-0.0900254820755
-0.0753506156512
-0.0947645322997
-0.0893682605023
-0.0644154493019
-0.0199633153454
-0.0228913975023
-0.0839779012939
-0.0627071750882
-0.0486164301778
-0.0886165149891
-0.0812857375956
-0.0636261545854
-0.0636289986199
-0.0454182697997
-0.0679109011027
-0.0685178812732
-0.0820608916449
-0.0565657873273
-0.0773432715776
-0.0860125982545
-0.0654060226217
-0.00955770589525
-0.0869117899652
-0.0513887134997
-0.0575130960275
-0.0795361976057
-0.0622237646374
-0.0575494788055
-0.0730218685679
-0.0864490339534
-0.0681004190957
-0.0853685753611
-0.0255775146368
-0.00417070063294
-0.0740161508079
-0.0897438115286
-0.0765252675462
-0.049762106734
-0.0541533206504
-0.0404776660861
-0.0481611615284
-0.0390228779151
-0.0594811548789
-0.0307092754586
-0.0659992200426
-0.0297455504457
-0.0426680707596
-0.0859602578437
-0.00963084353259
-0.0783814675791
-0.0792375762893
-0.0483653509884
-0.0907194659867
-0.0887689638621
-0.0778017249706
-0.048470433067
-0.0819638935278
-0.0760217604611
-0.0712386344452
-0.0704108552797
-0.0167983766962
-0.0483114730409
-0.0788002099122
-0.047409231751
-0.0397321986041
-0.0666437979695
-0.0900984780076
-0.0730693285731
-0.0498162698439
-0.0582612555202
-0.0711461011346
-0.0871908443226
-0.089938953655
-0.084147388832
-0.0878507383778
-0.0770393850675
-0.067692695318
-0.0731623255748
-0.0420301077514
-0.0858032630065
-0.0581678587279
-0.0756969627483
-0.0826742964685
-0.0900427241332
-0.0805174318437
-0.060690910819
-0.0242360607499
-0.079651329804
-0.0457396903349
-0.0707948716858
-0.0534088973159
-0.0837008151755
-0.0298975148702
-0.0254173742994
-0.0357311827701
-0.0925893523756
-0.040327734479
-0.0401981156167
-0.0616001603135
-0.0145020789388
-0.0158668151604
-0.0297710752056
-0.0521086565754
-0.0816931394123
-0.0758035235756
-0.0485926032335
-0.0756493882435
-0.0688420821723
-0.090416581663
-0.0112060875106
-0.0577762445691
-0.0564636325323
-0.0664728465675
-0.063635689224
-0.0797089741185
-0.0930351373516
-0.0487115961879
-0.0226510995009
-0.0324300797088
-0.0703907122817
-0.0804025920978
-0.0712534520022
-0.0764569845153
-0.0777107324532
-0.0768902054659
-0.0509755994488
-0.0139823248005
-0.00612057742072
-0.0442481213394
-0.084801976442
-0.049119773533
-0.0857891333486
-0.0222994112633
-0.0132087654936
-0.0288108350157
-0.0801265239824
-0.0781663509681
-0.0506709333598
-0.0452940884607
-0.0660536323242
-0.0707676142789
-0.069408288347
-0.0945256384482
-0.0346157273923
-0.0728029365227
-0.0372226700169
-0.0873306570015
-0.0473247631255
-0.0769166320676
-0.0659866455316
-0.0612743212588
-0.0602724920755
-0.0678856544285
-0.0724194869689
-0.0756694193949
-0.0947744961106
0.000149469082362
-0.0762521694963
-0.0772999902707
-0.0643451836364
-0.0913701221752
-0.0422392624123
-0.0876657814664
-0.0340894930629
-0.0578170461927
-0.091245356757
-0.0151794504968
-0.0783143588118
-0.0782052203241
-0.0625609347158
-0.0464500113546
-0.0643893954986
-0.0852557746143
-0.0848096549323
-0.0588630192121
-0.0178189657688
-0.0393747631137
-0.0846593922503
-0.0750360626486
-0.088304063198
-0.0551129292078
-0.0265788119537
-0.0602100583579
-0.0822893423891
-0.0209360602224
-0.0607438961488
-0.0851131093215
-0.0917033920747
-0.0860698011895
-0.0812723829871
-0.0332024853595
-0.0851308165159
-0.0871015292351
-0.0588895215288
-0.0418840430575
-0.0908938935681
-0.0780950048795
-0.0835337420782
-0.0917903867937
-0.0827656311528
-0.0788152044933
-0.0842513185198
0.00159287066297
-0.0797261242366
-0.0243268837256
-0.0778909122242
-0.07484575084
-0.0779305519754
-0.0866942484679
-0.0233054206364
-0.00415813651408
-0.0885689088681
-0.0840905459418
-0.0887596021283
-0.0741387023114
-0.0446648411206
-0.0653422297265
-0.0539038862294
-0.0349882240931
-0.0823067349327
-0.0556850464221
-0.0838272927811
-0.068914328098
-0.0634665096873
-0.0898771986127
-0.0466883593151
-0.0871497958671
-0.0706434441026
-0.0473182626662
-0.0822766258281
-0.0291695742141
-0.0199984694983
-0.0160387435348
-0.056842129578
-0.0131126298911
-0.0570605988468
-0.0584899140866
-0.0285818564625
-0.0919775778198
-0.0774243460465
-0.080473315395
-0.0741405038621
-0.0533425966075
-0.025268981914
-0.0738186054912
-0.0126477299969
-0.0726105152654
-0.0832065099148
-0.0635247098853
-0.0840471521969
-0.0655970869473
-0.0730233068154
-0.0844407434535
-0.0557049185096
-0.0190092428188
-0.0747541133383
-0.0583126251628
-0.0589723792927
-0.039941844067
-0.0797834441263
-0.0811998014945
-0.0635179642225
-0.0480878353264
-0.0890987914889
-0.0428262389578
-0.090114779731
-0.082264022201
-0.0708782819623
-0.0912522266234
-0.0887708294511
-0.0734559580525
-0.0694714302719
-0.0664123519442
-0.0910929021845
-0.0621198847788
-0.0906804923555
-0.0842832616072
-0.0896429713699
-0.0839128443093
-0.0898460843629
-0.0729483931014
-0.087801906983
-0.0833321818135
-0.0645812318698
-0.0679728480803
-0.0251864959173
-0.0492392525961
-0.0812699105124
-0.0694086322754
-0.0776014504593
-0.0242131285709
-0.072682090854
-0.0376916879942
-0.0736849454247
-0.0692744094054
-0.0717737869389
-0.0871063753233
-0.0800002614128
-0.0642331889995
-0.0666654396566
-0.053460147682
-0.05041664592
-0.0860895048847
-0.0662049899945
-0.0629804425307
0.00561247389677
-0.0940183654133
-0.0829114588493
-0.0637460682769
-0.0781292564579
-0.0342857768766
-0.0462529611131
-0.0736004193408
-0.0537571356741
-0.0690781026369
-0.0836527900709
-0.0108738345725
-0.0561770579153
-0.0928820455232
-0.0711324675734
-0.022915341106
-0.0479313786266
-0.0688968419095
-0.00540476086489
-0.0659220777952
-0.0913410081521
-0.0892877002847
-0.0839190091374
-0.068446317676
-0.0718651766554
-0.0642961410882
-0.0872789719016
-0.00642191608271
-0.0745298278743
-0.0762030331764
-0.0701149095507
-0.0889820058679
-0.0807751893511
-0.071123039248
-0.0812989187593
-0.0647986796159
-0.0842099357576
-0.0699634147511
-0.0561373652203
-0.0869925772713
-0.0256094233565
-0.0328375577381
-0.0771766934302
-0.0898387486193
-0.0319154848768
-0.0926981363016
-0.0666819823241
-0.0939698236692
-0.0755622260516
-0.0822272500042
-0.0905028590858
-0.067369327121
-0.0557375046289
-0.0877109974588
-0.0209738055792
-0.0480995581343
-0.0946824491011
-0.0802506002213
-0.0936091625048
-0.0673273010167
-0.0481534294386
-0.0483873398683
-0.0508966609469
-0.0694768455018
-0.0222603028778
-0.0941915830271
-0.0925214034903
-0.0643771291231
-0.0905681299173
-0.0204203605316
-0.057733268649
-0.0913748540457
-0.0919609809595
-0.0466083695283
-0.067797219414
-0.072439244837
-0.0919241660363
-0.0939592073388
-0.0433207640458
-0.0838297024666
-0.00517232195746
-0.0946431177529
-0.0615176163411
-0.0874732593838
-0.0294595892916
-0.0803251433927
-0.078638238582
-0.0851730610613
-0.0224207410461
-0.0461754373592
-0.015007894624
-0.0525249605626
-0.0774852939959
-0.0823941238871
-0.0869331147716
-0.0279039186882
-0.0616948301772
-0.0294650131001
-0.0718153786514
-0.00287596875753
-0.000560120622076
-0.0609688900647
-0.0883075513886
-0.0915741262424
-0.0673811197538
-0.0762227747309
-0.0467381537897
-0.0468070546509
-0.053491492486
-0.0892254684468
-0.0752381691851
-0.025748123928
-0.0808055605377
-0.0327283828423
-0.0778282087761
-0.0136329704112
-0.0854269083697
-0.0521644061806
-0.0763044885917
-0.0204978425231
-0.0206159709777
-0.0610359559775
-0.0948319168138
-0.0936339534688
-0.0618767997548
-0.0639704911555
-0.0769436064142
-0.0801838857343
-0.0934830874427
-0.0291223576449
-0.0864081978772
-0.0891170078772
-0.0935345994884
-0.0615793667871
-0.0863805761548
-0.0912736436895
-0.038925175812
-0.0418487949185
-0.043056697262
-0.0891306269552
-0.0950007102046
-0.0263771751741
-0.0942517694216
-0.0943839862474
-0.043226740263
-0.0533455303003
-0.0688437864911
-0.0722990992137
-0.0951161804071
-0.0460115072384
-0.079248298315
-0.0644418065639
-0.0713781242869
-0.0681661708061
-0.0480049113576
-0.0926156612474
-0.0832892961463
-0.0473663767567
-0.0896696408666
-0.0904502029168
-0.0871508416495
-0.0929471828475
-0.0831219578674
-0.0753664122658
-0.0545042010297
-0.0406947552444
-0.084574626108
-0.03745469057
-0.0945487193133
-0.034607166548
-0.0487375509877
-0.0506364592533
-0.0555091765466
-0.0746352920692
-0.0936970155109
-0.0641881417366
-0.062833996975
-0.0485236514664
-0.0740665565897
-0.0668958632968
-0.00778536501567
-0.0923642023049
-0.0692398533236
-0.0454508519294
-0.053652428281
-0.0796726715793
-0.0811814603605
-0.0802284206342
-0.0829301832921
-0.0942509574875
-0.0842198800258
-0.0733847894072
-0.0407932952501
-0.0733365862668
-0.084989202387
-0.0851921315131
-0.0947719169322
-0.0758396638419
-0.0807433191873
-0.0818961494968
-0.0909737489186
-0.0663516375458
-0.071853117439
-0.0865927343767
-0.0847099040088
-0.0737822293996
-0.0939776658016
-0.079877828716
-0.0658132308354
-0.0836723400476
-0.0881056245932
-0.0752248259895
-0.0927787644555
-0.0941813296967
-0.0949216694666
-0.0842297224332
-0.0841163247281
-0.0789125823039
-0.0664800380603
-0.0938659193502
-0.0946369774724
-0.0871237254703
-0.0911862632989
-0.0940272092502
-0.0819921211063
-0.0565837644533
-0.0870116953735
-0.0692169321766
-0.0773296955309
-0.0740489004308
-0.0447994618378
-0.0720967226796
-0.0677396131549
-0.0361086022605
-0.0750221902884
-0.0938470682988
-0.0436952064955
-0.0388899664746
-0.0941559544699
-0.053701691346
-0.0819803927164
-0.0549413294711
-0.0427429989058
-0.0931259084066
-0.0550862473105
-0.058577246081
-0.0715738526572
-0.085227964759
-0.0793723659527
-0.0793067419908
-0.0652724333463
-0.0688003962692
-0.070685236487
-0.0911882293442
-0.0465293062355
-0.0782498218679
-0.0714546661617
-0.0840049095787
-0.0427574869234
-0.0861178895732
-0.0884862698129
-0.0922918040535
-0.0934354139713
-0.0876606155756
-0.0838884168348
-0.0656465173708
-0.0858299504922
-0.0930872645499
-0.0624215694948
-0.0833600169594
-0.0949783431739
-0.0374603578535
-0.0286549753888
-0.087750512703
-0.0237313262156
-0.0916074759291
-0.0853448457049
-0.0866892769952
-0.0806193675658
-0.0934078078293
-0.07017721897
-0.0864369865423
-0.081876486931
-0.0880875919711
-0.0512782135517
-0.0547883767561
-0.00575260774338
-0.0775082617626
-0.0768510071291
-0.0311390222765
-0.0695795369474
-0.0883149535516
-0.0822001928298
-0.0756928418594
-0.051280030392
-0.0949953908068
-0.080104386204
-0.0920510795244
-0.0729514518014
-0.0866425784673
-0.0501185274444
-0.0667474227076
-0.0738407846263
-0.082867533471
-0.0715755012912
-0.0252087955105
-0.086340331667
-0.0731961200347
-0.0537273885738
-0.079720471454
-0.0787286836599
-0.0469570321566
0.00291736261714
-0.0430576265815
-0.0527951579601
-0.0919822918185
-0.0579507364256
-0.0352549748945
-0.0293483016707
-0.0843130510682
-0.0324801923447
-0.0758533637398
-0.0367039208085
-0.0357792954286
-0.0706413726332
-0.0448858535397
-0.00491690539697
-0.0404878897703
-0.066664115891
-0.0905783329672
-0.0848367434985
0.0035397741684
0.0061485665296
-0.0203946769758
-0.0859099692804
-0.0816421795077
-0.0941501988587
-0.0766351338797
-0.0399622348211
-0.0849645938144
-0.0435312811453
-0.0904472535866
-0.0858515805952
-0.0645358181813
-0.0931575656363
-0.0605998837198
-0.0736051512255
-0.0836157903548
-0.0160011417784
-0.0587588480889
-0.0846783499372
-0.0921973137706
-0.0640128251672
-0.0953866845138
-0.0554355273925
-0.0824611663928
-0.0918982978355
-0.091700103792
-0.0644771102302
-0.0380693104574
-0.0659880642473
-0.0496033757143
-0.064404959545
-0.0672811429181
-0.086260733332
-0.0585014000846
-0.0659010705573
-0.0805735329936
-0.0937413151526
-0.0846531351196
-0.0627535217794
-0.0603288123286
-0.039050021144
-0.0831903730087
-0.0652506905441
-0.0675862955932
-0.0609691779862
-0.0692031660961
-0.00559930658527
-0.0588520353252
-0.0354261212858
-0.077120509293
-0.0841117797817
-0.0894692602986
-0.0629843114247
-0.0639060566042
-0.038160361905
-0.0718009031295
-0.0833537789684
-0.0536051835826
-0.0486022595303
-0.0622837902884
-0.080472299257
-0.0691193688252
-0.0608781464113
-0.0617329598062
-0.0721987455796
-0.0754898874289
-0.08458576438
-0.0883012202382
-0.067840092336
-0.041930170363
-0.0523013076292
-0.0770861342498
-0.0534727655659
-0.0545556037902
-0.0557301072227
-0.0782549419906
-0.0561997935611
-0.0521052492044
-0.0649042022814
-0.0288944371423
-0.091428669756
0.00107638601604
-0.094138244022
-0.0752246282977
-0.0513371364153
-0.0895720070473
-0.0498718433095
-0.086104100968
-0.0380519642981
-0.0618339256043
-0.052160753304
-0.0571728716068
-0.0589895722954
-0.0691518867971
-0.00351155636346
-0.0694969777947
-0.0426523658752
-0.0802215393445
-0.0795474852784
-0.0436661184453
0.00566871320693
-0.0771425698356
-0.0731035677411
-0.0632828632844
-0.0525304350149
-0.0856602471605
-0.0662662706754
-0.066850139439
-0.0482224698881
-0.0734542053188
-0.0512116319244
-0.0767358309712
-0.0927949243686
-0.0695665091371
-0.0658023758089
-0.0595235563111
-0.086196054771
-0.0607909454508
-0.0549279680447
-0.0361334906334
-0.0661101158631
-0.0735077267373
-0.0686151298927
-0.0933512526359
-0.0929149792669
-0.0564625702792
-0.0818055317067
-0.0711575020933
-0.0808918176047
-0.0731875621954
-0.0838960169856
-0.0679615254147
-0.062061572197
-0.0468140789441
-0.0616050595281
-0.0718288968137
-0.014155554667
-0.027805270637
-0.0539317588862
-0.0747283535348
-0.0321665258946
-0.059218124947
-0.0590893411439
-0.0925821840545
-0.053857345999
-0.0932652012131
-0.0687228488325
-0.0752508959425
-0.0622284733768
-0.0432363398232
-0.0937204385395
-0.0541518123062
-0.0733774454296
-0.0553689943928
-0.0514179298909
-0.0598004507269
-0.0543132692265
-0.0493416095746
-0.0381321189235
-0.0575126713428
-0.0834836338482
-0.0674429554925
-0.0742706981087
-0.0705295085968
-0.0852793340423
-0.0374028761791
-0.0302135445434
-0.0642202456043
-0.0632578079803
-0.0584027099474
-0.0909292696928
-0.0819746342699
-0.0821602487866
-0.0773140670669
-0.0930984579159
-0.0256889449374
-0.0712302830351
-0.0583136884479
-0.0621947679571
-0.0859566501421
-0.0464718389888
-0.0921238650297
-0.078320140095
0.00247604596457
-0.00198885847172
-0.00137795776683
-0.0542962515228
-0.0930775419839
-0.0834751195846
-0.0529900030454
-0.0604054699882
-0.0713051458619
-0.0461139179068
-0.0645108844207
-0.085250262154
-0.0460845950939
-0.0585713689562
-0.0641206960904
-0.0486999380968
-0.0308595208685
-0.0629869598829
-0.0757869168154
-0.0606892364848
-0.0285622052807
-0.0928725374303
-0.052143934736
-0.0607856867523
-0.0660201049827
-0.0593983016012
-0.0685731372422
-0.0484105876875
-0.0568456611232
-0.087011325095
-0.0426723132313
-0.0754652924159
-0.0759756525075
-0.0766213375166
-0.0775951954129
-0.0605810886058
-0.0928381729891
-0.0769517653759
-0.0689772627429
-0.0744848670071
-0.0709429086469
-0.0650964790455
-0.0660601289906
-0.0280695037869
-0.0816432099007
-0.0282680783643
-0.026908187884
-0.0315409885979
-0.0579877044441
-0.052119611431
-0.0556579265115
-0.0177517691865
-0.00351167241981
-0.0866881722388
-0.0782695828019
-0.0477879482213
-0.0722906367943
-0.026967656297
-0.0287070580971
-0.065078385984
-0.0796993731367
-0.0455359183211
0.000491994102924
-0.0808078953016
-0.0674024247344
-0.0750837055113
-0.0185514075314
-0.0496529776256
-0.0612085664753
-0.0789302271897
-0.0684392579541
-0.0684473705606
-0.0422684422537
-0.0680739133617
-0.0804946537617
-0.0929372289974
-0.0818076375964
-0.0122897723187
-0.0249122396909
-0.0800820027254
-0.052642320928
-0.0703265800208
-0.0335678907744
-0.0125266846517
-0.0784152377168
-0.048492913511
-0.0570951245556
-0.0821695857155
-0.0347590466927
-0.0678675511191
-0.0278977125079
-0.0732342281481
-0.0814686694404
-0.0495295501028
-0.0776612691354
-0.044742085337
-0.0857670523999
-0.0836991320659
-0.0607151798792
-0.0676293516842
-0.058079987559
-0.091273053013
-0.063668227312
-0.0540058328904
-0.075985678089
-0.0332088505572
-0.037894376064
-0.0732909285851
-0.0763142849289
-0.0550848019419
-0.0715499322234
-0.078126455092
-0.0784165939204
-0.0508867518541
-0.0402948534895
-0.0244613852936
-0.0673056701844
-0.0665378392952
-0.0664546884571
-0.0462119972783
-0.0826146608669
-0.0724835268151
-0.0018632351478
-0.0487632098472
-0.077866881398
-0.0500787159396
-0.0505320322679
-0.0777913757041
-0.0757967828903
-0.00642946526434
-0.0926166557136
-0.0870182480648
-0.0708983865255
-0.0646453111598
-0.070561857081
-0.0745054714963
-0.0796070994899
-0.0904759427688
-0.051323318666
-0.00687128225456
-0.0163950619746
-0.0715805252626
-0.00942326280948
-0.0500148196731
-0.0483714166913
-0.0721847395088
-0.0630340310735
-0.0597875602427
-0.0469217702892
-0.0841749714675
-0.0633163558472
-0.0461158728472
-0.0383146212321
-0.0340057584227
-0.0132318101851
-0.0414743504602
-0.0831643673083
-0.023819141893
-0.0489024131892
-0.0250451926515
-0.0314360700352
-0.0497095051943
-0.0435045460936
-0.0651145647989
-0.0810509765421
-0.0797065456242
-0.0269968523967
-0.0800502949613
-0.0752911878828
-0.0566440902506
-0.0838625983043
-0.0276053909229
-0.0363416612749
-0.0232523815618
-0.0676627497568
-0.0681765006866
-0.0545434238293
-0.052611746865
-0.0592347238431
-0.0939494613961
-0.00198176793536
-0.0762607544238
-0.0416593889554
-0.0811375565033
-0.0132481819705
-0.0232282759626
-0.0573792990247
-0.0157715250387
-0.0562536747214
-0.0609871676728
-0.0215635984982
-0.0457025161327
-0.0761220610995
-0.084213181415
-0.0362949868818
-0.0836461478609
-0.0838691268003
-0.0797412867321
-0.0115142142087
-0.0777935027793
-0.0746250164686
-0.0675873539907
-0.0580441533714
-0.065361339543
-0.0164312067278
-0.0520077484852
-0.0898476897468
-0.0692238861069
-0.0785982641066
-0.0629901489445
-0.0295904749228
-0.0679588620095
-0.0815152467566
-0.0364421429215
-0.0325357295107
-0.0917969596929
-0.0631336146202
-0.055158239758
-0.0579654642936
-0.0842059093987
-0.0623798264955
-0.0364876169072
-0.0951581647367
-0.0712639283015
-0.0565668806091
-0.0734206458718
-0.0818268396233
-0.0532235877862
-0.0822205812532
-0.0699412613387
-0.0728875160832
-0.0703587319286
-0.0554374895659
-0.0629440671637
-0.0505330902216
-0.0916420942559
-0.0686722116115
-0.0577080545951
-0.0141018696452
-0.0164987257868
-0.0766239563213
-0.0114056049945
-0.0882913646061
-0.00221480681394
-0.00746471839909
-0.0491371626342
-0.0178616184352
-0.055451201432
-0.0718812631416
-0.0751211428172
-0.0680370439241
-0.00772400490905
-0.0539940460193
-0.0588010263972
-0.0904690256772
-0.0747526860378
-0.00679004618641
0.000254094157491
-0.0786656671427
-0.0646168370303
-0.0789928629423
-0.0672298482659
-0.0557811192669
-0.0532862330023
0.000711369238665
-0.02043616128
-0.0512657344983
-0.0766855923686
-0.063521473223
-0.00645747572758
-0.0111023115356
-0.0913374023749
-0.0644357096921
-0.00788033329221
-0.0569949556889
-0.0907589505885
-0.0895473314337
-0.0784293238904
-0.0612865183164
-0.0764051968965
-0.0727841211735
-0.0603217613724
-0.0647074888778
-0.0166748476319
-0.0272168609355
-0.0748073208114
-0.0463165973241
-0.00202301628559
-0.0632256144231
-0.0680912250307
-0.0950331032744
-0.000975475424408
-0.0569827153796
-0.0587832295798
-0.0692017238937
-0.0893568381068
-0.0938617876685
-0.0575779003697
-0.0909040526455
-0.0953064840257
-0.0370743522461
-0.0193180473562
-0.0136761264831
-0.0699789678038
-0.0863125829284
-0.0718661608768
-0.0783478877922
-0.0815606428103
-0.0684206684477
-0.0721684813045
-0.0128466851535
-0.0953691152145
-0.0596445020481
-0.0357388071561
-0.0789188380441
-0.0800323782766
-0.0597423177428
-0.0750887680511
-0.047845096124
-0.0627398879164
-0.0115755080676
-0.0752498198581
-0.0772678114645
-0.0745377687863
-0.0890182947315
-0.0814075118139
-0.0728852100949
-0.0761954228514
-0.0733091256412
-0.0923008720552
-0.0706863311215
-0.0895514242015
-0.0586942458428
-0.0770058300865
-0.0682949503735
-0.0725443789323
-0.0106846852153
-0.0816447055555
-0.0364130925416
-0.0612951487104
-0.000496398746843
-0.0496327690273
-0.0874185042388
-0.0749862718237
-0.0753982232914
-0.0638882581712
-0.0911420822039
-0.0780886342785
-0.00339972380396
-0.0651965990078
-0.0886204113735
-0.0124094984672
-0.0579900438268
-0.0432586749259
-0.0669377020094
-0.0418555293711
-0.0431000213806
-0.0624584823199
-0.0646542576518
-0.0730418784517
-0.0551694366298
-0.0482078393187
-0.0438554607541
-0.0440822367889
-0.071605548522
-0.041972350207
-0.0952686381297
-0.0947794292092
-0.0944948816798
-0.0928837591914
-0.0538505161751
-0.0941881669759
-0.0894502412872
-0.0935414994464
-0.0753154883966
-0.04835746711
-0.0843866271284
-0.0145993704282
-0.0675747108898
-0.0914105365184
-0.092992036063
-0.0500128839619
-0.0211415360736
-0.064955607399
-0.0776661991967
-0.0805491897198
-0.0178200928883
-0.00166039049121
-0.076515570362
-0.0416148268472
-0.0921932278426
-0.042372173851
-0.029352353949
-0.0756407890002
-0.0306468899866
-0.0358878808292
-0.0313575688611
-0.0636610174297
-0.0292451995302
0.000253300454244
-0.0320580464861
-0.0521191688551
-0.0262966034706
-0.050681552908
-0.0443846897456
-0.0363655487473
-0.0461232186483
-0.0368618493232
-0.0393580266873
-0.0403226063
-0.0380771368329
-0.0391177603117
-0.0406082762278
-0.0643949575303
-0.0343212203113
-0.0627011541917
-0.030611691478
-0.021490289927
-0.0376393284246
-0.0327672625503
-0.0264422589035
-0.0383095270012
-0.0253341758537
-0.0242453826878
-0.0209100969307
-0.0186397660391
-0.012881793907
-0.0144038101525
-0.0162018195921
-0.0286750370591
-0.00780503086283
-0.0103760432802
-0.0504496035026
-0.0361971836455
-0.00636600498136
-0.00122298852266
-0.0349641849613
-0.0657143324495
-0.0625258801275
-0.0463636440489
-0.0412395649771
-0.0614172454092
-0.0628131057739
-0.0371602941709
-0.0236874166024
0.0143442557933
0.00557457254112
-0.000589360739934
0.00290357255703
0.00648654999008
-0.00168688801971
-0.0696098769475
-0.0562333907943
-0.00488353943992
-0.02552416887
-0.0350496328131
-0.0578556742163
-0.0245809723554
-0.03413701813
-0.00311257119527
-0.0408473062486
-0.0391264254838
-0.00013191646905
-0.0538918516268
-0.0679684610914
-0.0491855884729
-0.0523056917771
-0.0395932620495
-0.0432524148584
-0.0591888045132
-0.0426217228726
-0.0334424571483
-0.0487773523272
-0.0591543994279
-0.0220130864266
-0.00901903234557
-0.0603126177694
-0.00509883209736
-0.0112640440027
-0.0295851389773
0.00209848642599
0.00478622963415
-0.0533322286218
-0.0706130027401
-0.0698634298207
-0.0646423856581
-0.0474910266254
-0.0425024033875
-0.0550667966933
-0.0497245551629
-0.0664441380779
-0.0174596467468
-0.0677676121425
-0.0379370346136
-0.0551820978762
-0.0651633734267
-0.0666015365235
-0.0698747735568
-0.0218907389053
-0.016455387913
-0.0303897633087
-0.0208360067025
-0.017084468413
-0.0148952812139
-0.0631685225155
-0.0090332061245
-0.00435622682733
-0.0553071642961
-0.0518592621194
-0.0570444322995
-0.0640881080445
-0.0626218720262
-0.0518669031659
-0.00892435499653
-0.0602483068638
-0.0251957989016
-0.046863560196
-0.0420305977047
-0.0236301886865
0.000939368380671
0.00575117582818
0.000339092396863
0.000601885552911
-0.0149183769883
-0.0694175421585
-0.00474616989651
-0.0437937022629
-0.0412604568227
-0.0264532655683
-0.0301355159088
-0.0107763655496
-0.049356493696
-0.0103756889512
-0.0377105918265
-0.0174067871139
-0.00699992794466
-0.003077911802
-0.00148471828359
-0.0436299019714
-0.0177103813598
-0.0286937161101
-0.00409717124363
-0.0221811214244
-0.0168691364292
-0.0344826324818
-0.0524877432952
-0.021550724301
-0.0487574008172
-0.0504509677968
-0.048764560547
-0.0366402825088
-0.00178934204001
0.00373781779405
0.00476711621623
-0.00325971787911
0.0171151144429
0.0144760538048
-0.000124117141211
-0.000644660736597
-0.00534643007057
-0.0118836076675
-0.034220554675
-0.056721453643
-0.0175092329326
-0.0251185936906
-0.0644930052522
-0.0405741351915
-0.00667083896921
-0.0419702598487
-0.0558613249665
-0.0245744375866
-0.037923609927
-0.0363120768991
-0.0547719388873
-0.0353778936122
-0.044677026439
-0.0451850523757
-0.0480323916604
-0.0455717076951
-0.0625991191572
-0.0679262561246
-0.00533644984381
-0.0397736244213
-0.0143312338198
-0.0151175691632
-0.0339717957545
-0.0125100079668
0.00254500899596
-0.0617888683095
-0.0717968098484
-0.0608398023012
-0.0450482446422
-0.0375410673384
-0.0548391465118
-0.0265993117219
-0.0665836948166
-0.0397832271152
-0.0660064426926
-0.0578195140682
-0.00433054595488
-0.0667778226239
-0.0422787801263
-0.0688373065447
-0.000399134674578
-0.0704235949649
-0.0655854804982
-0.0631926051323
-0.0655600545954
-0.0674031693342
-0.052517141793
-0.0582232631474
-0.0227865383236
-0.0218656919485
-0.0224009225415
-0.025515997901
-0.0198469043302
-0.0195334536587
-0.0603609771146
-0.00621714198492
-0.0325250263239
-0.0515540099515
-0.0481984227354
-0.033286149794
-0.0147016826362
-0.00271332923831
-0.0567656811271
-0.0295164174408
-0.0653718439226
-0.0197441922398
-0.041684151471
-0.0339766125259
-0.0257055222721
-0.0575118283862
-0.0254657656427
-0.0196517387408
-0.0454198799678
-0.0664085415283
-0.00610661186471
-0.00794808923664
-0.0342445461896
-0.0422445510919
-0.0437710174641
-0.0259136998251
-0.0335795705522
-0.018689036939
-0.0428632655325
-0.00460398393418
-0.0363956198324
-0.0384629200135
-0.0248490547681
0.00100492127862
-0.0617162738432
-0.0614834485538
-0.0218841508583
-0.0272798678895
-0.0365920355567
-0.00901816105962
-0.0344644215461
-0.00373994970354
-0.00271256700404
-0.00538096131504
-0.0466295741807
-0.0439484428305
-0.0242453844519
-0.0673175251234
-0.0550074517273
-0.00353992269218
-0.029177969673
-0.0411005819279
-0.0515571372685
-0.0417252295361
-0.0261828296946
0.00777407778407
-0.000170384704797
0.0014933560064
0.00722109984359
-0.0611244192197
-0.0464929001728
-0.0406587422213
-0.0525852195974
-0.068799589916
-0.0348315569818
-0.0332028411096
0.0071778171192
-0.000122025228511
0.00510829836568
-0.000262605053342
-0.0127678194482
-0.0407485607476
-0.0592498519865
-0.0142355931008
-0.0600099415319
-0.0627075709598
-0.0288408034803
-0.0364261837513
-0.017004145778
-0.0604532565316
-0.0576396520323
-0.0572840296593
-0.0411001494053
-0.0138247695761
-0.0174854421308
-0.0137148920562
-0.0207741230569
-0.0175932784243
-0.0627045700366
-0.0477456024982
-0.0643126668304
-0.0660567760925
-0.0658248759963
-0.056186625816
-0.0374890415178
-0.0183494208355
-0.00076904928778
-0.0643613150544
-0.0625706404661
0.00604442184565
-0.0270242998007
-0.0201009575435
-0.032745763621
0.00113046805159
-0.000244646314798
0.000533300395069
0.00664529368062
-0.0267827012104
-0.0631376772591
-0.058298141256
-0.0502946482313
-0.0438123835162
-0.02859749788
-0.0670263817404
0.00013460997168
0.00256510363998
-0.0109351801043
-0.0377583266766
-0.0577325522111
-0.0545288387615
0.00121140442489
-0.00135755150607
-0.0536003732824
-0.0477869319941
0.00808550305947
0.00779217813896
-0.0277764279727
-0.0129543926997
-0.0349518804111
-0.0361302966813
-0.0342820044137
-0.0104977262682
0.019402554564
-0.00970588296752
-0.0571148349096
-0.0529243587261
-0.00543513021129
-0.00324972078323
-0.0435225932291
-0.0422098875315
0.00694384100318
0.00324343491177
-0.0234795250786
-0.0266441176182
-0.0387016071851
-0.0403241580497
-0.0304217836271
-0.0218132010175
-0.0272161456693
-0.0188952900381
)
;

boundaryField
{
    bottomWall
    {
        type            zeroGradient;
    }
    leftWall
    {
        type            zeroGradient;
    }
    rightWall
    {
        type            zeroGradient;
    }
    movingTop
    {
        type            zeroGradient;
    }
    front
    {
        type            empty;
    }
    back
    {
        type            empty;
    }
}


// ************************************************************************* //
