/*--------------------------------*- C++ -*----------------------------------*\
  =========                 |
  \\      /  F ield         | OpenFOAM: The Open Source CFD Toolbox
   \\    /   O peration     | Website:  https://openfoam.org
    \\  /    A nd           | Version:  14
     \\/     M anipulation  |
\*---------------------------------------------------------------------------*/
FoamFile
{
    format      ascii;
    class       volScalarField;
    location    "90.000000000066";
    object      p;
}
// * * * * * * * * * * * * * * * * * * * * * * * * * * * * * * * * * * * * * //

dimensions      [0 2 -2 0 0 0 0];

internalField   nonuniform List<scalar> 
2646
(
4.56588616754e-10
0.000177359387609
0.000364263829005
0.000647362016883
-0.000120962761062
0.0162619345104
0.00102504143053
-0.0130318085801
-0.00748126727135
-0.0215017589356
-0.00317983240023
-0.0104778262045
-0.0305453123764
-0.0171390418358
-0.0204181349695
0.00742559288457
-0.000339426423203
-0.000221817983902
-0.00641277764057
-0.00309944451918
-0.00268058101279
-0.00116174424233
-0.00200636895311
-0.00409198682573
0.00978657180633
0.00350235410938
-0.00922088450084
-0.00838878472533
-0.016397104433
-0.00470032861388
-0.00241177628145
-0.00057805691748
0.000514074338242
0.00669218224575
0.0102741515541
0.00109866836604
-0.0105535076628
-0.019726269297
-0.03409065542
0.001050994433
0.0137240885033
0.0086675706686
0.00671172353699
0.0063248139143
0.00712216319209
0.00687205295776
0.00736737113521
-0.00563883921441
0.00344747788136
-0.00206303883393
-0.0141294208229
-0.0201124935943
-0.0221556288727
-0.0213266734557
-6.28660495962e-05
0.00156392767904
-0.0116538417221
-0.0310936334293
-0.0309764692118
-0.0262627413647
-0.0162599004378
-0.00465317025523
-0.0327782226337
0.00121311304657
-0.0211105842263
0.0023669123519
-0.00715838319783
0.00162885521999
-0.00431087736828
-0.00262098282839
-0.0120326772551
-3.60182521402e-05
-0.00366944934976
0.00167700021267
-0.0055107046592
-0.0257477525263
0.000451665711687
0.00129691908527
0.00468911730188
-0.00402095384204
0.00116681035757
-0.00344489344108
-0.0210566885191
-0.0216939879644
-0.00745905605334
-0.00780691092151
-0.00279932795358
0.00828835298447
-0.0343815059985
-0.0267425431962
-0.0609250376861
-0.000962672853476
-0.0572073757997
-0.0562604924335
-0.0606656433745
-0.0400970365893
-0.026448189656
-0.0585297653761
-0.00134172999185
-0.0458759410582
-0.00300070911134
-0.0423682362693
0.00265921565682
-0.0422934943467
-0.0695476589103
-0.0405345718491
0.0135077521501
-0.0525303772785
-0.0108918764088
-0.0418129318375
-0.0250512784203
-0.00379167504198
0.00651084144366
0.00704946818824
0.015344449468
0.00796175115271
-0.0197798380195
-0.0528994067762
-0.0622539073716
-0.0367497276908
-0.00641089911366
-0.0334213823264
-0.0159317672161
-0.00335824168513
-0.0170631105736
-0.000907133836595
0.000154726461974
0.0254143515709
-0.0336557778256
0.00344443008023
-0.0541190995793
-0.0376337692758
-0.0577877865874
-0.064894764328
-0.0292833620956
0.00490120438401
0.000216245745477
-0.0504708010594
-0.0423960842594
-0.0496579280637
-0.0602385370009
-0.0450036594345
-0.0238196597689
-0.0586729664453
-0.00386084901505
-0.0499165717801
0.00714641918719
-0.0615548973428
0.017733619733
-0.0477425152088
-0.0240756781483
-0.0674444697709
-0.00671702776307
-0.0211717622211
-0.0114813142313
0.000309133816821
-0.0371942112496
0.00105399289688
-0.0125801057307
0.0156909224675
0.0553595122675
0.00726925183862
-0.0201202820314
-0.0695758570196
-0.0522095248635
-0.0378950102767
-0.0269536871774
0.228687048063
0.0623416550218
0.0689084613558
0.053879201681
0.0569915697035
-0.0227985262039
-0.0275777086698
-0.00034070630077
-0.00202514675076
-0.00842598740066
-0.0140128395614
0.000477914382359
-0.000255022434483
-0.0184164168148
-0.000205950068028
-0.0143097996594
-0.00835630818594
0.00485027230743
9.49543827308e-05
0.00977512370257
0.00719782518949
-0.0321741992888
-0.0217778117404
-0.00233566845443
-0.000822207461571
-0.0179314148578
-0.0180425472267
0.000106483683322
0.000782034774812
-0.002126178399
-0.0107398457432
-0.00981519279904
-0.0213937661305
-0.00830943424357
0.00357514930651
0.00445393885125
0.00483079375352
-0.033034282371
-0.0100538336799
-0.000425481452508
-0.0633520017168
-0.000169628910695
0.00300731522431
0.00696772738686
-0.0699897485671
-0.0443962505046
-0.0639127735591
-0.0673120103862
-0.029745837642
-0.000267047651798
-0.00205828331104
-0.00673792256283
-0.0558890126291
-0.0600936981625
-0.039221449935
-0.0259427413362
-0.0412007841627
-0.0353144842835
-0.0110405690141
-0.00696461499695
-0.0164232461856
-0.00432333127316
-0.0407787379881
-0.032211926413
-0.0205149700521
-0.0709607387165
-0.0398721462377
-0.000904119579728
-0.0105460664828
-0.0442373094569
-0.0173023668672
-0.0115497703006
-0.0722328128514
-0.00807039771736
-0.0626814737549
-0.0720474906404
-0.00462499615685
-0.00307796563203
-0.0535805050532
-0.0510692029022
-0.022957090202
-0.0244996897338
-0.0628970852938
-0.0630066005566
-0.0560511081649
-0.0781337461173
-0.0719121871215
-0.054014813445
-0.0538639582515
-0.0450672269472
-0.0435231609393
-0.0705469845543
-0.0143560399401
-0.0137207753123
0.000208986124426
-0.0760210132225
-0.074809153842
-0.057768773787
-0.0491001739302
-0.0511958182454
-0.0712977979447
-0.054895837122
-0.0769485705198
-0.0699887063415
-0.0606999811928
-0.0273605302467
0.000439653157974
-0.0089450603335
-0.04599219655
-0.0680304835501
-0.0655576740996
-0.0265550532275
-0.00135724896801
-0.0382347829211
-0.0629970985164
-0.0348508950037
-0.0681987887493
-0.0400945356461
-0.0209193339611
-0.0156104524594
-0.0138925718983
-0.0113386354415
-0.0300258187852
-0.0639709278366
-0.0397597956056
-0.0440476369777
-0.0178628195935
-0.0431511003825
-0.0127981794304
-0.0331579299811
-0.0507130875301
-0.0154650274677
-0.067694906361
-0.033588848125
0.000162364581808
0.00635191521938
-0.00528745438594
-0.00117218716717
-0.0344079237543
-0.0353803487323
0.00244235412377
-0.000369417102248
-0.00499562058135
-0.0397137359491
-0.0114036782165
-0.0271571372412
-0.0676887767569
-0.0382841981571
-0.036138929069
-0.018451148991
-0.0351993185161
-0.0171168186312
-0.0348650369861
-0.0164789557801
-0.0175652248116
-0.0505735224529
-0.0425330521776
-0.0256609506351
-0.00107510510985
-0.00254835126055
0.00105937657983
-0.0560956794081
-0.0657947663375
-0.0705493079949
-0.0736639744089
-0.0291302951513
-0.0587412934838
-0.0093300188238
-0.0653771369514
-0.00776034105926
-0.0116433659373
-0.0064700054892
-0.0690235861728
-0.0936805941106
-0.0999767121526
-0.104646628133
-0.0242175328709
-0.0635074740239
-0.107740847631
-0.0329351376572
-0.0622964942199
-0.102065223497
-0.0106307910395
-0.0797319662906
-0.0678585642987
-0.0461311189317
-0.109315738681
-0.0498826772931
-0.10062983601
-0.0986052407278
-0.104842590383
-0.109415546733
-0.105712031675
-0.100864258981
-0.101760079561
-0.0360713076676
-0.0330210291885
-0.0372704899188
-0.101343953061
-0.0926328933404
-0.0673008705447
-0.0678912070869
-0.047418111677
-0.0422629044865
-0.0992617211391
-0.0384028511164
-0.0417203481405
-0.0633199288282
-0.104239772047
-0.0963683058094
-0.0602488195602
-0.0686145206174
-0.0945719407095
-0.105194521603
-0.058741900034
-0.0585982441873
-0.104786921863
-0.0962442158905
-0.0710011517757
-0.0688052704765
-0.106280551599
-0.0391534273956
-0.0638731639307
-0.106307752057
0.00686187105089
-0.107631934114
-0.0421849681549
-0.0669947443135
-0.028865971221
-0.0813567927287
-0.0427380090418
-0.095184364501
-0.0917145972121
-0.104296817945
-0.0786666161139
-0.105470059976
-0.0492932398789
-0.103482371584
-0.0946861502942
-0.10068583655
-0.092485725696
0.00351521496973
-0.109495795176
-0.107650870939
-0.104557780829
-0.104702111262
0.00338627685643
-0.100521740391
-0.104653622683
-0.0346334722723
-0.10553820346
-0.105146270269
-0.0472286743141
-0.0378114110398
-0.0608609903589
-0.00529546367689
-0.0412592843315
-0.103152597534
-0.106033449922
-0.0380873301841
-0.102737803086
-0.107384473663
-0.0232481937543
-0.101099061927
-0.0862239935291
-0.0346384097724
-0.033913216974
-0.036923478409
-0.061570481471
-0.0666970997857
-0.102671795436
-0.0996378887425
-0.0369232716015
-0.0403068471506
-0.0065866651143
-0.0167140460924
-0.101748627271
-0.00297258954485
-0.0969864745927
-0.000605574272412
-0.0331217768133
-0.102366179684
-0.0330802529885
-0.103914499133
-0.031187479704
-0.0956588250004
-0.00210026120583
-0.0960803889654
-0.100635722008
-0.0972025654756
0.00746195041334
-0.104523369407
-0.10376669177
-0.104616861498
-0.0116041495587
-0.0923509756551
-0.101856984955
-0.106998345262
-0.0961393390279
-0.0994645411199
-0.00172256457602
-0.0999292682982
-0.068018793562
-0.104782392139
-0.0196447820779
-0.0262962112453
-0.0279680995143
-0.0654981059558
-0.037574437078
-0.0744379555578
-0.0846636636689
-0.095407197072
-0.0806307034521
-0.0372029607772
-0.0656751677486
-0.0654539257304
-0.109873241959
-0.0443919255057
-0.0362919557426
-0.0475701703025
-0.0447393622625
-0.0819719062065
-0.0544492048489
-0.0787404531356
-0.0515685725287
-0.0598075868448
-0.0537537928465
-0.0995587168335
-0.0586459638431
-0.060710214086
-0.059549013236
-0.0494331998738
-0.0627006228009
-0.0226907995321
-0.0377912611829
-0.0329458026315
-0.104017992416
-0.0711154020931
-0.0302061619281
-0.106618335333
-0.0374586921279
-0.0971244509529
-0.104498809298
-0.0899498607639
0.0102934017967
-0.0102902452449
-0.075556176018
-0.0649390578005
-0.033729105935
-0.0673819129625
-0.0500517493463
-0.0436255224957
-0.0420979929641
-0.0185940369504
-0.0308212824671
-0.10481797626
-0.0892459630651
-0.104442400041
-0.105868087839
0.00298080894887
-0.103853503548
-0.0610769051452
-0.0581915979907
-0.102144818809
-0.0562118368437
-0.0983632006406
-0.00382433684061
-0.0818899006418
-0.0923890152325
-0.103494301504
-0.0872694532535
-0.0958563901524
-0.0290826234955
-0.0960367841875
-0.00753852324139
-0.00908362386748
-0.106875001248
-0.0939857334491
-0.105693341583
-0.106712681295
-0.0436970579141
-0.0684708888547
-0.0131155647258
-0.103456656486
-0.030293949928
-0.103464124625
-0.0988055613028
-0.0614134279923
-0.0697082885481
-0.0666018111945
0.000318515911246
-0.101848859898
-0.10240676633
-0.0574390252871
-0.0980731729556
-0.102456517735
-0.0718911815646
0.00545314670874
-0.072117686022
-0.0342874051144
-0.10604188515
-0.0894132069093
-0.0627288248532
-0.0632361972101
-0.0922102435038
-0.0688117663216
-0.0941912040071
-0.0347448050916
-0.0354178006611
-0.0667817624991
-0.0023221492596
-0.0857427389778
-0.0364183943877
-0.0290832697089
-0.0728282022563
-0.100775787598
-0.0883304420706
-0.069726507038
-0.0812598015119
-0.0100411952386
-0.0934481292322
-0.04510874799
-0.00755091592417
-0.0650964520967
-0.0919443140533
-0.0372515219491
-0.0782305792249
-0.0958125269331
-0.00951491372765
0.0026013291825
-0.0141612164576
-0.0106179530843
-0.0232411000659
-0.037456789869
-0.0135346643768
-0.108676655239
-0.0196489771968
-0.0488428942182
-0.106532444704
-0.00161849505798
-0.0939769753282
-0.0418836158946
-0.0686815954745
-0.0683733777739
-0.00876996454051
-0.0332768738618
-0.0685791914361
-0.096868043336
-0.0375613767953
-0.044457452632
-0.0172093962914
-0.00649150134445
-0.0235764639294
-0.0365975020826
-0.0347920719637
-0.0817784969954
-0.0445110676239
-0.0326469744618
-0.0628930820708
-0.00335457685128
-0.055310211609
-0.0170393222656
-0.00792206986578
-0.0410950960853
-0.0195379550934
-0.0279864294154
-0.0437634279843
-0.0615136748902
-0.097984116587
-0.0873933684804
-0.0492147480303
-0.0323667290009
-0.0913141106188
-0.0544245738383
-0.0848787147335
-0.0639051902626
-0.0500738144508
-0.0949846121331
-0.0939786057089
-0.00816914760671
-0.0557402213295
-0.0440796840901
-0.0580389493439
-0.0096692848797
-0.0829477620132
-0.0388258933696
-0.0841792211441
-0.068042693782
-0.0322524053941
-0.104627525192
-0.0945939628264
-0.0941504033441
-0.0020012761272
-0.039109238016
-0.0625142786692
-0.093716981503
0.0012556479097
-0.00370542170328
-0.092924521662
-0.0442516853559
-0.0355090736079
-0.00588715070965
-0.0968034860118
-0.00229495509289
-0.0189960275509
-0.0689692274808
-0.0676196982425
-0.0947183435953
-0.0738183141154
-0.09510026966
-0.0918275750298
-0.0851250505538
-0.109798376637
-0.0932754482133
-0.000988246604927
-0.104148970094
-0.0388094139861
-0.077714017505
-0.0379180383558
-0.0475932596329
-0.0723045159007
-0.000289405866803
-0.0545871592955
-0.0887796809887
-0.0350231115962
-0.0662390804787
-0.0682913451509
-0.0239875605479
-0.0151403232818
-0.0710683500685
-0.0207697504908
-0.0100190893478
-0.0534076262025
-0.088537281953
-0.01797222956
-0.0728770737801
-0.0623362426654
-0.039345818088
-0.0564436846337
-0.0553852999483
-0.0918478456101
-0.0393019219207
-0.0306259673186
-0.00318638487817
-0.0960304427792
-0.0891112373822
-0.044759131069
-0.00458008285165
-0.0174813654005
-0.0857602267948
-0.0448340753029
-0.0736450563664
-0.092786225511
-0.0207577196106
0.00931478285858
-0.0248055902992
-0.018427926517
-0.0777044642762
-0.000432327855239
0.00594102993567
-0.0229650918243
-0.06743809865
-0.0287692489878
-0.0967581160842
-0.093384649739
-0.056625175575
-0.0743278333814
-0.073601280054
-0.0649518987844
-0.0932298267251
-0.0913427202395
-0.0284988530321
-0.0264731197048
-0.0705293167926
-0.037345854184
-0.0925887964326
-0.0934835631583
-0.0049374050804
-0.0280109503489
-0.0724152443951
-0.0281734684252
-0.0123255332724
-0.0919055268382
-0.101344682421
-0.091287518259
-0.102732864942
-0.0728614692976
-0.0212732232795
-0.0237934532137
-0.00340695954437
-0.0766691422004
-0.0415752537754
-0.0686616512736
-0.0246686209695
-0.056034730953
-0.00313064525822
-0.0933250109348
-0.0619838428626
-0.074776356688
-0.0207487922799
-0.087054846737
-0.0292661360644
-0.0756711360859
-0.0871105814027
-0.105080060471
-0.0437453946236
-0.0657060200713
-0.0643285562091
-0.035667649156
-0.0854169912131
-0.0385907876426
-0.067639935492
-0.0477623912835
-0.0715746104389
-0.0477585882262
-0.0668516402411
-0.0848294902598
-0.105326603358
-0.0715802199357
-0.0843435369659
-0.051405724856
-0.0874895622753
-0.108753707137
-0.0887334355188
-0.0340642330569
-0.0663904709502
-0.0846884954793
-0.0202810111447
-0.0470020373065
-0.0685698440888
-0.0819656613471
-0.0856744903675
-0.0838100392111
-0.0875885762469
-0.0440156088449
-0.0590003575734
-0.0910410879698
-0.0670488724772
-0.086393599525
-0.0489826366676
-0.070676237979
-0.0242797392937
-0.0611444668187
-0.0900977192689
-0.0779609361781
-0.0653678355137
-0.00326908055347
-0.0668754250629
-0.088564609325
-0.0359406420702
-0.0301161175181
-0.0818448265653
-0.0643834068059
0.00720689192024
-0.0801367079141
-0.091693922415
-0.0485961160357
-0.00562588108952
-0.00167790488011
-0.096632317787
-0.0770037565776
-0.0502301525103
-0.0836169598152
-0.0464773098213
-0.0549147632393
-0.106006076917
-0.0519400713085
-0.061521671744
-0.0642773091984
-0.0559924910142
-0.0820061150362
-0.0803257768871
-0.0608316118848
-0.0751685287398
-0.0844670351892
-0.095353452232
-0.0834502989599
-0.0868708541621
-0.0860953873204
-0.000157160052113
-0.000717824340482
-0.0266159703245
-0.0636545539924
-0.0582985955725
-0.0647154482036
-0.0523687577678
-0.0735172824537
-0.0943095092236
-0.0967484011781
-0.10133427974
-0.00264800744314
-0.0267062191368
-0.109234422292
-0.0229136994508
-0.0600792157256
-0.0609424176195
-0.0773586611991
-0.0791478834114
-0.0772437225334
-0.0621392472984
-0.103300922406
-0.0707892119628
-0.0300484444576
-0.00101511512316
-0.0190689845945
-0.0971912170244
-0.0835895291595
-0.0414775438719
-0.07114805516
-0.0694433607771
-0.0209650939242
-0.0811480550629
-0.0616769930471
-0.0872370172538
-0.0896326387651
-0.00651446993432
-0.00419192994659
-0.00902879587028
-0.0551408381082
-0.0954704967476
-0.0589192541781
-0.0600052783725
-0.0723808613451
-0.0828002492069
-0.0587328122551
-0.0858418940234
-0.0741702296641
-0.0926890532895
-0.0818395412949
-0.0157316530407
-0.077390570613
-0.0598182870698
-0.0953769921174
-0.0757947856382
-0.0828689228531
-0.000255556789039
-0.0456340016105
-0.0501970991801
-0.0989689752284
-0.0655429255605
-0.0411096748492
-0.0583516278947
-0.0887461599532
-0.0783547722183
-0.0523704602824
-0.104021538307
-0.076414390738
-0.000566294318775
-0.0612221006063
-0.090096033796
-0.100418352732
-0.0411232576633
-0.0202917591192
-0.0613644781098
-0.0994682295615
-0.0260853653455
-0.0696033886583
-0.0998527606048
-0.0764487436558
-0.0612508088941
-0.044972545279
-0.0137493500791
-0.0356405886752
-0.0806003712335
-0.0875517868408
-0.0326609627994
-0.0895887380086
-0.0826528626599
-0.0758008301243
-0.0270313452671
-0.0840255070384
-0.0102208966027
-0.0555679003489
-0.0521110075723
-0.0799383644839
-0.0897325492656
-0.0789457843831
-0.0900229382625
-0.0868434457078
-0.0851520895897
-0.0772556173989
-0.0916804901443
-0.0852560023663
-0.103091740566
-0.0588045282086
-0.00417745618997
-0.0516919294948
-0.053459723569
-0.102268478869
-0.0509742186644
-0.0983378605784
-0.106091570966
-0.0559595929677
-0.088843441116
-0.0864978339054
-0.0213266293533
-0.0866091329783
-0.100102093433
-0.0442939036492
-0.0957618666741
-0.097348994613
-0.0847041565102
-0.084367516798
-0.0837914747918
-0.0833155927901
-0.106578431398
-0.0122030132312
-0.109305610367
-0.0654038796099
-0.0726803465107
-0.102598984731
-0.0501138898891
-0.0793945642197
-0.0995412565677
-0.0120744427142
-0.107157429471
-0.0157799661508
-0.0434305228146
-0.0719940866868
-0.100218955416
-0.0953405477168
-0.0666277062652
-0.0939785706603
-0.0785179839739
-0.0776220574832
-0.0819860593341
-0.04971866571
-0.0990647308355
-0.081250836103
-0.100112132297
-0.0519069145159
-0.0817964660351
-0.0989021214934
-0.0498036124771
-0.107348322144
-0.0994790742567
-0.097016495449
-0.106148316336
-0.0842053291763
-0.0336118619776
-0.0865090122819
-0.0916381231326
-0.0466791030979
-0.109327405309
-0.0736315250971
-0.0975223120722
-0.0809740007779
-0.00606931099012
-0.0788445476415
-0.0992961643165
-0.0900613327823
-0.10005767058
-0.0761105843081
-0.0276462237977
-0.0700591006248
-0.0849685910801
-0.0517930116689
-0.0618126764976
-0.0820828383867
-0.0585373366964
-0.0979994437479
-0.0564884421722
-0.0704590269267
-0.0469920967953
0.00538472291351
-0.0929585182149
-0.0439494005871
-0.0545212120768
-0.103920553386
-0.0922346669498
-0.0980742177577
-0.078907680686
-0.0805506835985
-0.0655724226851
-0.065372724556
-0.075041872756
-0.0643928085309
-0.0989889693384
-0.10523328024
-0.0659987755728
-0.0585342382944
-0.0844384132542
-0.0902280229014
-0.10225193185
-0.0919487873103
-0.1021611874
-0.0772358943999
-0.097800760864
-0.109445785869
-0.0820397261913
-0.103593717423
-0.101283648822
-0.0880972899499
-0.10961685351
-0.100722854008
-0.0723320411853
-0.0220522138921
-0.0251360665732
-0.0941499750614
-0.070687400616
-0.0537109719125
-0.102675265216
-0.090651064205
-0.0730133235107
-0.0716517705802
-0.0498957087479
-0.0762078793411
-0.0799036675495
-0.0913697839255
-0.0630453696613
-0.0904329519926
-0.098842885864
-0.0731150432865
-0.0106911454639
-0.099871563436
-0.0563677566415
-0.0630341362488
-0.0934984917678
-0.0681681929045
-0.0658066280777
-0.0807257892289
-0.100148763373
-0.0769352798577
-0.0978054602183
-0.028101519134
-0.0045761093228
-0.0841710779691
-0.101337663821
-0.0869873691133
-0.0544261941473
-0.0603973474463
-0.0443775280615
-0.0532707990099
-0.0425503341986
-0.0685317509069
-0.0338430445477
-0.0764036310037
-0.0322005106082
-0.0469029454783
-0.0997718366218
-0.0106328957127
-0.0894099913194
-0.0903500877282
-0.0540800416612
-0.102884585414
-0.100118417685
-0.0867408421042
-0.0530544025748
-0.0954859146567
-0.0865802499649
-0.0809756505273
-0.082619219254
-0.0184084643289
-0.0529751259294
-0.0877301223906
-0.0517453662916
-0.0425222249695
-0.0776263271175
-0.103894794725
-0.0826290365167
-0.0548367404081
-0.0648223552621
-0.0829835897227
-0.103001028385
-0.101247642097
-0.0964370826897
-0.0987948627073
-0.0875122108643
-0.0792442412928
-0.084597628319
-0.0462504568313
-0.101048008383
-0.0646964023242
-0.0856594471324
-0.0959458201754
-0.105446087035
-0.0929448323854
-0.0674796237197
-0.0262414859355
-0.0910456113936
-0.04894648274
-0.0802821462343
-0.0583840046977
-0.0959714171697
-0.0326838067396
-0.0280647174486
-0.0392634739188
-0.10529682076
-0.0449430503798
-0.0450248241098
-0.0673635199579
-0.0161226213985
-0.0169202213261
-0.0329318583516
-0.0577312019671
-0.0912509683538
-0.0862316585066
-0.0529906514359
-0.0833675039329
-0.0769464355068
-0.105401987754
-0.0123643980709
-0.0631495812258
-0.0618353548434
-0.0748635406187
-0.0717822595194
-0.0944774466254
-0.105493595317
-0.0541686328113
-0.0247410467
-0.0350405851635
-0.078742363369
-0.0943228119343
-0.0804842770138
-0.0884134875506
-0.0902873025906
-0.0865660514295
-0.0564972006652
-0.0152697569465
-0.00682885460177
-0.0479503958277
-0.0985744056205
-0.0558333069798
-0.0965457756165
-0.0246278665603
-0.0146439137476
-0.0321389111106
-0.0896746333957
-0.0861447649873
-0.0552602719465
-0.0488532912565
-0.0731906779996
-0.0787828824451
-0.0769645417141
-0.108499237755
-0.0378256653908
-0.08577630783
-0.0410041475072
-0.102699712706
-0.052008842943
-0.0871417556762
-0.0734313343246
-0.0687291849175
-0.0659433960012
-0.0755307273696
-0.0821017789852
-0.086880988623
-0.108490362692
0.000154272938101
-0.0888560063363
-0.0874322671055
-0.0710155958824
-0.106368415122
-0.0462827549419
-0.1026342802
-0.0371693043235
-0.0632102535345
-0.102899066768
-0.0168653573413
-0.0880818247113
-0.0890657903737
-0.0699724935636
-0.0517882674092
-0.0750926999196
-0.095382423014
-0.0944639470257
-0.0652449674518
-0.0197319481368
-0.0430209161396
-0.0999665636836
-0.0835407957954
-0.10349035143
-0.0615007126363
-0.0292928086678
-0.0659288165387
-0.0920542975942
-0.0231816173518
-0.0664788742861
-0.100137078344
-0.103249403925
-0.0984520415857
-0.0963499562566
-0.0364022844039
-0.098953732634
-0.0976473975607
-0.0645520560015
-0.0460430285334
-0.102047692869
-0.0893773384057
-0.0928089002312
-0.1038414143
-0.0949188369983
-0.0881739798844
-0.0939856704001
0.000731641824186
-0.0882185056432
-0.0267433347619
-0.0923334770288
-0.0837387311292
-0.0898147232419
-0.0967597173809
-0.0257356225964
-0.00476607094839
-0.102543079734
-0.0931380916087
-0.0990335898196
-0.0833854544702
-0.0488987398898
-0.0716783517613
-0.0619017727422
-0.0384266411819
-0.0910458359321
-0.0609439311974
-0.0930179046206
-0.0761382878909
-0.0695218446829
-0.10163239978
-0.0506228855069
-0.102814323372
-0.0782928689493
-0.051581896892
-0.0911044506893
-0.0321146470999
-0.0221460595803
-0.0176960332791
-0.0640902417946
-0.0113694640928
-0.0639987529483
-0.0642070377121
-0.0311752202616
-0.104447335801
-0.0854643712499
-0.0888670925935
-0.087693629056
-0.0583317885523
-0.0277316061179
-0.0822575147776
-0.013871822647
-0.0816526821944
-0.0929457475649
-0.0696991747533
-0.0983634799053
-0.072393390665
-0.0803567973566
-0.0946381350017
-0.0609256595475
-0.020752262725
-0.085701150746
-0.0639443822438
-0.0684604521303
-0.0445001259378
-0.0882056829284
-0.0899494269281
-0.0698925897105
-0.0537082614185
-0.102548025698
-0.0466553254386
-0.103471750385
-0.0909604614196
-0.0778991405036
-0.105011120159
-0.0990848168397
-0.0822239894292
-0.0780997643705
-0.0727893971856
-0.103243423277
-0.0681730948689
-0.101485646674
-0.0934227544711
-0.104894779407
-0.0987748120769
-0.101748520946
-0.0824903252394
-0.10330936333
-0.0924583562647
-0.0710222453451
-0.0746074114362
-0.0278021682997
-0.0551841925254
-0.0910679042678
-0.0761507698324
-0.0869291480523
-0.026606661876
-0.0831506196042
-0.0410414311107
-0.0817650163546
-0.0806988694162
-0.0790378247576
-0.0970615550101
-0.0884116260803
-0.0703937563524
-0.0732525369447
-0.0583704845938
-0.0550646422326
-0.0956871558094
-0.0751214208008
-0.0690654410692
0.00926839192065
-0.108526689837
-0.0982488820376
-0.0745742552495
-0.0861982413333
-0.0380535936463
-0.0521760176269
-0.0811375859206
-0.0594116520273
-0.0788891113301
-0.0953910807415
-0.011823594452
-0.0614865875558
-0.106084939524
-0.081632086382
-0.0248511906852
-0.054169140612
-0.0757453456793
-0.00630303364849
-0.0743538650754
-0.10250966897
-0.099728410909
-0.0993362484701
-0.0801997962401
-0.0789554198227
-0.0703837455407
-0.101076025073
-0.00716615655653
-0.0828390723027
-0.0841564372951
-0.0769265020134
-0.100822100381
-0.0897013360937
-0.083365165769
-0.0901546001937
-0.0709114138288
-0.0934464449073
-0.0823851104482
-0.0625833379574
-0.0980174537862
-0.02789254857
-0.036757860978
-0.0852385557636
-0.104593949983
-0.0347417105668
-0.104367472399
-0.075290835211
-0.106353931742
-0.0832001248331
-0.0974238651307
-0.102899314709
-0.0741606860048
-0.0643280320303
-0.098167262751
-0.0228259318763
-0.052900505954
-0.107428081778
-0.0885502887221
-0.105648969125
-0.0778921185366
-0.0526969099384
-0.0529536677527
-0.0557351430091
-0.0788008563792
-0.0245301576243
-0.10840530355
-0.104051776283
-0.0724406684395
-0.10421403201
-0.0225438485371
-0.063096626531
-0.103923793451
-0.105616484104
-0.0510809950706
-0.0742993794744
-0.079713393824
-0.107683481772
-0.108847051479
-0.0472514796555
-0.0942144406939
-0.00591065281906
-0.108166872735
-0.0689869300058
-0.0988996535746
-0.0323647750998
-0.0911207258846
-0.0894020619982
-0.0957716519256
-0.0243334243982
-0.0504169295258
-0.0165763902328
-0.0580099743554
-0.0860176710458
-0.0964963264671
-0.102076638242
-0.0303365490079
-0.0705316975905
-0.0320092387632
-0.0791374729286
-0.00315536521763
-0.000686957159932
-0.0667138180256
-0.0998951297653
-0.106569791255
-0.0738190231929
-0.0872660996
-0.0512850361707
-0.0511961630124
-0.0585472752712
-0.101464649329
-0.0829532981017
-0.0284357626234
-0.0958000170048
-0.0359614731255
-0.0869154609768
-0.0125127203809
-0.0997226008738
-0.0572547722978
-0.0862826457498
-0.0220939388457
-0.0226745134985
-0.0687514467793
-0.108577201428
-0.107714166866
-0.0680123205076
-0.073468914257
-0.0895779531196
-0.0919067622985
-0.10869122409
-0.0320193081647
-0.101178137028
-0.104725662579
-0.105707465098
-0.0718174930924
-0.0978677227904
-0.103945303584
-0.042681303273
-0.0466147622662
-0.0473806373623
-0.101232736234
-0.108252860479
-0.0290585744297
-0.107308266391
-0.108839455624
-0.048882142032
-0.0595571359508
-0.0777549308729
-0.0820858349083
-0.108660953483
-0.0501307155729
-0.0927928278621
-0.0734866211105
-0.0812772722338
-0.0800853361566
-0.052768539296
-0.108072770357
-0.0943620056087
-0.0535954632103
-0.103815556002
-0.103080875239
-0.0984532968869
-0.106959962885
-0.0956400021892
-0.0850298479881
-0.0606655890705
-0.0442972866992
-0.0956307964978
-0.0399550663504
-0.107434843811
-0.0376379453716
-0.0536985611883
-0.0565993470687
-0.0609954297036
-0.0845666422513
-0.107178871097
-0.0705480095432
-0.0702625257386
-0.0535743262665
-0.0833517072474
-0.0748476649308
-0.00863954816205
-0.105320931791
-0.0788264520284
-0.0497731203062
-0.0589739568525
-0.0901648895285
-0.0918124134881
-0.094887356091
-0.0980522537874
-0.108101782703
-0.099442249212
-0.0835223281744
-0.045528355639
-0.0867788610452
-0.0998635408924
-0.100642906647
-0.109650704216
-0.0890803057904
-0.0909515464388
-0.0937315920894
-0.106095552207
-0.0748367215533
-0.0841975631703
-0.0984785252466
-0.0968972591087
-0.0848652906701
-0.107679459977
-0.0908769625374
-0.0765663686027
-0.0952122890873
-0.100405601635
-0.0866295537682
-0.10638811039
-0.106731555303
-0.109487112122
-0.0988750006079
-0.094766575042
-0.0936216616899
-0.0751191430682
-0.106541021176
-0.108015020935
-0.0990619774826
-0.106632279064
-0.108343855231
-0.0922033529892
-0.0622473770873
-0.102425712242
-0.0762341545719
-0.0916526596906
-0.0841922182337
-0.0491292022956
-0.0795581015662
-0.0766886330007
-0.0401765075083
-0.085291514727
-0.108946935225
-0.0489714739491
-0.0418814002981
-0.10888868742
-0.060277997874
-0.0934979670331
-0.0618796718974
-0.0461979852915
-0.108531651848
-0.060941286253
-0.0653147112803
-0.0811405764255
-0.0975256048129
-0.093345917868
-0.0936223859124
-0.0741429831074
-0.0771835005863
-0.0787971482633
-0.105023252225
-0.0524605632577
-0.0887425907985
-0.0815149445359
-0.0977290940709
-0.0476663083169
-0.100995551585
-0.103208151058
-0.106199733558
-0.107292831283
-0.102096502721
-0.0979560707045
-0.0737284934561
-0.101448686249
-0.10779968874
-0.0687177482485
-0.0982304848496
-0.10899395897
-0.0398402462653
-0.0315886109182
-0.10121109758
-0.0261747882724
-0.106032114626
-0.0963061903149
-0.102300860507
-0.0916380910494
-0.107697665803
-0.0798240660833
-0.0979201288356
-0.0931484659015
-0.0998845725912
-0.0559402143716
-0.0608137351362
-0.00646729222943
-0.087652068337
-0.0878651504025
-0.0348102052925
-0.0791107499454
-0.102452962064
-0.0970794224039
-0.0845566935129
-0.0563675591966
-0.109355968958
-0.0919098373534
-0.103354261066
-0.0822396194632
-0.102216611897
-0.0559693901971
-0.0784449424161
-0.0815247579514
-0.0960077489401
-0.0804518142189
-0.0278173257136
-0.0982827562121
-0.0815695001879
-0.0592081188724
-0.0902926286515
-0.0908242239283
-0.0511126163341
0.00330700902138
-0.0468916823424
-0.0580445077121
-0.106052789578
-0.0650762607292
-0.0371615437719
-0.0303773856731
-0.0997875845536
-0.0343482500191
-0.0872959926134
-0.0399137759678
-0.0392684045086
-0.0824652561235
-0.0490425998002
-0.00559134912707
-0.044397622491
-0.0753464412535
-0.105728595482
-0.099945297091
0.00409196667701
0.00537167936272
-0.0221576072148
-0.0974935965966
-0.0966708250017
-0.108941065346
-0.0847570976416
-0.0428443478029
-0.0991203302389
-0.0482447276854
-0.104888424844
-0.100462241288
-0.0728990827367
-0.107693109039
-0.0707541121087
-0.0812971014126
-0.0972244869333
-0.0177045503522
-0.064622763843
-0.0992029832978
-0.107467192371
-0.0751888698245
-0.109279138338
-0.0642190202522
-0.0970236973783
-0.107071521051
-0.107119412213
-0.0716610509994
-0.0415460868908
-0.073984269728
-0.0568643587711
-0.0725855695343
-0.0762002802982
-0.10122685822
-0.0671455555125
-0.0745972420933
-0.0911047140908
-0.108997141902
-0.100046819984
-0.0704390164081
-0.067905179559
-0.0425323374354
-0.0984923347872
-0.076569488024
-0.0781793033581
-0.0706912035493
-0.0810142846206
-0.00617778659252
-0.0670350574785
-0.039211807112
-0.089258813712
-0.0972893046526
-0.105354618055
-0.0707900503322
-0.071470840579
-0.042291813599
-0.0824082906728
-0.0972328155014
-0.0591947971072
-0.0531566475981
-0.0699715240144
-0.0948383775942
-0.0812995490468
-0.0694770942861
-0.0694452124531
-0.0849230152539
-0.0863450825342
-0.100128503823
-0.0983721586545
-0.079999542567
-0.0454966042175
-0.0586835422337
-0.0911245076489
-0.0592863719625
-0.0605544021524
-0.0637744566356
-0.0867492678901
-0.0623567425991
-0.0582586376008
-0.0731342077721
-0.0318524475348
-0.105508042076
0.000666434437737
-0.109096482472
-0.0859500374479
-0.0564582648225
-0.102472095401
-0.0550295319317
-0.100477226998
-0.042022011278
-0.0694184650652
-0.0587398361443
-0.0638650901139
-0.0684580437663
-0.0789913655605
-0.00390428078378
-0.0817224155105
-0.046613859661
-0.0940653810447
-0.0918082711989
-0.0483386991147
0.00452228028401
-0.090846966762
-0.0828370369826
-0.0711807310989
-0.0582306294721
-0.10102398711
-0.0761242467936
-0.0785606929938
-0.0534389545348
-0.086843994301
-0.0568474054314
-0.0909379351491
-0.106915579188
-0.079184024674
-0.0770960785428
-0.0666176625108
-0.101415016359
-0.0687824036482
-0.0605723695651
-0.0401596776116
-0.0742565570277
-0.0867415758709
-0.0783702347394
-0.108199899158
-0.107251784679
-0.0624833816675
-0.0947800732739
-0.0811750950634
-0.0937379505383
-0.0837295351957
-0.096729057405
-0.0796274673652
-0.0723011991561
-0.0520894094904
-0.0673936865842
-0.0794274239001
-0.0157767294079
-0.0306516532805
-0.0595822682556
-0.0850229067603
-0.0355578148694
-0.0663343693942
-0.0663795630507
-0.107778141888
-0.0599085728208
-0.108800996578
-0.0775485207748
-0.0892125544111
-0.0686145945895
-0.0488235511865
-0.109029897739
-0.05920533504
-0.086233923463
-0.0620211518821
-0.0580567111156
-0.0670541102983
-0.060734378417
-0.0550957619535
-0.0418489042201
-0.066717629391
-0.0979471015018
-0.0743817765184
-0.0851460850208
-0.0814227118042
-0.0971906628219
-0.0416837901723
-0.031603733732
-0.070712878803
-0.0726583200049
-0.0650683447492
-0.101858065705
-0.0934152303154
-0.0952191462799
-0.0890916971984
-0.107737265176
-0.0279989093589
-0.0841810748256
-0.0648661662506
-0.0703947967341
-0.101583911805
-0.0518759957763
-0.106800358943
-0.09032151886
0.00281268451028
-0.00233450755818
-0.00159389766965
-0.0596960384768
-0.107974162162
-0.0949528260768
-0.0581054059861
-0.067525452717
-0.0830041799679
-0.050826010786
-0.0726186016043
-0.0998392912784
-0.0513971582785
-0.0645366365758
-0.0723648526517
-0.0539491838674
-0.0334995521621
-0.0737695985916
-0.0895994815616
-0.068011927129
-0.0317142336779
-0.108034451395
-0.0570532754962
-0.0680025831394
-0.0746932183221
-0.0667813220932
-0.0798293035219
-0.0549828798313
-0.0626175458391
-0.102672410865
-0.0475746071334
-0.0860722289777
-0.0895779598398
-0.0906026905091
-0.0885745979326
-0.0705641597235
-0.107865361652
-0.0892969065606
-0.0761125173275
-0.0849698523092
-0.0804446079564
-0.0752140056112
-0.0745870948691
-0.0289283035439
-0.0967026631297
-0.0307003249414
-0.0297010653516
-0.0328845730824
-0.0646553756579
-0.0581637509572
-0.0643989905425
-0.0193813477026
-0.00398358765427
-0.0963960549552
-0.0927736378674
-0.0524638072628
-0.082049523073
-0.0295594834216
-0.031565876197
-0.0760985043866
-0.0944781690167
-0.0511306430615
0.000812741822692
-0.0925948669718
-0.078673692369
-0.085510991459
-0.0204426367735
-0.0557712482254
-0.0686523138345
-0.0934281025604
-0.0776180569206
-0.079303001498
-0.0470832641761
-0.0769881177565
-0.0932095160228
-0.10822700235
-0.0904088551902
-0.0133932568563
-0.0273379113643
-0.0948411886231
-0.0587627843838
-0.0829672714145
-0.0373356927968
-0.0139583406796
-0.0896926194035
-0.0544911710328
-0.0637809724742
-0.0955116423142
-0.0387734786619
-0.0770380158165
-0.0307509818058
-0.0829164168532
-0.0935621413869
-0.0560290420997
-0.0855312411065
-0.0495243655522
-0.101441623403
-0.0962371898881
-0.0677234781875
-0.0766457908949
-0.0658552164221
-0.102641898976
-0.0743672245946
-0.0620730184218
-0.0836388379669
-0.0367721797396
-0.0422381438192
-0.0806039029743
-0.0890833874217
-0.0613139076588
-0.0813436722671
-0.0860928558942
-0.0920509318442
-0.056056657972
-0.044603735573
-0.0268589684613
-0.0760345975456
-0.07519299495
-0.0772019237811
-0.0520565368119
-0.0961200914247
-0.0818430379746
-0.00209211921539
-0.0549001801762
-0.0892051334433
-0.0559368184176
-0.0561307737429
-0.0907062307152
-0.0833540430644
-0.007055397082
-0.10817890206
-0.0971806900556
-0.0803233832529
-0.0707696116603
-0.0798315318049
-0.0882180074773
-0.0929347291117
-0.106226321874
-0.0567611354843
-0.00770005762805
-0.017633482612
-0.0806733146263
-0.0105658886476
-0.0573327899018
-0.0535240328306
-0.0854885738187
-0.0707484090197
-0.066934121373
-0.0518635355135
-0.0970123943254
-0.0711651784722
-0.0515363671396
-0.0427576297858
-0.0376440614235
-0.0146103040448
-0.0463735541391
-0.0963229161749
-0.0263822188623
-0.0535157272436
-0.027687118879
-0.0341494858727
-0.0557949512448
-0.0492797326505
-0.0765612448347
-0.0931814851895
-0.0879622805783
-0.0298075065344
-0.089749191178
-0.089143537979
-0.0636838181949
-0.0970135514759
-0.0306533120468
-0.0397005052206
-0.0258004556649
-0.07605565675
-0.076836952368
-0.0614508816102
-0.057953946832
-0.0671109645165
-0.106500856844
-0.00205638236164
-0.089373738529
-0.0467176641645
-0.0900731891404
-0.0145194697796
-0.0256049513982
-0.0639162637026
-0.0172840398035
-0.0625736097767
-0.0681996907157
-0.0237494155798
-0.050728114675
-0.0903017741749
-0.0972560600746
-0.0405232542639
-0.0968533408277
-0.0945304857394
-0.0885569691836
-0.0127841404329
-0.0894382626949
-0.0880301218779
-0.0795379626012
-0.0671039867969
-0.0737019111767
-0.0182568459889
-0.0587924029718
-0.104585276021
-0.0817832007081
-0.090179505778
-0.0707219332243
-0.0330150047409
-0.0767795482502
-0.0938672326425
-0.0407015836345
-0.0357207402276
-0.106559614696
-0.0709416014028
-0.0625554859811
-0.0647432485103
-0.0972573483579
-0.0701559580118
-0.0403511948139
-0.10881857132
-0.084188713848
-0.0627770240153
-0.0860007871951
-0.0921021865715
-0.0598466219084
-0.0923442147953
-0.0789815471489
-0.0863562428128
-0.0791238073924
-0.0627489159666
-0.0735460497822
-0.0566551197279
-0.106546739396
-0.0811239655747
-0.0658646033391
-0.0155425520544
-0.0179635360092
-0.084428038894
-0.0127553285437
-0.104093150524
-0.0024863417717
-0.00776401837168
-0.0558769712169
-0.0198025262225
-0.0639848661235
-0.0849091754279
-0.0884697374755
-0.0800562249049
-0.00867446591051
-0.0614876245907
-0.0684864457604
-0.106209663122
-0.0855565056783
-0.00764426346084
0.000107313854598
-0.0903638936944
-0.0724258427771
-0.0871535323419
-0.075654968565
-0.0638645720308
-0.0610856386611
0.000648006733268
-0.0224639928322
-0.0565093368643
-0.0904331610271
-0.0743209085466
-0.00722904612836
-0.0123308042275
-0.106873626031
-0.0725399086819
-0.00884895845788
-0.0655757922755
-0.103573618254
-0.102091466477
-0.0901527604624
-0.0699301703351
-0.0861331038511
-0.085466911495
-0.0699938498927
-0.0761087861468
-0.0185277538361
-0.0299809287715
-0.0877974828394
-0.0516535976117
-0.00238758249801
-0.0736432077356
-0.0752806612049
-0.109648483375
-0.00125012477768
-0.0655941540864
-0.067447571075
-0.0800317274117
-0.105027267087
-0.106094393747
-0.0656507600697
-0.10192769972
-0.108707182244
-0.0410619957642
-0.0211872711119
-0.0147379435279
-0.0810557575219
-0.0961384883377
-0.0816394346199
-0.0922773664715
-0.0940367931569
-0.0774298368632
-0.0821413071612
-0.0143216410127
-0.109818569547
-0.0684840523744
-0.0395513351107
-0.0878386330455
-0.0886775709857
-0.06896266663
-0.0878357501918
-0.0536644606843
-0.0721076632503
-0.0128565147918
-0.0827842922583
-0.0869558211444
-0.081983423407
-0.103877853279
-0.0938118203111
-0.0800319146167
-0.0843352171084
-0.0805458943199
-0.107857424668
-0.0775122698126
-0.104337617193
-0.0680018356254
-0.0905712354514
-0.0773361198463
-0.0846235814918
-0.0113743244399
-0.0939437506669
-0.0406889962754
-0.0707806631679
-0.00060101967221
-0.056657406593
-0.0997327089408
-0.0856707685663
-0.0860914462295
-0.0739101772361
-0.106864207515
-0.089665885414
-0.00378850367243
-0.0748729807195
-0.100845333193
-0.0138315327832
-0.0669889448698
-0.0477948573313
-0.073956927184
-0.0469644705517
-0.0487265878829
-0.0724718400556
-0.0752379941061
-0.080831687773
-0.0634112751941
-0.054696757945
-0.0496654867367
-0.0487508470317
-0.081267526832
-0.0470565849281
-0.109396580156
-0.107833631907
-0.1094994618
-0.104761434294
-0.0618550198616
-0.109465637585
-0.100119435192
-0.108876917251
-0.0861933741094
-0.0549317917263
-0.0938452898112
-0.0158111889864
-0.0763421109479
-0.107209955631
-0.108578154835
-0.0572514745204
-0.0231929719164
-0.0731170237545
-0.0859009077023
-0.0896121870514
-0.0194503531585
-0.00185383962518
-0.0849695866511
-0.0460081033907
-0.107781930322
-0.0470919140031
-0.0325472246535
-0.0839044506969
-0.0338667688957
-0.0396861489479
-0.0346742158022
-0.0702349560053
-0.0323335850792
0.000142821255037
-0.0355072475389
-0.057519715404
-0.0289873506032
-0.0558921536101
-0.0490037218714
-0.0402306339413
-0.050899612405
-0.0407732794317
-0.0435110308744
-0.0447132884841
-0.0420421434829
-0.0432381228891
-0.0449154969572
-0.0724404393127
-0.038107866362
-0.0704360394378
-0.033893806658
-0.0236344730772
-0.0417688373134
-0.0362240556816
-0.0292250985594
-0.0426155342498
-0.028023815596
-0.0267051216475
-0.0230091984678
-0.0204117360154
-0.0139682191789
-0.0156742741543
-0.0177004540724
-0.0316519431174
-0.00842974842551
-0.011369285232
-0.0554355395127
-0.0399902943317
-0.00712721511541
-0.00124067435951
-0.0384865257128
-0.07486577046
-0.0701553570577
-0.0504421982219
-0.0453550388589
-0.0688194423014
-0.0705181673525
-0.0415056572657
-0.0254754026529
0.0195223925336
0.00883934363821
-0.000703621572601
0.00346003186482
0.00547014432846
-0.00188315866699
-0.0787835459305
-0.0623042199934
-0.00598530271507
-0.0280792650972
-0.0391444053264
-0.064179410486
-0.0261261081464
-0.0371174211341
-0.00344870043507
-0.0455397351355
-0.0433508648049
-0.00114571101019
-0.0596284417779
-0.0778805783023
-0.0553286175876
-0.0590719041398
-0.0442135960369
-0.048532104828
-0.067393552124
-0.0470172004387
-0.0363591423723
-0.054972458492
-0.0663591316589
-0.0239078688298
-0.00995542949184
-0.0674142184291
-0.00565660188915
-0.0122666160302
-0.0321865795189
0.0014912876022
0.00371863762645
-0.0582165277731
-0.0808655758865
-0.079529101592
-0.0727558332019
-0.0514216234866
-0.0457498966358
-0.0610301339236
-0.0545204273288
-0.0761935463082
-0.0189612588661
-0.0766792339473
-0.0401912670822
-0.0619797348749
-0.0735901146808
-0.0751467496723
-0.0791354140877
-0.0220513314151
-0.0177903690732
-0.0338180271344
-0.0206052305354
-0.0187922703399
-0.01642951727
-0.0710171186763
-0.00988791737719
-0.00479046635295
-0.0614145488738
-0.0580945185027
-0.0640199356276
-0.0729503000952
-0.0707046773797
-0.0568691514943
-0.00990104286265
-0.066943569115
-0.0273840979202
-0.0519005675294
-0.0469600716299
-0.0258949091828
0.00434347154335
0.00482672626315
0.000731926268949
0.000551118098334
-0.0160852342189
-0.07862114069
-0.00551032771507
-0.0484364891268
-0.0454933174201
-0.0296252586635
-0.0312478154061
-0.0119507077903
-0.0540989064083
-0.0114193845424
-0.0413465137254
-0.0158559773
-0.00442162565312
-0.00308575041795
-0.00172018519725
-0.0483510535353
-0.0170663979453
-0.0292771046148
-0.00450079119734
-0.0247212814411
-0.0182129531087
-0.0380656725646
-0.05824923612
-0.0231377099905
-0.054029024923
-0.0561338283972
-0.0540916634429
-0.0392164661005
-0.00134723955044
0.00274364399898
0.00377703620327
-0.00298738400576
0.0223055169806
0.0202049014961
-0.000146026882962
-0.000717661245764
-0.00629017882896
-0.0126027257985
-0.0372420372611
-0.0639348569547
-0.0159851403801
-0.0253763477273
-0.072694004916
-0.0436317758409
-0.00737308805018
-0.0471014473747
-0.0618001361964
-0.0264718093617
-0.0412819610787
-0.0404780795516
-0.061625318871
-0.0389953991105
-0.0497232749169
-0.0502758040945
-0.0530039379488
-0.0507532229464
-0.0711771091686
-0.0779859508232
-0.00600726387486
-0.0439150747187
-0.0151385530403
-0.0165185221478
-0.0374928967121
-0.0139652122347
0.00196905328257
-0.0686447596362
-0.0821691656392
-0.068183760572
-0.048842601141
-0.0398868397813
-0.0606213082488
-0.0270484830237
-0.0752388390662
-0.0427114141119
-0.0744773816962
-0.0649162451554
-0.00454584297678
-0.0755839226397
-0.0466701912756
-0.0778116716801
-0.00105942870169
-0.0797643687156
-0.0742609602086
-0.0711653658282
-0.0741817866978
-0.0767952181331
-0.0579044334937
-0.0644546678811
-0.0226326789703
-0.0216473381435
-0.0226438136522
-0.025799872828
-0.0215482298927
-0.0190831243408
-0.0674471394563
-0.0067723194684
-0.0355937037527
-0.0577377783175
-0.0540195025653
-0.0363021448055
-0.0163651981502
-0.00348359552801
-0.0640932756207
-0.0294550263739
-0.0737401732545
-0.0195574478829
-0.0448380184636
-0.0358576463519
-0.0282041240015
-0.0642547149479
-0.0275211290338
-0.0214319960355
-0.0491634927882
-0.0748738035625
-0.00670210292188
-0.00876869136244
-0.0376048645058
-0.0472015605756
-0.0489445482977
-0.0282943906227
-0.0373635461386
-0.0203958160367
-0.0474890819584
-0.00511747680739
-0.0406056582253
-0.0430197246527
-0.0270975220026
0.000279461417723
-0.0702951193393
-0.068799119348
-0.0214440476016
-0.0280291581543
-0.0388454120755
-0.00990385666361
-0.0378909045573
-0.00167386458938
-0.00299359096283
-0.00570814904879
-0.0508770064123
-0.048762644376
-0.024485369628
-0.0759358204534
-0.0609338092702
-0.00391557639223
-0.0321403308764
-0.0451704558031
-0.057756902796
-0.0466449924899
-0.02835305631
0.0126546292873
-0.000267329595554
0.00197096987279
0.00611636010859
-0.0683327634137
-0.0512530777228
-0.0451134065387
-0.0588155309297
-0.0778484277092
-0.0367856333151
-0.0364921149452
0.00610612591518
0.000481766966214
0.00918353175969
-0.000286430814954
-0.0137876717562
-0.044013405848
-0.066135566584
-0.0128135529518
-0.0679259313067
-0.070437755583
-0.0299244801644
-0.038504995051
-0.0156805033041
-0.0674823881566
-0.0641380356844
-0.0636006210789
-0.0451004048905
-0.0123789612174
-0.0164307815552
-0.0125983389009
-0.0204626356901
-0.0170900032668
-0.070279999714
-0.0520019914526
-0.0725617455164
-0.0746625918562
-0.0745867026825
-0.0622915962085
-0.0418618582627
-0.0200655742
-0.00157034969193
-0.0725553053203
-0.0705302445297
0.00520937092455
-0.0294238860243
-0.0214682778907
-0.0358140106685
0.00464614497149
-0.000300046659961
0.000990885730503
0.00565201022306
-0.027705484223
-0.0713447737992
-0.0651047678635
-0.0563578184549
-0.0490462490601
-0.0311225988482
-0.0755856067206
-0.000695459935295
0.00166278111309
-0.0123061364311
-0.0413201259051
-0.0637148495959
-0.0610145764276
0.000688318755904
-0.00174102163963
-0.0579414806801
-0.0519026984929
0.00706071322149
0.00667692882936
-0.0309803843855
-0.0136569063322
-0.0384473378784
-0.0385817955223
-0.0342359986881
-0.0100770131617
0.0245666866789
-0.00729746177579
-0.063591650079
-0.058716530955
-0.00610028125945
-0.00381174239819
-0.047581003503
-0.0460295668186
0.0076457626469
0.00381994551044
-0.0263419574392
-0.0297536223797
-0.0428577635599
-0.0447908098634
-0.0310357155786
-0.0205066683826
-0.0241600918459
-0.0164166145859
)
;

boundaryField
{
    bottomWall
    {
        type            zeroGradient;
    }
    leftWall
    {
        type            zeroGradient;
    }
    rightWall
    {
        type            zeroGradient;
    }
    movingTop
    {
        type            zeroGradient;
    }
    front
    {
        type            empty;
    }
    back
    {
        type            empty;
    }
}


// ************************************************************************* //
