/*--------------------------------*- C++ -*----------------------------------*\
  =========                 |
  \\      /  F ield         | OpenFOAM: The Open Source CFD Toolbox
   \\    /   O peration     | Website:  https://openfoam.org
    \\  /    A nd           | Version:  14
     \\/     M anipulation  |
\*---------------------------------------------------------------------------*/
FoamFile
{
    format      ascii;
    class       volScalarField;
    location    "63.999999999942";
    object      p;
}
// * * * * * * * * * * * * * * * * * * * * * * * * * * * * * * * * * * * * * //

dimensions      [0 2 -2 0 0 0 0];

internalField   nonuniform List<scalar> 
2646
(
8.89433278122e-10
0.000175736871238
0.000356577836709
0.000641006136067
-0.000104546990796
0.0162037755999
0.000972836547972
-0.0127700210039
-0.00729069604943
-0.0211540400798
-0.0031072210587
-0.0103399844247
-0.0299511148284
-0.0169306160947
-0.019980746573
0.00751982774447
-0.000462325794562
-0.00017703864668
-0.00638299816991
-0.00303431378998
-0.00259522414974
-0.00113942263706
-0.00207233083606
-0.00417508402407
0.00979506079021
0.00340348897348
-0.00916132846942
-0.00820079741107
-0.0160369293088
-0.00464136975206
-0.00238892277048
-0.000566880652302
0.000497200023154
0.00695858927464
0.0106125312632
0.00107506160009
-0.0103475585465
-0.0192940203095
-0.0334824946639
0.00107776105266
0.0140737560543
0.00868364549182
0.00700718981365
0.00665352667382
0.00738876085498
0.00712415085981
0.00765730628031
-0.00565651604383
0.00331180031418
-0.00204773650665
-0.0136981323648
-0.0195473405292
-0.021513987393
-0.0208091422457
-8.47088660098e-05
0.00148652442633
-0.0113826644282
-0.0300798377359
-0.0299900508241
-0.0254880531375
-0.0157776019865
-0.00476211316106
-0.0317906059954
0.00118304054929
-0.0205611436589
0.00231053290709
-0.00714814610207
0.00157640379006
-0.0043208715475
-0.00248591320231
-0.0117083576905
-0.000346884508317
-0.00360298687229
0.00159884158427
-0.00554352618252
-0.0250291596911
0.00044925306204
0.00126385838887
0.00444998895571
-0.00415927647926
0.00114123138223
-0.00335028342915
-0.0204052105834
-0.0210258524144
-0.00742984937852
-0.00775346385931
-0.00300558776597
0.00850586697257
-0.0334060575527
-0.0262206414383
-0.058874453871
-0.000623754430625
-0.0554056650054
-0.0540330130298
-0.0585461828942
-0.0387535459607
-0.0263948063628
-0.0570287077496
-0.00118936135538
-0.0445230291889
-0.00272420091291
-0.0409762367002
0.00293976572279
-0.0409170682154
-0.0677920354365
-0.0401101302872
0.0135742699571
-0.0508740369316
-0.010244580665
-0.0406502556094
-0.0246132345065
-0.00341132814924
0.00685552627599
0.00732774918356
0.0135027082714
0.00821458640631
-0.0192258945066
-0.0513761154928
-0.0596273336631
-0.0362952670349
-0.0076715312893
-0.0345384039338
-0.0157829051991
-0.00354223916664
-0.0172644952731
-0.00104012182244
1.81683335196e-05
0.0252896386387
-0.0331186681183
0.00340001720017
-0.0527262565151
-0.0362910730165
-0.0557510776134
-0.0623139638517
-0.0280133378671
0.00473195589022
0.000111109583694
-0.0494409985268
-0.0402371313292
-0.0473570508417
-0.0577823548277
-0.0433261352331
-0.0238977950504
-0.0561314744634
-0.00377112396986
-0.0482561117021
0.00691120507867
-0.0599739316594
0.0174682536911
-0.0475953775676
-0.0230812970327
-0.0652160350126
-0.00711263178367
-0.0207239265416
-0.0111965365231
-0.00053794322771
-0.0352241600429
0.000874110365401
-0.0143058318794
0.0153802960291
0.0537690412143
0.0070510794157
-0.0196298590166
-0.0670520118283
-0.0500985640035
-0.0373641949165
-0.0274199032657
0.227140355013
0.0608487061314
0.0671635486829
0.0519392226123
0.0550061558275
-0.0224822581481
-0.027080133625
-0.000349189240011
-0.00196537487757
-0.00832211949518
-0.0138601625273
0.000465026084708
-0.000260082920732
-0.0179792010747
-0.000138023524479
-0.0139446146471
-0.00822226629852
0.00504851360952
0.000297335740681
0.010070239995
0.00748225361738
-0.0311604560061
-0.021085214774
-0.00226246205724
-0.000793701454384
-0.0174576696605
-0.0176047067114
0.00013288462914
0.000785694655485
-0.00198109051897
-0.0104080823211
-0.0094748736397
-0.0207869606889
-0.00822548376703
0.00326498701382
0.00424191642044
0.00459550388987
-0.0324503810732
-0.00975295497825
-0.000391201635471
-0.0604473559965
-0.000213230046668
0.00325792764298
0.00717135807219
-0.0667339382494
-0.0432191137494
-0.0610724714969
-0.064174134956
-0.029218156938
-0.00024858126057
-0.00206909558994
-0.00656123379655
-0.0539650537124
-0.0581411839661
-0.0384098540669
-0.0252589694525
-0.040326938356
-0.0344429890923
-0.0107812603355
-0.00670662133569
-0.0160068067975
-0.00411750414031
-0.0398745251638
-0.0320191664079
-0.0198821509279
-0.0675550199578
-0.0390726837777
-0.00221643461122
-0.0102660085361
-0.0429799037464
-0.0168362351046
-0.0112427068673
-0.0687085304339
-0.00784462326003
-0.0599558067091
-0.0685720598177
-0.00438037705171
-0.0028657282831
-0.0521248287347
-0.0497825082131
-0.0225173841484
-0.0240159740422
-0.0608745974978
-0.0608431493348
-0.0539907487237
-0.0744589976343
-0.0689794808767
-0.0523799626442
-0.0522622027176
-0.0438068999655
-0.042332422861
-0.0678847976124
-0.0140216170336
-0.0132919462308
0.00045313730104
-0.0723475556882
-0.0712289838669
-0.0556206566137
-0.0474949618595
-0.049435396625
-0.0684853495199
-0.0529530520077
-0.0733847452028
-0.0670615402205
-0.0583224305258
-0.0272730762948
0.000720912276066
-0.00875467080167
-0.044816225619
-0.0648418878836
-0.0625368481531
-0.0257241311161
-0.00271127618203
-0.0374040174169
-0.0602840117663
-0.034141098581
-0.0648223967346
-0.0393257305189
-0.0202618664707
-0.0163762765979
-0.0135980912029
-0.0110277383675
-0.029499936141
-0.0610768281281
-0.0388939032873
-0.0430500004252
-0.0182884481787
-0.0419990833951
-0.0124869615345
-0.032652992509
-0.04942326012
-0.0150319057963
-0.0645260240582
-0.0329003514687
7.1046075524e-05
0.00661438005226
-0.00516561502071
-0.00111407333209
-0.0340150923137
-0.0348715739538
0.000800196712644
-0.000340252695393
-0.00489457906074
-0.0387192312901
-0.0110850914568
-0.0267170636405
-0.0646089613684
-0.0374088720016
-0.034887807381
-0.0180063039231
-0.0345206187619
-0.0167978307303
-0.0336609318958
-0.0160717898614
-0.0172392943706
-0.0492711921796
-0.0415279409261
-0.0258198731651
-0.0010327918986
-0.0024694228285
0.000974223120612
-0.0537601357155
-0.0626533143928
-0.0672652648253
-0.0698628072627
-0.0289681225408
-0.0563054737942
-0.0101073600312
-0.0622713387106
-0.00761810309836
-0.011389425222
-0.00634576043966
-0.0662642861902
-0.0888550647951
-0.0944104283939
-0.0984625814224
-0.0234987584891
-0.0610840832153
-0.101102340223
-0.0318560042798
-0.0599666748632
-0.0953315045424
-0.010436926534
-0.0761911861286
-0.0645830438733
-0.0449641349678
-0.102416794601
-0.0481046897178
-0.0941409071892
-0.092505589344
-0.0978200956307
-0.102460035814
-0.0988769568044
-0.0943427853439
-0.0950881737001
-0.0348820911614
-0.032370366313
-0.0361812102181
-0.0946311405022
-0.087896573362
-0.0642330909848
-0.0652192127767
-0.0462223828359
-0.0410204354664
-0.0937903384268
-0.0370878646007
-0.0403308658565
-0.0610197741705
-0.0981532801184
-0.0906532750149
-0.0585584783926
-0.0652847128979
-0.0890838585931
-0.0984427999798
-0.0570279512602
-0.0569701992486
-0.0977773359817
-0.0907029553655
-0.0676007729659
-0.0654292286617
-0.0991697746626
-0.0377337193771
-0.061659669334
-0.0998315780057
0.00710965850774
-0.101088840521
-0.0407507369227
-0.0637759646352
-0.0278758158031
-0.076700687206
-0.0412846317843
-0.0904390237122
-0.0871964287295
-0.0972864023908
-0.0751825896841
-0.0991576886186
-0.0475911862829
-0.0974966900799
-0.0899082139244
-0.0953602919645
-0.0879763335868
0.00375298230746
-0.102683176961
-0.100917055595
-0.0987941856905
-0.0988590996627
0.00367206559746
-0.0951399054756
-0.098010641934
-0.0335071372384
-0.0996676033595
-0.0993780619837
-0.0454378624557
-0.036523233664
-0.059059493754
-0.00511806968445
-0.0399421046776
-0.0967843153118
-0.0989380163224
-0.0369019900828
-0.0961704399531
-0.101316286616
-0.0224595207359
-0.0945451327624
-0.0820725480523
-0.033464728853
-0.0332264395009
-0.03571389121
-0.0586690886993
-0.0642837435249
-0.0958909718672
-0.0932628155365
-0.0356603886553
-0.0390856910457
-0.006494178118
-0.0164466382659
-0.0950497815407
-0.00285758382368
-0.0917108623686
-0.000677445748617
-0.0321064100223
-0.0957446927313
-0.031952224183
-0.0969651349382
-0.0301418513988
-0.0905977327055
-0.00211035502249
-0.0907949947561
-0.0939813756471
-0.0917218002236
0.00776215485633
-0.0978729310252
-0.0970670757723
-0.0978261256435
-0.011384666244
-0.0871278707373
-0.0950289337909
-0.100406025939
-0.0911205236828
-0.0946631374386
-0.00178416145959
-0.0936388729528
-0.0659040659218
-0.0977315044345
-0.0193819602755
-0.025495545116
-0.0274924782389
-0.0624694186252
-0.036357016153
-0.0715211387156
-0.080548920533
-0.0899085886302
-0.0772571130355
-0.0364236224219
-0.0627175791075
-0.0629671939783
-0.102988299376
-0.0428768427916
-0.0351317770028
-0.0459319406589
-0.0430752651229
-0.0780574301029
-0.0525484154578
-0.0750854042773
-0.0499652368469
-0.0578029206758
-0.0517650516837
-0.0947780131264
-0.0559487706211
-0.0585695456645
-0.0568355782688
-0.0476819012558
-0.0605533424426
-0.0220450301759
-0.0369464536563
-0.0322069906773
-0.0980974991089
-0.0684430635372
-0.0293277717491
-0.0998586268183
-0.0362433541228
-0.0921410017038
-0.0983294429785
-0.0851897383153
0.0106190785626
-0.0101594411817
-0.0721756827498
-0.0622947539109
-0.032614870995
-0.0648979887654
-0.0487522017203
-0.0421660609928
-0.0405648124712
-0.0183547994828
-0.029890223779
-0.0992343160772
-0.0850206491202
-0.0980761049181
-0.100034908336
0.00315894031105
-0.0973519206213
-0.0585836505082
-0.0561628172516
-0.0966412097348
-0.0540192047278
-0.0932095485367
-0.00385735119926
-0.0770044566616
-0.0872213806059
-0.0981275509533
-0.0828369338003
-0.0904044022054
-0.0283599126472
-0.0908948718303
-0.00816695910112
-0.0102061599003
-0.100844946583
-0.0887455342911
-0.0999596465081
-0.100779359588
-0.0425171493361
-0.0655941974787
-0.0129323294157
-0.0967475638535
-0.0294019619509
-0.097772620839
-0.0936429994533
-0.0591719013232
-0.0674410482021
-0.0640593429033
-0.00113984142491
-0.0960124017994
-0.0972027128742
-0.0552066000804
-0.0928541486185
-0.0956115381796
-0.0684413867506
0.00573062676844
-0.0690244593309
-0.0333988159394
-0.0996491566479
-0.0846855182749
-0.0602480605846
-0.0605741943208
-0.086368951931
-0.0660006072661
-0.0900295792433
-0.0340728562288
-0.0342490826216
-0.0637745379992
-0.00220906941469
-0.0817311151427
-0.0356832021936
-0.0284551561148
-0.0697986983007
-0.0958022006958
-0.0827321072151
-0.0667938365718
-0.0773345921818
-0.00970564542841
-0.0878663915795
-0.0436086237066
-0.0074873218088
-0.0626407804716
-0.0869047934158
-0.0362574200238
-0.0745843134683
-0.0901116603936
-0.00935809650585
0.00262068277644
-0.0138536110014
-0.0104695748316
-0.0228976557123
-0.0362568698553
-0.0133360331414
-0.101903730224
-0.0191066496721
-0.0474428627499
-0.099408687446
-0.00166874210899
-0.0898653048067
-0.0406327388188
-0.0655078183802
-0.0660777024522
-0.00863958482488
-0.03220500846
-0.0655004217397
-0.0909842854693
-0.0367659518176
-0.0433674271859
-0.016742536047
-0.00629343140529
-0.0231580154187
-0.0360127169257
-0.0344836738719
-0.0778747756036
-0.0437117548445
-0.0321496008052
-0.0608323382065
-0.00324680172913
-0.0536313472629
-0.0166072042905
-0.00778829816003
-0.0396992830503
-0.0192759379855
-0.0271257666095
-0.0423328882653
-0.0594980216795
-0.0933939031174
-0.0820556545091
-0.0476856896076
-0.031687277757
-0.0857864827503
-0.05227683332
-0.0809547595178
-0.0618926998252
-0.0488165077342
-0.0894279904771
-0.0887447890391
-0.00792824233322
-0.0535078705382
-0.0429444820737
-0.0561735277439
-0.00954577774737
-0.0778957548537
-0.0381286595978
-0.0799901317841
-0.0653151718011
-0.031329693353
-0.0975991482046
-0.0898041255248
-0.088457056691
-0.00192742389393
-0.0377173378185
-0.0606529909702
-0.0875571090265
0.00146201761974
-0.00499888975484
-0.0884425480978
-0.0427733432571
-0.034636103264
-0.00695006173511
-0.0911799231651
-0.00220439856069
-0.0185037643192
-0.0661433121453
-0.0650538775402
-0.0899950798804
-0.070719182983
-0.0893079100485
-0.0879249422332
-0.0804977722192
-0.102842750678
-0.0879431819371
-0.000946920187211
-0.0983783659084
-0.0379309119755
-0.0745704460446
-0.03716676112
-0.0461325457272
-0.0691166150803
-0.000272577026119
-0.0531180563959
-0.0840362098176
-0.0342840973959
-0.0640035755022
-0.065698809027
-0.0234410878684
-0.0146500570218
-0.0681508033904
-0.0203181140681
-0.00966713553546
-0.0520396775073
-0.0831539965671
-0.0174003767812
-0.0702820700111
-0.059948215817
-0.0379590612157
-0.0543105288511
-0.0534205832288
-0.0864938000171
-0.0384490746915
-0.0300060160543
-0.00302822903236
-0.0916748095665
-0.0839272618044
-0.0437069000951
-0.00442629352638
-0.0169325510915
-0.0809397255091
-0.0435572660624
-0.0709235254003
-0.0871224715548
-0.0201860241965
0.00955141255499
-0.0242762492451
-0.018060009945
-0.073944436607
-0.000530305194026
0.00622890206889
-0.0222362014984
-0.0651948825545
-0.0283250816302
-0.0918384540685
-0.0877468367959
-0.0545083219748
-0.0714564825957
-0.0708440997173
-0.0623223967835
-0.0872565333613
-0.0875086434776
-0.0279162940067
-0.0259138138006
-0.068068069032
-0.0365890311586
-0.0886253516766
-0.0881993990113
-0.00480879034729
-0.0270579872683
-0.0693519701272
-0.0273457539518
-0.0120264911557
-0.0863060070132
-0.0948651784815
-0.0859372990873
-0.0958133047335
-0.0701447202221
-0.0208486277255
-0.0233094658212
-0.0032917628243
-0.0722572539409
-0.040439695686
-0.0658363825553
-0.0238543756181
-0.0539776073697
-0.00304281229038
-0.0892775486401
-0.059616695762
-0.0719593645727
-0.0202162004225
-0.0819284899241
-0.0282930416321
-0.0727796137731
-0.0836486924924
-0.0990157793283
-0.0422249885492
-0.0634835112132
-0.0617853634973
-0.0345687565343
-0.0810152604081
-0.0377059469403
-0.0645290006849
-0.0466022263413
-0.0685929200016
-0.0463883373691
-0.0646040052503
-0.0797519593943
-0.0988188414192
-0.0690707789551
-0.0796209105026
-0.0496211701367
-0.0830387271581
-0.10175408562
-0.0835187317749
-0.0330836768329
-0.0638066039634
-0.0804708051639
-0.0198009293281
-0.0454875598236
-0.065813889601
-0.0775317547596
-0.081532540389
-0.0794184784551
-0.0824402595628
-0.0429947524822
-0.0564834429029
-0.0858282131395
-0.0643775128655
-0.0818093724183
-0.0471397282345
-0.0681236715552
-0.0235044978412
-0.0588793496885
-0.0863696702837
-0.0745205884939
-0.0623086428982
-0.00315880611263
-0.0647346730312
-0.0841875061133
-0.0351495101446
-0.029203773264
-0.0774988992463
-0.0622646424617
0.00746209615269
-0.0753599089671
-0.0863636041744
-0.0469060679871
-0.00543070688061
-0.00160254193205
-0.090511927059
-0.073967557918
-0.0484532241231
-0.0792876227167
-0.0453684678705
-0.0527348891359
-0.0993598240165
-0.0499378505948
-0.0592025742004
-0.0618221966557
-0.0544796372574
-0.0781958864888
-0.0757430283069
-0.0584557195427
-0.071912786723
-0.0799110253877
-0.0906987805009
-0.078516751975
-0.0823751325457
-0.0817722675657
-0.000147604173512
-0.000686114609535
-0.025722505737
-0.0617605034343
-0.0567620961946
-0.0622431908337
-0.0502761841973
-0.0707330632018
-0.0885376460226
-0.0915296157437
-0.0949618867603
-0.00258311703244
-0.0259510382319
-0.10228360083
-0.0222102481397
-0.0584566238779
-0.0584467173028
-0.074272510106
-0.0746762738741
-0.0738466919257
-0.0604243711336
-0.096416527642
-0.0681723003132
-0.0294626285517
-0.000795603486457
-0.0185678814635
-0.0927137905831
-0.079678412393
-0.0405306076858
-0.0687354580605
-0.067058339681
-0.0203674475174
-0.0773852005948
-0.0595496978451
-0.0823059514152
-0.0844756466258
-0.0063730523606
-0.00404277275567
-0.0101995644104
-0.0535489552384
-0.0894271307982
-0.0567591459
-0.0583799567783
-0.0692757517082
-0.0794212357878
-0.0561290830072
-0.0808311004935
-0.0713145855422
-0.0882956608647
-0.0788214615383
-0.015264934533
-0.0730967336194
-0.0578515461143
-0.0902306177722
-0.0724293035128
-0.0788258991559
-0.000241322383627
-0.0445761442056
-0.048292797578
-0.0924051906194
-0.0632035028921
-0.040147865745
-0.0566132580105
-0.0832474834447
-0.0747557240011
-0.0509782529696
-0.0977921501081
-0.0735524671906
-0.000546519732831
-0.0594906183922
-0.084367625038
-0.0952018971632
-0.0396106368006
-0.0198452850716
-0.0590795944678
-0.0929018435273
-0.0253461285371
-0.0663727225177
-0.0931562081383
-0.0738112997822
-0.0593451326044
-0.0433473370367
-0.0134417643259
-0.0344069568162
-0.0762471262206
-0.0827376420587
-0.031637619973
-0.0859148038331
-0.0787668250524
-0.0715082485924
-0.0262956432353
-0.079325651845
-0.00993105037054
-0.0536846770772
-0.0500694685266
-0.0757318003142
-0.0844485474811
-0.0761408548809
-0.0845132214763
-0.0824943318818
-0.0818308053654
-0.0742916645136
-0.0860572808112
-0.0819640562113
-0.0969120646948
-0.0570770611094
-0.00405360404309
-0.0496616634366
-0.0515197414639
-0.0954250876151
-0.0492439419999
-0.0919506830074
-0.0998422495201
-0.0544197988015
-0.0836392572637
-0.0814314159702
-0.0205875263005
-0.0832126096569
-0.0933892774916
-0.0429088042434
-0.0905695408845
-0.0924205426321
-0.0799032000564
-0.079147349737
-0.0806217285876
-0.0786788271576
-0.0998800723599
-0.0119390691131
-0.102232955676
-0.0628495497528
-0.0702684353065
-0.0957516735231
-0.0484368112922
-0.0765557771135
-0.0929352887586
-0.01168476816
-0.100445147308
-0.0154620820607
-0.0419335622776
-0.0685596274052
-0.0934738926448
-0.0906143924827
-0.0640666278721
-0.0880165692316
-0.073895719285
-0.0736897729007
-0.0789196074057
-0.0481416529549
-0.0943673454922
-0.0782877803469
-0.0949899523561
-0.0505659770132
-0.0770490295328
-0.0933814496541
-0.0480339962406
-0.100693970328
-0.0947172170738
-0.0921776241876
-0.0996763715043
-0.0794916608813
-0.0325004639354
-0.0822521129882
-0.0868874404003
-0.0450501425834
-0.102310685468
-0.0695219053169
-0.0911767938013
-0.076450704558
-0.00697749478658
-0.0746571982879
-0.0937119968334
-0.086023638547
-0.0933999991125
-0.0734886473077
-0.027062607515
-0.0667561933524
-0.0814005472202
-0.0504775904766
-0.0599757343708
-0.0790109724729
-0.056891184499
-0.0924942723158
-0.054316714784
-0.0681757696254
-0.0455701205556
0.0055424777006
-0.0872770017327
-0.0426715962611
-0.0531234418866
-0.0977540622937
-0.087474509158
-0.0925373020009
-0.0753044714363
-0.0760383499752
-0.063436821929
-0.0632277457567
-0.0713125699455
-0.0624616840051
-0.0939339756328
-0.0995263632761
-0.0639537208639
-0.0561724879974
-0.0811723465197
-0.0846386087236
-0.0963350258691
-0.0880276836528
-0.0956956613916
-0.0743613197266
-0.0932565775055
-0.102507736527
-0.0789890240229
-0.0973882885792
-0.0960417363071
-0.0845691284377
-0.102574217643
-0.0955941909728
-0.0698801438461
-0.0214053702337
-0.0246407492239
-0.0890642236503
-0.0683624942661
-0.0518315526754
-0.0957890436933
-0.086601148083
-0.0701559133049
-0.0683137947843
-0.0482427575788
-0.0734936457255
-0.076628768526
-0.0872103594955
-0.0611030452741
-0.0858114861265
-0.0924476766861
-0.0705767095053
-0.010324481048
-0.0933791446312
-0.0543357744059
-0.0607629537061
-0.0886554069323
-0.0656104886539
-0.0636761239977
-0.0774820743364
-0.093483687457
-0.0741889838501
-0.0916221543235
-0.02738665053
-0.00444842711449
-0.0808988990035
-0.0954220273919
-0.0821139935765
-0.0525760974676
-0.0580017278078
-0.0429008980275
-0.0517930726207
-0.0413303653551
-0.0662723530036
-0.0326986024189
-0.0733360066846
-0.0314916945946
-0.0452621825552
-0.0931775545572
-0.0103219509391
-0.0841947390059
-0.0850417076598
-0.0526563569033
-0.0966770413828
-0.0942864555355
-0.0830709551807
-0.0513130191122
-0.091216005168
-0.0815699116741
-0.0779562452997
-0.0791833552765
-0.0179217222101
-0.051101030647
-0.0839471131325
-0.0499263993493
-0.041479117559
-0.0745669445059
-0.0984913240714
-0.0783663356852
-0.0528660739113
-0.0622674704731
-0.079889775003
-0.0973732953951
-0.095379359719
-0.0903832365972
-0.0939044994017
-0.0826434442485
-0.0761604244897
-0.0813605594327
-0.0450309583158
-0.0959943426318
-0.0626646363495
-0.0822245471035
-0.0916089039823
-0.0996953530528
-0.0868894717608
-0.0652710580175
-0.0255972608864
-0.0855299866607
-0.0476803823948
-0.0760394034959
-0.0564106984576
-0.091589091378
-0.0317766628898
-0.0271459664083
-0.037945969092
-0.0987987476201
-0.0432756741448
-0.0432597564971
-0.0649159915941
-0.0156852551576
-0.0165916593831
-0.0319519232207
-0.0556494792414
-0.0865289572447
-0.082781958972
-0.0514024810641
-0.0796127727792
-0.0741340165706
-0.0997246416855
-0.0120241006491
-0.0610167951938
-0.059561259495
-0.0722827441549
-0.0678425415072
-0.0899925346474
-0.09903786408
-0.0522161842182
-0.0240806518302
-0.0343121777549
-0.0757943608305
-0.090163493981
-0.0774815961185
-0.0835892643085
-0.0853625013559
-0.08300909328
-0.0548455635887
-0.0148574650544
-0.00660114253989
-0.0464351094752
-0.0921428630551
-0.0544085099278
-0.0911245079414
-0.0240150058747
-0.0141930858994
-0.0310376242286
-0.0850552314259
-0.0823060730572
-0.0535410879292
-0.0474120161042
-0.0705734798946
-0.0757903607166
-0.0740683171413
-0.101476408283
-0.0367473536813
-0.0820935408642
-0.0395923805296
-0.0974160243973
-0.0505521670191
-0.0824283903077
-0.0708355759693
-0.0665472914053
-0.0635455671606
-0.0722363014919
-0.0777104410165
-0.0814828034017
-0.101644128703
0.000162464418008
-0.0852452566456
-0.0838354388807
-0.0685089864096
-0.0993493177577
-0.0448199441378
-0.0974174620807
-0.0361363864105
-0.0609745290369
-0.0974349180444
-0.0163216276599
-0.084377845348
-0.0853570213784
-0.0676645089408
-0.0505171478871
-0.0723747121343
-0.0908421726851
-0.0899505860999
-0.0631516048555
-0.0191218070884
-0.0418419482575
-0.0950317884885
-0.080149477854
-0.0981050550697
-0.0596908983765
-0.0283315351713
-0.0636533292511
-0.0878915285683
-0.0224095680048
-0.0641102444452
-0.095243898959
-0.0976878483426
-0.0922774441484
-0.0916936442715
-0.0354592959668
-0.0925003192124
-0.0928628732623
-0.0621207301842
-0.0447855129832
-0.0966209370092
-0.0856772964597
-0.0884612477349
-0.098285044062
-0.0889360666006
-0.0844071355502
-0.0895748375312
0.000962179823434
-0.0842915369949
-0.0260179072192
-0.0881045957649
-0.0803794528783
-0.0860900738792
-0.0920118652131
-0.0249280089085
-0.00460488951453
-0.0956275272841
-0.0885817156507
-0.0939032913115
-0.0801008971697
-0.0472855175158
-0.068825038018
-0.0601480331835
-0.0371745677708
-0.0867520715473
-0.0588114583123
-0.0885868864223
-0.0732613866684
-0.0668282677439
-0.0964242443962
-0.0489877356834
-0.0970975933319
-0.0752947731426
-0.0500136482398
-0.086872240525
-0.0310883708517
-0.0214314587798
-0.0171956782594
-0.0619853941762
-0.0124372457424
-0.0612711295478
-0.0618389299346
-0.0303280162704
-0.0979986190958
-0.0815641096081
-0.0848004542697
-0.0839102944872
-0.0563503687422
-0.0269576295553
-0.078982038257
-0.0135035070846
-0.0785182571316
-0.0881271260123
-0.0670182832427
-0.092532408373
-0.0697899897812
-0.0769069824127
-0.0902175684351
-0.0589534000536
-0.0202065195222
-0.0805775902622
-0.0617756252555
-0.0663338591129
-0.0429373117927
-0.0839946754088
-0.0856057870807
-0.0674263140575
-0.0516647674005
-0.0973583366972
-0.0453008911013
-0.0966970825243
-0.0866529662244
-0.0746013700583
-0.0994347344445
-0.0937230741871
-0.078998253737
-0.0752354529635
-0.069941023941
-0.0978056692142
-0.06578500469
-0.0958981920534
-0.0889158635306
-0.0992976826753
-0.0932989619877
-0.095627236109
-0.0793192042757
-0.0978773857152
-0.0878041678583
-0.0684668147802
-0.071607633382
-0.0268950639674
-0.0528748248794
-0.0870315926033
-0.0730146613346
-0.0832927362827
-0.0258821055393
-0.0782984374285
-0.0398941260753
-0.0784831475029
-0.077327542711
-0.0756195010093
-0.0919724201648
-0.0844156893525
-0.0678151366879
-0.0702721645875
-0.0565142526868
-0.0532759895212
-0.0907342858677
-0.0725271408797
-0.0665891785577
0.00759527412992
-0.101430743172
-0.0933434650113
-0.0720602659361
-0.0824061258226
-0.0368412376364
-0.0507114180995
-0.0775923201585
-0.0572469051902
-0.0760530189989
-0.0896428027569
-0.0115574764769
-0.0593988495901
-0.0993673263664
-0.077682142631
-0.0242161034355
-0.052823177145
-0.0726360827743
-0.00598254352386
-0.0703878888242
-0.0967788282379
-0.0943777495208
-0.0943972967001
-0.0769933726034
-0.0756450227996
-0.0677206326298
-0.0961114137002
-0.00694370756904
-0.0789635128554
-0.0802908199017
-0.0737960725087
-0.0957468616388
-0.0856880083092
-0.0798233426542
-0.0860508609292
-0.0681897582683
-0.0887799219549
-0.0790603349355
-0.0601271567872
-0.093253253594
-0.0271507308203
-0.0354387520882
-0.0815690588543
-0.0990913017
-0.0337976003098
-0.0984575962838
-0.0712404405652
-0.100126197743
-0.0796579389636
-0.0927335347524
-0.0965325697074
-0.0710953043821
-0.0622806649703
-0.0932738692168
-0.0222324488139
-0.0510102669981
-0.101057349419
-0.0844455748248
-0.0995691052229
-0.0747084161859
-0.0509732777787
-0.0510191487285
-0.0539272831903
-0.0759635906179
-0.0238240870978
-0.102146835563
-0.0981067020237
-0.0686684765007
-0.0973435718947
-0.0218738902253
-0.0608870194456
-0.0984333893542
-0.0986762079456
-0.0496126466909
-0.0713838356696
-0.0764900456314
-0.101149887809
-0.101769068974
-0.0458432504142
-0.0891131266593
-0.00572523837966
-0.101300999912
-0.0659694150365
-0.0940677619554
-0.0314176404904
-0.0859914920251
-0.0843568141958
-0.0912586737958
-0.0237175103858
-0.0489691486387
-0.0160986814738
-0.0562662092057
-0.0823611757923
-0.0921021461315
-0.0958748666623
-0.029533491559
-0.0679528307421
-0.0311622317247
-0.075976170156
-0.00305633689381
-0.000662259154989
-0.0642081938543
-0.0940486828264
-0.100701242016
-0.0708776167096
-0.0837523533105
-0.0497166682091
-0.0497225450803
-0.0564499293903
-0.0963470743004
-0.0794645301597
-0.0274822819649
-0.0912615684489
-0.0348372302421
-0.0826417652094
-0.0132453577056
-0.0934061425925
-0.0552612460759
-0.0817139746505
-0.0216198462802
-0.0219744613289
-0.065588365684
-0.10221314841
-0.100682554722
-0.0653582577687
-0.0705887181957
-0.0849706716833
-0.0879547539637
-0.101707979054
-0.031075593636
-0.0948807970481
-0.0990763300696
-0.099687257842
-0.0693130829475
-0.0931797309786
-0.0974909972262
-0.0413110089535
-0.0448281952456
-0.0461677575889
-0.0951174758622
-0.101850096551
-0.0281725992885
-0.101168922229
-0.102424573834
-0.0476908639298
-0.0578962500201
-0.0738772918478
-0.0775668565402
-0.102114885661
-0.0486522223429
-0.0879376118577
-0.0710782158538
-0.0764075227291
-0.07718538724
-0.0511866869092
-0.101254113264
-0.090079716255
-0.0522826799377
-0.0984489710542
-0.0977313062113
-0.0927295284203
-0.101025246266
-0.0894199300311
-0.0806432489065
-0.058888745493
-0.0430487285653
-0.0911968699272
-0.0390192637165
-0.101128336185
-0.0366123592333
-0.0521244455818
-0.0543323514954
-0.0587304412803
-0.0800693982147
-0.100290287267
-0.0677833280594
-0.0672572217121
-0.052036956488
-0.0791813925008
-0.0715001237001
-0.00837028565214
-0.0986517347888
-0.074796287118
-0.0480784537994
-0.0571766489171
-0.0852085163952
-0.0877923574575
-0.0906023909427
-0.0933629650332
-0.101855591947
-0.094005485598
-0.0787318445474
-0.0438577093283
-0.0832968677911
-0.0940036026712
-0.0955666911579
-0.102981980521
-0.0854501054924
-0.0869782629276
-0.089597950187
-0.0991513026014
-0.0709578332968
-0.0809998164438
-0.0937578078714
-0.0908985097734
-0.0815831942716
-0.100779242494
-0.0869966338669
-0.0736324125179
-0.0895671764891
-0.0954408444487
-0.0818241850142
-0.0995052089579
-0.100587287885
-0.102817533479
-0.0931917056208
-0.090389418041
-0.089341475008
-0.0714191579614
-0.100481001823
-0.101703156129
-0.0931110798811
-0.100683593246
-0.101223554994
-0.088087968615
-0.0599179319542
-0.0963853984411
-0.0730594520052
-0.0875398971217
-0.0794007924068
-0.0474233111243
-0.0760655413911
-0.0723480967972
-0.0393004445682
-0.0805797960316
-0.101875987379
-0.0470801526662
-0.0407003295414
-0.101753588068
-0.0577565425491
-0.0879466730877
-0.0600916545819
-0.0448286989797
-0.101596902988
-0.0590591058548
-0.0624133048513
-0.0766627803484
-0.0929651957204
-0.0892851443855
-0.0894975890054
-0.0709154294615
-0.0735996625793
-0.0752059699502
-0.0980431719044
-0.0512060855222
-0.083856075409
-0.0769432105857
-0.0914780032059
-0.0465352415105
-0.0960017605534
-0.0979093892676
-0.0992098420455
-0.100271571815
-0.0969861795399
-0.0919263469843
-0.0700897327623
-0.0958951180712
-0.100667917157
-0.0660109891091
-0.0935768795168
-0.102478069939
-0.0390199191236
-0.0307746035498
-0.0962049121018
-0.0254246674815
-0.100287970919
-0.0908839055633
-0.0969900774823
-0.0863827260381
-0.101583142008
-0.0753110103924
-0.0922127511773
-0.0877376612512
-0.093896993699
-0.0541537411908
-0.0589825215097
-0.00626792546551
-0.0829651880137
-0.0825374226746
-0.0335879773752
-0.0748598470936
-0.0972807005677
-0.0925417239773
-0.0804402024372
-0.0541542203788
-0.102814763169
-0.0861050757067
-0.0976056369444
-0.0781127496434
-0.0963954313729
-0.0544670404146
-0.0754840465272
-0.0782023890254
-0.0897196056507
-0.0765545774442
-0.0269545522037
-0.0923177812909
-0.0777880852075
-0.0574218165297
-0.0864292878759
-0.0851720353139
-0.0493980481473
0.00320283415822
-0.0455582373794
-0.0559777569615
-0.100277592544
-0.0622663561012
-0.0365627403372
-0.0301280890898
-0.0947260597124
-0.0337426682509
-0.0838118469735
-0.0388241686599
-0.0380674397303
-0.0788753320683
-0.0472580977348
-0.00542632849796
-0.0433263069608
-0.071271918657
-0.0988660315144
-0.0942703726655
0.00396440238056
0.00562158368249
-0.0217369509578
-0.0917172993517
-0.0921147178232
-0.102539416276
-0.0811611613453
-0.0417684904227
-0.0928969060072
-0.0466312487572
-0.0993269320007
-0.0942916133685
-0.0704829183134
-0.100537927431
-0.0684803749825
-0.0777040118284
-0.0910266141861
-0.0172143618356
-0.0621979495194
-0.0932222410703
-0.100514212771
-0.0725408472436
-0.102664711235
-0.0623198048163
-0.0925401091986
-0.101046021104
-0.10024617512
-0.0691833653593
-0.0405923692623
-0.0706355032578
-0.0553298877399
-0.0690164490107
-0.0723174649254
-0.0951810630899
-0.064775388251
-0.0704380446299
-0.0861114449039
-0.102501120737
-0.0947138610787
-0.0668604674228
-0.0648396872249
-0.0413695888153
-0.0934825126365
-0.0739185873225
-0.0754511719407
-0.0683283608097
-0.0780615937978
-0.0059920064671
-0.0647503586275
-0.0379939929632
-0.0842721548504
-0.0907949166107
-0.0993800011868
-0.0672135391307
-0.0683530132116
-0.0409336980067
-0.0783407177068
-0.0913228515213
-0.0567166003295
-0.0512141670696
-0.0668459748004
-0.0905999437875
-0.0781047793987
-0.067280938326
-0.0657586223649
-0.0816486502986
-0.0809940189831
-0.0948824300402
-0.0931749320303
-0.0769688678037
-0.044025492559
-0.0562635842164
-0.0872551080843
-0.057029789638
-0.0578011993424
-0.0618409733317
-0.082998707482
-0.0595725875722
-0.0559394023517
-0.0693083805123
-0.0312244438108
-0.09847427215
0.000811183729623
-0.102562110257
-0.0807076125156
-0.0542149566572
-0.0959638659549
-0.052702985716
-0.0955807159933
-0.0408941255591
-0.065798176976
-0.0571353772103
-0.0607085418561
-0.0663445960462
-0.0752888611824
-0.00377784597268
-0.078699349751
-0.0451925107214
-0.088999094401
-0.0859213637634
-0.0466260599636
0.00480892547924
-0.0870329607842
-0.0784424707997
-0.0679280350642
-0.055612503298
-0.0954047128372
-0.0735436239453
-0.0756773034916
-0.0515803612302
-0.0831797252043
-0.0547888489618
-0.0870436674195
-0.0998239422948
-0.0746338106644
-0.0742790010408
-0.0637963442954
-0.0955553171989
-0.0666036313147
-0.0586695514249
-0.0388373553613
-0.0708618117474
-0.0832938420846
-0.0748949292035
-0.101950692569
-0.10014860694
-0.059922530549
-0.0886933901466
-0.0763523269997
-0.0878666520976
-0.0788636454457
-0.0903333517702
-0.0767793774805
-0.0698604405628
-0.0501464095257
-0.0649855981743
-0.0759123920461
-0.0153004093231
-0.0300401585898
-0.0570635601908
-0.0802791540206
-0.034490685629
-0.0629480467503
-0.064355882903
-0.100739013028
-0.0576482103701
-0.102034949295
-0.0737468701718
-0.0853606437017
-0.0659033726486
-0.0476672855505
-0.102207981025
-0.0571260106632
-0.0828495630541
-0.0594570807172
-0.0565214394615
-0.0636437117608
-0.0583027670515
-0.0529629641187
-0.0410678674484
-0.0645680592035
-0.0933640951491
-0.0712784012259
-0.0799978504047
-0.0777797296023
-0.0926312545336
-0.0401929211841
-0.0312067412353
-0.0679079812166
-0.070278471883
-0.0620186407067
-0.0963051861756
-0.0892758932609
-0.0891250884553
-0.0836806234816
-0.101646038266
-0.0274994153915
-0.0807698425404
-0.0620216517179
-0.068168918208
-0.0961777825194
-0.0505513492394
-0.100877661678
-0.0846617256857
0.00269062925602
-0.00224195162478
-0.00143892705379
-0.0577981003231
-0.100838571576
-0.0906467148954
-0.0563207498422
-0.0642418581406
-0.0793503150121
-0.0490634419523
-0.0690133735893
-0.0950253476858
-0.0494614654729
-0.0620884272764
-0.068496926471
-0.0519688270335
-0.0326223665885
-0.0711775144064
-0.0858575200343
-0.0647490595051
-0.0306541795828
-0.101832605398
-0.0553071790198
-0.0646697611227
-0.0707899993655
-0.0638322612258
-0.0769756382927
-0.0535766274728
-0.0602677139054
-0.097233440576
-0.0465189563022
-0.080971930699
-0.0858761410659
-0.0864604272978
-0.0832905120652
-0.0683248611104
-0.100785934888
-0.0845617902662
-0.0729163501071
-0.0799142350421
-0.0762153665332
-0.0726791185493
-0.0709682292429
-0.0288504331782
-0.0918693374121
-0.0300339880298
-0.0287244466711
-0.0325890292753
-0.0619152382417
-0.0562817958067
-0.062515050579
-0.0190056845836
-0.00384767679251
-0.0914546601744
-0.0886220375556
-0.0504149904616
-0.0775020497507
-0.0288700654778
-0.0309356450881
-0.0735001141786
-0.0901792934431
-0.04994486794
0.000742767359014
-0.0868310976603
-0.0759041379277
-0.080533248371
-0.0198328822831
-0.0543492755877
-0.0656717178784
-0.0892729348842
-0.0733771776803
-0.0759208033306
-0.0453585218657
-0.0728184246383
-0.0873785412962
-0.101890259356
-0.0860756802401
-0.0130539401281
-0.0268166353562
-0.0902542901915
-0.056487712537
-0.0796917748571
-0.0360383140609
-0.0134825683965
-0.0842210303846
-0.0530623488151
-0.0611674206166
-0.0895993668701
-0.0373940961525
-0.0727947834551
-0.0297882196602
-0.0785707098324
-0.0876257278828
-0.0546093544945
-0.0816614657519
-0.0478656081368
-0.0961434803837
-0.0900360049499
-0.0649381264639
-0.0728290527287
-0.0638578760905
-0.0967881122931
-0.0718831739512
-0.0603204130531
-0.0800276685085
-0.0360071225756
-0.0412944671266
-0.0772670888607
-0.0846770367182
-0.0584193852578
-0.0766486838933
-0.0822388720414
-0.0874299305392
-0.0540418945486
-0.0431645527366
-0.0263388659557
-0.0719747114967
-0.0712596234495
-0.0745373985764
-0.050761150019
-0.0901250190221
-0.0777023580709
-0.00202719784847
-0.0535544742558
-0.0836430730056
-0.0536612950295
-0.0540116540416
-0.0858940018297
-0.0797164874832
-0.00682099872886
-0.101554894437
-0.0919975383658
-0.0761520804001
-0.0681228257172
-0.075762069106
-0.0844944592063
-0.0878928878178
-0.100242276784
-0.054740350698
-0.00743461957623
-0.0172627443752
-0.0766894534709
-0.0102187166788
-0.0557991627953
-0.0516710353952
-0.0820243882934
-0.0672364474648
-0.0641159285257
-0.0500863438425
-0.0906745227621
-0.0675480181992
-0.0503301697221
-0.0417701976217
-0.0368740538828
-0.0142172444384
-0.0453559066658
-0.0900627382335
-0.0255394191114
-0.0515338980133
-0.0269134057284
-0.0332551534116
-0.0533808790437
-0.0480822933407
-0.0738850546653
-0.0871654427437
-0.0839018378488
-0.0289523473244
-0.0851279673371
-0.0853941424271
-0.0618381824953
-0.0906521592306
-0.0296667740119
-0.0387925997306
-0.0250234796394
-0.0724907671525
-0.0731409681078
-0.0586187510779
-0.055857613951
-0.0650975893957
-0.100120778174
-0.00204665557355
-0.0849973983351
-0.0456396920087
-0.0856625115231
-0.0141097158089
-0.0248615731246
-0.0612604972628
-0.0168522275505
-0.0597481737217
-0.064958779872
-0.0231051811571
-0.0488735513925
-0.0864129777184
-0.0908663687715
-0.0396343511972
-0.0904274825869
-0.0892641601974
-0.0842060685188
-0.0123996572319
-0.0837019468983
-0.0841025702494
-0.0766193465737
-0.0650256098377
-0.0701996895743
-0.0176502371085
-0.0572361114699
-0.0976470481905
-0.0787008618462
-0.0845500506261
-0.0671769560135
-0.0318961800555
-0.0726560703383
-0.0877233326309
-0.0398268649738
-0.0347303172098
-0.099455461335
-0.0677421587603
-0.0607671803646
-0.0616259868825
-0.090771892803
-0.0665964825031
-0.0390776614785
-0.10209241267
-0.0808651375715
-0.0599918981753
-0.0821386711896
-0.0871565041411
-0.0581933318091
-0.0873868568227
-0.0750509301491
-0.0828686216663
-0.0753268365506
-0.0609775561616
-0.0710529083037
-0.0543676455834
-0.0994758447933
-0.0780531112649
-0.0639029313913
-0.0151236982885
-0.0175343823546
-0.0806565412894
-0.0123821687338
-0.0984336617901
-0.00240905272107
-0.00769068794516
-0.0542849687695
-0.0191450777708
-0.062142092648
-0.0815709622613
-0.084449692681
-0.077132182476
-0.0084334708598
-0.0597825755189
-0.0662623554449
-0.100113135446
-0.0802158826724
-0.00737524568318
0.00013293348697
-0.0845574762201
-0.0692169346971
-0.083090474433
-0.0720997680323
-0.0620357599975
-0.0594012670697
0.000659848906826
-0.0218498424655
-0.0541931337466
-0.0861703466113
-0.0718031622097
-0.00699728830063
-0.011991535552
-0.100790163661
-0.0691756867584
-0.00859850666652
-0.0636450698041
-0.0970117954107
-0.0957537549434
-0.0843429141566
-0.0677682070095
-0.0816807211849
-0.0816904915268
-0.0678103768842
-0.0734328139848
-0.0178989733123
-0.0290313437617
-0.0836997552792
-0.0497516613943
-0.00228657297318
-0.0712159671742
-0.0721113967645
-0.102776220974
-0.00118111522918
-0.0635783436504
-0.0654403676708
-0.0765896389266
-0.0992453851264
-0.0998288717081
-0.0637448804489
-0.0961865789117
-0.102090592604
-0.0396526933464
-0.020618729406
-0.0144332631624
-0.0774122614292
-0.0910625167715
-0.0769858143725
-0.0877058803551
-0.0878458272822
-0.0731517199206
-0.0772957682086
-0.0138330287159
-0.103042135401
-0.0663750284939
-0.0382634282899
-0.0835039979504
-0.0843690162617
-0.0668587136256
-0.0836857233211
-0.0522165893706
-0.0698083672118
-0.0125035392045
-0.0791851954453
-0.0824601905566
-0.0783860035863
-0.0970941590243
-0.0877755260971
-0.0766314421172
-0.0804101920014
-0.0771575645554
-0.101592163071
-0.0743416574035
-0.0974442594122
-0.0659248970203
-0.0862350379575
-0.0729832788253
-0.0807369119157
-0.011139303685
-0.0879178316526
-0.0398029893273
-0.0685380229414
-0.000581598247965
-0.0551824475799
-0.0935856879875
-0.0805221272063
-0.0809331972471
-0.0714890360099
-0.100495156333
-0.0840689509274
-0.00366709421283
-0.0717810951277
-0.094639269458
-0.0133705514088
-0.0649743681078
-0.0461788028514
-0.0708643979895
-0.0458896440319
-0.0475685294908
-0.0701238037235
-0.0727156017706
-0.0772398433866
-0.061618357436
-0.053329124763
-0.0484693872556
-0.0471220986315
-0.0766983307261
-0.0459948187132
-0.102661214146
-0.101332447413
-0.102727734188
-0.0986856653487
-0.0601240716443
-0.102721560586
-0.0946325914199
-0.102272461737
-0.080811960293
-0.0535382701642
-0.0890718719447
-0.0154149773098
-0.0722246502349
-0.100928820074
-0.10203810384
-0.0557386186968
-0.0225780176576
-0.0692809996929
-0.0819195826924
-0.0851896574967
-0.018915161149
-0.00179209615668
-0.0809816208561
-0.044480038963
-0.101405057827
-0.0453900286239
-0.0314571763241
-0.0799749961657
-0.0327898588683
-0.0384211302674
-0.0336075705204
-0.0674305762288
-0.0313231556199
0.00017177120226
-0.0343122655589
-0.0554183417607
-0.0281682421115
-0.0538898689606
-0.0473255728697
-0.0388628388075
-0.0491128580131
-0.0394982423357
-0.0421023248744
-0.04313304253
-0.0406656826194
-0.0417618738345
-0.043461714831
-0.0686321915902
-0.0367949729587
-0.0668605851683
-0.0327754460256
-0.0229178812967
-0.0403088572435
-0.0351232946541
-0.0282848598782
-0.0410980037646
-0.0271232296682
-0.0259675721468
-0.0223188492729
-0.0198962476871
-0.0136118219537
-0.0153128168532
-0.0172139511044
-0.0307355104
-0.00822433107969
-0.0111031943483
-0.0532767752864
-0.0390964611465
-0.00692020809066
-0.0012468264574
-0.0374934987641
-0.071667139479
-0.0674246186063
-0.0488116568921
-0.0444096772358
-0.0653947310691
-0.066945859154
-0.0399771419481
-0.0249145767139
0.0174016267478
0.00735776220537
-0.000664535553206
0.0033539101022
0.00574539178767
-0.00182291052585
-0.0746598485066
-0.0596061430702
-0.00570953651695
-0.0275389772322
-0.0382988793801
-0.0614342569434
-0.0257704202829
-0.0362449181875
-0.00337735903291
-0.0445570999283
-0.0424564271216
-0.000887105543148
-0.0571257216535
-0.074503347988
-0.0537243462936
-0.0572383558014
-0.0429384719417
-0.0471828946812
-0.0649829751988
-0.0456822521263
-0.0354901735445
-0.0530475018597
-0.0638100762971
-0.0234097762379
-0.00962716946201
-0.0647621353463
-0.00546313533315
-0.0119406876771
-0.0315298161782
0.00172800768114
0.0040344593972
-0.0562675737592
-0.0768367594208
-0.0755678142444
-0.0695787959891
-0.0498520607901
-0.044507474177
-0.0584153710004
-0.052465680626
-0.0730602005279
-0.0184704462726
-0.0727230123082
-0.0394160682602
-0.0593230958514
-0.0698652010054
-0.071240303764
-0.0748712775028
-0.022257537982
-0.0173881666103
-0.0327033137253
-0.0209864474517
-0.0184056768964
-0.0160773050631
-0.0672719914023
-0.00960380924476
-0.00465298066725
-0.0586476798243
-0.0556380106523
-0.0611985379622
-0.0699954072761
-0.0677651648437
-0.0548376147993
-0.00965621894728
-0.0640452864016
-0.0268607443202
-0.0505390251244
-0.0451965784039
-0.0252404276891
0.00270900451983
0.005106341674
0.000655154009481
0.000565910182258
-0.0158117217572
-0.0744337421749
-0.00530013349419
-0.0470913997172
-0.0445718097688
-0.0286139765109
-0.0310628450955
-0.0116478451058
-0.0520414708855
-0.0111442214521
-0.0404354758033
-0.0167548082429
-0.00570076205794
-0.00306015026893
-0.00164701100417
-0.0472464485455
-0.0175998873898
-0.029263455341
-0.00437728423617
-0.0239488838355
-0.0178233887218
-0.0373155235175
-0.0557713299155
-0.0227707133621
-0.052592608996
-0.0545060907237
-0.0526247420927
-0.0382695851962
-0.00142766453808
0.00298145436682
0.00402816406795
-0.00300654705539
0.0201662291412
0.0179339776582
-0.000126234231713
-0.000681383771201
-0.00605504199029
-0.0124080224884
-0.0365370337993
-0.0616416665428
-0.0168333825135
-0.0254368139502
-0.0692132724785
-0.04245154908
-0.00718614310135
-0.0460259645673
-0.0592090302395
-0.0260602986448
-0.040408285631
-0.0394406835722
-0.0596974612774
-0.0379419342269
-0.0480977634741
-0.0487886339568
-0.0514799654969
-0.0494133493302
-0.0684301437569
-0.0745736085366
-0.0057470051809
-0.0428509650719
-0.01487754229
-0.0161547487674
-0.0366212550241
-0.0135913925433
0.00219832300791
-0.0662333225896
-0.0779379544335
-0.0651951755804
-0.0472859344198
-0.0390295423862
-0.058091297872
-0.0271349238569
-0.0714969986482
-0.0416015641011
-0.0706932622413
-0.0620955082849
-0.00444819479726
-0.0716568089371
-0.0455091730991
-0.0737868485393
-0.000850783456079
-0.0754402014166
-0.0710422433915
-0.0684910763183
-0.0710817582096
-0.0732379291803
-0.0555892628281
-0.0619820704914
-0.0230350112338
-0.0219668838354
-0.0227940724582
-0.0260124148842
-0.021151470687
-0.0195880871507
-0.0645350515604
-0.00660068771385
-0.0346622852915
-0.0552995592296
-0.0518669988684
-0.035363069486
-0.0158943341975
-0.00326276307175
-0.0617643336792
-0.0297238033829
-0.070339424755
-0.0198739241975
-0.043646197633
-0.0352850685165
-0.0276701756566
-0.0613382883344
-0.0270433261769
-0.0210301714828
-0.047641562612
-0.07116801791
-0.0065229862361
-0.00850527903463
-0.0369023833439
-0.0460294903566
-0.0470682383283
-0.0275919412423
-0.0361142464787
-0.0198996878255
-0.0463605208281
-0.00495832284831
-0.0397335909785
-0.0414536010333
-0.0263989854873
0.000482739683148
-0.0676183999059
-0.0657485273199
-0.0218399226381
-0.0278831230506
-0.0379851027485
-0.00963304927455
-0.0369935256928
-0.00274110852609
-0.00290606280849
-0.00562619917044
-0.04908880072
-0.0475616228712
-0.0246109368421
-0.0721995348819
-0.0582674426774
-0.00378624531227
-0.0315165483512
-0.0440361896957
-0.0553916874277
-0.0448736686151
-0.0276867861622
0.0105514468958
-0.000231093515709
0.00188145421838
0.00640850627865
-0.065020856577
-0.0498042071499
-0.0440440205402
-0.0572129186219
-0.0737049445066
-0.0361916525208
-0.0357886986651
0.00637309502701
0.000361191765477
0.00738187207892
-0.00027126933
-0.013521256568
-0.0427194245849
-0.062924296913
-0.0136719534185
-0.065296534997
-0.0671877950937
-0.0296772797157
-0.0377736218769
-0.016436955089
-0.0644917586219
-0.0611959506796
-0.0607932531606
-0.0439424919659
-0.0133025507402
-0.0172206154431
-0.0133168696828
-0.0209518516652
-0.0175755207322
-0.0674486524123
-0.0502390452034
-0.0694797008479
-0.0713322997429
-0.0715699582079
-0.0598037675539
-0.0403348858603
-0.0195499384112
-0.00135759949282
-0.0689311851096
-0.0671304880425
0.00543429800565
-0.0289117114837
-0.0211512824157
-0.0350755190389
0.00305365307237
-0.000278928204115
0.000908391468889
0.00591367749501
-0.0275574308635
-0.0677750221012
-0.0620222992079
-0.0540361296727
-0.0471469732491
-0.0303926244886
-0.0717298723369
-0.000466015115963
0.00190334066292
-0.0119777656532
-0.0404564978912
-0.0615497876393
-0.0586452231376
0.000970161502738
-0.00149731182083
-0.056316774666
-0.0502695422836
0.00737768748406
0.00703096149418
-0.0300313127941
-0.0133369504586
-0.0373814542365
-0.0377518740201
-0.0345024963496
-0.0104672481769
0.0223930141758
-0.00858957267622
-0.0608529118855
-0.0563733122631
-0.00591541925593
-0.00368046374133
-0.0459501294894
-0.0445293628565
0.0075087495427
0.00368577946732
-0.0254562635544
-0.0287086461641
-0.0413654893552
-0.0431286170461
-0.0309379109913
-0.0213050002237
-0.025583745568
-0.017605430027
)
;

boundaryField
{
    bottomWall
    {
        type            zeroGradient;
    }
    leftWall
    {
        type            zeroGradient;
    }
    rightWall
    {
        type            zeroGradient;
    }
    movingTop
    {
        type            zeroGradient;
    }
    front
    {
        type            empty;
    }
    back
    {
        type            empty;
    }
}


// ************************************************************************* //
