/*--------------------------------*- C++ -*----------------------------------*\
  =========                 |
  \\      /  F ield         | OpenFOAM: The Open Source CFD Toolbox
   \\    /   O peration     | Website:  https://openfoam.org
    \\  /    A nd           | Version:  14
     \\/     M anipulation  |
\*---------------------------------------------------------------------------*/
FoamFile
{
    format      ascii;
    class       volScalarField;
    location    "25.000000000008";
    object      p;
}
// * * * * * * * * * * * * * * * * * * * * * * * * * * * * * * * * * * * * * //

dimensions      [0 2 -2 0 0 0 0];

internalField   nonuniform List<scalar> 
2646
(
-1.09108539512e-10
1.16266560151e-05
0.000205546172814
0.000290447012891
-1.25512632392e-05
0.0116440012615
-0.000118442116916
-0.00602907859253
-0.00258187551243
-0.0114779469969
-0.00158023267793
-0.00541862510565
-0.0165013583031
-0.00861590373338
-0.0108470205225
0.00706449310641
0.00123542134695
0.000148722851397
-0.00257648101136
-0.0017502053215
-7.82794292002e-05
-0.000691547356114
-0.000249593685862
-0.00118009865258
0.00764724068656
0.00115896333555
-0.00457924250036
-0.00455146666694
-0.00713217423203
-0.00211078175089
-0.00167410374942
-0.000529134738575
0.000101570086547
0.00748225318207
0.0104067647451
0.00027914457859
-0.00590411124071
-0.00859703075175
-0.0186367774073
0.00206657372876
0.0129459287849
0.00728311559822
0.0074977047646
0.0073020332222
0.00778430573645
0.00743929474471
0.00806909812891
-0.00592931300204
0.00226271413845
-0.00131832910279
-0.00671019268424
-0.010489900377
-0.0130509008755
-0.0115894547541
0.00031450436656
0.00116132631966
-0.00830985326607
-0.0148063887599
-0.014990997688
-0.0145649074017
-0.00711954410538
-0.00548021568331
-0.0198708135911
0.00128285449496
-0.0120384374327
0.0016351888959
-0.00523342311412
0.00114613502389
-0.00542942156045
0.00074033366861
-0.00682263042798
-0.0036062594852
-0.00190373711172
0.00174782260128
-0.00666961098808
-0.0132440129978
0.000337376059523
0.000823643863868
-0.00168463777613
-0.00648814701584
0.000708436156332
0.000215319153137
-0.0110383548192
-0.00985699548498
-0.006905406604
-0.00708759787881
0.000401882112878
0.00784612483988
-0.0215223954914
-0.0168321737609
-0.0380014387509
0.00159513547048
-0.0362592334759
-0.0334375664226
-0.0375340638321
-0.0241226092778
-0.0147277444644
-0.0379168928694
0.00115218074397
-0.0271724266029
-0.000145900339173
-0.0251881458658
0.00400522586555
-0.0245921334544
-0.0456651469941
-0.0295189582392
0.0112353560045
-0.0318189066581
-0.00447532265639
-0.025930426179
-0.0168467866987
-0.000922010289734
0.00742173794968
0.00742033930398
-0.000830062442982
0.00797633830689
-0.011874171884
-0.0335823055171
-0.0374708456008
-0.023280632159
-0.00675262567603
-0.035401756714
-0.00530093289839
-0.00795394767552
-0.0221575108967
-0.00568595036115
-0.003896461034
0.0206079230491
-0.0230475021812
0.003737783165
-0.0383869591741
-0.0219345149786
-0.0351389659911
-0.0420496068044
-0.0121246557929
0.00101267815928
-0.00150715837655
-0.0354479478187
-0.0201114158355
-0.0247796474173
-0.0369898893617
-0.0247961790208
-0.015902338803
-0.0363784616535
-0.00118439289858
-0.0298436619674
0.00331674833786
-0.0416690863907
0.00916934159788
-0.0395878141381
-0.00801077190109
-0.0455066407201
-0.0019892722974
-0.0157287527085
-0.00477703130202
-0.00363557550392
-0.0155372245813
-0.00331380734304
-0.0269149343666
0.00634069068547
0.0436248641825
0.00120032772012
-0.00926440216343
-0.0476555415694
-0.0285664277891
-0.0254414453336
-0.020683891812
0.199547140669
0.0346363674766
0.0399041604195
0.0405415315261
0.0347700159792
-0.01166376707
-0.0145657979736
-0.000367894804941
-0.00111863859746
-0.00323700194815
-0.00753528329908
7.0754822386e-05
-0.000418885200497
-0.0094309709476
0.00126723875471
-0.00595241686917
-0.0031220924947
0.00626192544151
0.00273066143561
0.00999400417342
0.00807209639037
-0.0172860689707
-0.00968776347903
-0.000185881224598
0.000728429243055
-0.0104621112701
-0.010778916877
0.000140343012825
0.000703058566457
0.00154086160826
-0.0040515156403
-0.00271009245355
-0.0104264333445
-0.00748415909395
-0.00210378729648
-0.00129215866555
-0.0014988571389
-0.01847058438
-0.00438966836441
-0.000221172756003
-0.0378901348227
-0.00157503506563
0.00460705795535
0.0072258159969
-0.0437318442957
-0.025506148402
-0.0387479810099
-0.0411890031057
-0.0162488144801
-0.000280802470801
-0.00282151362583
-0.00345487294931
-0.0335705036308
-0.0373809531416
-0.0252067694732
-0.0145819581085
-0.0263194060901
-0.0209137860286
-0.00591819451832
-0.00248977311739
-0.0078835060469
-0.00038868064811
-0.0236826360077
-0.0191157568173
-0.00979898366868
-0.043796677347
-0.0219137646235
-0.00358527769559
-0.0051323389281
-0.0253047815788
-0.0076708533225
-0.00545802292946
-0.0446051507734
-0.00326968887487
-0.0379070873682
-0.045153405206
-0.00109758948038
-0.00017727506577
-0.0333537947866
-0.0321998802103
-0.0141354544209
-0.0148555119389
-0.0387614539508
-0.0385404266405
-0.0327294353355
-0.0475643184125
-0.0436847654824
-0.0333264646985
-0.0327865164547
-0.0273277134462
-0.0264472324763
-0.0432752006829
-0.00770429623155
-0.00702890067414
0.00262866868068
-0.0465776038893
-0.0459559870235
-0.0343657870697
-0.0287008141352
-0.0297832019232
-0.0428808800398
-0.0319521031883
-0.0466874256489
-0.0426131397839
-0.0366672487099
-0.0164741319017
0.00295902395671
-0.00390321745548
-0.0238272499933
-0.0417983423212
-0.0402029371908
-0.0136324472941
-0.00382486070495
-0.0203104635286
-0.0372649666591
-0.0190240503346
-0.0414747966843
-0.0219508547552
-0.0100691283974
-0.0102015552817
-0.00710612392558
-0.00481510288126
-0.0162403264506
-0.0383636281463
-0.0221510693266
-0.023704840772
-0.011312158381
-0.0229450987018
-0.00588563738009
-0.0186109031307
-0.0271321139768
-0.00748445908852
-0.0405924940526
-0.0182101009653
-0.00236840815777
0.0072480345922
-0.00380729403783
-0.000334445760114
-0.0193677373889
-0.0199870969633
-0.00273139537007
-0.00030852756078
-0.00302102039512
-0.0203406387578
-0.00530170822582
-0.0147686094402
-0.0410569987367
-0.0200143006323
-0.0190163143127
-0.00860183978385
-0.0207580045492
-0.00887231902084
-0.0185138500459
-0.00784348973159
-0.00930808462477
-0.0276007646862
-0.0222153992149
-0.0145934850009
-0.000597563327338
-0.0013842530165
-0.000510398343546
-0.0326014150512
-0.0401931916
-0.0435350518863
-0.045804512672
-0.0166832059127
-0.0348454500397
-0.00603188442747
-0.0394968775812
-0.0066183114248
-0.00597543065101
-0.00545077988905
-0.0466711808798
-0.0737499164305
-0.0799230639825
-0.0825655753801
-0.0119272758293
-0.0411679267927
-0.0819723834034
-0.0186758096353
-0.040051272744
-0.0672101698086
-0.0059456292958
-0.0580439872515
-0.0408091456471
-0.0277068232738
-0.0791990152182
-0.0289383051851
-0.0654856135271
-0.072697390821
-0.0708932121518
-0.0754218475924
-0.0790309242513
-0.0724159190234
-0.0731998758796
-0.0196871607694
-0.0174391001335
-0.0192867146748
-0.0705191030127
-0.0727257175302
-0.0411757868641
-0.0454328828832
-0.0287943990293
-0.0226787114345
-0.0794262109499
-0.0203766295673
-0.0230976272709
-0.0393021049696
-0.0825041947568
-0.0720362508773
-0.0353573318279
-0.0413144320221
-0.0706717734736
-0.0684202042002
-0.0341217612109
-0.0348270700515
-0.0710798795762
-0.0742326416043
-0.0439920422418
-0.041466479993
-0.0745904109351
-0.020812140771
-0.0389532284641
-0.0677848557667
0.00769986905532
-0.0821961482883
-0.0231104546524
-0.0398199342463
-0.0145227371769
-0.0515942192516
-0.0236447959506
-0.0723789089302
-0.0703384195524
-0.073177813361
-0.0567892018616
-0.0667092298002
-0.0288362466743
-0.0642783923314
-0.0726883123076
-0.0763128491417
-0.0704611885979
0.00523725089254
-0.0794949666331
-0.0700059953916
-0.0769060565726
-0.0784151122
0.0052286114744
-0.0772399317908
-0.0679294303229
-0.0193186725431
-0.0765006784604
-0.0746456433033
-0.0266121781675
-0.0206648095541
-0.035035841616
-0.00264527587493
-0.0221317223682
-0.065841198765
-0.0743253452013
-0.0199517049122
-0.0663883265777
-0.074158976617
-0.0108232198633
-0.0657607921454
-0.051840086458
-0.0181666067786
-0.0179959055459
-0.0191383879011
-0.0349037049527
-0.040683109749
-0.0728604098916
-0.0721255810153
-0.0196352147709
-0.0213141421544
-0.0042811281465
-0.00850019893587
-0.0671815939606
-0.000373660987493
-0.0592252838453
-0.00335337714826
-0.0165167270621
-0.0750534011609
-0.0169933995056
-0.072662623084
-0.0160444744086
-0.0579417764451
-0.00378479519106
-0.0589189761496
-0.0711125968154
-0.060079185233
0.00822984411962
-0.079023518903
-0.0769330630115
-0.0774637548444
-0.0089464086368
-0.0682943778878
-0.071238468494
-0.0691022448409
-0.0579497638245
-0.0616051452967
-0.0027620012092
-0.073651224341
-0.0387255203663
-0.0723252343755
-0.0108834455718
-0.0150038956518
-0.0146139768598
-0.038875526032
-0.0202628947005
-0.0486768710025
-0.0629559044723
-0.0722203500418
-0.0547539713644
-0.0194595686946
-0.0393758931528
-0.0402096805031
-0.0756459892366
-0.0243901517427
-0.0183059546479
-0.0273692123611
-0.0251058420691
-0.0600743828839
-0.0319987229259
-0.056325839114
-0.0293397029377
-0.0358074739864
-0.0320202401465
-0.0612723536138
-0.032647477011
-0.0367459743134
-0.0334939769918
-0.0289038322866
-0.0389019051337
-0.0100290158981
-0.0199456401559
-0.0164321113499
-0.0643535936065
-0.0455134151085
-0.0162328183225
-0.0697530567003
-0.0196929396855
-0.0739061745917
-0.065504240117
-0.0684756624059
0.0103691335234
-0.00747719671917
-0.0528192370764
-0.0419331957964
-0.0168729485752
-0.0422951825116
-0.0298419756375
-0.0244426776765
-0.0235512757767
-0.0100201304529
-0.0167178627701
-0.068859083265
-0.067471889211
-0.0662415822482
-0.0740208827288
0.00457242374488
-0.0665420609124
-0.0360406784738
-0.0353126295333
-0.076719387739
-0.0331469509942
-0.0591639604665
-0.00473242566934
-0.0529569463311
-0.057206470353
-0.0678097141273
-0.0653346631555
-0.0594455432752
-0.0141853475533
-0.0765231203515
-0.00316558401144
-0.00854515181491
-0.0749731752454
-0.0717688587772
-0.0712029341568
-0.0720141435241
-0.023508439324
-0.0457234799937
-0.00657028883934
-0.067809909822
-0.0164019551817
-0.0784289071251
-0.0762004565466
-0.0380147065682
-0.0393006668586
-0.0408384949259
-0.00358639037301
-0.0815278938314
-0.0653556192286
-0.0336117726848
-0.0592374790852
-0.0686755861084
-0.0442640650568
0.00679995430023
-0.0495195516195
-0.0179232538037
-0.082919798681
-0.0669910633942
-0.0378271312668
-0.039720060698
-0.0598113918779
-0.0416268865512
-0.0549255788323
-0.0183588843163
-0.0185585961388
-0.0404069341254
0.000384935454883
-0.0646928650601
-0.0226649707024
-0.0169187356447
-0.0504946451738
-0.0640873045427
-0.0572160692391
-0.0429863306027
-0.0586447506441
-0.00451337898988
-0.0589485578333
-0.0256705950819
-0.00532694705689
-0.0404109906866
-0.0699328926523
-0.0185580479215
-0.0551957149306
-0.0604088415572
-0.00773718052737
0.00320199445934
-0.00871834016849
-0.00767899075332
-0.0121961229326
-0.0211626837273
-0.00696884560787
-0.0813388978763
-0.0122220426177
-0.026959537473
-0.0732196348538
-0.00411438617673
-0.0548121668599
-0.0213984097815
-0.0428194624431
-0.0430557164443
-0.00748244094857
-0.0173602131924
-0.0419366953283
-0.0713316685693
-0.0228796226312
-0.0284384852517
-0.00719980410237
-0.00267344858508
-0.0126513259527
-0.0230351446477
-0.0224933271808
-0.0593803596576
-0.0299131695223
-0.0184533772857
-0.0366633404812
-0.0013914044203
-0.0313646073543
-0.0110847187126
-0.00346683690918
-0.0225427510443
-0.0104191484653
-0.0160729950451
-0.0237114802272
-0.0358906074939
-0.0586648723759
-0.0560817295217
-0.0262715544749
-0.018930150956
-0.0578779456559
-0.0323500119937
-0.0506627017278
-0.0389087580125
-0.0300506348747
-0.0594735950849
-0.0581268776626
-0.00263486861839
-0.0330901621102
-0.0260884396355
-0.032260443853
-0.0070830690822
-0.0528393012517
-0.0229638030969
-0.0614314688304
-0.0420404372392
-0.015971310492
-0.0719627275955
-0.056549946667
-0.0597839725737
-0.000624368416639
-0.021847267362
-0.0357362524734
-0.062176195943
0.00339382151412
-0.00256104688912
-0.0548127588273
-0.0245650221881
-0.0177453126075
-0.00479962190619
-0.0604802027388
0.000235306847008
-0.0106945554743
-0.0465482407267
-0.0421429039364
-0.0563383377383
-0.0516660431936
-0.067628468555
-0.0522003101486
-0.0590823479592
-0.0779580405995
-0.0582366134265
-0.000496127669341
-0.0637476157224
-0.0204734128074
-0.0520755902073
-0.0225845810022
-0.0279800987874
-0.0438826135398
-0.000331923225478
-0.0318099144909
-0.0659415239349
-0.0204811992639
-0.0383267505044
-0.0413029028368
-0.0136083886563
-0.00617001066756
-0.048719429604
-0.0104693205323
-0.00413751349531
-0.0313963241773
-0.0562091971902
-0.00935934927818
-0.0427736690693
-0.0379286817297
-0.0209290676166
-0.0340743908437
-0.0339963233379
-0.0577866284417
-0.0235979228314
-0.0181195135365
3.48437733616e-05
-0.0574777833147
-0.0558491821874
-0.0271383280311
-0.0020585504169
-0.00811982569259
-0.0571630223701
-0.0230366120865
-0.0424540855214
-0.0650057772049
-0.00977592838382
0.00933378032409
-0.012488815665
-0.0105502614452
-0.0531944452483
-0.00296041925098
0.00711512531986
-0.012582917839
-0.0376142690763
-0.0164260502119
-0.0576035008086
-0.0663817078772
-0.0346461413708
-0.0480171608994
-0.0437456023877
-0.0425524872706
-0.0609324001143
-0.0521524473984
-0.01734603066
-0.0133124595508
-0.0420986225838
-0.0216101372206
-0.0529188607231
-0.0706406846993
-0.00241419302137
-0.0136528691436
-0.0500607788566
-0.0142043043644
-0.00600584315409
-0.0586238234361
-0.0743009960492
-0.0635936193052
-0.069909361827
-0.0453989565839
-0.0122690293721
-0.0134506005526
-0.0017386554149
-0.0478254573287
-0.0223241162492
-0.0462766406653
-0.0130582122786
-0.0344763330588
-0.00138875382891
-0.0529770998172
-0.0398921142253
-0.0463506159354
-0.00977042250254
-0.0551533871443
-0.0161754305544
-0.0470176055678
-0.0486247716054
-0.0654259559861
-0.0247195237309
-0.0376612193763
-0.0421537837631
-0.0190099207832
-0.0522805059252
-0.0230466442347
-0.0416260938709
-0.0281663215196
-0.0493144945582
-0.0286596647749
-0.0378286225817
-0.0543387357053
-0.0675557437848
-0.0419323873959
-0.0566311397376
-0.0307057358831
-0.0662330775862
-0.079296929152
-0.0609492945154
-0.0166723067452
-0.0440509722656
-0.0627199738092
-0.00934354856348
-0.0262966273957
-0.0462464888139
-0.0510160131199
-0.0516223958328
-0.0514974819186
-0.0593716849745
-0.0260261225
-0.0350448912902
-0.0567912569485
-0.0447889361503
-0.0533107253617
-0.028618456899
-0.0409809957343
-0.0116279653985
-0.0390824394867
-0.0502613073949
-0.05606443283
-0.0393305679388
-0.000271728161263
-0.0362899558067
-0.0679597607493
-0.0191873551875
-0.015242811197
-0.0503754103921
-0.037395608517
0.00786847336744
-0.0510608233174
-0.0649969435907
-0.0282466373357
-0.00240762612667
0.000268793770462
-0.0672121748768
-0.0498570407921
-0.0294659140673
-0.0589606749458
-0.0277905814507
-0.0323816049595
-0.068327313099
-0.0306209856965
-0.0395488869346
-0.0421002994797
-0.0323651848387
-0.0494066972406
-0.0507838297285
-0.0388726916913
-0.0529756161239
-0.0524445640495
-0.0694748799966
-0.0531522458489
-0.0532080461248
-0.052350548812
-0.000306315190831
-0.000359647746917
-0.0137048023784
-0.0361615687589
-0.0322972980794
-0.0397965706566
-0.0295260208687
-0.0461200453711
-0.0658165880005
-0.0769777926277
-0.0758518968919
0.000145592564334
-0.0141920125944
-0.0799192044645
-0.00999438355072
-0.0331269057158
-0.0380163394128
-0.050525216075
-0.0498217190245
-0.0552350573579
-0.0344575730551
-0.0735131447425
-0.0415511744041
-0.0181544416595
0.00173102676782
-0.00921955241361
-0.0563529951898
-0.0622979942313
-0.0254589982578
-0.0405225060518
-0.0399277845208
-0.0100501437989
-0.0595219030593
-0.0364148342576
-0.0546635546063
-0.0631655888472
-0.00313435981698
-0.00142942877446
-0.0056693050086
-0.0338866670857
-0.0669953259961
-0.0366530588711
-0.033396963689
-0.0498402967158
-0.051975925752
-0.0343350549174
-0.0573927701959
-0.043257892973
-0.0544152956983
-0.0451500028974
-0.0087513335139
-0.0484442955648
-0.0353501543247
-0.0758097386946
-0.0534426484988
-0.0504200853998
-0.000307146782416
-0.0268307150474
-0.0279432704596
-0.0688013631847
-0.0400861331942
-0.024332387158
-0.0345034198658
-0.0573300371676
-0.0476322173389
-0.0307958514347
-0.0820682702617
-0.0438056406421
-0.000419112564991
-0.0354784916134
-0.0602630367168
-0.0731909517975
-0.0219757043897
-0.0111439381097
-0.0394560424714
-0.0680095943091
-0.0131476693106
-0.0436665582421
-0.0687600860614
-0.0424352679288
-0.035603438153
-0.0248668362745
-0.00682349776881
-0.0200016517552
-0.0521972293488
-0.0614172555644
-0.0167129513658
-0.051056706791
-0.0499406460589
-0.0477175352161
-0.0129714425445
-0.0549189705058
-0.00387125069435
-0.0330160351156
-0.0298054481038
-0.0522705979402
-0.0567420797388
-0.0432546892509
-0.0612828983196
-0.052724554041
-0.0476620053872
-0.0473214900593
-0.0633112330589
-0.0469694498987
-0.0816871825073
-0.0358006946282
-0.00203576058331
-0.0294087348495
-0.0314304260817
-0.0702241068572
-0.029542370119
-0.0679044666169
-0.0668100125084
-0.0335990037288
-0.0596002299372
-0.0542989160455
-0.0096762732996
-0.0485085878498
-0.0672829352456
-0.0242040815147
-0.0756988385215
-0.0731775071161
-0.0531984480446
-0.0542992026679
-0.0461552650276
-0.0552368376714
-0.081889039809
-0.00586678873886
-0.0781198203418
-0.0431857775911
-0.0392893156716
-0.0684748652122
-0.0285870615559
-0.0439261836027
-0.066032054309
-0.00540641957193
-0.0817798572128
-0.00799685802732
-0.0240505998963
-0.0456517747232
-0.0682222654464
-0.0703628315223
-0.0436445728384
-0.0649509778368
-0.0495362949668
-0.0502494720478
-0.0453290263334
-0.0281600803661
-0.059063010673
-0.0447549221183
-0.0717009108769
-0.0279395703415
-0.0517690306788
-0.0792903873834
-0.0284294138483
-0.0824589477816
-0.059277504758
-0.0701511973028
-0.0825575838076
-0.0523060466181
-0.0168192339912
-0.0656877377154
-0.0711822459938
-0.0267734831337
-0.0775626974431
-0.0458268374169
-0.0682421180253
-0.0501919599397
-0.0032659824086
-0.0484478653579
-0.0791882845635
-0.0522248597412
-0.0676428507149
-0.0414396689296
-0.0144802487333
-0.0427466452192
-0.0490785024332
-0.0307418309004
-0.0371542450545
-0.0460359276903
-0.0310879408743
-0.0781731882604
-0.0350322842659
-0.0394725729899
-0.0265154003261
0.00592424907171
-0.0636609409346
-0.0225817004772
-0.0317783908394
-0.0825642763005
-0.0724444582266
-0.0775117620203
-0.0566738245878
-0.0520765601357
-0.0374679766566
-0.0377076801117
-0.0484444100285
-0.0343744576004
-0.0729073011551
-0.0718894628354
-0.0354823737754
-0.0351955017775
-0.0477240591909
-0.0592728688858
-0.081495602914
-0.0535702451841
-0.065914919213
-0.0458135713805
-0.0584603893187
-0.0739511202635
-0.0455466065411
-0.065283431935
-0.0715739719043
-0.0494800024392
-0.0761604837354
-0.0697604650177
-0.0397336067306
-0.00995861597066
-0.0142062953562
-0.0741576177672
-0.0383246222764
-0.0326693803056
-0.0695062335846
-0.0598659162765
-0.0438900302925
-0.0454608440415
-0.0283629928211
-0.04358664914
-0.0469546229542
-0.0610747099234
-0.0348402105609
-0.0547842118239
-0.0703133476022
-0.0408212924499
-0.00458207634143
-0.0702718148943
-0.0342866534975
-0.0396506918107
-0.0564975054329
-0.0443397025003
-0.0393543939842
-0.0513917186455
-0.0669098620935
-0.0427515677388
-0.0693488759715
-0.0137119537585
-0.00201311700041
-0.0481391710284
-0.0803893752009
-0.0590680254706
-0.0313055253201
-0.0382566003478
-0.0239598563934
-0.0279498994176
-0.0228687671318
-0.0403567909896
-0.0171941831868
-0.0453819056112
-0.0168023515192
-0.0267814809219
-0.0658931567682
-0.00502923131776
-0.0622099185039
-0.061783153751
-0.028715573123
-0.0806635516021
-0.0795299817928
-0.0551078334303
-0.0308587430012
-0.0556791928731
-0.0569970295714
-0.0454336405667
-0.0480921328686
-0.00824990675255
-0.0313273826316
-0.0562141535683
-0.0305206824168
-0.0251842891995
-0.0450762476334
-0.0657314802828
-0.0569220468267
-0.0332737627191
-0.042484022486
-0.0459128162208
-0.0628220880728
-0.0809957023266
-0.0687528228835
-0.067390530366
-0.0604698432403
-0.0459271375757
-0.0472060034853
-0.023877067149
-0.0596404130583
-0.0361394020003
-0.0501866428458
-0.0557783693174
-0.0650741069063
-0.0610332911332
-0.0371052999312
-0.0134542556447
-0.06117892525
-0.0310902203132
-0.0531056232806
-0.035074730933
-0.0577030098221
-0.0163633309987
-0.014069501968
-0.0206349860126
-0.0817691997335
-0.0251380473826
-0.024528467053
-0.0424389185936
-0.00788473131485
-0.0101854288185
-0.0174042929318
-0.036248285732
-0.0712064605766
-0.0498048421175
-0.0299037212724
-0.0611351087614
-0.0447989492763
-0.0655124946907
-0.0051063638159
-0.0377320318307
-0.0387520146109
-0.0421564646095
-0.0441771880089
-0.0552624439934
-0.0826326475118
-0.0328033532658
-0.0118258450358
-0.022430197469
-0.0454957270429
-0.0535266755435
-0.04607691901
-0.0545815721803
-0.055823713253
-0.0520978585234
-0.0308392171792
-0.00709669133114
-0.00329061152276
-0.027421458329
-0.0645354222716
-0.0311594514477
-0.0761609962109
-0.0115121808915
-0.00663330612148
-0.0174116266626
-0.0691000192811
-0.060526081468
-0.0317280295584
-0.0304069561981
-0.0423275544202
-0.0464774601304
-0.0464750450467
-0.079642168823
-0.0196656084283
-0.0496822557061
-0.022600270755
-0.0620027485314
-0.0283989894196
-0.0619547011744
-0.0417260531695
-0.0382233317532
-0.0418450481303
-0.0533151773671
-0.0541041067314
-0.0556726153709
-0.0808539041265
-0.000128193697907
-0.0495498265212
-0.0517586432817
-0.042122083001
-0.0717255026257
-0.0245640832624
-0.062249460069
-0.019346755254
-0.0382149199865
-0.0735911338137
-0.00748992126622
-0.0535447111396
-0.0521715621472
-0.0393525485025
-0.0279642707346
-0.0434660357814
-0.064614093667
-0.0657740263693
-0.0368578105475
-0.00890564464772
-0.0230147804704
-0.0591541653429
-0.0513213923891
-0.0625286138428
-0.0337571720731
-0.0149334513101
-0.0396212978516
-0.0598897434828
-0.0107176124625
-0.0402574501962
-0.0593600655939
-0.07530028602
-0.0711920555663
-0.0562425189172
-0.018143562173
-0.064649557069
-0.0675513404074
-0.0414686725651
-0.0237534879275
-0.0753794665931
-0.0519122826514
-0.0652570113821
-0.0731944097186
-0.0648085189611
-0.0550655891678
-0.0645203679884
0.00316503981336
-0.0607741989334
-0.0125599468475
-0.053416213872
-0.0502468488682
-0.0511609702358
-0.068921041838
-0.0119980159327
-0.00127192830012
-0.0707983614881
-0.0695912649706
-0.074031053898
-0.048853652658
-0.0269026931871
-0.0483370378936
-0.0354964240677
-0.0197591809743
-0.06580505144
-0.0375388218203
-0.0662202357959
-0.0466862415859
-0.0458121125081
-0.0693852813997
-0.0309731137252
-0.0628647504844
-0.0471145710504
-0.029167294857
-0.0651381542402
-0.0156966180056
-0.0100926838531
-0.00793087349034
-0.0394663687572
-0.00803523252978
-0.0396817941658
-0.041097149084
-0.0156376609362
-0.0814801100985
-0.0635535335018
-0.0640699709324
-0.0504430865451
-0.0338721816942
-0.0131595805085
-0.0503855233821
-0.00603620879517
-0.0477501148989
-0.0729223378491
-0.0462565645966
-0.0617341200689
-0.0425627423934
-0.0575113379095
-0.0630856218197
-0.0355023505047
-0.00974596339573
-0.054606111156
-0.0370093650378
-0.0385891319693
-0.024718056764
-0.0669145468965
-0.0689782306604
-0.0418305775944
-0.0314708880115
-0.0648845404494
-0.0256648530943
-0.075018919685
-0.0676070070132
-0.0549001356356
-0.0682287228863
-0.078549495572
-0.0492118933474
-0.0442128870591
-0.0486632279106
-0.0711784919754
-0.040988917772
-0.0796247826415
-0.0690622212208
-0.0648789347825
-0.0604980052566
-0.0799473444903
-0.0472380403794
-0.0622013213708
-0.0720190240911
-0.0423505453892
-0.0510456041583
-0.0132436548502
-0.0323202090211
-0.0584500766689
-0.0524990644569
-0.053783970412
-0.0125890656353
-0.0520974347616
-0.0219302412906
-0.0511564433113
-0.0472709996353
-0.056592356865
-0.0765961167268
-0.061509777539
-0.043814699375
-0.0502700546411
-0.0338444514237
-0.0321739212704
-0.0749408353833
-0.0410851255144
-0.0416119083384
0.000406673293167
-0.0774584042212
-0.0581560982856
-0.0415681953387
-0.0600076301029
-0.0204563790251
-0.031048348266
-0.0588998470806
-0.0376030224442
-0.043505153848
-0.0690750467718
-0.00607310792546
-0.0357598890939
-0.080773644482
-0.0496896444945
-0.0125519239127
-0.0299941924103
-0.0527433175784
-0.00214853600169
-0.0460904153317
-0.0807858616326
-0.0783976074095
-0.0587511936088
-0.0463009536318
-0.0553610031592
-0.0457571544349
-0.0619533478113
-0.00269236663723
-0.0615320911055
-0.0625645537921
-0.0525453678547
-0.0673002064304
-0.0606918353528
-0.0485799318926
-0.0616605312187
-0.046087814107
-0.0724945513345
-0.0472494491867
-0.0400745923616
-0.0655599866084
-0.0138407377774
-0.0196152774673
-0.0568911923176
-0.0651919887989
-0.017963397652
-0.0807083019109
-0.046751223946
-0.081442228509
-0.0562069857014
-0.0566273079113
-0.0795492360057
-0.0514916381678
-0.0370560540824
-0.069100664876
-0.0110945658076
-0.0317081553805
-0.0810923754201
-0.0644414206275
-0.0807829469896
-0.0458692931491
-0.0292967332063
-0.0311863879674
-0.0310777681637
-0.0443121198609
-0.0113808594344
-0.0737444684509
-0.0814839049409
-0.0446564761282
-0.0755989894053
-0.0103742598138
-0.0389163551781
-0.070630551066
-0.0771296451438
-0.0280417710684
-0.0492044095661
-0.0516579842128
-0.0692267870867
-0.0757300121217
-0.0261350983466
-0.0735307171816
-0.00140209547816
-0.081305777866
-0.0452791804972
-0.065214211582
-0.0160681960799
-0.0665392709864
-0.0637514858583
-0.0629028751617
-0.012117719161
-0.0278655332596
-0.00752025235437
-0.0320847779092
-0.0559393897974
-0.0562183515671
-0.064546540878
-0.0154203786211
-0.0426116081465
-0.0164976026171
-0.0509791688298
-0.00136575348512
-0.000463305152158
-0.0427523053117
-0.0783946357986
-0.067808793331
-0.0495177801908
-0.04981836103
-0.0273733812686
-0.0282408367074
-0.0356239351916
-0.0668326751357
-0.0555879622678
-0.0137459045077
-0.0558799399634
-0.0179403953409
-0.0658412736169
-0.00796211473803
-0.0641470091157
-0.0346169685251
-0.0619690091441
-0.0109054431472
-0.011273960954
-0.0433153833934
-0.0765760809614
-0.0787006881092
-0.0451627537689
-0.043499468393
-0.0544475693423
-0.0537409854515
-0.0736824574052
-0.0155073162572
-0.0645861386715
-0.0643553184141
-0.0795643857115
-0.0410038997044
-0.063141209327
-0.0801491908935
-0.0223791301437
-0.0275572134592
-0.0295876088049
-0.0784428086654
-0.079101388537
-0.01382542931
-0.0768811167897
-0.0740270442112
-0.0285311902972
-0.0324547066422
-0.0510320529575
-0.0536436337879
-0.0793736111328
-0.0280149666473
-0.0563317153386
-0.04048891573
-0.0522579624057
-0.0444858984294
-0.0280771934863
-0.0714441644486
-0.0588239656197
-0.030368281987
-0.0652231480697
-0.0683672236715
-0.0772341312403
-0.071212098288
-0.0658992300316
-0.061458537814
-0.0323038901951
-0.0240763895858
-0.0608148801708
-0.0224397315445
-0.0798267220426
-0.0198449371204
-0.0284255095557
-0.033256170945
-0.038560787624
-0.0592163993622
-0.0805155571676
-0.0475015098939
-0.0472278650554
-0.0282182742374
-0.0603554501281
-0.0520348119752
-0.00408627389149
-0.0805374273879
-0.0486795304771
-0.0281079544082
-0.033198802106
-0.0665392334421
-0.056301641887
-0.0540480783421
-0.0568245113855
-0.0747166482926
-0.0606339491672
-0.0549346775113
-0.0263499208963
-0.0483431030517
-0.0624037204881
-0.0593981529396
-0.074560981517
-0.0501505559979
-0.0566004714686
-0.0560599810898
-0.0701828831658
-0.0462010891422
-0.0467651144229
-0.0627506251301
-0.0702141868014
-0.0474694043089
-0.0804319594326
-0.0541631389807
-0.0448962520137
-0.0701210821298
-0.064524670996
-0.0537310694969
-0.0792815175786
-0.0791703657097
-0.0758267377092
-0.0613474656628
-0.0611299051176
-0.0538311803911
-0.0489634738907
-0.077569338757
-0.077502575462
-0.0755258405974
-0.0671783381048
-0.0776520182911
-0.0582501069559
-0.0397975094819
-0.0640544514632
-0.0536754506358
-0.0529086025426
-0.0544546549966
-0.0281118538077
-0.0574966935274
-0.0486528885472
-0.0237995578212
-0.0585967578552
-0.0742288625583
-0.0276972504669
-0.023199165155
-0.0761032863961
-0.0362478223503
-0.0674241630191
-0.0329662784005
-0.0261019898693
-0.0721665735941
-0.0329381008376
-0.0390543565179
-0.0515128426203
-0.0601401993179
-0.0533943793696
-0.0536103078521
-0.0451738393147
-0.0540533424656
-0.0567932051366
-0.0749764273153
-0.0295812074967
-0.0639417465603
-0.0511185283542
-0.063214069392
-0.0258126994359
-0.0597169385566
-0.0626834458522
-0.0774517930369
-0.0786931439883
-0.0622549441812
-0.0623683474112
-0.0457347134102
-0.0618207200947
-0.0754484070049
-0.0460133204949
-0.0568496594722
-0.076868239702
-0.0219672251295
-0.0153040478972
-0.0622938236745
-0.0145778598927
-0.0681924230072
-0.0749962109091
-0.0615600019127
-0.066003030303
-0.0716870083787
-0.0501532232697
-0.0756278487225
-0.0680845154296
-0.0774557561623
-0.0325279963915
-0.0325591134264
-0.00221194002543
-0.0636618462735
-0.0589411439858
-0.0186066691434
-0.0491807888432
-0.0626266094202
-0.0564904468218
-0.0632234653763
-0.0328427250211
-0.0757481981834
-0.0625891833818
-0.0795279880384
-0.0582274861808
-0.0631358494612
-0.030284454375
-0.0446571765344
-0.0521192058708
-0.0630516308427
-0.0569891360999
-0.0135272866012
-0.0737802866535
-0.0598527601001
-0.0330829895797
-0.0544668193923
-0.0584672841766
-0.0293600335819
0.000388549191673
-0.0257510501069
-0.0355981812972
-0.0688926075688
-0.0410442101076
-0.0206300029889
-0.0171674021318
-0.0589913930375
-0.0186189138117
-0.049590487963
-0.0212884936152
-0.0198872593951
-0.0487010417439
-0.0279943399515
-0.00133501702205
-0.0239966575068
-0.0468410705319
-0.0699040616338
-0.0617291952355
0.000358360597916
0.00621631936415
-0.0127199896428
-0.0743307466203
-0.0562897155684
-0.0729258753599
-0.0561371863015
-0.0239021284762
-0.0636239605545
-0.0283237116127
-0.0657536552221
-0.0638878379316
-0.0405730227656
-0.0754820081121
-0.0394219610633
-0.0594646544847
-0.0628381020044
-0.00713603350038
-0.04178871859
-0.06262766423
-0.0718452456201
-0.0423196975483
-0.0783726959534
-0.0362714632071
-0.0564756019325
-0.0680274792486
-0.0703275843631
-0.0413888892905
-0.0220833124895
-0.0504724968323
-0.0326202868653
-0.0439892401129
-0.0469694111731
-0.0636470118405
-0.039240832371
-0.0460044205265
-0.0679561093728
-0.0718394020573
-0.0602697954948
-0.0431372986985
-0.0428269731802
-0.0228594519885
-0.0584046922177
-0.0422626739218
-0.0428528230404
-0.0410288600331
-0.0444252671332
-0.00313834572058
-0.0406505294494
-0.0216451050681
-0.0556236737059
-0.065378634776
-0.0654259978969
-0.0435739006858
-0.0483644978014
-0.0237456801255
-0.0503616869915
-0.0616152811678
-0.0350508932827
-0.0306239365003
-0.0452875119338
-0.05387849728
-0.0466497638563
-0.0373433744675
-0.0422158763492
-0.047344365919
-0.0568451161997
-0.0601484689878
-0.0766805223264
-0.0451943806514
-0.025461711954
-0.0352665129786
-0.0511119587975
-0.0375389922531
-0.0359897494214
-0.0377228913198
-0.0568612464443
-0.0371297570717
-0.0359796727273
-0.0450948113834
-0.0181676626674
-0.0753976384684
0.00277368414008
-0.0730353581236
-0.0567708305901
-0.0329421097903
-0.0766180106356
-0.0318594079546
-0.0596090780493
-0.0213200833615
-0.0425967153367
-0.0313838815199
-0.0381672492455
-0.0382628016514
-0.0481543826283
-0.00212641013236
-0.0449559043936
-0.0257511980235
-0.0575375122597
-0.0596282586262
-0.0283912570351
0.00601109042082
-0.0507768464586
-0.0555198645288
-0.0457501412196
-0.0342462201538
-0.0617984049629
-0.0418214697996
-0.0445404296386
-0.0325530581547
-0.0498280835646
-0.0353604919721
-0.05126049039
-0.0765897395727
-0.0493219559852
-0.0441293337154
-0.0433988321064
-0.0629379884975
-0.0369108768435
-0.0330894668422
-0.0218319876729
-0.0502714593567
-0.048063741891
-0.047199762751
-0.0710364171736
-0.0767249438676
-0.0375145593493
-0.061507317556
-0.051139662907
-0.060299786963
-0.0529429601667
-0.0662374691407
-0.0439986290383
-0.0414328460224
-0.0314866302544
-0.0416414397607
-0.0575527973408
-0.00605021022407
-0.0175547635979
-0.035099185957
-0.0577668809755
-0.0192787202089
-0.0401765159757
-0.0366242734638
-0.0722312617121
-0.0378844401373
-0.0716156184277
-0.0514504093409
-0.0509507778523
-0.0460488107696
-0.0274127506091
-0.0730339343993
-0.0354462604022
-0.0476021494259
-0.0383287931028
-0.0317998222395
-0.0403106624542
-0.037554866325
-0.0335733543327
-0.0237292076467
-0.0381526835343
-0.0566979833151
-0.0519250472146
-0.0539511350539
-0.0486526347956
-0.0604745922674
-0.0239080413567
-0.0172491303051
-0.0479977500365
-0.0392867709737
-0.039181281748
-0.0789824691953
-0.0563220368447
-0.061774917172
-0.0569082814591
-0.0707833637051
-0.0159749499171
-0.0479258968273
-0.0389606663202
-0.0388581374452
-0.0610867625277
-0.0278572370005
-0.0685828567197
-0.0580022839303
0.00054046235449
-0.00049696777706
0.000670000195084
-0.032940644043
-0.0739814765738
-0.0584967908029
-0.0328840551639
-0.0409865914853
-0.049072579104
-0.0296227068386
-0.0444884972531
-0.0593445255915
-0.0308098523681
-0.0419671382842
-0.0441571516525
-0.0329251110336
-0.0174467827197
-0.0418266582014
-0.0507094346573
-0.0409475488703
-0.0180437832013
-0.0700437150892
-0.032380854378
-0.0412877350537
-0.0456074532143
-0.042179181072
-0.0437241269527
-0.0317792084167
-0.0402338790017
-0.0617220885395
-0.0264655548734
-0.0557140256994
-0.0505523270311
-0.0527490352179
-0.0584527245165
-0.0391411406419
-0.0737771184396
-0.054736209333
-0.0538472441061
-0.0561308960756
-0.0536730720513
-0.0409092164859
-0.0488814212703
-0.0153335520208
-0.0573548159971
-0.015679515609
-0.0154390288152
-0.0177787573368
-0.0397990348093
-0.0359393154005
-0.0361910813427
-0.0103820780988
-0.00131951940672
-0.0749325381208
-0.0533609401328
-0.0305857997461
-0.0529364565396
-0.0148086791078
-0.0184838841549
-0.0418383453369
-0.0540355708189
-0.0286534931148
-0.00116639118074
-0.0621101444086
-0.0432508481421
-0.0553894529755
-0.0118852817712
-0.0301828924153
-0.0445382815413
-0.053593890233
-0.0483667414587
-0.0472423991176
-0.0277312041847
-0.0489836815847
-0.0597731585321
-0.0701595783948
-0.0677679799272
-0.006122847656
-0.0155028711234
-0.0556447520567
-0.0361905771573
-0.0472280152736
-0.0213176258356
-0.00587438819221
-0.0591098993019
-0.0294871591538
-0.0410655819975
-0.0609697874213
-0.0201568477266
-0.0474723167692
-0.0156266451514
-0.0563643577738
-0.0624647652483
-0.0309532024989
-0.0621180695507
-0.0294208189499
-0.0609412085833
-0.0653074446171
-0.0450514071884
-0.0466868597124
-0.0351970788853
-0.0816363040039
-0.0411660785148
-0.0352653170321
-0.0583467377162
-0.0214970909487
-0.0230337377882
-0.0542313951406
-0.0536051998608
-0.036197687295
-0.0528197184287
-0.0620292393571
-0.0552358888017
-0.0343583499184
-0.0256400533597
-0.0152635662298
-0.0472261765123
-0.0464558061509
-0.0422227731097
-0.0284352410174
-0.0615933032616
-0.0569606449762
-0.00121254012669
-0.0302152690647
-0.0598420383032
-0.0327466441291
-0.0348124083816
-0.0555481046044
-0.0586740007252
-0.00286120455402
-0.0705273821921
-0.0772885128052
-0.0541123116976
-0.0445642579759
-0.0541727286117
-0.0503350596049
-0.0570147276632
-0.0663707905823
-0.035384857286
-0.00345681722362
-0.00877646736578
-0.0565000254
-0.00377153691671
-0.0326870765353
-0.0326839694571
-0.0482958172321
-0.0428497786507
-0.0434161797129
-0.0312357980012
-0.0653005406553
-0.044306964172
-0.0282225811447
-0.023053543588
-0.0219492445181
-0.00649268201497
-0.0266750146758
-0.063044343909
-0.0150012783601
-0.0311550033268
-0.0159685912677
-0.0178475004396
-0.0320102126263
-0.0284734998038
-0.0424923476797
-0.0632572510254
-0.0651185784258
-0.0155988433182
-0.0686175331549
-0.0506348926821
-0.0349360279257
-0.0640870966578
-0.0159888798709
-0.0249355590239
-0.0128536843401
-0.0520728618822
-0.0515441396824
-0.0360153086372
-0.0357758860813
-0.0368639639344
-0.0824534485765
-0.0015086705237
-0.0535257681431
-0.0273248492952
-0.0695691357384
-0.00877296350089
-0.0118270907354
-0.0395986337604
-0.00866582387299
-0.0371896377278
-0.0412554302415
-0.0120456685524
-0.0303998228504
-0.0512166989919
-0.0648613718903
-0.0236525694564
-0.0643585079612
-0.0733727529479
-0.0681582982905
-0.00623399674363
-0.058511722734
-0.0513214584001
-0.0447380864734
-0.0386486203588
-0.0484711482457
-0.00810530122788
-0.0319294985242
-0.0695650979882
-0.0455084215521
-0.0589507892287
-0.043190786677
-0.0162767871942
-0.0477728571658
-0.063354733409
-0.0232197490312
-0.0176644095994
-0.073322375258
-0.0467323330716
-0.0335738815176
-0.0386196008534
-0.0660284124153
-0.042412999535
-0.0226308658492
-0.0805069664492
-0.047607065294
-0.0374518174655
-0.0506375333281
-0.0705885634103
-0.0325881905004
-0.0716717221126
-0.0538948478267
-0.0484254328075
-0.055544178802
-0.0343846166367
-0.0417037599831
-0.0338720162783
-0.0718042376614
-0.0454762359896
-0.0354829563381
-0.00650212648473
-0.0098183767555
-0.0616973131968
-0.00437320677852
-0.0636637598104
-0.00144061430486
-0.00536869296383
-0.0328321838088
-0.00900340633801
-0.0357882747486
-0.0477477752099
-0.0518170599048
-0.0447288012138
-0.00253185924659
-0.0334298181588
-0.0388783126407
-0.0664237860986
-0.055571586275
-0.00300406829514
0.000571340248833
-0.0600989701901
-0.0489654077901
-0.0649148813419
-0.0510683847934
-0.0348678988327
-0.0342029645496
0.000497054879654
-0.0100780165378
-0.0328866681028
-0.0533148292415
-0.0417600450631
-0.00259530522837
-0.0046331828344
-0.067293735437
-0.0478181038857
-0.00276574096059
-0.0359592894016
-0.0784927870359
-0.0777944341943
-0.0595155526402
-0.038432212814
-0.0628447704667
-0.05013317769
-0.0387091754953
-0.0425240837844
-0.00823850326112
-0.0171322367532
-0.0520092167672
-0.0301734288245
-0.000536062381688
-0.0405072722858
-0.0531426405231
-0.0770194088979
2.72155699473e-06
-0.0382572184667
-0.0371673683895
-0.0474703251334
-0.0644805011278
-0.0823019066913
-0.036102244921
-0.0810725359874
-0.0806011695001
-0.0228381031339
-0.00959315561578
-0.0084084162659
-0.0485608082552
-0.0762370193993
-0.051882761135
-0.0550728621916
-0.0629746588159
-0.0494205625009
-0.053376554023
-0.00617556232355
-0.0771647089386
-0.0370607456357
-0.0219002398101
-0.0673638936094
-0.0680128381225
-0.0380639080768
-0.0522772377559
-0.0325791624337
-0.0395788594737
-0.00479427552559
-0.0590784739604
-0.0646784909459
-0.0588973990073
-0.0680505866027
-0.0617796674566
-0.0559775105234
-0.0631070854487
-0.0558239842185
-0.0690954027407
-0.0525169663954
-0.0695483692654
-0.0377276754219
-0.0536908275533
-0.0493037633392
-0.0504007653153
-0.00853105177886
-0.0623176241378
-0.0235009063788
-0.0384909657454
-0.000418657437142
-0.0318546791843
-0.0748186848606
-0.0551370918434
-0.0556030107323
-0.0405374332712
-0.0679800419489
-0.0582879433954
-0.00205998894453
-0.0450713343913
-0.07694880036
-0.00605371676297
-0.0369282343197
-0.0279244927735
-0.051604408756
-0.0272758510287
-0.0276009011735
-0.0396279680529
-0.0412821582647
-0.0591775181552
-0.0353214271779
-0.0311861688307
-0.0284550209856
-0.0288273946564
-0.0515594733559
-0.0271892692345
-0.078383237636
-0.0813160775079
-0.0745137352889
-0.0821084600476
-0.0348686354045
-0.0731511203005
-0.0796583555373
-0.0718462822938
-0.0564233574226
-0.0315151921523
-0.0736074009713
-0.0105333172559
-0.0474836222087
-0.0680062961237
-0.0705854983157
-0.0324074145278
-0.0123916735067
-0.0460370332431
-0.0645636269823
-0.0692194917177
-0.0123373070634
-0.00122425743791
-0.0639220540658
-0.0266238594473
-0.0691293004627
-0.0277121819042
-0.0186824853379
-0.0627571855149
-0.0185002627336
-0.0220675235179
-0.0188328229485
-0.0477417916861
-0.017383115451
0.000336845370155
-0.0199677012412
-0.0355892214709
-0.0152454069605
-0.0343069335912
-0.0287541822761
-0.0229964597897
-0.0299979424948
-0.0228507822879
-0.0249145183997
-0.0259271150452
-0.0238951740657
-0.0243660427758
-0.0259513304272
-0.0452390377074
-0.021669188788
-0.0429436218497
-0.017953266319
-0.0142141246064
-0.0239985902709
-0.0197614102091
-0.0168206347559
-0.0246470385127
-0.0162498441907
-0.0139156903933
-0.0137534500086
-0.0106703046721
-0.00910095711222
-0.00821254097039
-0.0110705321703
-0.0168423347715
-0.00560358677706
-0.00548438634279
-0.0324820871964
-0.0211638130274
-0.00241911761216
-0.00143548079925
-0.0192810754166
-0.0455674650621
-0.0430159652348
-0.0297976080837
-0.0248334656535
-0.0419372912837
-0.0430140818532
-0.0224442218585
-0.0132553783616
0.00386400812953
0.00351636993738
-0.000430084887098
-0.000152610189261
0.00655570514145
-0.00107944034752
-0.0508068957937
-0.0372346269608
-0.00139001989239
-0.015511552098
-0.0219499230501
-0.0390915426224
-0.0147027804662
-0.0194710978471
-0.00185080042993
-0.0259835403492
-0.0245756144733
0.00189651514957
-0.0351571598522
-0.0466604450262
-0.0333624755517
-0.0353761977917
-0.026621670474
-0.0292369975668
-0.0402287844716
-0.029244823691
-0.0225190436108
-0.0332835886051
-0.040703203189
-0.0142599216389
-0.00498888687129
-0.041618495241
-0.00190142468551
-0.00641826009969
-0.0198354964451
0.00336786826391
0.00531366438926
-0.035803492794
-0.049475861798
-0.0486761346604
-0.0442751567431
-0.0309070942138
-0.0265636183893
-0.0364249327604
-0.031881730281
-0.0454908824685
-0.00948849687281
-0.0490750393006
-0.0242672958287
-0.0374870436673
-0.0455252937307
-0.0471895196343
-0.0507897040291
-0.0125435182961
-0.00868717858127
-0.0176948866502
-0.012559973421
-0.0100376709119
-0.00849713079879
-0.0441395926857
-0.00452140041461
-0.00206830578513
-0.0367847998319
-0.034650214144
-0.0381075535934
-0.0439185743569
-0.0432194787237
-0.0339618630421
-0.00470234394278
-0.040893101942
-0.0145889664157
-0.027313992741
-0.0256813619019
-0.0124898271825
0.000545825494328
0.00598415581217
-0.00144249498149
0.000363004576497
-0.0083482390027
-0.0500926478248
-0.00154584678542
-0.0253573559514
-0.0253942913299
-0.0144094924003
-0.0172369648778
-0.00587936948662
-0.0318118304163
-0.00547625558797
-0.0223847583425
-0.0133072503447
-0.00709217984675
-0.00322861280593
-0.000693058856432
-0.0262308734866
-0.0111172564582
-0.0187951838907
-0.00207061634371
-0.0119638366105
-0.00937329066007
-0.0220011063437
-0.034226600003
-0.0123616689405
-0.028644117144
-0.0303881428456
-0.029174064724
-0.021763008856
-0.00349301251209
0.00466453785547
0.00532404581598
-0.00454729632554
0.00507617736385
0.000742576617151
-0.000274439792673
-0.000584762326326
-0.00166365919273
-0.00634190010496
-0.0202772177699
-0.0387256145763
-0.0111801115799
-0.0146352305586
-0.0445527683341
-0.0244649794492
-0.00343055486743
-0.0261613998108
-0.0370880349737
-0.0150498412561
-0.0261530669276
-0.0240508421993
-0.0378571137423
-0.0240077334042
-0.0306676424811
-0.030886820411
-0.0332536212185
-0.0310858760651
-0.0433005057142
-0.0471315849645
-0.00218811695435
-0.0272225274341
-0.0087560346162
-0.00892893026579
-0.0226746789311
-0.00714817003254
0.00347094970528
-0.0428163374842
-0.0505608761146
-0.0413177420138
-0.0293052221009
-0.0228411387726
-0.0357402877255
-0.014771821568
-0.0481029551116
-0.0250928181726
-0.0467769938691
-0.0397450332062
-0.0010281670369
-0.0476392387286
-0.0250410668946
-0.0493152158985
0.00149240328165
-0.0505791330191
-0.0452014582764
-0.0436416450976
-0.0449857228229
-0.0469536693246
-0.0348350383063
-0.0391697107202
-0.0122473817151
-0.0125190802401
-0.0120012465854
-0.01412834876
-0.0120724547546
-0.00978893147325
-0.0406765627005
-0.00302614873175
-0.0181973113303
-0.0338009768225
-0.0308113673077
-0.0190025078889
-0.00777086120645
-0.000134663945648
-0.0391146910612
-0.0187613477259
-0.0445436120165
-0.00985918344214
-0.0253294689363
-0.0201708066464
-0.0156624262889
-0.0382671954566
-0.0144487484966
-0.0116841491922
-0.0291290328826
-0.0468178990037
-0.00318018183744
-0.00344244541275
-0.0215351797239
-0.0251088913426
-0.0277092684452
-0.0137747183065
-0.0198780991188
-0.00945156113455
-0.0251821370935
-0.00212910961896
-0.022704100686
-0.0227933862036
-0.0137759295476
0.00271098869591
-0.0423119618587
-0.0423407640851
-0.0130815089163
-0.0158571134164
-0.02249754772
-0.00554078676271
-0.0192232906884
-0.00233814495456
-0.00164817654695
-0.00350475811769
-0.0300543800799
-0.025935046657
-0.0159544613955
-0.0481874675694
-0.0367399750546
-0.00167447325353
-0.0181462160239
-0.0240509942272
-0.0342670601245
-0.0262037423173
-0.0142905808438
-0.00104201030376
-0.000126516570276
-0.000814745197668
0.00714912443801
-0.0421014152979
-0.0276320007688
-0.0240200264583
-0.0313324891123
-0.0493028355198
-0.0201770992491
-0.0205554925121
0.007187144782
-0.002856753112
-0.00123093241487
-0.00042515397045
-0.00722069246899
-0.0251136261835
-0.040256077708
-0.00736319762876
-0.0416103145313
-0.042547900816
-0.0164331856299
-0.0221000350465
-0.0107617563256
-0.0410805202689
-0.0385959491735
-0.0384137007601
-0.0235574161205
-0.0069815682966
-0.00969669063317
-0.00690358406397
-0.0110935858053
-0.00933829727584
-0.0433353317111
-0.0307464886605
-0.0440606663045
-0.0456498338916
-0.0451393293411
-0.0371698356105
-0.022397399466
-0.00946943577639
0.00155988873901
-0.0445655438991
-0.0428964393829
0.00625785219159
-0.0162963894635
-0.0118144354916
-0.0190152636718
-0.00234063647986
-0.00030000940583
-0.00176224086448
0.00661883080259
-0.0151779736861
-0.0443110666081
-0.0389742406739
-0.0332514723552
-0.0269643502024
-0.0158486233595
-0.0471589596562
0.00201285922994
0.00375692456199
-0.00569667361334
-0.0221006389163
-0.0401247156718
-0.0373356527044
0.00237979835709
0.00065610875956
-0.0369752188507
-0.0314742712886
0.00769398128727
0.00754742806054
-0.0179745243742
-0.00758475004317
-0.0237043735868
-0.0251780795208
-0.0229290288422
-0.00189900438476
0.010828213478
-0.00474214406491
-0.0393641889998
-0.033567453598
-0.00296446494891
-0.000864735328224
-0.0280597881984
-0.0267286822439
0.00306462561495
0.000479469403086
-0.0105302822957
-0.0148119069735
-0.0233151336951
-0.0268591396621
-0.0218158764774
-0.0170985247647
-0.0284391927433
-0.0184636397859
)
;

boundaryField
{
    bottomWall
    {
        type            zeroGradient;
    }
    leftWall
    {
        type            zeroGradient;
    }
    rightWall
    {
        type            zeroGradient;
    }
    movingTop
    {
        type            zeroGradient;
    }
    front
    {
        type            empty;
    }
    back
    {
        type            empty;
    }
}


// ************************************************************************* //
