/*--------------------------------*- C++ -*----------------------------------*\
  =========                 |
  \\      /  F ield         | OpenFOAM: The Open Source CFD Toolbox
   \\    /   O peration     | Website:  https://openfoam.org
    \\  /    A nd           | Version:  14
     \\/     M anipulation  |
\*---------------------------------------------------------------------------*/
FoamFile
{
    format      ascii;
    class       volScalarField;
    location    "74.999999999994";
    object      p;
}
// * * * * * * * * * * * * * * * * * * * * * * * * * * * * * * * * * * * * * //

dimensions      [0 2 -2 0 0 0 0];

internalField   nonuniform List<scalar> 
2646
(
2.98307691144e-10
0.000178729481931
0.000361843743487
0.0006505389825
-0.000125943687329
0.016350679068
0.00105188658065
-0.0128413271362
-0.00731455130931
-0.0212761039127
-0.00309437605873
-0.0103372042889
-0.0302180192984
-0.0169909707809
-0.0201563935046
0.00755594464397
-0.000322500285347
-0.000139576128048
-0.0063321992408
-0.00302102192323
-0.0025651430824
-0.00112037124942
-0.00196175500651
-0.00405006933383
0.00990137834063
0.0035008347846
-0.00912139992505
-0.00822793030554
-0.0161499024855
-0.00461870398586
-0.00234048077655
-0.000559578912527
0.00053380454578
0.00684847919653
0.0104962973029
0.00112514886408
-0.0103934564099
-0.0194588614522
-0.0337660722782
0.00114695449591
0.0139589638061
0.00875637075124
0.00687330627909
0.00648948044622
0.00728130928077
0.00703085593344
0.00752657363645
-0.00556149678231
0.00338808285666
-0.00197216858399
-0.0138458857518
-0.0198024702417
-0.0217361264868
-0.02108297771
-0.00010934432717
0.0015249008096
-0.0114332314564
-0.0305500948661
-0.0304389443438
-0.0257821471749
-0.0159629609679
-0.00463686066822
-0.032157037773
0.0011843278521
-0.0208080849505
0.00229690779106
-0.00711275549716
0.00157414665322
-0.00419417030108
-0.00250209566057
-0.0117506379563
-0.000110233463598
-0.00363904266656
0.00165187115815
-0.00543012580098
-0.0253620619292
0.000435929760432
0.00125244375433
0.00472640667512
-0.00399957951278
0.00112355127246
-0.00340903188818
-0.0206419760414
-0.0213973686706
-0.00737383686554
-0.00770615638552
-0.00282424334833
0.00839773932909
-0.0339995836253
-0.0264689360943
-0.0602282466936
-0.000815200500547
-0.0566408361341
-0.0555035140984
-0.0599616752822
-0.0395785963296
-0.0264213527456
-0.0580316301565
-0.00121405108641
-0.0454677242351
-0.0028610314996
-0.0419271272406
0.00280264908522
-0.0418434276332
-0.0689347547228
-0.0403923247712
0.0135812181986
-0.0519764054017
-0.010620107435
-0.0413460971651
-0.0248473684275
-0.00364287024627
0.00667966191604
0.00719835129714
0.0148553239792
0.00809487137399
-0.0195401234217
-0.0523125877032
-0.0614451603551
-0.0366048527092
-0.006738705063
-0.0337059404624
-0.0158671042571
-0.00333103132862
-0.0170232315133
-0.000883651511643
0.000177168283157
0.0254254441453
-0.0335093689961
0.00337946428652
-0.0534649955458
-0.0370058983346
-0.0570381040592
-0.0638133594692
-0.0289040354878
0.00485507336204
0.000138385178282
-0.050168272494
-0.0415401921373
-0.0486570767376
-0.0592237974658
-0.044226473424
-0.023852665702
-0.0577078476587
-0.00386319101487
-0.04938191794
0.00703392411424
-0.0609057668812
0.0176916921643
-0.0476662905091
-0.0237378050835
-0.0663933773976
-0.00683702406657
-0.0209322787882
-0.0113953099508
0.000110106824635
-0.0363864833129
0.00103275345228
-0.0130255025888
0.015637535773
0.0549010507726
0.00723308585745
-0.0199599362498
-0.0683282072869
-0.051422084645
-0.0377456525007
-0.0270813380166
0.228218263217
0.0619008549445
0.0684004865932
0.0533736034049
0.0564459045227
-0.0226054336675
-0.02729249316
-0.000308018460593
-0.00194366464331
-0.00830639845419
-0.0138812324592
0.000490043194628
-0.000232255070708
-0.0181370405204
-0.000109046927765
-0.0140679350331
-0.00823951005287
0.00501607596055
0.000252300307673
0.0099563391761
0.00738750093663
-0.0315833333653
-0.0214234134414
-0.0023135187651
-0.000829716889282
-0.0176630670191
-0.0177870104982
9.13864333364e-05
0.00075884005781
-0.00203592689899
-0.0105445747495
-0.00962634303848
-0.0210406346885
-0.0081803634169
0.00354608414377
0.00447599025223
0.00486223900926
-0.0327221661484
-0.00985805190548
-0.000400300338432
-0.0623409090461
-0.000147799797818
0.00314802539835
0.00709727361786
-0.0683007739515
-0.0441411395156
-0.0623832653533
-0.0662162875961
-0.0294564056136
-0.00024729934385
-0.00202807522685
-0.00665631011591
-0.0551558484371
-0.0593540695773
-0.0388490673918
-0.0256115414992
-0.0408006981382
-0.0349095327717
-0.0108876160545
-0.00681559374214
-0.0161577161268
-0.0041698429618
-0.0405586181919
-0.0322029917106
-0.0202501753092
-0.0696121585934
-0.0394610452943
-0.00125582280096
-0.0104561015763
-0.0439320450966
-0.0170134971192
-0.0113462938887
-0.070784863356
-0.00791451073143
-0.0612314619482
-0.0702727985055
-0.00447810826656
-0.0029511153222
-0.0529843505528
-0.0505343648133
-0.0227266861025
-0.0242452677317
-0.0621354215788
-0.0622121834368
-0.0554839884632
-0.0769967120146
-0.0708891515931
-0.0533610431102
-0.0532223340345
-0.0445286254838
-0.0430141123439
-0.0696496686938
-0.0141686242164
-0.0134999020856
0.000345629042487
-0.0749070700333
-0.0737251099279
-0.0571407012198
-0.0486642317953
-0.0507246806062
-0.0703308497335
-0.0543594439683
-0.0758536277074
-0.069021404494
-0.0600146103285
-0.0273559503126
0.000591409526249
-0.00879607629533
-0.0453800278348
-0.0668940023044
-0.0639715805755
-0.0261779363929
-0.00172976466695
-0.0378105019573
-0.0616044166713
-0.0344901125516
-0.0668807281891
-0.0396994671774
-0.0206571742311
-0.0158471955204
-0.013701638795
-0.0112685413216
-0.0297378385196
-0.0628692289995
-0.0396025103151
-0.043531795187
-0.0179935023915
-0.0425191798897
-0.0125969334134
-0.0330507794788
-0.0500500018694
-0.0153080342187
-0.0665554406806
-0.0332330228758
0.000187011089101
0.0065011811352
-0.00521098618538
-0.00111617522166
-0.034308268429
-0.0352420572312
0.00200595070985
-0.00035291788719
-0.00494911184457
-0.039170176367
-0.0112862863397
-0.0269066381192
-0.0665195444131
-0.0378244469817
-0.0355260527908
-0.0181667165663
-0.0350625150804
-0.0169180561173
-0.0342808613084
-0.0162166899064
-0.0173590947981
-0.0498871294526
-0.0420056106889
-0.0257646111228
-0.00102767581114
-0.00248516517876
0.0010447812245
-0.0548436012673
-0.0647997635105
-0.0689211587587
-0.0720800826464
-0.0291217440214
-0.0580567281447
-0.00955149461986
-0.0644034260739
-0.00761872132521
-0.011552928447
-0.0063569607836
-0.067147717376
-0.0903911256965
-0.09632867239
-0.100816491568
-0.0238970480517
-0.0618999629416
-0.103901114495
-0.0323199394231
-0.0607554405773
-0.0994285165098
-0.0105552953227
-0.0772660973262
-0.0663124267721
-0.0456019711405
-0.105616483788
-0.0488283821165
-0.0981802323319
-0.0952081197086
-0.101814242528
-0.105974534201
-0.101988273792
-0.0975472940825
-0.0983921671105
-0.0353719139708
-0.032675281617
-0.0366396033923
-0.0982439637374
-0.0894439694326
-0.0660068495965
-0.0660903237471
-0.0468974968795
-0.0415409411941
-0.0956979003302
-0.0376017629987
-0.0408774420723
-0.0619017516221
-0.100463656113
-0.0929485902377
-0.0594889146653
-0.0672358659809
-0.0912585428359
-0.102431440804
-0.0580183448208
-0.0578753124248
-0.101774376457
-0.0927564689216
-0.0694413692644
-0.0673353702787
-0.10292354108
-0.0384236944981
-0.0625206390558
-0.103537036171
0.00701595905138
-0.10381137892
-0.0414001747115
-0.0655363185111
-0.0284155736614
-0.0797550324661
-0.0418747928835
-0.0920829695527
-0.0887241122503
-0.101036922422
-0.0762700872732
-0.102782780941
-0.0482183226895
-0.101014124419
-0.0915749922121
-0.097328253361
-0.0894831575981
0.00366685907244
-0.105785543079
-0.104675547751
-0.101097698752
-0.101173438392
0.00355009583773
-0.097126281366
-0.101939797498
-0.0339821765074
-0.102085876682
-0.101785456813
-0.0462280464643
-0.0369977768287
-0.0600955422752
-0.00521650833527
-0.0404827683584
-0.100634824067
-0.102670714785
-0.0373884906578
-0.100200198489
-0.104011276308
-0.0227810494765
-0.0986258400807
-0.0847718158989
-0.0339079248075
-0.0335461405313
-0.0362202462517
-0.0603005847026
-0.0658574665406
-0.0993673657355
-0.0962864552329
-0.0361426719829
-0.03959247395
-0.0065416501688
-0.0165353449148
-0.0991293252535
-0.0029232575427
-0.0950170000441
-0.000548151035026
-0.0325317111797
-0.0988475863074
-0.0323896967185
-0.10066701184
-0.0305406802707
-0.093778933795
-0.00202364885023
-0.0941609026292
-0.097451600459
-0.0952107520655
0.0076457763243
-0.100775786798
-0.100152569596
-0.100968290221
-0.0114172635213
-0.0891305822101
-0.0987259006317
-0.104098360962
-0.0942170502947
-0.0968681201113
-0.00170603584289
-0.096454974708
-0.0670632318482
-0.10163228613
-0.0194717695659
-0.0258479042722
-0.0276980033985
-0.0642160251439
-0.0368527874025
-0.0726339775393
-0.0818382044641
-0.0919845858598
-0.0785190314544
-0.036787466756
-0.0643147005041
-0.0646045680589
-0.106399540702
-0.0434745058726
-0.0356358604273
-0.0466029711223
-0.0438036160957
-0.0792890131788
-0.0532891213283
-0.076246140905
-0.0506172810025
-0.0585863202884
-0.0531275443582
-0.0970047428016
-0.0574403776113
-0.059938361384
-0.0582785431925
-0.0483557641906
-0.0619286733343
-0.0223236777615
-0.0373370840025
-0.0325436563883
-0.101509879136
-0.0694443386487
-0.0297352864848
-0.103701635052
-0.0367602575627
-0.0939410038462
-0.101939868844
-0.0867871531654
0.0105028695548
-0.0101958236326
-0.0732601374491
-0.0632155593203
-0.03307671847
-0.0658649482882
-0.0494866365213
-0.042724969101
-0.0412351633277
-0.0184321272746
-0.0303080551069
-0.101759357106
-0.0863916372403
-0.101861471697
-0.10253116724
0.00312072444428
-0.101279806512
-0.0602234259412
-0.0575798624851
-0.0987531524177
-0.0555427601533
-0.0962965999471
-0.00376954156096
-0.0801360405096
-0.0906406469675
-0.100521831134
-0.0842787974045
-0.0939236582139
-0.0286654964648
-0.0926175987015
-0.00773332767764
-0.00938441074929
-0.103459895859
-0.0906085056551
-0.10250569445
-0.103456225188
-0.0430382091763
-0.0665463936597
-0.0129712385559
-0.100775543117
-0.0298190814458
-0.0999471789339
-0.0954685894276
-0.0607313768812
-0.0687383737242
-0.0658085887961
-7.24560198235e-05
-0.0981322299496
-0.0995706799521
-0.0567533415878
-0.0960437630355
-0.0996783956577
-0.0703982049975
0.00563747816183
-0.0700093912618
-0.0337802208104
-0.102197714263
-0.0863000832777
-0.0619864624165
-0.0615868055616
-0.0902159548109
-0.0679271711838
-0.0920253279659
-0.0343871218754
-0.0347487449373
-0.0654674782479
-0.00220170909688
-0.0829597461043
-0.0360705192161
-0.0287635880676
-0.0707569224884
-0.0980418892601
-0.0864536927117
-0.068819161629
-0.0786187511584
-0.00986268807246
-0.0915676920249
-0.0442341096706
-0.00750968493057
-0.0643372164292
-0.0886831580778
-0.0366981034732
-0.0757824552806
-0.0938540136778
-0.00936169214863
0.00268912581457
-0.0139848213827
-0.0105023474284
-0.023027417409
-0.0367258402967
-0.0133821108447
-0.104870536277
-0.0193268039437
-0.0480513189189
-0.103283574139
-0.00153803024927
-0.0918618238507
-0.0411799253235
-0.0673814660181
-0.0676168653588
-0.00862762154706
-0.0327448793336
-0.0671327674657
-0.0934971773896
-0.0371885381347
-0.0441468264571
-0.0169493479743
-0.0063650856306
-0.0233371707359
-0.0364466304145
-0.034722667877
-0.0791219914716
-0.0442958721433
-0.0325064621413
-0.0617061775997
-0.00324939140905
-0.0543526924325
-0.0167666268525
-0.00778904174213
-0.0402294859752
-0.0193633060267
-0.0274909096978
-0.0429240559471
-0.0607126237148
-0.0955757730348
-0.0856730698005
-0.0483542420379
-0.0320216975269
-0.0894991470083
-0.0531439593908
-0.0835140118906
-0.0630910385861
-0.0495015296603
-0.0930641778873
-0.0921686665927
-0.00803947551231
-0.0549654118174
-0.0437487593503
-0.0569958389931
-0.00957430242213
-0.081344832704
-0.0386252324385
-0.0813805307121
-0.067214393251
-0.0317229740806
-0.101474441047
-0.0927777501752
-0.0922479817681
-0.00199116463453
-0.0383272963624
-0.0617145619766
-0.0914390779645
0.00140305680559
-0.00404785789182
-0.0911930637494
-0.0433702641564
-0.0350416900432
-0.00617612802346
-0.0948158989054
-0.00217839358637
-0.0187384825008
-0.0670453435282
-0.0668045296869
-0.0928651414373
-0.0716785885525
-0.0920409886043
-0.0898525554643
-0.0824478776106
-0.106173372617
-0.0914847959796
-0.000930736165459
-0.101611246866
-0.038334385359
-0.0757138655499
-0.0376951837095
-0.0471838774312
-0.071319869386
-0.000245932110557
-0.0539461417548
-0.0857226292019
-0.0346505255191
-0.0653559141438
-0.0673968719749
-0.0237047216245
-0.0148419358276
-0.0690735421028
-0.0204830141808
-0.00982169060371
-0.0527746651637
-0.0868125736422
-0.0177199280621
-0.071816200986
-0.061607702152
-0.0386992399399
-0.0558101309607
-0.0541149408209
-0.090101943671
-0.0389042726969
-0.0303216981178
-0.0030552173157
-0.093727293287
-0.0874468840329
-0.0442871727785
-0.00444703296034
-0.0172780063181
-0.0833767873574
-0.044134547121
-0.0725946514121
-0.0898680315213
-0.0205328057451
0.00947653534632
-0.0244937552455
-0.0182315472525
-0.0753312845817
-0.0003989067403
0.00610230692865
-0.0225995728729
-0.0662203276796
-0.0285178589049
-0.0948100307865
-0.0903336848435
-0.0552923147132
-0.0725418788943
-0.0725275434434
-0.0632002255099
-0.0911023536534
-0.0894218216452
-0.0282160121904
-0.0261427954703
-0.0695445283839
-0.036958549104
-0.0906414978077
-0.0901723449028
-0.0048271546792
-0.0274350342779
-0.0703120157111
-0.0277867104366
-0.0121416826098
-0.0900835379385
-0.0978798668253
-0.0884756217175
-0.0998121069227
-0.0712265781201
-0.0210514230617
-0.0235289532716
-0.00337288761796
-0.0753422519019
-0.0409306622467
-0.0667444831822
-0.0242717494111
-0.0547165149595
-0.00303517701372
-0.0913225026513
-0.0604170893364
-0.0731028081906
-0.0204269021398
-0.0854724119482
-0.0287483575663
-0.0739716373467
-0.0853698702208
-0.10245270031
-0.0427848962736
-0.0644608793055
-0.0626256355592
-0.0350915182315
-0.083996212162
-0.0381696677419
-0.0660871142027
-0.0472407917139
-0.0695278435149
-0.0474224435864
-0.0656119481088
-0.0831462564942
-0.1026105656
-0.0701661945463
-0.0819543472814
-0.050298945211
-0.0844727312837
-0.105042611583
-0.0860705303228
-0.0335070090457
-0.0646495287216
-0.0818375456689
-0.0199945486148
-0.0460908799414
-0.066693081315
-0.0806397928127
-0.0842703742596
-0.0824304205146
-0.0850857882633
-0.0435287468723
-0.058254438076
-0.0893223697101
-0.0652408055394
-0.0849405795818
-0.0478815729252
-0.0697005559113
-0.023802464344
-0.0596479233907
-0.0883027451995
-0.0755700713915
-0.0645509251821
-0.00322573504004
-0.0657488100115
-0.0855369556845
-0.03550316019
-0.0296812396801
-0.08052316024
-0.0631761971947
0.00738663866802
-0.0785795715798
-0.0887554852192
-0.04752731092
-0.00553797361819
-0.00165519296249
-0.0936972409429
-0.075133760492
-0.0491061323672
-0.0809182434824
-0.0459797509034
-0.0536690662181
-0.103223992237
-0.0507416307532
-0.0599818744795
-0.0626299449088
-0.0553270409816
-0.0807404579427
-0.0788267829
-0.0592688970946
-0.0729244177684
-0.0830639304987
-0.0924184770709
-0.0818869970996
-0.0853985038352
-0.0846694771325
-0.000128609233188
-0.000723036011366
-0.0261901459948
-0.0628290844342
-0.057555150977
-0.0639400904804
-0.0513687214271
-0.07185733987
-0.0914095497806
-0.0932498151727
-0.0977613013005
-0.00254354950194
-0.0263247629699
-0.105491591801
-0.0225151070775
-0.0592988539699
-0.0593804420349
-0.075472215569
-0.0777521170563
-0.0749011876424
-0.0613280266856
-0.0999658677642
-0.0698186936391
-0.0297603059999
-0.000874085156025
-0.018871059073
-0.0949675270493
-0.0808665957932
-0.0410485660387
-0.0698367486454
-0.0684951161221
-0.0207190256917
-0.0785491266828
-0.0608672407184
-0.0857023034284
-0.0867396373538
-0.00638987442401
-0.00411044020018
-0.00935000419714
-0.0544816102459
-0.0924841052571
-0.0575326493699
-0.0592255858256
-0.0702640582462
-0.0808304890955
-0.0580367369464
-0.0835254963389
-0.0731120567472
-0.0909258713249
-0.0803322173374
-0.0155109937417
-0.0761052631682
-0.0586445034037
-0.0919470172824
-0.0734823325294
-0.0815395583336
-0.000231442376663
-0.0451267554422
-0.0492714785262
-0.0959965790097
-0.0646638557669
-0.0406524816051
-0.0576393386871
-0.0868987882302
-0.0771584824152
-0.0517649822111
-0.100179418311
-0.0752908189202
-0.000531780908211
-0.0604340516551
-0.087799433429
-0.0972311746852
-0.0403595931009
-0.0200469549859
-0.0598465524324
-0.0965982901478
-0.0257466672874
-0.0678488312008
-0.0969502855593
-0.0750953541216
-0.0604719766273
-0.0440966844627
-0.0135608192558
-0.034948865282
-0.0784823748016
-0.0847918541732
-0.0321646297419
-0.0877183592476
-0.0813330943731
-0.0744097067238
-0.026611786211
-0.0818256499163
-0.0100538622084
-0.0543999942645
-0.0515815046986
-0.0778276091582
-0.0880571656854
-0.077543824298
-0.0874612807695
-0.0853695424287
-0.0836245662677
-0.0755407607718
-0.0889268101126
-0.0836734790663
-0.0992826735765
-0.0580816164219
-0.00406646008162
-0.0505871013376
-0.0529230119507
-0.0992424253157
-0.0499128889568
-0.0954146847058
-0.103362645947
-0.0552830882247
-0.0863768189865
-0.0849126049809
-0.0208762341503
-0.0849204684202
-0.0974277379378
-0.0434694361612
-0.0922845293976
-0.0941979425324
-0.0832526508913
-0.0826452598502
-0.082236021496
-0.0810780745178
-0.102726424786
-0.0120193255993
-0.105669999886
-0.0636799895655
-0.0714557101962
-0.0998113784159
-0.0497112042159
-0.077955647497
-0.0970110038885
-0.0118547436438
-0.103304564386
-0.0155686258478
-0.0425061879626
-0.0701338178419
-0.0974181973499
-0.0923587582202
-0.0649573794357
-0.0911844710747
-0.0770732818082
-0.0755411284608
-0.0806119525692
-0.0487718999612
-0.0966811310547
-0.0797872076547
-0.097000065047
-0.0512155806996
-0.0803507254489
-0.0953004843852
-0.0493470850872
-0.103490144387
-0.0970406229735
-0.0940274749047
-0.10228067811
-0.0827557723138
-0.0329588690166
-0.0835862020324
-0.0883985573345
-0.0456491232455
-0.105734664199
-0.0723662398833
-0.0945195960736
-0.0796182067481
-0.00631726030347
-0.0776024457634
-0.0956403905802
-0.0884056327109
-0.0972754260476
-0.0747877924614
-0.0273104927607
-0.0691207878061
-0.0835188044821
-0.0511891764944
-0.0610313274252
-0.0804896219432
-0.0576902596398
-0.0944086166616
-0.0550955886203
-0.0694623477591
-0.0466466208202
0.00552841049954
-0.0902482214974
-0.0432405598157
-0.0538686420889
-0.100104544571
-0.0890144727826
-0.094461560048
-0.0764283429279
-0.078674151512
-0.0643881496143
-0.0641665912692
-0.0730450708809
-0.0634057861402
-0.095835383639
-0.102008289702
-0.0649400245171
-0.0578411369073
-0.0827373010148
-0.0880627979533
-0.0984791524073
-0.0899007210334
-0.0996631676065
-0.0756168476628
-0.0954417287862
-0.106110160525
-0.0804850857971
-0.101085752946
-0.0981589709117
-0.0863719419039
-0.106116460167
-0.0976925440507
-0.0710407620826
-0.0216819736439
-0.0248636800526
-0.0907589204434
-0.0694826545262
-0.0525057258009
-0.0997557618329
-0.088239725149
-0.0719582157153
-0.0697677571157
-0.0488951716814
-0.0747410338497
-0.0786426943045
-0.0888859364826
-0.0620166464359
-0.0888095600981
-0.0956501564865
-0.0717544428747
-0.0104967898417
-0.0967369221613
-0.0550809943965
-0.0615786227288
-0.0917245550557
-0.0665083099869
-0.0649266611518
-0.0787883053319
-0.0974813824637
-0.0754894075386
-0.0946825050796
-0.0276955752394
-0.00446932295372
-0.0824330178825
-0.097579406173
-0.0844458963286
-0.0533278243631
-0.0588428991255
-0.0435041068283
-0.0524962479972
-0.0418481499663
-0.0675824895831
-0.0331558770465
-0.0752472919098
-0.0317985911417
-0.0458773285579
-0.0972402070247
-0.0104433679917
-0.0866162964131
-0.087698038521
-0.0533599412269
-0.0990784584975
-0.0964188941634
-0.0845954035333
-0.0519903767003
-0.0933309239795
-0.0843362257684
-0.0793917841643
-0.0812612376006
-0.0181245995931
-0.0518060330625
-0.0855177571223
-0.0512604580327
-0.0422101864101
-0.0764794629931
-0.10102700235
-0.0801036681147
-0.0535705438029
-0.063109245073
-0.0814767915771
-0.100571603305
-0.0975153475548
-0.0932872057605
-0.0959143029267
-0.0848447217532
-0.0779918492348
-0.0829660971377
-0.0455995113382
-0.0986910934128
-0.0636067065365
-0.0837901379007
-0.0937372677381
-0.102691552721
-0.0907966816314
-0.0662995166056
-0.0258593613852
-0.0885522946279
-0.0486195761064
-0.0780542399759
-0.0571639581548
-0.0936241070438
-0.0321654675726
-0.0274864815101
-0.038477450045
-0.101439359437
-0.0441348117804
-0.0441481695921
-0.065832171188
-0.0159658291307
-0.0167258907416
-0.0324295786319
-0.0563720742911
-0.0880484734769
-0.0843928209269
-0.0520804413842
-0.0808596924307
-0.0753941832412
-0.10257779526
-0.0121596485648
-0.0618782471697
-0.0603980991036
-0.0734976496978
-0.0706170211157
-0.0926064185905
-0.101632844205
-0.0529433908732
-0.0243601415492
-0.0347037229297
-0.0771279445925
-0.0923170607485
-0.07887344893
-0.0868486606404
-0.0886602100381
-0.0845826037759
-0.0556165399507
-0.0150088188137
-0.00670761964354
-0.0475557959058
-0.0962005027129
-0.0551620049467
-0.0930154629151
-0.0242763451099
-0.0143813295052
-0.0315595668961
-0.0865399135095
-0.083721942155
-0.0542559538372
-0.0484289660185
-0.0717381341674
-0.0771120219915
-0.0753011919762
-0.104764109828
-0.0372053100658
-0.0843540078542
-0.0401206968908
-0.100185940656
-0.0512176504362
-0.0843242164509
-0.0720151057848
-0.0675874344453
-0.0644167677766
-0.0732568506816
-0.0798463208384
-0.0851367946674
-0.104692339259
0.000169928522519
-0.0870767543412
-0.0854686643851
-0.0695796996095
-0.103293729737
-0.0454472707802
-0.100062549793
-0.0365782537323
-0.0618743063148
-0.099639557905
-0.0165599321845
-0.0860111043703
-0.0870704307931
-0.0687402639881
-0.0511497920822
-0.0739588587265
-0.092683251048
-0.091718731008
-0.064102392875
-0.0193829469517
-0.0423650183692
-0.097686540582
-0.081602079082
-0.100897067247
-0.0605583717621
-0.0286987435679
-0.0645790137745
-0.0896239806538
-0.0227354488425
-0.0650817156168
-0.097795506695
-0.0999064551946
-0.0951735719822
-0.094398950719
-0.0358782174193
-0.0965716780553
-0.0947777581282
-0.062989684934
-0.0453643204661
-0.0987172805668
-0.0874219066605
-0.0901119390329
-0.100588025162
-0.0921981765107
-0.0860188372885
-0.0913133291991
0.000896489107005
-0.0857755210101
-0.0263197357802
-0.0906075435042
-0.0818578755933
-0.0878928229557
-0.0938373701003
-0.0252734423439
-0.00467955356723
-0.0995023694801
-0.0902085279323
-0.0958255940968
-0.0815859888926
-0.0479553351638
-0.0698164209529
-0.061094027442
-0.0376955755678
-0.0883282450215
-0.059600152235
-0.0902655530588
-0.074455937093
-0.0677945540374
-0.0986074438668
-0.0501529791811
-0.100414715106
-0.0765878157656
-0.0506661395613
-0.0884222239348
-0.0315222212818
-0.0217400303555
-0.0173915175865
-0.0632757491587
-0.0116777456267
-0.0623899775324
-0.0626660493544
-0.0306893878836
-0.100615641987
-0.0828045518662
-0.0862415345374
-0.0861824459835
-0.0571708585681
-0.0272906664272
-0.0803780130161
-0.0136433468029
-0.0799326034929
-0.0896557738071
-0.0679300858264
-0.0962429252168
-0.070924467597
-0.0780251286791
-0.09202661285
-0.059780957963
-0.0204287052842
-0.0841099388332
-0.0627105945215
-0.0674853242441
-0.0436415833537
-0.0853825570995
-0.0869834387823
-0.0684592767317
-0.052515357297
-0.0997556662745
-0.0458760728979
-0.099994134406
-0.088132463308
-0.0757175385062
-0.10200030181
-0.0956054879207
-0.0804133589414
-0.0765616975948
-0.0709294175506
-0.10009371557
-0.0667686119813
-0.0979400207665
-0.0905184704158
-0.102150014629
-0.0966886312922
-0.0979938039221
-0.0807907760457
-0.100790649278
-0.0893471394854
-0.0695576192061
-0.0726134419876
-0.0272776077393
-0.0540054137475
-0.0887224130432
-0.0741109279649
-0.0848521389431
-0.0261865816359
-0.0816693865366
-0.0403853637822
-0.0798420848371
-0.0794669654338
-0.0767443805894
-0.0936717049515
-0.0859296581656
-0.0688275562221
-0.0712783235932
-0.0572880775704
-0.0539817810314
-0.0924306922314
-0.0737806712188
-0.0676249939143
0.00882398116299
-0.104943482209
-0.0961541511611
-0.0734194153284
-0.0837956300575
-0.037405807231
-0.0515594800679
-0.0787107689112
-0.0579883037315
-0.0774316495954
-0.0922072215254
-0.0116666872156
-0.0602808704199
-0.102263071139
-0.0803603746463
-0.0244705229389
-0.0535243233929
-0.0736473679727
-0.00614034998206
-0.0731348755566
-0.098854789687
-0.0962430758478
-0.0971397750048
-0.0789705257174
-0.0767529391173
-0.0686796793331
-0.0984819878472
-0.00702019266118
-0.0801661105738
-0.0815427239625
-0.0748817603235
-0.0979087012366
-0.0872564132112
-0.0820380434412
-0.0876525761211
-0.0692118852746
-0.0903047252208
-0.08107566683
-0.0609734664605
-0.0952367208574
-0.0274621088315
-0.036074361745
-0.0830081787611
-0.101798072651
-0.034199833241
-0.10070229035
-0.0739912578145
-0.102603719656
-0.0810125259828
-0.0953801509242
-0.0991423510515
-0.0721048497733
-0.0634893290502
-0.0952132762677
-0.0224719591886
-0.0516924163684
-0.103688740794
-0.0859101916395
-0.101972456239
-0.0767519306922
-0.051702703686
-0.0524234183986
-0.0547080470522
-0.0773128955592
-0.0241190019923
-0.105041903428
-0.100361299619
-0.0713347920948
-0.100704774899
-0.0221565661036
-0.0617196379227
-0.10079561588
-0.102014472363
-0.0502691743638
-0.072434234085
-0.077770080025
-0.104739531541
-0.105397822325
-0.0464307140337
-0.0908096703116
-0.00581910831227
-0.104346428176
-0.0670502579845
-0.0961259704253
-0.0318182812786
-0.0880384944426
-0.0864461510382
-0.0931532131144
-0.0239662487021
-0.0496043662613
-0.0162926453652
-0.057064303747
-0.0838324077312
-0.0943294444624
-0.0996973164084
-0.0298700150435
-0.0695506759064
-0.0315173290535
-0.0772170298464
-0.00305849943191
-0.000715853863681
-0.065137735109
-0.0962009275179
-0.103602342974
-0.0719426576075
-0.0854235646354
-0.0504157391564
-0.0503751229993
-0.0572446982468
-0.098571807948
-0.0807876092357
-0.027873396686
-0.0938328420103
-0.0353158645156
-0.0839652890117
-0.0127184252212
-0.0974198117425
-0.0560016946675
-0.0834475286607
-0.0218018302516
-0.0222428138892
-0.0669782632055
-0.105052958007
-0.104031745116
-0.06626007067
-0.0724388419686
-0.0880032766349
-0.0898119082729
-0.105404578075
-0.0314804302703
-0.0988231878401
-0.102062222218
-0.102082208678
-0.0708084511411
-0.0952074120161
-0.100143856601
-0.0418887624972
-0.0457143157486
-0.046868592323
-0.0975100345563
-0.104601429103
-0.0285507049245
-0.103795571246
-0.105451330207
-0.0483435401365
-0.0587060134894
-0.0755981968116
-0.080003373501
-0.104973141632
-0.0492811320827
-0.0910661515376
-0.072276179948
-0.0796120718211
-0.078742130701
-0.0519057383208
-0.10497118327
-0.0919638777716
-0.0529610726142
-0.101002904348
-0.100074354587
-0.0948354683552
-0.103757079582
-0.0928537244106
-0.0822171186533
-0.0597438247394
-0.0435851364627
-0.0931230242259
-0.039723301045
-0.10375308341
-0.0370502489942
-0.0528531414361
-0.0554239944184
-0.0595255096286
-0.0818604429221
-0.103385974469
-0.0686985372989
-0.0682556747875
-0.0527583561895
-0.0806039783059
-0.0725809790382
-0.00848337617778
-0.101518862751
-0.0776171384554
-0.0487556983298
-0.0579776026844
-0.0870729814822
-0.0895772702675
-0.0929408069236
-0.0959320139334
-0.104678647714
-0.0973109118583
-0.0814167065771
-0.0445370959909
-0.0852291591025
-0.0976793437943
-0.0983627708479
-0.106240352576
-0.087339539786
-0.0887003459918
-0.0915144423262
-0.103152960265
-0.0733173617613
-0.0826656902352
-0.095840376435
-0.0936176736169
-0.0831865893472
-0.10388983871
-0.0887736348967
-0.0754006831134
-0.0919423041602
-0.0976387873069
-0.0851104165186
-0.102648568381
-0.103115851399
-0.105992652465
-0.0967578807811
-0.0922479398393
-0.0918082411284
-0.0730523691114
-0.103000988374
-0.104444388239
-0.0954688043501
-0.103740485571
-0.10473582827
-0.089857505936
-0.06072185999
-0.100049832989
-0.0740671590691
-0.0899070472191
-0.0821641230328
-0.0480805845831
-0.077188377919
-0.0752139413361
-0.0397667217751
-0.082678185584
-0.105606021946
-0.0479270790832
-0.0415906197139
-0.105398596936
-0.0588401369342
-0.090349958292
-0.0609775072851
-0.0458923776913
-0.10536428858
-0.0599363249889
-0.0644938983414
-0.07934506164
-0.0950462092329
-0.0913966435253
-0.091694759202
-0.0730985655919
-0.0747906566364
-0.0763196358439
-0.101581895141
-0.0518501037029
-0.0857629972599
-0.0801694322018
-0.0955048355454
-0.0471022391771
-0.0985848982577
-0.100567080408
-0.102585220992
-0.103604656978
-0.0994970938218
-0.095826085181
-0.072286159628
-0.0991626947789
-0.104379077064
-0.0669127845057
-0.0960530458092
-0.105439609558
-0.0396661397953
-0.0311363633242
-0.0985664772169
-0.0258396212221
-0.103023792506
-0.0927869895451
-0.0998708517192
-0.0886077540792
-0.104452185379
-0.0784948358708
-0.0943384928009
-0.0899427043896
-0.0962315324505
-0.0548760316221
-0.059850817071
-0.00634796845363
-0.0846904636322
-0.0855131195939
-0.0341736884388
-0.077876414953
-0.099793950589
-0.0949684099579
-0.0817298778776
-0.0558103611921
-0.105867322085
-0.0893321363947
-0.0997931531786
-0.0795873047521
-0.0998720773226
-0.0552058882962
-0.077254962448
-0.0795532420858
-0.0937347885443
-0.0778836485164
-0.0273058086736
-0.0948090613346
-0.078946694056
-0.0582306181803
-0.088159502664
-0.0889675617624
-0.0507040174772
0.00329719944232
-0.0461339716397
-0.056728487029
-0.102982459015
-0.0633631600775
-0.0370272271088
-0.0303224588246
-0.097603748942
-0.0342179481341
-0.0854993324341
-0.039291834299
-0.0385847752346
-0.0811245464945
-0.0485831483812
-0.00551278016089
-0.0438278659003
-0.0741712020025
-0.102827481505
-0.0977743919862
0.00408990116961
0.00550864677678
-0.0219325193319
-0.0939885118808
-0.0946223815863
-0.105630374662
-0.0825641094144
-0.0426142382531
-0.0968464296233
-0.0472628672994
-0.102025379359
-0.0981523500106
-0.0716459479864
-0.104249071775
-0.0697410384603
-0.0788144399327
-0.0950135485692
-0.0174341043387
-0.063027709343
-0.097032504764
-0.104362471135
-0.074076616902
-0.10564204195
-0.0633777764976
-0.0948720736669
-0.104089589659
-0.104144766818
-0.0702899161156
-0.0410351390575
-0.0717782676244
-0.0561819181768
-0.071558137276
-0.0750741963046
-0.0989093504756
-0.0662449426019
-0.0733838671432
-0.0879148481035
-0.105777842295
-0.0978749863315
-0.0694295924846
-0.0661300018926
-0.0418762241869
-0.0964203834345
-0.0753731096757
-0.0768466606406
-0.0696803957543
-0.0796261115951
-0.00606159681968
-0.066135350241
-0.038533028359
-0.0876622832091
-0.0947444168554
-0.102697435938
-0.0694722291098
-0.0693932537158
-0.0415152207919
-0.0811173404458
-0.0951364840769
-0.0585320827027
-0.052683087368
-0.0680625986172
-0.0928518903102
-0.0799697708699
-0.0683787468761
-0.0683924370042
-0.08338418315
-0.0843152697341
-0.0979264545269
-0.0950210792869
-0.0787488720007
-0.0451308432085
-0.0572758353091
-0.0893601918015
-0.0578086421839
-0.0597714168382
-0.0629392003245
-0.0845108994664
-0.0616213581897
-0.0568019873634
-0.0720616969631
-0.0315361132528
-0.102055107175
0.000798080436268
-0.105783003594
-0.0838601756101
-0.0558871972748
-0.0988408132824
-0.0544113323602
-0.0980385904441
-0.0414159074326
-0.0683148625913
-0.0579384820974
-0.0629833087739
-0.0674751140565
-0.077816050293
-0.00383218243151
-0.0803333662269
-0.0457752157517
-0.0922614228542
-0.0897982626847
-0.0472842784653
0.00469879779886
-0.0890576656687
-0.0804571822198
-0.06926149745
-0.0575111165185
-0.0987762980112
-0.0748443416068
-0.0773058580716
-0.0522589210404
-0.0853104781951
-0.05551645245
-0.0892160635843
-0.103372602578
-0.0778271522476
-0.0758963208686
-0.0647870445589
-0.0991182233714
-0.0676725593104
-0.0595410833452
-0.0394428018164
-0.0720676830741
-0.0851635887105
-0.077237182425
-0.10500467378
-0.103715516258
-0.0617654017853
-0.0926577934255
-0.0796962866216
-0.0917665178622
-0.0822640963854
-0.0939910818847
-0.0782844625596
-0.0712381437718
-0.050867888248
-0.0659235463463
-0.0770226280758
-0.0155053566673
-0.0303460106385
-0.0589362476375
-0.0825076923605
-0.0349803621688
-0.0653473594131
-0.0653373264706
-0.104624797552
-0.0584311833802
-0.105652932358
-0.0753352312947
-0.0876198510168
-0.0667943379665
-0.0482762439849
-0.105766778428
-0.0579483880431
-0.0846444941947
-0.0604740188006
-0.0573063284965
-0.0661046710932
-0.0592322799973
-0.053760499618
-0.0414516477125
-0.06582809712
-0.0957344486729
-0.0722807064722
-0.0835341004895
-0.0801803788433
-0.0946766611813
-0.0408089824821
-0.031518478567
-0.0688181373929
-0.0714768269345
-0.0642268514735
-0.0983313607628
-0.0911600340377
-0.0930982888856
-0.0873736290874
-0.104561583161
-0.0277184324746
-0.0827966289752
-0.0640812852053
-0.0692624094406
-0.0992801182508
-0.0512082198013
-0.103756663774
-0.0884540403183
0.00279373612401
-0.00229980947131
-0.00149379698078
-0.0586515186047
-0.104662128368
-0.0925806154414
-0.0571036602628
-0.0665855656005
-0.0817009109229
-0.0497388062853
-0.0716045643585
-0.0974621235837
-0.0501974453852
-0.0629139982358
-0.0712612608078
-0.0526886130061
-0.0329927271753
-0.0727052382458
-0.0878900306108
-0.0670919697958
-0.0311188517453
-0.104924890545
-0.0560644098933
-0.0670918336042
-0.0735640774248
-0.0650215244122
-0.0784599664847
-0.05432056976
-0.0610691824174
-0.100251569419
-0.0470494536918
-0.0841129939306
-0.0878427384043
-0.0889746633913
-0.0863159896771
-0.0695465996598
-0.104590941207
-0.0877175818766
-0.0739133513368
-0.0828524390312
-0.0781307403661
-0.0739676195488
-0.0724900020937
-0.0289394792911
-0.0947238338277
-0.030323869951
-0.0290846442882
-0.0328559907045
-0.0633712892917
-0.0574611500414
-0.0635504144361
-0.0191694715738
-0.00389372309426
-0.0931304659056
-0.0909506423052
-0.0519009524342
-0.0800385943587
-0.0291761350808
-0.0312553811475
-0.0749000069479
-0.0925901966716
-0.050550248262
0.000813733144194
-0.090113569596
-0.0773466739468
-0.0834988362592
-0.0201197245073
-0.0550660608625
-0.066777375376
-0.0915435381329
-0.0764006050376
-0.0780732169419
-0.0460315357784
-0.0753383457223
-0.0912409712057
-0.105117215127
-0.0875773246993
-0.0131636466113
-0.0270506837781
-0.0929955126338
-0.0573377528286
-0.0815689282563
-0.0365839592923
-0.0136828932845
-0.0874655101118
-0.053781287054
-0.0620787475886
-0.0934663585005
-0.0381366553107
-0.0757974017664
-0.0301803597303
-0.0804517755698
-0.0911287021476
-0.0553364404409
-0.0830096451731
-0.0484961053204
-0.0991170398654
-0.0935500911981
-0.0658521655231
-0.0755185527335
-0.0648511682129
-0.0989040621073
-0.0732074814351
-0.0612565118256
-0.0813168360916
-0.0363853282432
-0.0417703123656
-0.078502461093
-0.0875412450159
-0.060526870294
-0.0794803179205
-0.0835674182051
-0.0903704092302
-0.0547551453397
-0.0437496853644
-0.026574249633
-0.0745204690908
-0.0740814342586
-0.0759072551385
-0.0514262948391
-0.0940571015593
-0.0792945473408
-0.00207922549851
-0.0542413004172
-0.0868652986966
-0.054811345303
-0.0547654336772
-0.0890668009783
-0.0810276817068
-0.00687441566502
-0.105114456228
-0.0937119238192
-0.0779466417884
-0.0691712917231
-0.077422766581
-0.0866119448308
-0.0911848770949
-0.103439561007
-0.0554472237469
-0.00756837520671
-0.0173907849573
-0.0781390268563
-0.0103682383828
-0.0566415749793
-0.0523406990325
-0.0840378339473
-0.0695245513855
-0.0651226879179
-0.0507355674479
-0.0943931208729
-0.0698178780222
-0.0509396503815
-0.0422650835424
-0.0372529820581
-0.0143582597531
-0.04587329435
-0.0940568202295
-0.0259256145171
-0.0530031446336
-0.0273418631328
-0.0336354776116
-0.0546198209107
-0.0487330765853
-0.0753813854877
-0.0906317735625
-0.0852570481925
-0.0293807206403
-0.086610260062
-0.0874779315167
-0.0627487087749
-0.0946117379869
-0.0302191342088
-0.0392916460318
-0.0254983278266
-0.0737499372942
-0.0745962548522
-0.0600663869715
-0.0566095468245
-0.0661042806842
-0.102669216217
-0.00206546363363
-0.0877888214842
-0.0461979018676
-0.0870387236038
-0.0143015927363
-0.0251804800038
-0.062605425866
-0.0171096830144
-0.0617977693272
-0.0673136613495
-0.0234581079721
-0.0495674036596
-0.0886378711445
-0.0947342452088
-0.0401055578911
-0.0944383035422
-0.0911105141667
-0.0855901703173
-0.0125712362074
-0.0874356931943
-0.0864733206122
-0.0782401309901
-0.0661789300213
-0.0716050272007
-0.0179152724709
-0.0580266192164
-0.101705542045
-0.080438345927
-0.0881041685728
-0.0697468211938
-0.0325273910017
-0.075309810189
-0.091382311567
-0.0402832488367
-0.0351636049534
-0.103331004367
-0.0689234677426
-0.0616680034582
-0.063886674682
-0.0946028136266
-0.0691532146539
-0.0396043441091
-0.105054534903
-0.0827329900457
-0.0620389915345
-0.084585702693
-0.0888197655658
-0.0590188581037
-0.0890425114871
-0.0765730629139
-0.0848496318924
-0.0766414211703
-0.0618751030639
-0.072440491583
-0.0553036973741
-0.103440175436
-0.0798209067949
-0.0648963173113
-0.0153041209929
-0.0177587903402
-0.0818902577864
-0.0125497997827
-0.101536359163
-0.00247083249061
-0.00771992798211
-0.0552055267078
-0.0194104820729
-0.063140697418
-0.0834098758309
-0.086946387117
-0.0787284592717
-0.00855492914116
-0.0606544611836
-0.0675523279461
-0.103440408472
-0.0837147353031
-0.00750561507558
9.48400573924e-05
-0.088145120891
-0.0703124637234
-0.0844640576449
-0.0734265093547
-0.0629770311008
-0.0602844439114
0.000634242669729
-0.0221184251117
-0.0558931778685
-0.0887856898331
-0.0731842494187
-0.00710527261038
-0.012145680663
-0.103984539645
-0.0704669865277
-0.00872091643056
-0.0646463178619
-0.0998648643927
-0.0983909235791
-0.0880327175639
-0.0688636313464
-0.0832318782745
-0.0840166401502
-0.068983176703
-0.0749573431052
-0.0181648231428
-0.0294362831377
-0.0862694760765
-0.0505307416704
-0.00232906983869
-0.0724930882938
-0.073091714721
-0.106085409344
-0.00122266143608
-0.0647103729193
-0.0664870612074
-0.078829326076
-0.102369679633
-0.102311876924
-0.0647252786728
-0.0982738547604
-0.104957389136
-0.0402394897233
-0.0208639261839
-0.0145977682483
-0.0797733408339
-0.0927779616689
-0.0799568806326
-0.0905568077262
-0.0916445705667
-0.075814692591
-0.0803076945028
-0.0140483015144
-0.106242021053
-0.0674504753001
-0.0387859841841
-0.0848692645963
-0.0857604500363
-0.0679719566295
-0.0863485096262
-0.0530340980567
-0.0709894150512
-0.0126665234801
-0.0804015605659
-0.0839792667634
-0.0796168953921
-0.101163622654
-0.0915629860177
-0.0778350804302
-0.0816564362627
-0.0783444070996
-0.104847993725
-0.0755060392986
-0.101483067723
-0.0670234335645
-0.0889606772336
-0.0757755771767
-0.0832196868295
-0.0111959041179
-0.0915903814919
-0.0402682669486
-0.0696919571164
-0.000619933857004
-0.0559725625833
-0.0961764115467
-0.0838813918113
-0.0842079833334
-0.0727509167662
-0.104013548552
-0.0876987176661
-0.00373674264717
-0.0737688927232
-0.0972082103404
-0.0135791338242
-0.0660286502311
-0.0467832425895
-0.0718493543034
-0.046442771328
-0.0481842672241
-0.0713447022201
-0.0740513806361
-0.078335440724
-0.0625767851486
-0.0540422230673
-0.0491132391489
-0.0477381210714
-0.0795347957593
-0.0465374923521
-0.105749856141
-0.10405135915
-0.10610338616
-0.100990911115
-0.06103969734
-0.106170599572
-0.0965291151373
-0.105672843232
-0.0842491601157
-0.0542698074077
-0.0906063499909
-0.0155612816454
-0.0749466604747
-0.10432912393
-0.105482847054
-0.0565599820844
-0.0228864311482
-0.0717332797836
-0.0831579226758
-0.0865565326477
-0.0191287438203
-0.00182481651889
-0.0821932708487
-0.0450655326741
-0.104788713753
-0.0460502458007
-0.0319215717976
-0.0812049076793
-0.0332400626857
-0.0389395082199
-0.0340757081197
-0.0683301076908
-0.0317550553093
0.000156726448349
-0.0348201860483
-0.0561678370898
-0.0285692433538
-0.0545978842498
-0.0479454730067
-0.0394208556578
-0.0497883130873
-0.0400388844199
-0.0426590530646
-0.0437586723405
-0.0411916863914
-0.0423548088084
-0.0440386338705
-0.0711456399352
-0.0373451993426
-0.0692542307034
-0.0332707518047
-0.0232183027535
-0.0409003953217
-0.0356117565585
-0.0286896733785
-0.0417101826841
-0.0275141087409
-0.0263449295383
-0.0226198884978
-0.0201763061713
-0.0137562282918
-0.015523599952
-0.0174215840633
-0.0311739076152
-0.00831338090474
-0.0112783165806
-0.0548528243274
-0.039530170244
-0.00698508282892
-0.00123328226869
-0.0379484732057
-0.0737933762119
-0.0692603631013
-0.0499682880199
-0.044874880073
-0.0677868051946
-0.0693921819868
-0.0407659689492
-0.0251363410296
0.0189595281731
0.00844107968517
-0.000697495299974
0.00347331339938
0.00561635900408
-0.00185910006559
-0.0768250228913
-0.0614666033257
-0.00581522619415
-0.0277991466095
-0.0387324496714
-0.0631705619578
-0.0259135300929
-0.0366325115424
-0.00343515214806
-0.045052134574
-0.0428989182291
-0.000982684294145
-0.0588400699037
-0.0767520619777
-0.0546669642611
-0.0583456011311
-0.0436814213542
-0.0479610047549
-0.0665006876546
-0.0464798724632
-0.0359740851945
-0.0542561572197
-0.0655098931524
-0.0236568278304
-0.00977884639707
-0.0665610086634
-0.00553283693961
-0.0120827636649
-0.0318663541186
0.00162376004215
0.00388733532447
-0.0576314541579
-0.0795946787038
-0.0783249987036
-0.0717870522423
-0.0509623631963
-0.0454027004904
-0.0603055801101
-0.0539675577216
-0.0751084905738
-0.0186542380174
-0.074690737873
-0.0400272016226
-0.060508243805
-0.0719046632332
-0.0735595259276
-0.0772830126229
-0.0221282895864
-0.0175327550035
-0.0332912590715
-0.0207493620777
-0.0185594758141
-0.0162176704518
-0.0698066927949
-0.00968782314263
-0.00467671657217
-0.0606351718805
-0.0567998434537
-0.0626268657663
-0.0719449997019
-0.0697486864862
-0.0562860533191
-0.00981266538829
-0.0658228072954
-0.0270893521488
-0.0511942349071
-0.0460962097917
-0.0255142569132
0.00391169190603
0.00497979625757
0.00074429496482
0.000545811371249
-0.0159022290334
-0.0766936588666
-0.00536567794651
-0.0477203927088
-0.0450293742401
-0.0291823871052
-0.0312608823245
-0.0117753272676
-0.0535575462495
-0.0113214474271
-0.0408684245027
-0.0161146330734
-0.00476829862615
-0.00303263284022
-0.00167379738981
-0.0477933772943
-0.0172246743884
-0.0292990751436
-0.00440318985839
-0.0243979490077
-0.0179668854061
-0.0376798279576
-0.0573574701678
-0.0229178820033
-0.0532872272938
-0.0552792560629
-0.053328466337
-0.038993783023
-0.00131826566905
0.00286954896732
0.00390951581827
-0.00294566669817
0.0217425836536
0.0196120907919
-0.000129484194667
-0.000696733303759
-0.00613288903411
-0.012454432092
-0.0368709428968
-0.0631124737653
-0.0162056294737
-0.0253885655935
-0.0716711147535
-0.0433328563994
-0.00733898376206
-0.046583677656
-0.0609469210097
-0.0262332656723
-0.0408835078419
-0.0400048999035
-0.0608630034068
-0.038548635191
-0.049111628151
-0.0496823854129
-0.0524038013231
-0.0501745127629
-0.0702021171633
-0.0768164023378
-0.00585305914141
-0.0434480001324
-0.0149818892944
-0.0163119267453
-0.0370847623053
-0.0137579789305
0.00209602146449
-0.0678376391855
-0.0808751262145
-0.0672934446264
-0.048383615846
-0.0396492945027
-0.0599477767574
-0.0270842648425
-0.0733016113342
-0.0424323892337
-0.0727573740979
-0.0633170002343
-0.00443684673714
-0.0737029275623
-0.0460647432665
-0.0759832305233
-0.000928038228899
-0.0779433045981
-0.0732372712952
-0.0702471823897
-0.0731776207752
-0.0756517772371
-0.0572449501
-0.0637169273648
-0.0227694356529
-0.0217429596468
-0.0227027828533
-0.0259050768033
-0.021332860095
-0.019229365144
-0.0665945114657
-0.00663686434139
-0.0350738686276
-0.0565407801959
-0.0528697252335
-0.0357742771727
-0.0162053722174
-0.00334427760925
-0.0632529381137
-0.0295189612621
-0.0727377756149
-0.0196436122854
-0.0445283548932
-0.0357687882431
-0.027917673605
-0.0630889174193
-0.0272533140485
-0.0212071811516
-0.0487669648187
-0.0731460690743
-0.00657831460257
-0.0085778587256
-0.0372413062565
-0.0466123068895
-0.0479343784417
-0.0278876203351
-0.0367274358137
-0.0200911137586
-0.046912936062
-0.0050042719244
-0.0401802100022
-0.0422470077016
-0.0266903247407
0.000420291974605
-0.0693333932151
-0.0678861851715
-0.0215506825161
-0.0279937098097
-0.0386131344139
-0.00978539002883
-0.0374106502987
-0.00196829813957
-0.00293632842572
-0.00567900179795
-0.0504083474937
-0.0481496450152
-0.0245348797195
-0.0740806029099
-0.0601202914101
-0.00380631069538
-0.0318174957504
-0.0445669291933
-0.05642171103
-0.0456990790448
-0.0279618611856
0.0121024871308
-0.00025946515783
0.00199163142668
0.00627000040363
-0.0671955844619
-0.0504734520032
-0.0445689912315
-0.0580054287564
-0.0760389350493
-0.0366896253542
-0.0361276940475
0.00625667133944
0.000513630340256
0.0087067379186
-0.000270279161518
-0.0136246323823
-0.0436815653016
-0.0651442154122
-0.0130433894914
-0.067005376582
-0.0694949412264
-0.0298513962975
-0.0383189517844
-0.0158882286667
-0.0666190904141
-0.0632615322692
-0.0626727809014
-0.0444785045821
-0.012636884617
-0.0166671636723
-0.0128022464615
-0.0206394304284
-0.0172382722535
-0.0693753818989
-0.0515038120876
-0.0715896532181
-0.0736240897047
-0.0735818288395
-0.0615644892726
-0.0411252010123
-0.0197498119573
-0.00142060384912
-0.0709780630768
-0.0689137145095
0.00535070050944
-0.0291469853263
-0.0212719705137
-0.035422499808
0.00422029687017
-0.000287121558566
0.00102144096696
0.00580207685936
-0.0276912095371
-0.0695886426226
-0.06410695786
-0.0551227268944
-0.0480749153099
-0.0307075496476
-0.0739618517549
-0.000552587002197
0.00180878849275
-0.0121051263452
-0.0408711693126
-0.0629856904163
-0.0602391208428
0.000829695690462
-0.00161286036083
-0.0574209608994
-0.0514088760309
0.00722867449122
0.00685519862468
-0.0305824475757
-0.0134735202669
-0.0379970416963
-0.0382157546167
-0.0342832466494
-0.0101783603685
0.0239926489249
-0.00763484265031
-0.0623649541079
-0.0577833050609
-0.00606369606152
-0.00381688845148
-0.0469895734067
-0.0454863761154
0.00764458812746
0.00379801335855
-0.0260540643597
-0.0293264166776
-0.0422256797666
-0.0439578375675
-0.0310196122079
-0.0207264813288
-0.0245282988756
-0.016738119386
)
;

boundaryField
{
    bottomWall
    {
        type            zeroGradient;
    }
    leftWall
    {
        type            zeroGradient;
    }
    rightWall
    {
        type            zeroGradient;
    }
    movingTop
    {
        type            zeroGradient;
    }
    front
    {
        type            empty;
    }
    back
    {
        type            empty;
    }
}


// ************************************************************************* //
