/*--------------------------------*- C++ -*----------------------------------*\
  =========                 |
  \\      /  F ield         | OpenFOAM: The Open Source CFD Toolbox
   \\    /   O peration     | Website:  https://openfoam.org
    \\  /    A nd           | Version:  14
     \\/     M anipulation  |
\*---------------------------------------------------------------------------*/
FoamFile
{
    format      ascii;
    class       volScalarField;
    location    "12.999999999998";
    object      p;
}
// * * * * * * * * * * * * * * * * * * * * * * * * * * * * * * * * * * * * * //

dimensions      [0 2 -2 0 0 0 0];

internalField   nonuniform List<scalar> 
2646
(
-2.4100163056e-09
-0.000131554062399
4.88609529247e-05
9.14651194991e-06
0.000134033797425
0.00228845688384
-0.00132144979153
-0.00172757155732
-0.00168336779382
-0.00110722231257
-0.00109076894882
0.000411666368909
-0.0019081597796
-0.000638209586728
-0.00237565548029
0.00289751449804
0.00110571171517
-0.00137829426927
0.00158420387036
-0.000909589504733
0.00111504515781
-0.000720813732716
0.000656735404196
0.000322117027814
0.00202912711322
-0.00111117902602
-9.98101300654e-05
-0.00164886492732
-0.00151902235316
-0.0020358489799
-0.00174683066342
-0.000263820035454
-0.000528978126546
0.00393634299951
0.00343140762999
-0.000641401254774
-0.00198997733911
-0.00209593330312
-0.000544235740636
0.00281781872596
0.0036958769149
0.00275755120937
0.00420739676562
0.00445984899649
0.00403889199437
0.00379277181077
0.00417863816372
-0.00508111418812
-0.000163492349899
-0.000899512040641
-0.00134498336528
-0.004356666289
-0.00423787701775
-0.00577751881079
-5.00121727296e-05
-6.12833243307e-06
-0.00482602592371
-0.00394751728922
-0.00359793776963
-0.00407256229113
-0.00154908000525
-0.00588178566235
-0.00578970084923
0.000100227794936
-0.00554538565458
0.000313075439632
-0.00391152003496
0.000505518193878
-0.00471660182733
-0.00120579599705
-0.0019554262479
-0.00593942833431
-0.000231933034816
-0.0004628410707
-0.00631420632363
-0.00472283610268
3.40190624477e-05
0.000517683001909
-0.00481199428503
-0.00779666136154
0.000296651182996
-0.000136575058369
-0.00193546748102
-0.00452063965849
-0.0055964671871
-0.0058117384759
-0.00055776722565
0.00549536977545
-0.00195662008936
0.00222521829098
-0.0198918660478
0.00522722773116
-0.020409921649
-0.0169642788263
-0.0183668833474
-0.00977170694796
-0.0121523575967
-0.0203814022247
0.00698574339884
-0.012393696114
0.00414844095831
-0.0105397223455
0.00436916584123
-0.00574451537057
-0.0232092989932
-0.0245375645914
0.00582546051999
-0.012276467815
0.00143700287856
-0.0043136073652
0.0019951560381
0.00512612001072
0.00442848935836
0.00426719585153
-0.0193432450772
0.00483155671995
0.000116000535631
-0.0120762865612
-0.0177111253611
-0.0149763408065
-0.0132473887845
-0.0397658673539
-0.000344016542346
-0.0106242088554
-0.0240044671565
-0.00808228502844
-0.0071117595528
0.0167639230615
-0.0171560538435
-0.00235200017432
-0.0227336552722
-0.012405457785
-0.0208867198154
-0.0207672744434
-0.00620456012097
-0.00563362493154
-0.00766349989398
-0.0261010833961
-0.0120678724508
-0.0112311879873
-0.0186735654029
-0.0112442264194
-0.0165601286194
-0.0182860420627
-0.00486174413263
-0.0184062068824
-0.00416535473284
-0.0261478973499
0.00189023358932
-0.0316428578089
-0.00527133643048
-0.0204735186103
-0.00333091232731
-0.0124348059234
-0.00742220764497
-0.0135959255257
-0.00489989965724
-0.00886834401864
-0.0422445689958
-0.00325948234703
0.0227977408148
-0.00491942944087
-0.00842649268508
-0.0221454276832
-0.0155117328499
-0.0189299151843
-0.0221382860279
0.174952588356
0.0102348065931
0.0113974241148
0.0186537904635
0.01222506452
-0.00112888992978
-0.00148916432143
-0.00108642467346
-0.00135070469067
0.000978292409232
0.00123591687719
-0.000174862631928
-0.000327691364648
-0.00228980880555
-0.00202275738383
-0.00261099995197
-0.00224580401561
0.00359007169314
0.00371780203297
0.00407792372597
0.00415133903949
-0.00376061985394
-0.00372969911682
4.37272182352e-05
1.40190908932e-05
-0.00530012778404
-0.00549034553733
0.000169772732472
8.52948525803e-05
-0.000629672565487
-0.000704284909787
-0.00102574669004
-0.0010901535163
-0.0057781225023
-0.00539342135447
-0.0048062406626
-0.00496980658188
0.00118709010591
-0.00119236863735
-0.000225582982098
-0.0193669618666
-0.00476352591304
0.0041700422853
0.00471736657412
-0.0154888758672
-0.0171533400912
-0.0142983729519
-0.0200507089098
0.000434318602281
-0.000239187920374
-0.00538902770501
-0.00559662110412
-0.0183745800692
-0.0175543651135
-0.0059480548295
0.00198247475569
-0.00765618952414
-0.000777609030276
0.00523587509791
0.00461489090275
-0.00135510387434
0.0025193346491
-0.0167109601928
-0.016753742383
-0.00689264985735
-0.0200170758461
-0.000614930380802
-0.0139718135565
-0.0058802977207
-0.0164984593942
-0.00201366796395
-0.00122604533118
-0.0193548974251
-0.000925538845528
-0.0134628366644
-0.0171443860973
0.00452677193548
0.00470997793691
-0.0142036974372
-0.0118726259814
0.00175621739408
0.00153814276511
-0.020113637994
-0.0215467421773
-0.0159624384348
-0.0251217897395
-0.0259367482481
-0.015399938931
-0.0165791802027
-0.0109775830568
-0.00539856438256
-0.0244214453022
0.00501686375832
0.00195420373554
0.00476589846426
-0.0238129264074
-0.0234590539927
-0.0175028457916
-0.0150192363958
-0.0150330583229
-0.0231213211011
-0.0158153262313
-0.0242402380833
-0.0227029328952
-0.0168677776163
-0.0166277034035
0.00421325475797
0.00418405040771
-0.00417777914522
-0.0194486867183
-0.0152650148694
-0.00793431569456
-0.0165205320545
-0.00300781032678
-0.0138395505705
-0.00155568728137
-0.0195759761619
4.27677724362e-05
-0.00709561901818
-0.015736748463
0.00239194502829
-0.00616427260459
-4.83949630602e-06
-0.0185654562218
-0.0159545983994
-0.00159903906445
-0.0152246841517
-0.00345231008969
-0.00140641554734
-0.0147692947206
-0.00363698130855
-0.00631161335261
-0.0191402431429
-0.00150174734791
-0.0053374894513
0.00449032682849
-0.00549580970144
-0.000510386151339
-0.013055380297
-0.0137558263775
-0.0192906699826
-0.000243922788605
-0.00535240629271
-0.00321494423944
-0.00600762322395
0.000110894853739
-0.0196217476106
-0.00338802518939
-0.00919672481149
-0.00221908901099
-0.0163075403705
0.00136415937391
-0.00902791036374
-0.0020350522968
0.00246485916612
-0.00306373772712
-0.00304961990519
-0.0151393841436
-0.000539070542756
-0.000530591872969
-0.00483762141675
-0.012614726336
-0.0195870218723
-0.0160871864763
-0.0204323892122
-0.0155958424972
-0.018844295004
-0.013259615201
-0.0200537817045
-0.00590020811131
-0.0055272471451
-0.00578304346959
-0.00999780479786
-0.0255488596324
-0.0401001689668
-0.0562907433734
-0.00694144123232
-0.00829104907962
-0.0711247431704
-0.00647592372674
-0.00608592035159
-0.0542719710504
-0.00550975135744
-0.0137934528
-0.0163785971506
-0.00745718245812
-0.0821547207189
-0.00873052380904
-0.055963067213
-0.0336507409999
-0.0596175872283
-0.0871569881342
-0.0557635895201
-0.0395721178498
-0.0440770605441
-0.00449865773629
-0.00209461506506
-0.000625013989516
-0.0429149500234
-0.0238310383282
-0.0187578984114
-0.00683142597533
-0.0106492668383
-0.000332886173478
-0.0384930157042
-0.00260646987281
-0.00472349144932
-0.00507901908328
-0.0545797755011
-0.0303604419316
-0.0164641638402
-0.0186281066835
-0.0264278098754
-0.0698718742568
-0.0150431670101
-0.0157951861727
-0.0635649844326
-0.0284836214188
-0.0185218182964
-0.0172073024809
-0.0652986821298
-0.00862704968264
-0.00146142293077
-0.0803329651997
0.0043884227422
-0.0701737241956
-0.00834143301584
-0.0163907937563
-0.00767425771413
-0.0246972474518
-0.00466621095648
-0.0319546237563
-0.0240403566717
-0.0560812382405
-0.00928041477267
-0.0797375279909
-0.00489253014358
-0.0741243663654
-0.0307385608528
-0.0478565607613
-0.0254130750349
0.00460677973147
-0.0824590323556
-0.0829762507145
-0.0639260593191
-0.0629871357352
0.00376900272399
-0.046703127034
-0.0713365701435
-0.00549167551772
-0.0690969145261
-0.0691594314421
-0.00942051227973
-0.00327309461809
-0.0154304577992
-0.000181173782939
-0.00265368738889
-0.068204187856
-0.0601452391859
-0.00190835569983
-0.0612367545517
-0.0812030633143
-0.00143725238649
-0.0539370911735
-0.0359926832522
-0.00292140736065
-0.00226695910001
-0.00375643287801
-0.0150404647475
-0.0229506588454
-0.0454008106209
-0.0375269376999
-0.00272727105136
-0.00104563797695
-0.00541589822506
0.00111523117752
-0.056961446248
-0.000115515151806
-0.0546263847054
-0.00542256485292
-0.00126978202109
-0.0454011590403
-0.00231078376355
-0.0510137711012
-0.00248317782755
-0.0522425477305
-0.00546519406239
-0.0516490399407
-0.0417061704622
-0.0530115210028
0.003791577953
-0.0531521037381
-0.0476547964996
-0.0537411722643
-0.00610548279409
-0.0246525448724
-0.046939987946
-0.0835025987963
-0.0546517905995
-0.0580002802341
-0.00517004656394
-0.0380020607397
-0.0216140069879
-0.0605500197662
0.00180030701126
-0.00597074396558
-0.000814611114827
-0.0175036545459
-0.00432594222913
-0.00808778124632
-0.0175508833449
-0.0287407974219
-0.0120533745428
-0.00167704989022
-0.0169208586846
-0.0214028802396
-0.0888314563937
-0.00307365679956
-0.0029902291755
-0.00804335508358
-0.00897427263064
-0.0123856637194
-0.00404403014552
-0.0117198534498
-0.000435998361273
-0.00112158995531
-0.0189824874348
-0.0597962320609
-0.0139675509536
-0.0199951617421
-0.0138750198573
-0.00616412185838
-0.0200600627911
-0.000384242553832
-0.00239184841401
-0.00266619269267
-0.0766122639778
-0.00422472326642
-0.00583730682551
-0.0790509653333
-0.00354368164446
-0.0376541559993
-0.0757182040414
-0.0191366015992
0.0032930349763
-0.00621556330996
-0.0139104676005
-0.0104278623294
-0.00324465028434
-0.00594113808884
-0.0106734240207
-0.00439847437664
-0.00856604976329
0.000735191001091
-0.00547775225739
-0.0741391374806
-0.0194767174882
-0.0726650636511
-0.0735900612257
0.00439547293021
-0.0676917369158
-0.0186171700744
-0.0183152500703
-0.053763482287
-0.0179475713046
-0.06132073102
-0.00573030781954
-0.0230233926691
-0.0421258031701
-0.0693077503044
-0.0195182081296
-0.0496136578177
-0.00272123190284
-0.0301101231024
-0.0098631911232
-0.0141614834336
-0.0775666057802
-0.0265323706581
-0.0761423356785
-0.0802715392047
-0.00215731002195
-0.0118836938104
0.00138342564917
-0.0646043561538
-0.00583678449437
-0.0573612825738
-0.0407778481486
-0.018508586965
-0.0212868676105
-0.0219346523688
-0.0160188186274
-0.045346764144
-0.0664918410192
-0.0183773100051
-0.059313654407
-0.0565304270822
-0.0188679617996
0.00305600266867
-0.0100217477836
-0.00230714391395
-0.0611212694065
-0.0214468071888
-0.0185044523026
-0.0116889641184
-0.0340191201331
-0.0222726701728
-0.047207447524
-0.00154712230906
-0.00401791468279
-0.0182549253061
0.0035445137004
-0.0160346098848
-0.00179708855194
0.000875762720959
-0.00779472797854
-0.0612440108285
-0.0305675422429
-0.0214154038224
-0.0134716178168
-0.000506428656551
-0.0423701177778
-0.0074608543783
-0.00564639689596
-0.0199285912844
-0.0219412023343
-0.00345819093984
-0.0151020691679
-0.0457320200065
-0.00605372182179
0.00270580151004
-0.00542233802881
-0.00566548251275
0.000412443958066
-0.00482291083061
0.00226640913747
-0.0751339426052
-0.00599162946605
-0.000620558334244
-0.065164887948
-0.00548077066104
-0.0471095863445
-0.00394668498184
-0.0199482709284
-0.0230166297521
-0.00601862433556
-0.00799777761047
-0.016952718558
-0.031260795915
-0.00150293778651
-0.0198123881252
-0.000135474183574
0.00630927561409
-4.69556015467e-05
-0.0171009944417
-0.0186786098602
-0.0163725572305
-0.0225769478072
-0.0121394495656
-0.00247444065939
-0.00111037974291
-0.000663174874388
-0.00606769707056
0.0034084878485
-0.00388456322524
0.00163258247444
-0.00594760611754
-0.00347097241426
-0.0184404083208
-0.0560258947102
-0.0290233174295
-0.0045680521745
0.000320230685511
-0.0379285425513
-0.0102079903687
-0.0341056622447
-0.0221626522865
-0.00932030796341
-0.0463860854665
-0.0448213636536
-0.000239238552025
-0.0184258860176
-0.0138841995508
-0.00544519855876
-0.0057824897973
-0.0263075278861
-0.0137768591741
-0.0178235179052
-0.0210135630828
-0.000366734914109
-0.0559025720252
-0.0513051381299
-0.0409063793864
3.82844004778e-06
-0.00817848523374
-0.0157246794098
-0.0350598439083
0.00457927640777
-0.0104904520907
-0.04891801789
-0.0040871782043
-0.00411769509684
-0.0125552741139
-0.049939567798
0.00228986639802
-0.00548350755946
-0.00899110256122
-0.0209571080419
-0.0531342296742
-0.0118296723203
-0.0293540895229
-0.0439827974527
-0.0193508681753
-0.0845163523717
-0.041645326614
-0.000693904024179
-0.0791184225796
-0.00197989842896
-0.00863401517019
-0.0142397603993
-0.0154416929791
-0.0233100998245
-0.000668380037387
-0.0105486892739
-0.0192218721903
-0.000309000070039
-0.0199315906653
-0.0222561118656
0.00221817496855
-0.00116774567203
-0.00794199218439
-0.00204532751336
-0.000566155070795
-0.010682955173
-0.0335008497358
-0.00661089939484
-0.0285454772405
-0.019356548112
-0.011003974015
-0.020266660729
-0.00576984108987
-0.0377368256969
-0.00155248509809
0.00125965892326
0.00459923298066
-0.0504679364005
-0.0355556367135
-0.00641721806001
-0.00151598924155
-0.00651411201983
-0.0232456268326
-0.00430393075482
-0.024567645203
-0.02581575925
-0.0060402853116
0.00440273195694
-0.00220194866544
0.00360391038672
-0.015534557655
-0.0052951604007
0.00396813270551
-0.0069843783863
-0.007737869253
0.00222857775442
-0.0573960716601
-0.0262153493002
-0.00912841179197
-0.00640378853258
-0.0290583786038
-0.0108126504706
-0.0343978578544
-0.0427531660818
0.000871118751619
-0.00203545002936
-0.0270063184901
0.000168051615678
-0.0468911904763
-0.024412063193
-0.00124530165263
-0.00187544934768
-0.00902086395661
-0.00638234940639
0.00417808816897
-0.0359949083017
-0.0401330838448
-0.0258631704076
-0.0546358403491
-0.00644952156261
0.00269734160505
0.00267176742735
-5.0977680076e-05
-0.0228091617427
-0.000846971940638
-0.0113122643972
-0.00714104391579
-0.00729960976547
-0.00133930158826
-0.048296781991
-0.00862593732853
-0.00882710554058
-0.0031519714016
-0.0296955343003
-0.00742947645825
-0.00982209061892
-0.0357679799849
-0.0806235813474
-0.00352733828982
-0.00661367719017
-0.00998885588519
-0.00669565434084
-0.0329715149907
-0.00310844890654
-0.0162124665722
-0.00535457178722
-0.0116852863941
-0.0185889871623
-0.00719893893959
-0.0267454474906
-0.0765438267677
-0.00905488732918
-0.0200394800064
-0.00775144039218
-0.0161973100114
-0.0768153848763
-0.022348768615
-0.00327362558384
-0.00708628308868
-0.0145843426557
-0.00321717422529
-0.00246309879448
-0.00806978576954
-0.0259634109714
-0.0344248934941
-0.0307327617902
-0.0220327878926
-0.00485976456003
-0.0183383267531
-0.0390934966479
-0.0101049919505
-0.0314207250088
-0.00914653611732
-0.0225338023209
-0.00192822196781
-0.00638084565197
-0.04325315465
-0.0137118073247
-0.0178705599281
2.1841978249e-05
-0.0082914614267
-0.0193097103889
-0.00168703480048
-0.00677998762207
-0.0280417273651
-0.00382972265738
0.00327883721925
-0.0234866037856
-0.0253439310531
-0.00447018044047
-0.000214666792917
4.64638146167e-05
-0.0329056535843
-0.00918918585608
-0.00380445888689
-0.018076413169
-0.00589425952335
-0.0112963914583
-0.0760348864726
-0.00967066712871
-0.00811458947443
-0.00729522835637
-0.0100585053384
-0.0306121642238
-0.0244192220893
-0.00973629944099
-0.00904642843862
-0.0287625880812
-0.0352033983104
-0.0260067451695
-0.0335213425369
-0.0338382125272
-0.000433031328066
9.62063912677e-05
-0.00734953493127
-0.0155880121658
-0.00867525402686
-0.0211397254491
-0.0126518662131
-0.00824025342066
-0.0293319295969
-0.0314543704234
-0.0398196046275
0.00208188866487
-0.00582015123016
-0.0781310432887
-0.00101058200006
-0.00651768650464
-0.0110418034445
-0.00999818933553
-0.0238303732291
-0.00913127758068
-0.00796761524841
-0.0504500018912
-0.0235242448557
0.00146122105333
0.00452226067258
-0.00582927675523
-0.057233010752
-0.0160688273078
-0.00559091972107
-0.0106564558811
-0.0217066792133
-0.00634061641619
-0.0109864505767
-0.0186116132224
-0.0311530167405
-0.0224035512285
-0.00159273018732
-0.000234490362592
-0.014047978661
-0.015035585077
-0.0297472782204
-0.00452539633713
-0.0109977196857
-0.0126377159609
-0.0175825829306
-0.0170894148844
-0.0216553151795
-0.025170227813
-0.0502372651738
-0.0276281241196
-0.00645548455053
-0.022845168984
-0.000372390657839
-0.0279199281798
-0.010224101047
-0.0302902095745
-0.000310322797064
-0.0052130859938
-0.012064587214
-0.0385865100561
-0.0236979448556
-0.00395952545976
-0.0171181388262
-0.0298534232909
-0.0277181018707
-0.0105805257018
-0.0525472079995
-0.0269633680837
-0.000427181058198
-0.0166223146128
-0.0269029434349
-0.0503660759769
-0.00918559601528
0.00308570916372
-0.00742226373799
-0.0398970068518
-0.00609174930775
-0.0148962439321
-0.0426606235267
-0.0178824058177
-0.0175411343007
-0.00989371596087
0.00419844561678
-0.00779640415958
-0.0209774257431
-0.0217147543153
-0.00733363035424
-0.0379427995606
-0.0313843264528
-0.0214214069059
-0.00010832091049
-0.023005971834
-0.00042526336523
-0.00337787596402
-0.0157038132459
-0.0184808563074
-0.0336214090206
-0.0231063684384
-0.0242651717538
-0.035315964444
-0.0368432269428
-0.0116113398134
-0.025124580134
-0.0354246904736
-0.0473287557713
-0.0173029619462
-0.00103272659236
-0.0105297422755
-0.0178029979544
-0.0471949636684
-0.00419660344728
-0.0364871181862
-0.0824217168875
-0.0141426131586
-0.0256828154288
-0.0318462554569
-0.00167727600589
-0.0340304274056
-0.0481245846518
-0.00167999031809
-0.0291567984234
-0.0384595626512
-0.0277667441171
-0.0265060226468
-0.031953448145
-0.0200349820049
-0.0610319297168
-0.00152076861788
-0.0789432185473
-0.00814086780256
-0.0150395058814
-0.053171660556
-0.0152334772348
-0.0227326407906
-0.049105860236
-0.000772285064551
-0.0665013279918
-0.00208316778084
-0.00302080379868
-0.016462558188
-0.0459318108736
-0.0350058676873
-0.00542295590884
-0.0282914978562
-0.0232410077333
-0.0185021018224
-0.0332194227691
-0.0014419314024
-0.0619628618231
-0.0266952663109
-0.0498633344175
-0.00430695908315
-0.0249463095232
-0.0363479894089
-0.0154776796393
-0.0664354843468
-0.0618342782256
-0.0407839728937
-0.062135779175
-0.029984003074
-0.00219475293761
-0.0147069508217
-0.0228294095677
-0.00399732582602
-0.0829803003802
-0.0210433637417
-0.0341259070162
-0.026967531764
-0.0108707358976
-0.0256332727139
-0.0373964789476
-0.0463004774471
-0.042877975633
-0.0191706333438
-0.00194731972096
-0.0193567992677
-0.0391286005456
-0.0100087572866
-0.019473340144
-0.0252698902826
-0.00493932011085
-0.0332075260272
-0.00940561936126
-0.0214054159975
-0.0142486879127
0.002885106685
-0.0288665990332
-0.00420481832269
-0.0108592373313
-0.0516203168757
-0.0224669318182
-0.0339451851118
-0.0148590378656
-0.0207482725164
-0.0062216276996
-0.00511070807143
-0.0163972362522
-0.00754590748854
-0.0445284134457
-0.0726547207339
-0.00799296257175
-0.0198278240998
-0.0274157391017
-0.0294123390119
-0.0467319178134
-0.0412691720438
-0.0626161136112
-0.0144042533582
-0.0567252804704
-0.0873009202457
-0.0254381175712
-0.0721686787468
-0.055333993283
-0.0378302304597
-0.0842055635984
-0.0541461049102
-0.0118582995504
-0.000710187851316
0.00274255231103
-0.0250593910916
-0.011626231064
-0.00601882562306
-0.0507324763677
-0.0302682257574
-0.0276293502357
-0.0155482620458
-0.00338006094252
-0.0152035211096
-0.0332267549082
-0.0309936390501
-0.00775875247103
-0.0411489962097
-0.0361582582526
-0.0116163028223
-0.000520616741227
-0.0383007372259
-0.00415009037115
-0.00478332428987
-0.0477543054148
-0.00531099187347
-0.0234236091535
-0.0150914883349
-0.0451335430403
-0.016589031973
-0.0337057985023
-0.00383349809445
-0.000983563178836
-0.0269607343413
-0.0428963109944
-0.0230804490291
-0.00439982204207
-0.0102686719481
-0.00329920012982
-0.00449199810222
0.000163773038493
-0.024838897955
-0.00217607611671
-0.0302029000052
-0.00194253178047
-0.0034085869224
-0.0464123249522
-0.000914112722494
-0.0224941155604
-0.0259595296733
-0.00432244762612
-0.0475514066014
-0.0380037849161
-0.0249274608364
-0.0023426924791
-0.0522940961546
-0.0251269878231
-0.0219467561604
-0.0362562222117
-0.000462972355283
-0.00379663022143
-0.0253784271819
-0.0180921338705
-0.014259917106
-0.0277227275352
-0.073514637594
-0.0185463638759
-0.00466256507291
-0.00888676461853
-0.0299547393741
-0.0752610862045
-0.042188033264
-0.0308493192644
-0.0496026941928
-0.0225744851902
-0.0333440120631
-0.0298554444074
-0.00373991831258
-0.0705034600333
-0.00753542772467
-0.02778010515
-0.0526799685199
-0.0835427791357
-0.0356955251083
-0.00814160887515
-0.00200737624624
-0.0280063126961
-0.0209448379614
-0.0181374449425
-0.00227682326246
-0.0493774405721
-7.41382361019e-05
-0.00242761519232
-0.0026526788859
-0.0571802018139
-0.0110949382995
-0.0113903518855
-0.00290293319946
-0.0073024488325
0.00287140727035
-0.00635187296414
-0.00745229410916
-0.0204978186215
-0.0288379680353
3.97211317178e-05
-0.0126665188792
-0.0151760235809
-0.0823561620051
-0.000623137347807
-0.00111889846042
-0.0046724756564
-0.0146105712949
-0.020549766315
-0.0545133326722
-0.056969201692
-0.00838831497533
-0.000262650784489
-0.00327331001086
-0.0160569011396
-0.0516434977193
-0.0208426907459
-0.0357099733297
-0.0375182673052
-0.0277121685227
-0.00579093295065
-0.0010967624427
-0.000375601484241
-0.0153452492327
-0.0488765775317
-0.00510974568143
-0.0293996296916
-0.00341802613347
-0.00111468428176
-0.0076878175805
-0.0182694341107
-0.0181824886276
0.000247232952493
-0.0201678205568
-0.0101009639102
-0.0149478427033
-0.0129895885927
-0.071880676834
-0.000127805087309
-0.0374878568725
-0.00313708977594
-0.0755539920153
-0.0037079347746
-0.0205226420907
-0.0110268740189
-0.00981273485349
-0.00381420248697
-0.0132904582132
-0.0207737419401
-0.0301873830679
-0.0749957230787
-0.000200253477144
-0.0399766749577
-0.0294480130055
-0.00763223813042
-0.0720633232666
-0.00410995024503
-0.0743583952561
0.000109560251163
-0.00542829534332
-0.0597077116578
-0.0010168929773
-0.0290964598289
-0.0345130995465
-0.0105350462111
-0.00255344049117
-0.0298014877415
-0.0402378910549
-0.0362458946998
-0.0070301950579
-0.0014138291126
-0.00304441508014
-0.0681006049066
-0.0198598183663
-0.0772604666469
-0.00680313674653
-0.00216539972082
-0.00243104180971
-0.0341027956724
-0.00133307009405
-0.00612912554755
-0.0678597272994
-0.0599158542047
-0.0339835204991
-0.0581441325421
-0.00341289695879
-0.0465688925299
-0.044534253775
-0.00503154463449
-0.00404815896766
-0.0542852107136
-0.0351218096878
-0.0313037180219
-0.0647598523523
-0.031673650582
-0.027713431714
-0.0354181380079
0.00272701582447
-0.0230911103538
-0.0027635766885
-0.0492339627823
-0.0215387047998
-0.0388595162924
-0.0402585749428
-0.00182389203684
-0.000299428084328
-0.051367954881
-0.028856187777
-0.044343212908
-0.0224380340341
-0.00400045154386
-0.00640780360555
-0.0164494736898
-0.00281521088113
-0.0260827866843
-0.00351061162894
-0.0313917529915
-0.0110812009975
-0.00593708458582
-0.0589382260998
-0.0196355614243
-0.0738694915175
-0.0134015482406
0.000285342878473
-0.0266079077816
-0.00230443140641
-0.00134712730936
-0.00179821724548
-0.0222820021553
-0.016533618279
-0.0128879739569
-0.00594841055431
-5.51418810647e-05
-0.0514810194123
-0.0148968302331
-0.0215927484019
-0.0408874591662
-0.0050200408289
-0.000235687815688
-0.0195269547071
-0.00082367227321
-0.0211948779309
-0.0243300656426
-0.00671908091162
-0.0547353607883
-0.00900508322696
-0.0108462825947
-0.038743413749
-0.00121529378534
-0.000632343378966
-0.027807214465
-0.00606093194933
-0.0210792893108
-0.00920105951644
-0.0179778411791
-0.0200589295619
-0.00591975262388
-0.0103770812776
-0.0686916823109
0.0003999881353
-0.0470684476437
-0.0238310961589
-0.00881578561294
-0.0765673870158
-0.0394609592705
-0.0207426267991
-0.0166225999685
-0.00617513239303
-0.0637385833881
-0.00411322690761
-0.0476957096893
-0.0296218647705
-0.0815791332083
-0.0594874087482
-0.0420464794361
-0.0225559339028
-0.077367152798
-0.0243886171555
-0.00791056116247
-0.00773071318695
-0.00174612670658
-0.0133782391048
-0.0327780612639
-0.00816418374267
-0.0267420780774
-0.00260227771176
-0.0282620654511
0.000249901603668
-0.0175987470837
-0.030551964825
-0.00924719295927
-0.0337893247872
-0.0226241418792
-0.0042380104117
-0.00683779599673
-0.000260311959201
-0.00121346457778
-0.0316010637955
-0.0160084329771
-0.00693648326569
-0.0181714119297
-0.076458336953
-0.063231492952
-0.0253296672192
-0.0188203298196
-0.00713097804999
-0.0138008195875
-0.0119956516148
-0.00662455637847
-0.0207530786622
-0.0288919580573
0.00412339975346
-0.00555066096922
-0.0603451659332
-0.0295958058857
-0.00151836309199
-0.00372333466253
-0.00911087266938
0.00359372182182
-0.022196336376
-0.0504086795779
-0.0418946038283
-0.0664952772945
-0.030612139347
-0.00946055755464
-0.00452707139606
-0.0661735641217
-0.000737967892678
-0.0116340306282
-0.0129719888406
-0.00785269543633
-0.0570573797674
-0.0269824258993
-0.0339011229718
-0.0270439944959
-0.00660783765518
-0.0262298970855
-0.0334250372661
-0.00949487691741
-0.0477688024758
-0.000349355814431
-0.00829141153552
-0.018785503211
-0.0792617779345
-3.12770769154e-05
-0.0587864470563
-0.022663246009
-0.0669339130264
-0.015250979107
-0.0611398610048
-0.0451096683176
-0.00718365079281
-0.0185667080884
-0.0457600789939
-0.000844045718002
-0.0042154086568
-0.071942528626
-0.0207924422139
-0.0642694385489
-0.0274940269616
-0.00461003412447
-0.0178406971278
-0.00508248839295
-0.0197175796221
-0.00227918252149
-0.087013466825
-0.0559766027432
-0.0213777771699
-0.0528014738132
-0.00186097932488
-0.00236745843616
-0.0679650976311
-0.0556049052328
-0.00310539450857
-0.00607109131255
-0.0123465241343
-0.0863292335773
-0.0814580645048
1.37541679416e-05
-0.0265621264053
-7.61256621478e-05
-0.0701182214757
-0.0127157611748
-0.0520829066837
-0.000855548415625
-0.0230475976979
-0.0220213544328
-0.0430843784403
-0.00110478911203
-0.00135867264626
-0.00146998887062
-0.00541759995274
-0.0223666916598
-0.0564165062491
-0.0638903382965
-0.000503135696772
-0.0265090972511
-0.000778930435591
-0.0122014249945
-0.000884233771195
8.58052274371e-05
-0.00547939682505
-0.0382810613142
-0.0856877464552
-0.0073859020083
-0.0330837134011
-0.0048721461855
-0.0022438288056
-0.00435104613109
-0.0609538856409
-0.0156327394504
-0.0017350584579
-0.0578216666955
-0.00292845812865
-0.0185393178573
-0.0127093882581
-0.0522435479706
-0.00441655733732
-0.0190115069666
-0.00211264309353
-0.00158375936635
-0.0143036371717
-0.0840757627637
-0.0697709216728
-0.00582147397802
-0.0250914186519
-0.0391810737057
-0.0410715246523
-0.0844099485799
-0.00287120111748
-0.0585738137015
-0.0816445147903
-0.0664052163387
-0.0233447773098
-0.0497279037151
-0.0510447918168
-0.00349752535599
-0.0128218577431
-0.0110038347106
-0.0418107354937
-0.0789309004069
-0.00236377343644
-0.077355975442
-0.0890910567089
-0.00475618491108
-0.00574773845516
-0.0178430848959
-0.0200107507126
-0.0808758211935
0.000399613462789
-0.0453731300073
-0.0153369964089
-0.0233950301305
-0.0299481550604
-0.00502287224651
-0.0851070287233
-0.04227454443
-0.00650694439858
-0.0748570423768
-0.0660601219199
-0.0332243724552
-0.082840908137
-0.031722279135
-0.0172574583719
-0.00580308527121
0.000220408581282
-0.0446291259553
-0.0143629343694
-0.0744170026433
-0.000118448647125
-0.00501915326566
-0.0124913085929
-0.00494018330095
-0.0187985036524
-0.0634959901285
-0.00794205972007
-0.0108569463493
-0.00489884304017
-0.0153662951046
-0.0112617128076
-0.00061993696045
-0.0543633034981
-0.024607977869
-0.00370754209122
-0.00364111461983
-0.0212976315279
-0.0369484332706
-0.0547163849633
-0.0626117491094
-0.0843644302268
-0.0623020061886
-0.0211239516736
-0.00862726141889
-0.0397837941782
-0.0588323464027
-0.0697065034486
-0.0910236342101
-0.0410080203148
-0.0343723724011
-0.0436426607878
-0.0702035413771
-0.0214051444702
-0.0328456724809
-0.0530692735213
-0.0314049352499
-0.0307612992556
-0.0691050222001
-0.0365809136605
-0.0312283985823
-0.0279273134564
-0.0583715272279
-0.0330965455196
-0.0618413502078
-0.0715704130821
-0.0895703697489
-0.0578866425788
-0.0410813502439
-0.0522947702619
-0.0159557429076
-0.0728209985295
-0.0803796583259
-0.0358948000877
-0.0868755278066
-0.0715978725283
-0.0361273883652
-0.00535283430913
-0.0676542531943
-0.0102613805581
-0.0493359698577
-0.024398014453
-0.00345009057077
-0.00943164431186
-0.0215117610389
-0.0011137596616
-0.019725233261
-0.0815571155747
-0.00991340606156
-0.0141716230566
-0.0775264498067
-0.0119677599039
-0.0261820495878
-0.00714903032387
-0.0161080570242
-0.0834134322062
-0.00612876064111
-0.0191527874551
-0.0232757194574
-0.0525155087833
-0.0500096196141
-0.0518562446733
-0.0241354147092
-0.0126926562618
-0.0105129320941
-0.0539355743198
-0.00482608092867
-0.0213399396541
-0.0247746722673
-0.0455966126559
-0.00313719044027
-0.0693759208807
-0.0750353827289
-0.0615748968807
-0.0641674715034
-0.071154612596
-0.0494032492099
-0.0194530318749
-0.0693717534645
-0.0739672833065
-0.00619485614876
-0.0624185452413
-0.0860926991564
-0.0138753742311
-0.00417481090778
-0.0650262029381
-0.00991290454943
-0.0821675473249
-0.0301978864965
-0.0746609702931
-0.0244045499256
-0.0860682877677
-0.023656070807
-0.0334047842569
-0.0256640654197
-0.0363243190597
-0.000213031383858
-0.00605421972298
-0.000507811240823
-0.0203749274368
-0.0233270352432
-0.00796379387407
-0.023313008157
-0.0708504388581
-0.0603071585981
-0.0133913497285
-0.0175552758425
-0.0887446092497
-0.0267017509302
-0.055691420877
-0.0172021503669
-0.0695307272271
-0.00550783440361
-0.0291906573376
-0.0149720333242
-0.0419584386497
-0.0162030031583
-0.00153766539866
-0.0326386683987
-0.0156144856322
-0.00453277775276
-0.0349558823858
-0.0330288366295
-0.0173606778025
-0.00492112879514
-6.81808050403e-05
-0.00534668325562
-0.0807345231253
-0.0123343259387
-0.0133008611892
-0.0135821368716
-0.0670722390472
-0.0132362336556
-0.0327766202716
-0.000384208206062
-0.0035057951928
-0.0348202529667
-0.0158359829159
-1.6665619169e-05
-0.00233460282084
-0.0216782172688
-0.0726692298415
-0.0614549450258
-0.00462612683092
0.00459042054661
0.00249129618488
-0.0309082660845
-0.0598323726014
-0.0905874224411
-0.0191994918136
-0.015003763851
-0.0536770289103
-0.0072079477877
-0.0789337755731
-0.0592102997586
-0.0134471056305
-0.069287283922
-0.0208076927973
-0.0128951186223
-0.0475292589098
-0.000215833114115
-0.00694649707121
-0.0546741590478
-0.0794530258783
-0.0262605154825
-0.0845059747507
-0.0148657537692
-0.0591510905695
-0.0877543106369
-0.0774542388096
-0.0100858338364
-0.00188617938885
-0.0138587360207
-0.00931229234191
-0.0219425106663
-0.0221005051811
-0.0635765705066
-0.0203409512303
-0.0221934036954
-0.02320732607
-0.0916736128531
-0.0659236451064
-0.0202784371354
-0.013605119718
-0.00146381694133
-0.0628344574366
-0.026655395586
-0.0237559103574
-0.0258754526185
-0.0304566025151
-0.000558674573788
-0.0247805562533
-0.00657535220865
-0.0344318848103
-0.0403303562381
-0.0821309661383
-0.0209591836136
-0.0129065576862
-0.00697707080333
-0.0284346206517
-0.0503700734074
-0.0186291507852
-0.0163914922168
-0.013676603207
-0.0538423260741
-0.0351751580641
-0.0135059944824
-0.019936784413
-0.0352095201289
-0.0248255042792
-0.0672043634258
-0.0391728694862
-0.0310650612905
-0.0147189477903
-0.0113716698634
-0.0467527005905
-0.00873875533227
-0.0181423527124
-0.0206215838608
-0.0222930605277
-0.018110678766
-0.0103830172285
-0.0204121245843
0.000395211381008
-0.0595915306913
0.00409767285379
-0.0914308346563
-0.0236913621259
-0.015844155655
-0.0454880364849
-0.016364140022
-0.0664043090832
-0.0047858422338
-0.0198392491056
-0.00567069891139
-0.0183060779463
-0.0201706303988
-0.0258862165466
-0.000318425643543
-0.0323318082052
-0.000764279458238
-0.046959311323
-0.0355766305558
-0.00664481871774
0.00337189195155
-0.0455315850854
-0.0203237544261
-0.0147157010436
-0.0172818934651
-0.0671252620552
-0.0195383073385
-0.0315628936644
-0.00737509729357
-0.0416506320793
-0.00797882894182
-0.0468519987825
-0.0630087681212
-0.0249935406588
-0.0309054344994
-0.0119399393944
-0.0663134003424
-0.0109907778262
-0.00598599840938
-0.00768198699075
-0.0133446319403
-0.0393137199811
-0.0272854275219
-0.0896560281459
-0.0684621896606
-0.0168980372379
-0.0413446523048
-0.0257624083242
-0.0379843329584
-0.0263319046502
-0.0351097787121
-0.0282239408452
-0.0263826484589
-0.00856134635429
-0.00249892346845
-0.00941453015723
-0.000537835929467
0.00105546277034
-0.0169367502255
-0.0199406639918
-0.00624846407684
-0.0189402070281
-0.00884316429528
-0.076768980529
-0.00868057679944
-0.0880123982526
-0.0169331222008
-0.0437643724521
-0.00653123654875
-0.00335402513594
-0.089045816842
-0.00473554620216
-0.0378728800962
-0.0118736741334
-0.00531695327029
-0.0193415030703
-0.0109107112357
-0.00971290279841
0.00128274304409
-0.0196932730139
-0.0605699708429
-0.00744146914408
-0.0293698194417
-0.0303970036029
-0.050261750659
-0.00810375460266
-0.0131740507038
-0.00892041884753
-0.0172086229496
-0.0192768107278
-0.0498929799297
-0.0422521131704
-0.039341971276
-0.0315199375756
-0.0875529101231
0.00278323185817
-0.0360045020642
-0.0175789376955
-0.0117012589095
-0.0714459067731
-0.00503414342101
-0.0853790211596
-0.0347952380866
-0.00500092538388
-8.55703877337e-05
0.00592116876024
-0.0057323265407
-0.073983764702
-0.0448043654755
-0.00268071954325
-0.0204132932922
-0.0326739713624
-0.00493658857086
-0.0200018559902
-0.0657689460747
-0.00903484473804
-0.00773500377563
-0.0215239116095
-0.00762604686547
-0.00117598167411
-0.0249461586739
-0.044484483833
-0.0202348509642
-0.00740570785988
-0.0899368362799
-0.00161649932754
-0.019042239568
-0.023142739275
-0.0129694687053
-0.0275399152292
-0.0105024295816
-0.00573941315927
-0.0753731587742
-0.00169501289153
-0.026447710037
-0.0432896307591
-0.0453261749771
-0.0269524666919
-0.0194067775808
-0.0777209323892
-0.0379673550956
-0.011126109136
-0.0224265529619
-0.0177961417356
-0.0205589655025
-0.0154000809732
-0.012415254541
-0.0586342480902
-0.00203681068525
-0.00263093661707
-0.0137416932416
-0.0170554624009
-0.0186235818057
-0.0136329674168
0.00175201731225
-0.000551714563917
-0.0333968876836
-0.0514318327415
-0.0168741539233
-0.0229021917882
-0.00312941598607
0.000979079745824
-0.0250956961634
-0.0541795762271
-0.00323750875109
-0.00508964234859
-0.0301332532531
-0.0260668309179
-0.0255637709492
-0.00684308123871
-0.00370448357326
-0.0125614969334
-0.0523268551434
-0.0223076098941
-0.0311992568119
-0.00835654990188
-0.0202897917939
-0.0399341126733
-0.090794284924
-0.0228068444429
-0.00219517415095
0.0024142419761
-0.0539273381386
-0.00997415289353
-0.0366291532173
-0.00756716062298
-0.000837488812813
-0.0283617796804
-0.00567718948627
-0.0111207192495
-0.0452755295277
-0.00983018467559
-0.024095401677
-0.00209120260191
-0.0195632942711
-0.0319130993485
-0.00597417932943
-0.0159586511051
-0.00685582664594
-0.0717863223347
-0.0343009827225
-0.00979564538403
-0.0242455925827
-0.0100271603317
-0.0493342220409
-0.0240868011359
-0.0157826229817
-0.0145211181717
-0.00039940500412
-0.00220766325639
-0.0119713134472
-0.0393622245343
-0.0176043788771
-0.0215922584292
-0.016676450007
-0.0451352963469
-0.00508400373853
-0.00674779271211
0.00245491749428
-0.022240844286
-0.0210653689825
-0.0235308907236
-0.00426931721421
-0.04362623135
-0.0172715898379
3.3636499322e-05
-0.00378930611917
-0.0251163426382
-0.013520556537
-0.00870353709273
-0.0398102881266
-0.0141350543279
-0.00179727127727
-0.0885269178909
-0.0331076856877
-0.0174032388989
-0.0069610496945
-0.0168758802875
-0.0435265325426
-0.0442767793612
-0.0856500678333
-0.00679671792579
-0.000318741338832
-0.0021795145547
-0.0158030773395
-0.000653376474443
-0.00829973576401
-0.00687599924235
-0.0380407081755
-0.0208951717211
-0.0114688005168
-0.0062438620208
-0.0366149933398
-0.0194305797264
-0.00188882159329
-0.00313558067992
-0.000229363365087
-0.00270472875811
-0.00232839902667
-0.0398891520696
-0.007167025591
-0.0151614432608
-0.000383495128643
-0.00177863012003
-0.0129939459302
-0.00399331331229
-0.0272697475266
-0.0292330277311
-0.0183461098916
-0.00606914795665
-0.0212037903413
-0.0445386414025
-0.0075304021051
-0.039565441002
-0.00981054760149
-0.00592563101445
-0.00833117466121
-0.0147345298348
-0.0158765162284
-0.0143309171181
-0.00615219063691
-0.009743590345
-0.0654786811115
-0.00521929552162
-0.0413406402972
-0.0052117352856
-0.0201525147852
-0.00637631365871
-0.000542791010193
-0.0160921820974
-0.00568443953714
-0.0183621095328
-0.0182909848859
-0.00586649267945
-0.00774816977107
-0.0458250953531
-0.0384284686901
-0.000834326332379
-0.0416414542801
-0.0254494593614
-0.0172794535431
0.00461535530382
-0.0304238424566
-0.0426359140892
-0.0316631644671
-0.0217639177858
-0.0147906951179
-0.000994041927393
-0.00585078436397
-0.0618337582356
-0.0332177095611
-0.0300474393778
-0.0192191080079
-0.00840842074373
-0.0226164709499
-0.0316507583163
-0.000842595553643
-0.00348300826101
-0.069551103567
-0.0134482196492
-0.00825367021729
-0.0188389882136
-0.0380856185789
-0.02080613515
-0.00603844404927
-0.0790326072186
-0.037521927827
-0.0169107565597
-0.0366717793236
-0.0239399375403
-0.00653861688837
-0.0219624369884
-0.0162500911309
-0.039328175583
-0.0142421475402
-0.00749753585862
-0.0265193632659
-0.010762296842
-0.0686009765326
-0.0324506622723
-0.0114633729412
-0.00031641813139
-0.00559958515371
-0.0138552380569
-0.000338964467976
-0.079471959842
5.06939277832e-05
-0.00552247525795
-0.0145083993278
-0.001276786166
-0.0119118673531
-0.0376274878445
-0.0410131130053
-0.0311236038084
-0.000109833240129
-0.00906829945476
-0.0206625901009
-0.0852699388285
-0.0263242295959
-0.000381040614516
1.68455268742e-05
-0.0284891980075
-0.0120576457998
-0.0172910105031
-0.0146447378981
-0.0118983500313
-0.013000721851
2.32842488201e-05
-0.000153552307833
-0.0167327712656
-0.0454213587934
-0.0261703433535
-0.000346308803273
-0.000175138821514
-0.087708207828
-0.0141427309998
-6.02745616089e-05
-0.0147453739332
-0.0470113755316
-0.0442697383791
-0.0297097191794
-0.0123478525379
-0.0191786642587
-0.0386633026476
-0.0173054097513
-0.027084095692
-0.00104993113322
-0.0058836234622
-0.0404661690002
-0.00953640182855
-0.000341770843628
-0.0224414732586
-0.0116522929852
-0.087478834533
-0.000150332343796
-0.0213832603739
-0.0117632060138
-0.029480968881
-0.0824306436412
-0.0636280457657
-0.00943251774472
-0.0472312360812
-0.0781634174251
-0.00572816330906
-0.000200099271649
-0.00562555345052
-0.0315970315252
-0.0313769023132
-0.0245937534766
-0.0471956314855
-0.0336699641882
-0.0207963695459
-0.0224084209396
-0.00075822333988
-0.0878842400759
-0.0147652732894
-0.0052505198918
-0.0161081652933
-0.0179580291369
-0.0146274917793
-0.0385634547171
-0.0124151732194
-0.015835623134
-9.41921264532e-05
-0.0124534022508
-0.0169298155415
-0.0118968991859
-0.0623739502558
-0.0341304248173
-0.0107562258067
-0.0128208384694
-0.0106949419179
-0.0898270148552
-0.00941587497746
-0.0649358114046
-0.0188469262029
-0.0436146040117
-0.0212803179641
-0.0356893866454
-0.00630668625846
-0.0332706952738
-0.000679507176274
-0.017861278829
0.000221218664946
-0.00605259733127
-0.0374625997311
-0.0270835314293
-0.026979388993
-0.0193257387543
-0.0856415684401
-0.030200176952
-0.000122349313656
-0.0278289234554
-0.0385509658124
-0.000715712030356
-0.0170306905556
-0.0055000835021
-0.00763652198386
-0.00468030372121
-0.00299491765284
-0.0203957632164
-0.0226097177266
-0.0135091744773
-0.0100728523824
-0.00829977750886
-0.00346824277383
-0.00636762852318
-0.0240813038509
-0.00373120372474
-0.085337456743
-0.0738378484715
-0.0905744969212
-0.0584299845859
-0.0146476001353
-0.0907678897069
-0.0416724048264
-0.0912364360727
-0.0257351357727
-0.00960269533029
-0.0262476223714
-0.00645820197778
-0.0226962325199
-0.087251089687
-0.0902068732486
-0.00713909342092
-0.00568666282281
-0.0202739687449
-0.0156084041098
-0.0198615691949
-0.00655257121772
-0.000119405206969
-0.0161944480406
-0.00571804096738
-0.0894226723374
-0.0077681555385
-0.00701348812067
-0.012315621886
-0.00493686167681
-0.00557040535274
-0.00569397496403
-0.00961107631538
-0.00500327930454
-0.000175754344013
-0.00636934990389
-0.00680905370884
-0.00585885024082
-0.00545268291863
-0.00522834204785
-0.00624150520343
-0.00560546043138
-0.00636925464658
-0.00592894212181
-0.00691288779846
-0.00506745578192
-0.00523877634543
-0.00641287370122
-0.0204306504182
-0.00705445880644
-0.0210731719301
-0.00494018387974
-0.00649728622375
-0.00703972335313
-0.00607278231071
-0.00645976360118
-0.00768991667097
-0.00698103981576
-0.00584419848168
-0.00689295384056
-0.00569527403952
-0.00636104842186
-0.00557257022408
-0.00667740744262
-0.00600814161824
-0.00582310684493
-0.00555175904443
-0.017829836573
-0.00329651738881
0.002509312597
-0.00521456568935
-0.00428704255135
-0.0259803508285
-0.0238403047806
-0.0154263703052
-5.75533194148e-05
-0.0208388999396
-0.0213136657456
-0.0106714999132
-0.00216451932774
-0.0179429599334
-0.0111849967368
5.15278299089e-05
-0.00449165799958
0.00433448486003
-3.09029422505e-05
-0.0188495094795
-0.0194335053159
0.00444409505408
-9.00108473902e-05
-0.00141646722214
-0.0203588627705
0.000640241690597
-0.002175989693
-0.00544870423211
-0.00107761840279
-0.000373903436851
0.00337686996214
-0.0192531091818
-0.0270980314842
-0.0158421900148
-0.0183726813908
-0.00834583671771
-0.0137580881851
-0.0220420227065
-0.00904671782984
-0.00303253946676
-0.0167968952136
-0.0212081355127
0.0027215059186
0.00308852240754
-0.0212046633793
0.0052033522807
0.00435634860284
-0.000225231908034
0.00486638105531
0.00443358909252
-0.0173716751504
-0.0285958355973
-0.0264859483876
-0.0225803688199
-0.0155219350285
-0.0145239319911
-0.0177897026479
-0.0163698407551
-0.0266203958973
-0.00179565952245
-0.0189154086086
-0.0185849083789
-0.0127337989926
-0.0183094580561
-0.0195238869019
-0.0199510129366
-0.013902709798
-0.00223574390786
-0.00965912733633
-0.01456690636
0.00334112416376
0.00382850251904
-0.0201885885714
-0.00151174973068
-0.00106646582856
-0.0193385369627
-0.0134615661357
-0.0148787219169
-0.0247442139487
-0.0230896719876
-0.0166026264751
-0.00604176428742
-0.0198834562983
-0.000502254227269
-0.00381121087011
-0.0109215340488
-0.00330508049243
-0.0151486835821
0.00441569866906
-0.00503247855808
-4.39248647784e-05
0.00373498809765
-0.0209166409206
0.00407457954171
-0.00506781279676
0.000424406763326
-0.00780705424631
-0.0152384158622
0.00326746076992
-0.0182046002361
-0.00573307712202
-0.00232101484184
-0.0185879404788
-0.0188258032902
-0.00525473723038
-0.000363457395879
-0.00126580749547
-0.0156528433994
-0.017011458526
-0.000759318150972
-0.00783182627816
-0.00204563909126
0.000580724530494
-0.018129913149
0.00051914654668
-0.00405817834157
-0.00634485983342
-0.00443120920745
-0.0144646406897
-0.00588390568979
0.00409046669032
0.00418973772729
-0.00700130492083
-0.0188519604661
-0.0216034555864
-0.000209048306331
-6.99162949005e-05
0.00437288966448
0.00181297105392
0.000266211815378
-0.0216306956312
-0.0148699851124
-0.0122552351684
-0.0211778893755
-0.0135403501381
-0.00563629540409
-0.00244063132272
-0.0189850450742
0.0030040506467
-0.00666098704046
-0.00411834619486
-0.0196389071702
-0.00672852068853
-0.0149328673933
-0.013872557823
-0.0128216271336
-0.00981872616908
-0.0248020483796
-0.0283429622267
0.00442708690154
-0.0108678119614
0.00480209232721
0.00359832748063
-0.00399975262824
0.00345836958771
0.00453448595441
-0.0229731945881
-0.0266161760628
-0.0197995052134
-0.0152129300633
-0.0137673956993
-0.0162197747791
-0.0120834061779
-0.0167867663794
-0.0174110838745
-0.0195939083381
-0.0136629760481
0.00250426956764
-0.0190468240568
-0.00306390679224
-0.0189488154011
0.00448143792018
-0.022312873051
-0.0240000502746
-0.0249462168433
-0.0250111012176
-0.0269435842132
-0.0172044594509
-0.0198996888302
-0.0127452385757
-0.0131832229467
-0.0121318672436
-0.0142904444685
0.00216481200746
-0.0109245755056
-0.0199924101044
-0.00124268392308
-0.00363272559531
-0.0138172101712
-0.0112164077176
-0.00294295195628
-0.00697110023701
0.00403022236204
-0.0208536692506
-0.0159220771774
-0.0224389364745
-0.00923368108
-0.0145223567413
-0.0160527139475
0.000147062645994
-0.0184836961141
-0.00100139766324
0.000969422797153
-0.0181775234379
-0.0180881509072
-0.000771766332264
-0.00168062782752
0.0017626941597
-0.00507301241225
-0.0107607250387
-0.00286544305105
-0.0088543586629
-0.00209201966292
-0.00265666808302
-0.000774554737991
-0.00232852096984
-0.0096404477239
-0.00260672169386
0.00459448510264
-0.0250283388666
-0.0209621723283
-0.0141695916754
-0.0126618230507
-0.0134858027935
-0.00583693170322
-0.00308637874329
-0.0116851482767
-0.000353286676032
-0.00540119483489
-0.0186530257667
-0.00412535333356
-0.0170134180488
-0.0174184510126
-0.0188641126762
-0.000910516929952
8.17980447508e-05
-0.00310055515963
-0.0122347494732
-0.0106836729013
-0.0023351664433
-0.0250570876614
-0.000124264437731
-0.0046046441149
0.00426995150325
-0.0197171375617
-0.00467689683905
-0.00380772271614
-0.00495661162836
-0.0211000710255
-0.0150564090159
0.000838132883332
0.00429754242907
-0.0056806154892
-0.0194892048828
-0.000179250408144
0.00300038234479
-0.0158527189564
-0.0193152222565
-0.0110298540329
-0.0239523174886
-0.0211524758581
-0.0120492161124
-0.0147061777325
-0.0140808561472
-0.0191824289329
-0.0199976791263
-0.0191972597705
-0.00331567546325
-0.0118472961154
-0.0139163350883
-0.0116864979126
-0.0147559416404
-0.0120365033918
-0.0225397149393
-0.0155872073591
-0.0232991529248
-0.0243231935296
-0.0256523500664
-0.0187820832686
-0.00995478969334
-0.00270577888078
0.00331291312113
-0.0186714671703
-0.0168385139733
0.00411164230419
0.000488240382884
0.00215254337867
-0.00184237759306
-0.0184531892236
-4.13004643423e-05
-0.00486020476136
0.00416572865125
-0.0131197637756
-0.017326506445
-0.0199255442852
-0.0123199820779
-0.0112113797945
-0.00253104102363
-0.0196514412677
0.00442639280402
0.00426365774563
0.00355784330145
-0.00107459259962
-0.0199319819347
-0.0181171529204
0.00380357058747
0.00474889369227
-0.0196266585113
-0.0153757374027
0.00437784978513
0.00432076724604
-0.00283101064514
0.00732092464902
-0.00335793513379
-0.00422690377385
-0.0196350532699
-0.00386718399954
-0.0102041117521
-0.0153185199919
-0.0183386281577
-0.017113840803
-0.00566689207226
-0.00544653001486
-0.0172943277379
-0.0159354007715
-0.00216041080561
-0.00457878388557
-0.00818453614758
-0.00853945497052
-0.0124713679092
-0.0125538513432
-0.0186224101154
-0.0204236476258
-0.0361427903084
-0.0251462071219
)
;

boundaryField
{
    bottomWall
    {
        type            zeroGradient;
    }
    leftWall
    {
        type            zeroGradient;
    }
    rightWall
    {
        type            zeroGradient;
    }
    movingTop
    {
        type            zeroGradient;
    }
    front
    {
        type            empty;
    }
    back
    {
        type            empty;
    }
}


// ************************************************************************* //
