/*--------------------------------*- C++ -*----------------------------------*\
  =========                 |
  \\      /  F ield         | OpenFOAM: The Open Source CFD Toolbox
   \\    /   O peration     | Website:  https://openfoam.org
    \\  /    A nd           | Version:  14
     \\/     M anipulation  |
\*---------------------------------------------------------------------------*/
FoamFile
{
    format      ascii;
    class       surfaceScalarField;
    location    "12.999999999998";
    object      phi;
}
// * * * * * * * * * * * * * * * * * * * * * * * * * * * * * * * * * * * * * //

dimensions      [0 3 -1 0 0 0 0];

internalField   nonuniform List<scalar> 
4035
(
8.22622084168e-06
9.34613642433e-06
-1.75723563763e-05
8.34835961582e-06
-7.79014759249e-05
7.77793372654e-05
1.76944960448e-05
-9.5473832276e-05
9.54738333389e-05
0.000129218556233
-1.69496783903e-05
-0.00011226887794
2.48807299687e-05
3.31949161296e-05
-5.80756460852e-05
-8.37640228661e-05
-3.31774630294e-06
8.7081769149e-05
-0.000104689553442
7.11808085446e-05
9.72638584015e-05
-6.37551133971e-05
5.45392058461e-05
-0.000146898691405
-5.267745568e-05
0.000145036941257
6.00555853079e-05
-8.2834646223e-06
-0.000109980798226
5.8208677588e-05
-3.05952637431e-05
-9.37406818405e-05
7.99291755334e-05
4.44067699564e-05
0.000139067494222
-0.000102940221336
1.84119329718e-05
-4.96909528989e-06
-0.000134749035671
0.000125516930523
1.42012004095e-05
1.52022008184e-05
-0.000127098402277
8.98149833131e-05
2.2081218175e-05
0.000117445318202
4.80946140985e-05
-0.000122615477709
-4.29244546795e-05
8.36636677171e-05
-0.000104870589026
-9.38834248198e-06
-2.25177439953e-05
-9.88945626619e-05
0.000103892775824
1.75195309032e-05
7.21698487429e-05
-9.96469963288e-05
6.23367672538e-05
-3.48596198234e-05
0.000100976291832
-6.2528112992e-05
2.16074065097e-05
7.91615334981e-05
-0.000100732366656
1.6597265371e-05
7.19386111613e-05
0.000136441478546
-5.84643054281e-05
-5.92177396589e-05
-9.93036260924e-05
-0.000134625340123
4.51379874866e-05
7.0938548326e-06
-7.41441105505e-05
4.60212929827e-05
-7.68413474425e-05
-3.57574805109e-05
1.71249957206e-05
-2.03540447644e-06
8.46096642038e-05
-6.72083726338e-05
4.04575468784e-06
-2.14470463167e-05
-3.87823393421e-05
0.000123392003501
7.99713079705e-05
1.89695794003e-05
-6.2749899898e-05
9.87663024571e-06
1.90629467819e-05
-6.67859802447e-06
-4.06659835569e-05
5.34395092613e-05
-5.25174604878e-05
-3.97043881458e-05
-5.33223005083e-06
5.33223001343e-06
8.29077536521e-06
8.74526334135e-06
-2.23682688015e-05
1.36230053665e-05
-4.48401039517e-05
-6.7208372766e-05
6.56405426414e-05
-0.000370597426798
0.000304956884101
-8.43725351696e-05
-0.000109934329961
0.000194306865152
4.61477550007e-05
-0.000329895520558
0.000283747765504
0.000235848930264
-0.000115723624633
-0.000218832517048
9.87072114495e-05
-0.000209263835878
0.000265952272425
5.10275512011e-05
-0.000107715987699
-0.000391892218478
-2.83921491933e-06
0.000185467597486
0.000316171084679
0.000142855516364
-0.000193074328674
0.000184212864814
-0.00011651969292
1.68144374877e-05
-8.45076093231e-05
-8.54908844536e-05
0.000185331214109
0.00020852740797
0.000173284219323
-0.00011607561914
-0.000370272991926
9.44563925253e-05
-0.000301734531058
0.000220953557113
-3.52946452093e-05
0.000278405854388
-0.000269381651254
-1.18634180427e-05
-5.66740095327e-06
0.000279425964768
-0.000221537611779
-5.22209521036e-05
7.98094736486e-05
-0.000450148229787
0.000335352721965
3.4986034167e-05
-0.00017145614373
0.000214803805813
7.67988910888e-06
0.000160867949169
-0.000178813051245
-6.75457823383e-05
0.000305176552992
-0.000182794556992
2.04735203319e-05
-0.000108723484397
4.99296038837e-05
-5.77258123862e-05
-0.000378204158029
-9.31198924342e-05
-0.000259865936557
2.36725243366e-05
0.000316002885858
0.000306679284317
-7.64977550296e-05
-1.74459526249e-05
0.000253618355521
0.000212086410436
-0.000142478820961
0.000277290879871
0.000138419505918
-2.57156743209e-06
-4.03741051118e-05
-3.92079958417e-05
-0.000598266670357
0.000800247083362
-0.00021792719822
1.59467852101e-05
-4.97290461697e-06
-9.56506175487e-05
-5.22808626802e-05
8.47068998267e-05
-6.63177716115e-05
-3.97545189258e-05
-7.66277034997e-07
2.83125425241e-05
-0.000265561011888
0.00024330463785
1.72834694314e-05
0.00184246346788
1.04820415513e-05
-0.00185294550946
7.29524979363e-05
0.00011675560231
-0.000189708100253
-0.000901570166003
0.000227501718785
0.000674068447275
-0.000947498713445
0.000240410057289
0.000917500517964
-0.000210411861887
0.000505645864309
-0.00114764453878
-0.000575378314396
0.00121737698895
0.000102447945409
-1.68957572731e-05
-0.000145871997681
6.03198095162e-05
-3.95512732712e-06
-0.000781252640317
0.000466371152918
0.000318836614777
0.00085847945321
0.000128034583221
-0.000480868172099
-0.00010949485776
-0.00061275496355
5.82343248981e-05
0.000664015496506
-0.000121857004858
-0.00095406353053
0.000237077046504
0.000838843488958
0.000877104302695
-3.71864879515e-05
5.7141972327e-06
-0.000845632011952
0.00034609714261
3.62132064958e-05
-0.000386265476421
-0.000257144305952
-0.000416638379826
0.000255097110394
0.000418685575344
0.00018436988351
-0.000680594951878
1.76732989774e-05
0.000478551769496
8.77407831826e-05
8.85615297777e-05
-7.38543675613e-05
0.000425253256059
-0.00102213601286
5.60567406483e-05
0.000790768243626
0.0014769484804
-0.000205211998529
-0.000806441972767
-0.000286260701325
-0.00116508677458
9.57310562983e-05
0.000279791933172
-0.00058009140332
0.00053424075927
-9.427266945e-05
2.31605927012e-05
3.9037039608e-06
2.21038807102e-05
0.00270013599432
-0.00356092541582
-0.000130318117452
0.00099110753888
5.2504529831e-05
5.73401340463e-05
0.00030820429858
-0.000190601919163
0.000184207855831
5.2178793853e-05
-8.70264769509e-06
-3.56202411931e-06
-1.87373688321e-05
0.00081265193673
-0.000790352543793
0.00269657397018
-0.00036611732349
0.000366117323445
0.000200559271209
-0.000395702111399
-0.000170974483339
0.000566676594631
0.000404544971941
0.000800247083186
9.88494772434e-05
-0.0019742397162
0.00187539023904
-0.00015127171974
-0.00126295252182
0.00141422424155
-0.000189651515736
-0.00155140641972
0.00174105793552
0.000316608835413
-9.30826696434e-05
-0.000288696327528
6.51701616991e-05
-0.000167935308017
0.000350789697976
-2.76279116376e-05
-0.000155226478246
-0.000495822699498
-6.27238292528e-05
0.000390611220781
0.00054012421514
0.00019826434414
-0.000387598861236
0.000307498883516
-0.0002590060976
0.000145538945398
-0.000194031731382
-0.000107758629471
0.000263985793213
0.000524360336316
0.00011461335609
-0.000172154073611
-0.000553838046912
0.0002301694211
-0.000328810497288
-6.4897903501e-05
0.000221554327235
0.000284187623753
-4.82506592357e-05
-0.000298660793757
-4.96884229937e-05
0.000392812013644
-5.91874577152e-05
-0.000283936132838
0.000343563435939
-0.000487685267498
-6.09636852107e-05
0.000205085516781
-0.000167351972854
-4.61877595611e-05
0.000185911820807
0.000201831450387
-9.34483839617e-05
-0.000216141695946
0.00037684163106
3.51165149463e-05
-0.000213693801844
-0.000121829946427
-0.000126366960471
-1.08091907408e-05
-0.00197122735662
-0.00111741357647
-0.000740946337644
0.00021045485116
0.000874054922478
0.000553972254028
-0.000287051841576
-0.000189517308575
0.00165880423773
0.000424234019745
-0.000253330896162
0.00186925908892
0.00110116029291
-0.000212652652785
-8.82605570012e-05
-0.00267006853081
0.00356092541572
-0.000168504990058
-0.000722351894766
-0.000210285014948
7.32454805923e-05
-0.000141259900858
-0.000190855060539
-0.000128183911104
7.66844653217e-05
-0.000125515792198
-3.83908273449e-05
3.76971964639e-06
-1.9132366928e-05
-0.000416095169494
0.000508473017014
-0.00104577181462
0.00104577181468
0.00060009385438
0.000205251348835
-0.00185111701781
0.00164586566905
-0.00170980839791
-0.000117970155317
1.50299339607e-05
7.54677519449e-06
-8.4620380736e-05
2.20922677794e-05
1.92723951046e-05
-8.89462102492e-05
-1.59243788216e-05
-2.66094430255e-05
-5.8922743132e-05
2.31652626413e-05
2.10485648528e-05
7.88533257521e-05
1.84105326874e-05
1.61034258319e-05
7.8072160692e-05
1.17428226867e-05
1.43170473208e-05
-8.92233141771e-05
-3.33921635652e-05
-3.5783804929e-05
2.79444877943e-05
-2.38987331293e-05
-2.45729727026e-05
0.000249957725302
-2.90041681846e-05
-1.94239259467e-05
0.000112793613628
-6.28640097017e-05
-6.60194376133e-05
0.000200912491143
1.38913146901e-05
1.81179341536e-05
4.37099329192e-05
-4.6281500352e-05
-5.19406846267e-05
-0.000152147740053
-6.66847769797e-05
-6.74408402129e-05
-0.000164254191512
-5.72834202853e-05
-6.55469800627e-05
0.000301172529222
3.4180192764e-05
3.5611517323e-05
-0.000232127545406
1.42003471714e-05
1.11770924361e-05
0.000280896144189
-8.32410155971e-05
-0.000197655128602
-0.000100801012079
0.000123284490609
-2.24834785137e-05
-4.43502130277e-05
7.52738153855e-05
-3.0923602305e-05
-0.000281868762053
5.15551205753e-05
0.00023031364149
-7.01304029278e-05
-8.30221576293e-05
0.000153152560497
-8.51021427068e-06
5.33502051282e-05
-4.48399909007e-05
-7.77958147606e-05
6.92856004695e-05
0.000320931318534
-5.86757673884e-05
-0.000262255551127
0.000166552638939
-0.000254665798628
8.81131597024e-05
-0.000300286149307
0.00029078465945
9.50148986422e-06
-0.000320694309362
3.88255473288e-05
0.000272194932722
8.70121145657e-06
-6.49203888489e-05
2.05701758416e-05
9.18062667852e-05
-0.00016193666975
-0.000171282227153
3.86684953644e-05
0.000132613731759
0.000657876678288
-0.000532220443612
-0.00012565623467
0.000388698689498
0.00026917798881
0.000798678904712
-0.000419162137309
-0.000379516767414
0.000445409874715
0.000353269029974
0.000840152385742
-0.000355606427918
-0.000484545957726
0.000420990248432
0.000336920230255
-0.000129575955482
-0.000207344274807
0.000161725707861
0.000175194522371
-0.000127969436627
4.97481483343e-05
7.82212883142e-05
-0.000196204389434
0.000145622338849
5.05820505357e-05
-1.10184817277e-05
0.000177571120675
0.000155886305116
-0.000217261338589
6.13750334881e-05
6.94809547642e-05
-0.000197004059099
0.000127523104271
-0.00033825454276
0.000323817146949
1.44373958218e-05
0.000266571473674
-0.000268377267895
1.80579417504e-06
1.27489333792e-05
0.000142964877162
-0.00015571381055
-2.47376005355e-06
-0.000168808467126
-0.000107754617811
-0.000146911180813
-3.44644909702e-05
-9.35049456414e-05
-9.88535430964e-05
-1.94746897282e-06
-9.50394209243e-05
-0.000243215121813
8.23153092299e-05
4.09691814227e-05
-5.62669575833e-05
-0.000244019191743
0.000301950770427
1.89805481315e-05
-2.78817590532e-05
0.000189607466888
9.46191664399e-05
-0.00012250092551
0.000108381707243
-0.000545828532138
0.000437446824954
0.000581906568223
-0.000473524860973
4.66411756897e-05
0.000309451811186
-0.00035609298691
0.000492051050389
-0.000229398114717
-0.000302822328893
0.000230894020366
-0.000460292135084
-0.000192822588239
0.000211425919232
-1.86033309686e-05
-0.000371115041112
0.000291676761158
7.94382799585e-05
0.00024168520663
0.000167519080289
-0.000409204286927
-0.00071973934524
0.0001739108131
-0.000331040655696
0.000814169429027
-0.000232262860801
0.000458563001131
0.000383618800488
8.0216440396e-06
-0.000391640444514
0.000479880725439
-0.000170428914276
0.000350304769941
0.00014681272729
-5.21935608767e-05
-0.000214393986996
-0.000156721054116
0.000126112498343
-0.000340506485338
0.00018758207306
5.31665664416e-05
-0.000240748639563
6.10742710697e-05
9.30280546181e-05
-0.000154102325677
-0.000131748317168
0.000409910757588
-0.000168225550968
0.000217054027338
-5.6281080816e-06
0.000372285519155
-8.06087580027e-05
0.000425021744346
-4.14029438581e-05
0.000279182289866
-9.1600216834e-05
0.00015467662264
1.20968247473e-06
6.90169125198e-05
-7.34402196703e-05
-0.000122764169796
7.90903008178e-05
0.00016359390154
-0.000242684202367
-0.000224866865924
0.000276421986507
-0.000242787206948
0.00018411143958
-0.000106300423365
0.000175781378107
-0.000142272222367
0.000155021155738
0.000104004308552
0.00016256716512
4.79974525052e-05
0.000256255397894
-0.000339496413526
0.000254498196248
6.93189507071e-05
-0.000185159938873
-8.32173290599e-05
-1.84827650913e-05
-0.000178521294037
-0.000180713203231
0.000152453232657
2.82599705738e-05
-2.49115914629e-05
0.00017053393028
-0.000137042665817
-2.36354422335e-05
0.000160678107978
-1.04294255298e-05
-0.000144123774385
0.000154553199847
-4.0989986915e-05
0.000274657463783
-0.00023366747685
8.74354603189e-05
0.000102502301005
-0.000189937761312
-0.000182740856663
0.00025339176779
-7.06509111531e-05
-0.000124704961586
-5.60082416356e-05
4.16705358461e-05
0.000164349456667
-0.000206019992454
-4.91053947614e-05
0.000153367257101
-6.59317967713e-05
0.000264303847455
-0.000185213546636
0.000155525430908
-0.000116856935566
-0.000213508209333
-0.000107186100023
0.000195589364403
7.66055682969e-05
-0.000185979700023
0.000102957542346
5.48299387634e-05
-1.47973366045e-06
6.26746247929e-05
8.61395232942e-05
-0.000148814148145
-8.15254992154e-05
2.67226671238e-05
5.48028321206e-05
0.000175715340879
-0.000102697182051
-7.30181588125e-05
0.000123038828361
5.26765125362e-05
-6.80279135792e-05
0.000210992790723
5.85827628201e-05
1.66910525961e-05
0.000158392068465
-9.57174437006e-05
-8.84033408589e-05
0.000130073876728
4.55982519069e-06
-0.000187300681862
-0.000193808474116
0.000217265247225
-2.34567730825e-05
0.000110530857025
-7.78072953079e-05
-3.27235617215e-05
-0.000228279820316
-0.000246046415978
0.000168017163734
7.80292522331e-05
-1.6869090278e-05
-0.000176939383856
5.43930031812e-05
5.61378538685e-05
-8.91751378451e-05
-0.000156871278158
-7.36356089888e-05
-0.000234068018935
0.000307703627947
0.00010776598249
0.000145625785289
-0.0001730143574
4.83093958197e-05
-7.37981445805e-05
-7.72735461058e-06
-3.81977217109e-05
0.00017794579006
0.0001950405429
-0.00025130750052
-0.000171251087176
-0.000130852271777
0.000302103358972
6.9162732178e-05
0.000232788038279
0.000203874717129
-0.000298914138031
-0.000111639323903
0.00021510954286
-8.60095808523e-06
-0.00020650858476
1.0181010283e-05
7.44735841209e-05
-0.000245724671285
4.49001930185e-05
0.000163096657354
-0.000207996850414
-5.53517583928e-05
-0.000142444791178
0.000197796549503
-0.000202598497912
0.000147246739496
-0.000306278373741
1.39713498152e-05
0.000292307023907
-0.000558379322846
7.21032599402e-05
0.00048627606291
-0.000573520153278
0.000104934108988
0.000468586044289
-0.000525466175258
0.000129004218758
0.000396461956498
-6.56893062618e-05
-0.000112831987791
-0.000279174874055
-5.63827132211e-06
0.00028481314535
-0.000434410660438
0.000149420074302
0.000284990586128
0.000219957661733
3.04082882451e-05
-0.00025036594996
-0.000297732546978
1.85576729289e-05
0.000402062927153
-0.000464305835126
6.22429079737e-05
-0.000157698304907
-0.000387715719556
0.0003349020636
5.28136559457e-05
0.000274904538228
-0.000202987669858
-7.19168682862e-05
-0.00065698766517
0.000520934534684
0.000136053130481
-0.000304902913835
0.000163328803325
0.000141574110508
0.000260338399638
-0.000143974711887
-0.000116363687763
8.31183952888e-05
-0.000438235223913
0.000355116828619
-2.32334448664e-05
-0.000454685343519
0.00047791878838
0.000299099356746
-0.000494430549063
0.000195331192324
-0.000148779163055
0.000168300168903
-1.9521005852e-05
-0.000427564522309
0.000493168662394
-6.56041400869e-05
8.9557611981e-05
-0.00051630975881
0.000426752146821
0.000537359843054
-0.000447802231069
-1.91149068003e-05
-0.000223528965447
0.000242643872283
0.000123948579826
-0.000163881596364
3.99330165103e-05
-0.000114057206516
0.000218021686635
-0.000103964480116
-0.000545608011456
0.00020373024634
0.000341877765111
-1.92929549382e-05
-0.000539086367915
-5.36593343767e-05
-0.000252212233202
0.000305871567603
-0.000311916645068
-0.000171392691197
-0.000485594973981
0.000221646928206
-0.000136094647221
-8.55522809826e-05
-4.9068496264e-05
-0.000524451657016
0.000107589721682
-0.000254068849478
0.000234953942684
-0.000354475833624
0.000191942367629
0.000162533466015
-6.82720690744e-05
-0.000457194106185
0.000118481794331
0.000420910597664
-0.000539392391991
-0.000573337650027
0.000561122664846
1.22149851755e-05
-0.000296874456173
-0.000367525090578
0.000486006884909
0.000363226899794
-4.67496034115e-05
-0.000316477296371
0.000592208646394
-0.000493566330427
-9.86423159737e-05
0.000526313348908
6.58952974864e-05
0.000452913521847
-0.000153814165093
0.000554867945717
-0.00032705040703
-0.000227817538681
0.000277585282032
-0.000204252661975
-7.33326200155e-05
0.000221109494596
5.64757874634e-05
-0.000168011137778
0.000466946381309
-0.00029893524353
-0.000238537039469
8.23200416665e-05
0.000156216997794
-0.000235398620424
-0.000119077213178
0.000273112164106
-0.000100103427221
-0.000173008736873
-3.44685638136e-05
4.72545458452e-05
-1.2785982066e-05
-8.48835163635e-05
-0.000349527144078
-9.57901077881e-05
-0.000142746931684
7.06518762709e-05
0.000154785638288
-0.000220474944557
-0.000369046171755
0.0002348236709
0.000134222500877
-2.99904521427e-05
-0.000224078397318
0.000643892255698
-0.000213509037001
-0.000430383218691
-0.000621490778794
0.000118519319316
0.000502971459487
-0.000329521638444
-0.000194592584596
0.00052411422304
-1.49307088095e-05
-0.000372785010753
3.67721453637e-05
0.000236340018741
-0.000268860010395
0.000238869558264
0.000334278161985
-0.000310639516602
-2.36386453997e-05
0.000162091218708
0.000481801036996
0.000616003883805
-0.000237076695761
-0.000378927188036
-0.000459399560086
-2.03613749498e-05
8.01922996958e-05
-5.98309247897e-05
-9.84152689098e-05
-0.000206487644925
0.000229009622082
-6.50997723276e-05
-0.00016390984974
0.000546990239108
-0.000256870229202
-0.000290120009897
0.000195257508183
0.00035173273093
0.000179440365479
0.000436563518332
0.000254228399571
0.000108998500219
4.35836381284e-06
-0.000237889860123
0.000233531496324
-0.000520287420681
0.000263417191477
-0.00031988913468
-0.000200398285992
0.000164548291842
-0.000244701342481
4.93820070164e-05
0.000195319335466
-4.7024301121e-05
8.35845618916e-05
1.9064837622e-05
-0.000102649399491
-0.000176581776896
-6.81195656119e-05
0.00021024676736
-0.00040006021396
0.000189813446592
-0.000497532776222
0.000236428538339
-0.000157259156984
-7.91693813704e-05
-0.000343939408415
0.000427057803708
0.000269596165712
-0.000391872790652
0.000122276624949
9.87991316012e-05
8.54420296708e-05
-0.000184241161308
-0.000413318345431
-2.49168784803e-05
0.000395862529084
-0.000474765497061
7.89029680003e-05
5.98467614184e-05
0.000132258021476
-0.000117228087533
-0.000240961531086
0.000211957362916
-0.000272842912189
0.000229991375945
4.28515362854e-05
0.00059793563283
-0.000495173211352
-0.000102762421484
0.000396006957529
0.000141352885521
-0.000474935668657
-4.13740901544e-05
-0.000233211294063
8.76303974373e-05
0.000145580896626
-0.000124030637084
-0.000109180656992
-2.86035885351e-05
0.000175850327975
4.29234608956e-05
0.000160734703611
-0.000203658164531
-1.12554182727e-05
0.000106054746349
-2.2470184421e-05
0.000411301568881
-0.000441155717771
2.98541489166e-05
2.32666828031e-05
-0.000174980489235
0.000151713806381
0.000225598798355
-0.000137968400931
-0.000494907598652
-1.91091948197e-05
0.000514016793475
9.39910495542e-05
0.000344759350026
-0.000539351934625
6.83396413454e-05
0.000489172304451
-7.78707355894e-05
0.00016271301722
-0.000191316605807
-0.000449789638949
8.63392117988e-06
-0.000149601053929
-0.000385307507653
-6.44821312894e-05
2.26815731287e-05
-0.00053181065119
0.000104246128882
-1.71718513021e-05
-0.000477735747351
0.000475996811094
-0.000226581119785
0.000184487573938
4.20935458729e-05
-0.000502649077661
0.000135123987085
0.000548489596367
0.000128906194859
0.00012615797931
0.000363014325154
-0.00060433294107
0.000509693090369
9.4639850709e-05
0.000494044863476
-0.000517278308344
-0.00051966651066
-6.38421828427e-05
0.000583508693474
-0.000246780423825
-0.000247650125239
0.000152363200815
-0.000109439739956
2.71066032827e-05
-0.000240457903081
0.000213351299795
0.000131495355
-0.000286467163408
3.42549302266e-05
-0.000242952891388
0.000274498657659
0.000252951217158
-0.00052744987479
0.000280732366707
0.000172615629714
-0.000453347996423
0.000177199723277
0.000377668222449
0.000302239516036
0.000313608974237
-0.000615848490266
0.000136817846684
-0.000202191035907
0.000424754750256
0.000173180882567
-0.000105893332834
-4.28858302148e-05
9.11797998383e-05
-0.000227274447053
0.000235445814582
-0.000186063807581
0.000260845482805
-0.000124024723641
-0.000136820759161
0.000116870770916
0.000417665425574
-0.000136933058875
0.00016127514671
0.000113504302908
-0.000274779449612
-0.000146967272249
0.000383918673492
-0.000236951401243
0.000252454946547
0.000305446670546
5.43244046532e-06
-0.00024332277197
0.000237890331524
-0.00046064826879
-0.000143684672283
-0.000267088939383
0.000552789333447
-9.32554952427e-05
-0.000173833444062
-9.22389980922e-06
0.000258529208452
-0.00024930530865
0.000432163579844
0.000120625753559
-8.61828916038e-05
0.000184982023198
0.000155229779651
0.000102274362046
5.29554176069e-05
8.05672520099e-05
0.000253710909989
-0.000182134167158
0.000456632824834
0.00024706426502
0.000214053541786
-0.000279153314108
-0.000200151169373
-4.08103617081e-05
0.000437984786159
-0.000651493823152
-0.000273867371235
-0.000225289537191
0.00050166396336
-0.000276374426151
2.80747894637e-05
-6.77791776422e-05
-0.000174739875852
0.00019202334526
0.000219579962054
-0.000366547234321
0.000304225857718
-0.000163910746594
-0.000140315111138
-0.000417532787575
0.000637641762344
-0.000116707227658
3.09955284715e-05
-0.000255073925784
-0.000260268632642
0.000136243909011
-0.000160735284224
0.000144810905399
0.00024304743775
-0.000229156123047
-1.63235126342e-06
0.000441988820641
-0.000440356469369
0.00057908646562
-0.000460567146293
-0.000150043305132
0.0003602900725
0.000164920771221
-0.0004848099059
-5.35327058566e-05
8.16074952996e-05
-0.000145831814386
0.000238446883243
-0.000267295251567
2.88483683769e-05
0.000432165937661
-0.000385227993859
-4.69379438834e-05
0.000369293706905
-0.00060637040266
0.000233055033914
-0.000227622593436
-0.000483483023007
0.000301165857146
0.000182317165856
-0.000163803396803
-0.000210559533913
-0.000158486637835
0.000377347037785
-0.000480622573907
0.000103275536136
-0.00048201650235
0.000480384151087
-0.000482917886419
0.000257628349239
9.05286042274e-05
-0.000475836111872
-4.95117764683e-05
0.000129895743501
-8.03839670103e-05
0.000585782770067
-0.000513679510135
0.000143685755162
-0.000162818122097
-0.000171933140351
0.000153195771522
0.000434516936936
0.000230996997356
-0.00055804740438
6.01210522532e-05
0.000381867768383
-0.000331751738391
4.33702153676e-05
0.000171725292051
-0.000215095507418
0.000124326743311
-0.000331030771587
0.000206704028257
0.000125753757775
-0.000390689011821
-0.000222339968917
0.00056455121509
0.000617425151642
5.06001216571e-05
0.000381565815955
-0.000542032676497
2.23661658193e-05
0.000351229977068
-2.50507772951e-05
-0.000326179199757
0.000186697688489
-0.000110343110818
-7.63545776911e-05
0.000572425734135
-0.000467491625149
5.07474564415e-05
-0.000532763958796
-0.00024225638459
-1.06638735288e-06
-0.0003573250437
-0.000358765158114
-0.000105540677008
-7.57649615556e-05
-0.000104524500308
5.0991794426e-05
0.000343906705362
0.000119256169926
-0.000168767946388
0.000506005895913
-0.000377001677159
0.000277212606058
0.000224451357315
0.000323114687384
-0.000272514565752
0.000116116151549
0.000188109706148
3.740580172e-05
-0.000433741779774
0.000396335978069
-0.000345714756164
-5.05776480173e-05
0.000396292404219
-0.000675821978131
0.000475696210771
0.000200125767389
1.42672674569e-05
0.000122168579968
-7.15865294677e-05
2.4898120519e-05
-0.000458483687825
0.0004335855673
0.000550949299433
-0.000451058834847
-9.98904645801e-05
0.00047942980222
7.15194971833e-05
0.000338934159063
-0.000324962809262
0.000560440546815
0.000386858543993
-0.000349452742273
5.51522090724e-06
-0.000184265332738
-0.0002123255632
0.00039659089594
9.86878696265e-05
-0.000112507197985
1.38193283557e-05
0.000259969546283
-0.000482766752169
0.000222797205899
-0.000104993625671
-0.000155275006953
-2.82199484572e-05
-0.000417779022451
0.000392728245162
0.000508209603415
0.000162626385294
0.000199653340744
0.000487290569964
-0.000227321023682
-0.000212649797415
3.79099215396e-05
7.924412528e-05
-0.000191595085625
0.000218667766678
-0.000149680395977
0.000230780454249
-0.000119936934139
0.000144299359779
-2.43624256486e-05
0.000398505476955
-0.000249085402656
0.000201537190359
-0.000233824820127
3.22876297581e-05
1.96869032507e-05
0.00021070179359
-0.000230388696827
0.000220165957488
-0.000423920333839
-0.000251901644296
-0.000158206601121
0.000177893504368
0.00025762090837
-0.000394329391019
0.000452563715938
0.000177038280092
4.16294865835e-05
0.000237105679938
-0.000296243165088
5.84589247145e-05
-0.000513144268237
0.000539617662764
-6.01878605375e-05
0.000274090438378
-1.14900900415e-05
-0.000262600348365
-4.05454526796e-05
-0.000109217541192
0.000149762993881
0.000261019757103
-0.000122191462922
-0.000138828294192
3.49815264492e-05
-0.000232636655072
0.000273949711347
-0.000213126753167
-6.0822958196e-05
0.000187809005042
8.61407062943e-05
0.000180714024336
0.00022312710185
-0.000217412904595
-3.35015024336e-05
-0.000358161337429
0.000391662839877
-6.01747538674e-05
8.22670216522e-05
-4.02411847449e-06
-0.000272763305466
0.000276787423962
-0.000229849732883
3.825464726e-05
0.000160602917696
-8.13587924354e-05
-0.000252012983518
0.000211202621804
2.07074688432e-05
-5.66936480607e-05
0.000551343832861
-0.000246159649881
-0.000305184182961
0.000177458236653
-0.000638106505439
1.60960855384e-05
0.000370762458456
0.000206677675115
0.000503863037116
3.57546256303e-05
0.000196409246925
-0.000462138981444
0.000265729734536
-0.000281369729798
0.000165006042022
-0.00010961090611
0.0005054734352
0.000335962941297
0.000215380891557
8.93616492236e-05
0.00054828011313
0.000323918714584
0.000163371855388
0.000467875642018
0.000117752707271
-3.80950134001e-06
-0.000239375323762
-2.09565141055e-05
0.000260331837967
-0.000306264807892
-0.000321805047496
0.000337901133043
0.000248077971457
-2.49508695682e-05
-0.000438342373576
0.000226016810389
-3.06451237296e-06
0.00020147690724
-0.000116034877567
0.000276464097801
0.000527239552898
-0.000164225227727
-0.000286357505241
4.58855543485e-05
-0.000108749564035
0.000153550280133
-0.000258543905815
0.000554311988918
6.81067591816e-06
0.000462962587622
-0.000131815584666
-0.000331147002956
-3.50946951674e-05
-6.9429805156e-05
1.47645481297e-05
-0.0003076473372
0.000553594556139
-0.000245947218916
-4.38713039769e-05
-0.000167214463146
0.000119630270498
4.75841926464e-05
-1.05855465235e-05
2.535009465e-05
-0.000151917397284
-9.66536274681e-05
-0.000234377144113
-0.000444907039015
0.000219592215702
0.000297293615429
4.16405436256e-05
0.000387930711735
-0.000439731851614
5.1801139882e-05
-0.000686644242112
0.000262723908286
0.00033980321863
3.71142611967e-05
-0.000376917479839
0.000257119707652
-9.37909043257e-05
-0.000317250718516
-6.29042592716e-05
8.18738386873e-05
-0.000196930446209
-0.000154030079979
0.000350960526198
-2.67926269734e-05
-0.000140421836174
0.000555190733196
-0.000213705067285
0.000192748553209
-0.000376423809733
0.000381939030644
-7.89592945576e-05
1.60550353046e-05
0.000589590584664
-0.000577375599493
0.000452727635473
-0.000182760249032
-0.000269967386437
-0.000515484844785
-3.71267297883e-06
0.000519197517753
-0.000210122225391
0.000546085166665
-0.000304897490889
0.000478078373449
0.000120926029463
-0.000571984864339
0.000116990553022
-0.000183675330005
0.000334033201825
-3.67395864021e-05
-7.52011020943e-05
9.36116347871e-05
7.04727701417e-05
8.17398418399e-05
-0.000152212611955
-1.62853728627e-05
0.000605875957528
0.000136327270736
0.000291530409977
-0.000427857680706
-0.000206461402242
0.000129237473227
7.72239289543e-05
-0.000534302180855
0.000174086267709
0.000360215913124
0.000138240337188
-0.000234604016624
9.63636793637e-05
-5.2338710421e-06
0.000238288904955
0.000266327644422
-0.000275551544243
-0.00025499855516
0.000477795761067
-1.16218076601e-05
-0.000401213556023
0.000397500883034
0.000132595222379
-8.16034279849e-05
0.000653154447413
0.000205379395365
-0.000460377950514
-0.000519962384354
0.000609324033573
6.30682234235e-05
-8.3523984848e-05
2.04557614757e-05
-0.000229688923366
-0.000364795355502
8.70366012258e-05
0.000277758754301
-3.31210407417e-05
0.000204846332799
-0.000315982110745
-0.000218320070136
-5.56839433789e-05
0.000443614655116
-0.000120492276241
-8.59691260238e-05
-4.50976045284e-05
0.000101821146649
-9.00783239423e-05
0.000311159293596
-4.86010487188e-05
-0.000262558244922
0.000114127291693
0.00024828050637
-0.000362407798064
0.000165914153537
-3.66847152039e-05
8.84026720309e-05
0.000138809357024
-0.000227212029073
1.77322511309e-05
-0.000460792067095
0.000443059815959
-7.1901951475e-05
0.000520758072848
-1.3369582219e-05
-0.000426362269408
-0.000143135473672
-0.000138234256142
-0.000331928885194
-0.00019552098959
0.000248011781877
-0.000515324917893
0.000267313135994
0.000220186993766
-0.000316840621224
0.000367348099357
9.56144882779e-05
-0.000314803325294
-0.000371840916803
0.000433504742734
-0.000361985245583
-2.04655582745e-05
-8.48521287556e-05
0.000105317687066
-0.000526104336144
-9.25238086673e-05
0.000490005580344
-0.000397481771681
0.000669016715171
-0.000301281709866
-0.00036773500531
-0.000325449354383
-8.23406185281e-05
2.21658646823e-05
9.75124271201e-05
-8.18661487273e-05
0.000346739335321
-0.000264873186595
0.00022518885885
-0.000136786186822
0.000275318435193
3.58408583529e-05
-0.000325811710699
0.000342083005346
-0.000397766948715
0.000505478641067
-0.000310147448746
-0.000403431497243
0.000538861470192
-0.00013542997294
-1.94447635909e-05
0.000294763198773
-0.000420658319627
7.30935586982e-05
3.29611876665e-05
-0.000289066571204
-1.73336817422e-06
0.000290799939384
3.35698012278e-05
-0.000191776402347
-0.000326449637831
0.00024458348911
0.000104696582596
1.16757445345e-06
0.000265160069959
0.000354213389883
1.61514590206e-05
-0.000285980719804
0.000269829260753
0.000581648387241
-0.000461308214425
-0.000120340172797
-9.56666603427e-05
0.000429519810669
-0.000137989400682
8.90979705789e-05
0.000153197886698
-0.000242295857273
0.000178216890003
0.000434101907148
-0.000701156567464
0.000267054660326
-0.000215933086574
0.000296500338588
-0.000257179631879
0.000189060066277
-0.000425369365231
6.72080278148e-05
5.61250374213e-05
-0.000306883846545
0.000250758809128
0.000242648250712
-0.000435251727483
0.000389761897188
4.54898303169e-05
-0.000619852848955
-0.000227080432894
-0.000574314176501
0.000558028803634
0.00027032460041
6.37086014069e-05
-0.000235226524164
0.000223736434116
0.000403034667076
-0.000448699796033
4.56651289705e-05
8.87235362972e-05
0.000301105353117
-0.000389828889391
-0.000323052042005
0.000552945211591
-0.000535212960442
-0.000303923840441
-6.08715150433e-05
0.000276990025493
-0.000101459611524
-0.000175530413963
-0.000310302256701
-0.000355661680652
0.000276381688161
7.92799924775e-05
-5.75430914772e-05
0.000399626096829
0.000152983190545
-0.000119413389311
0.000308458482926
2.04715336706e-05
8.13496130219e-05
-8.97501910304e-05
-0.000167429440849
0.000407910075889
-0.000177974260352
-0.000229935815539
-5.1416618929e-05
-0.000423348878119
0.000332502866906
-0.000425334723129
9.28318562326e-05
0.000395568329863
-0.000308531728644
-0.000585935984161
0.000253261143122
-0.000258495014151
0.000160545042555
0.000271718896521
-0.000102748860571
0.000121715018541
-0.000278092554255
-0.000207136296239
0.000149852875922
0.000364157537858
-0.000665439247726
0.000298491290402
-0.000376542607225
7.80513167974e-05
-4.84200182555e-05
-0.000210728665954
0.000259148684222
-7.76966972806e-05
0.000123582251659
-4.81336475284e-05
-0.000451100398721
0.000499234046254
0.000385439948696
0.00012364164056
-0.000509081589259
-2.65475760975e-05
0.000146177846607
0.000222796633888
-0.000118100051301
0.000277233970666
0.000130676105233
-2.23346981497e-05
4.58236903552e-05
-0.000257335253942
0.000346058790244
-0.000388259183878
0.000374889601668
-0.000269042877343
0.000225171573368
-0.000121579044663
4.3882347406e-05
-3.56560053181e-05
-0.000486060025581
0.000342056194466
0.000144003831103
-0.000194740261001
0.000586924278194
-0.00039218401718
0.000182498393628
-0.000272248584651
0.00029127916166
-0.000401349202916
0.000110070041257
-0.000549136173035
-3.67998111266e-05
-0.00020666026914
-6.32679504609e-05
0.000269928219604
-0.000279956232832
-8.52029255331e-05
0.000305389919299
-3.51649500353e-05
4.30233373271e-05
0.000562852620188
-0.000408400556643
-2.90195628901e-05
0.000437420119552
0.000103824918402
-0.000361160172329
-0.000302179862621
7.22571321139e-05
0.000229922730526
0.000362199891805
-0.00014810075246
0.000675970385284
-0.00035218494622
-0.000323785439067
-0.000368408869296
4.66038218062e-05
0.000437122953982
-4.73610567751e-05
2.94171805198e-07
0.000436828782186
6.47246818583e-05
-4.36761169764e-05
1.29688014362e-05
-6.49094860541e-05
0.000100451450139
0.000122345183741
-0.000597335326245
0.000533493143384
0.000644727061527
-0.000352221607188
-0.0002925054544
-0.00026113248878
0.00015577504995
0.00010535743885
0.000344121209195
9.63315825632e-05
0.000347283072548
0.000456719712423
0.000129063057644
-5.77750896929e-05
-0.000459503218651
-0.000214087570144
-7.59927995185e-05
-0.000131143496721
0.000298688600657
0.00034603846086
-0.000302145002746
0.000254995393002
0.000275405141549
7.06536487033e-05
-0.000676324073467
0.000324102466297
-0.000397999049101
-0.000197421843318
-0.000301081151406
0.000498502994723
-0.000384903694015
0.000166651716669
-0.000211489298094
4.48375813831e-05
0.000210375048444
-7.15656914534e-05
0.000327145827095
0.000305804235186
-0.000632950062264
0.000338213257492
0.000100390098155
-0.000438603355663
-0.000483799718493
-0.000592799452734
0.00054466580523
-0.000367210493145
0.000541296760839
0.000416264574284
-0.000305419552516
0.00057459754134
-0.000244362151756
0.000449741547123
1.61198224817e-05
-0.000404379006364
-6.60044539242e-05
-0.000138254342904
7.07085605811e-05
-5.73774270842e-05
4.67918805487e-05
0.000370285480273
-0.00062960004453
0.000259314564285
-0.000389728443018
9.95736086596e-05
0.000206796686984
-0.000306370295628
-0.00027619241019
-0.000400131663301
0.000112362191199
0.000507848301121
-0.00066598579007
0.000158137488977
0.000170888775192
-0.000219308793446
-0.000109811758742
-0.000276493229667
0.000386304988422
-0.000289903175324
-0.00022542174258
0.000248041132984
0.000305553423154
0.000270044430067
-0.000714731847742
0.00044468741769
0.000124405922394
-0.000322008963355
3.29423921622e-05
-7.84264992386e-05
-0.000235202753946
0.000313629253204
0.000592361958665
-0.000135642246242
-0.000254185043127
-0.000408106384837
3.3801079565e-05
0.000593240123332
-3.52113196859e-05
-0.000118404437227
-0.000142728051664
0.000538025332144
-0.000196147567021
-0.000502841395824
0.000585666371815
6.73035161793e-05
-0.000416756258443
-0.000393771061847
0.000364751498955
0.000614175410619
0.000334139414035
-0.000561158474574
0.000227019060537
-0.000179912369423
0.000540128282553
0.000439704546119
-0.00021141310832
-0.000228291437802
-0.000637796872455
0.000329511686396
0.000308285186059
0.000184920447092
-0.000231054574415
4.61341272923e-05
-5.14210534964e-05
0.00024982887845
0.000288196453684
-7.40141423771e-05
0.000283717890942
-0.000274216401076
-0.000290585777287
0.000540414655736
0.000189086706386
-0.000713886699475
0.000524799993092
-0.000395035451003
0.000573910124488
-0.00017887467352
-5.13061713459e-05
0.000236226618447
0.000263222309923
3.15408888219e-05
0.000168395078179
-0.000255728669149
8.73335909746e-05
-0.000318050520529
8.10515100853e-05
0.00023699901046
0.000355923041118
-9.8129760816e-05
0.000696825815432
0.000386003500624
0.000322786869444
-0.000218961951033
0.000162590262381
-0.000127074748711
-3.55155136668e-05
-0.000358810264386
0.000248998505642
-0.00010683894449
-5.66825344059e-06
0.000282072002286
0.000169482291879
-0.000181569456108
1.20871642357e-05
-0.000268392793823
-4.96577266866e-05
-0.000194648215976
0.000722233910169
-0.000452189480129
-0.000119075100196
-0.000306777753033
0.000425852853226
1.3479904068e-05
-0.00013700833462
-0.000482646542494
0.000619654877104
0.000147930811496
-0.000609239025905
0.000438377440729
-9.10943681848e-05
0.000322207840225
0.000355754971818
-0.000677962812027
-0.000250428554159
0.000584567968195
0.000190630920831
2.49151336251e-05
5.73518880479e-05
-0.0002579664405
-1.41762177346e-05
0.000252465122677
0.00025790381908
-0.000208430533941
-6.06123434208e-05
-0.000519167080066
0.000323019513041
2.0406932172e-05
-0.000610273558082
0.000234871594684
7.96999237629e-05
0.000119970150893
-0.000199670074652
-0.000386632106176
-0.000314524461289
-0.000146713482954
-0.000351294341427
0.000498007824372
-0.000101017925585
0.000246598822219
0.000196314326267
0.000396047632398
-0.000381565155812
-0.000269928667337
0.000422336412108
-0.000187464817411
0.000312096701418
-0.000698728807586
-0.00022095393534
-0.000289950928594
0.000510904863936
0.000107093329297
-8.66375678081e-05
-3.13997448332e-05
0.000307781432992
0.000678648608566
-0.000489561902186
0.000181672041641
-1.21897497651e-05
0.000229091697951
0.000493142212222
-0.000394868639893
0.000457111547863
-1.06309140307e-06
-0.000105775853124
-0.000477574314781
0.000256620379435
-8.58701997863e-05
9.57468300399e-05
0.000131815417039
-0.000240996074023
2.14623398247e-05
-0.000302307023884
-0.000224220468136
0.000526527492014
0.000294405229472
0.000105952031076
-0.00035268518457
0.000246733153497
-0.000131599687696
0.000473655882167
-0.000309079829849
3.26540250644e-05
0.000276425804806
0.000461845964115
-0.000598854298743
0.000258238267954
-0.000126422850922
0.000611082169762
-0.000283936342677
-0.000402635146343
-0.00039061704496
-0.000247179827492
0.000266589142565
-0.000343347995749
7.6758853168e-05
0.000336167764866
0.000597649101931
0.00013402508412
4.76469575262e-05
-0.000192583728655
0.000229990524649
0.00038109164512
0.000319344168974
-0.000671529115198
0.000313422167258
4.61667398032e-05
0.000132028351552
-0.000178195091366
0.000485830046851
0.00018358188777
-0.000551965850582
0.000368383962809
-0.000265124181998
0.000225719962818
-0.000235297234396
0.000305950883106
-0.000375163248966
-0.000386493329904
0.000199028512495
1.14931762808e-05
-6.8870603367e-05
-0.000377141921776
0.000147206106248
0.000408757699272
0.000188891402656
0.000379741537515
0.00018713047783
-0.000566872015332
0.000238107631852
-0.00048479500155
0.00011662590004
-9.45446818562e-05
-0.000202408523051
-0.000116731410476
0.000319139933527
-0.000566070570645
0.000379367973702
0.000186702596955
0.00042568313341
0.00014822699107
0.000533936713504
-0.000716159335543
0.000182222622043
-6.90313250179e-05
0.000427013893433
-0.000357982568392
0.000605072025537
-0.000294712256249
0.000209509330724
0.000500557233917
8.29514595306e-05
0.000180275906914
-4.62508227944e-05
-0.000104978693048
-2.61553993769e-05
-0.000165621002959
-6.81468674e-05
0.000630999487584
-0.000164696518076
0.000563966456263
-7.76903933529e-05
0.000257941756504
0.00034713026903
-0.00039111810201
-0.000211416144975
0.00035287662952
-0.000141460484524
-0.000476087674644
1.52956075557e-05
-5.63998007901e-06
-0.000287617490026
0.000498810852973
-0.000115076513596
-0.000383734339364
0.000648855855373
-0.000102942137512
-0.000429779527955
0.000513740530713
-8.39610027299e-05
0.000222675194794
3.05859483349e-05
0.000703573471315
-0.00016963675782
0.000189785189651
0.000249919356463
0.000407729216058
-0.000482916585002
0.00068304235239
0.000281225989314
-0.000603014390195
0.000622192124246
-1.9177734036e-05
-0.000408115980781
9.66938220531e-05
7.16063468558e-05
-0.000223017123329
8.64227012608e-05
-0.000618241503503
0.000227624458535
0.000686365378092
0.000206198956971
-0.000167097380064
-0.000451144123431
-6.80029816234e-05
-0.000524796471113
0.000196690476784
-2.00419941863e-06
0.000399505082437
0.000579629520172
-0.000110808585521
-0.00049794888832
0.000608757473843
-6.69684733004e-06
0.000271856917258
-0.000534367916881
0.000688325598191
-0.000152287022291
-0.000536038575899
0.000178178745458
-0.000479259896868
-0.000269646379813
-4.57002123943e-06
-7.60641157224e-05
-0.000658699291307
0.000590696309685
0.000267113395153
-0.000534054745585
0.000266941350413
0.000204389294159
0.000483936304028
-0.000463200479096
3.97919603003e-05
0.000423408518807
0.000524764302896
-9.8012156079e-05
-2.41058728382e-05
0.000568771678077
-0.000133537192882
9.29917402297e-05
0.000115028242283
-0.000293730650063
0.000178702407779
0.000312748718065
-0.000481932404518
0.000404061668944
-0.000217934683246
-0.000134750501336
0.000655779112627
0.000175233150583
-0.000562772348524
-9.59269427889e-05
-0.000487740599099
-0.000124635420873
3.97832921448e-05
-7.82063302505e-05
0.000103121463901
0.000130223979404
0.000573349491927
0.000346192064552
-0.000596620618714
-0.000361466931919
-0.000267755465883
0.000189328966655
0.000108231305325
0.000197158613963
0.000155812586409
5.154161421e-05
-0.000207354200624
0.000298941290101
-4.62421512428e-05
-0.000252699138856
0.000201979326218
0.000134079375791
0.000407217385034
-0.000201587158556
0.000218476260398
-0.000508379435742
-0.000104163887197
0.000157220342368
0.000103139184479
-2.2443347017e-05
0.000104758656253
-2.28773470537e-05
-0.000142187859524
0.00040877700209
0.000312154179651
0.000272413788542
0.000604133821054
0.000682547300709
-0.000104103944867
-0.000578443355835
0.000660017625078
0.000246064860438
0.000140240127979
0.000692669083787
-0.000562445104377
0.000321212906445
0.000233341307367
-0.000554554213797
0.000120856395215
-0.000121919486622
0.000148854763743
-0.000275277614651
0.000530260278422
0.000273006846462
0.000278005136931
0.000534426531141
9.93975804007e-05
0.000393711600964
-0.000493109181375
0.000334926465692
-0.000297812204496
-0.000287240917626
0.000226628574204
0.000314935333581
-0.000342973835784
-0.000389023786353
0.000192093340149
-0.000435939459218
0.000469486393951
-0.000636583774017
-0.000354057929481
0.000331180582433
-0.000549447768365
0.000369535398934
0.000711742078007
-4.21509554066e-05
0.000206500412058
8.02170282959e-05
-0.000467756246696
0.000387539218392
6.26401319931e-05
-0.00068363377316
0.000609725772864
7.39080002837e-05
0.000256592895109
-0.000325075590179
6.84826950688e-05
-6.63936804145e-05
-0.000461706691015
-1.43809836117e-05
9.00264632772e-05
3.98692802394e-05
0.000268468794209
0.000157384059013
-0.000258830628727
0.000329264308866
-0.000296610283789
-0.000144875886322
0.000128436664366
0.00052471778305
-4.9645304833e-05
0.000181673656386
-0.000218192517267
0.000165971565113
0.000135348050437
6.66312757784e-05
-0.000540441227794
0.000250490299201
-0.000117896246986
0.000256136584064
0.000121097078919
-0.000238993325934
-0.000223424439852
0.000385957905881
8.92202391623e-05
-0.000182668623168
-0.000187613340144
0.000442710450529
-7.39007791085e-05
-6.47895257213e-05
-0.000428324210021
-0.000110284281252
-9.31723532994e-06
0.000246932938543
-0.000237615703199
0.000430161931402
0.000114834098654
-0.000544996030044
0.000611098331708
-0.000635204204557
-0.000386754738886
0.000204312023636
0.000182442715244
-0.00011270566147
6.92980836107e-06
0.000365846444638
-0.00028339511303
-8.24513315793e-05
0.00018481037155
-0.000329686257861
-0.00067358093403
-0.000246658163204
0.000279600555372
0.00036804487742
0.000177985517408
-0.000546030394829
-0.000158241214302
-6.60144919609e-06
-0.000131121427239
0.000137722876414
-0.000258925808928
0.000567130107558
8.08394151654e-06
0.000273571175973
-0.000641306181288
0.00059674214099
0.000359436976658
-0.000462185837222
0.000462712512798
-0.000655926915943
0.000641262889702
1.46640262367e-05
0.000338328491657
8.86854017827e-05
-0.000117380270603
9.48967921001e-05
9.23727770619e-05
-9.80410304863e-05
8.01280380211e-05
0.000100147868891
-0.000431295057283
0.0004063781788
-0.000622573659956
0.000346381249757
-0.000244946284887
0.000592076553921
-9.80880419214e-05
-1.46176195379e-05
0.000105862063885
-0.000154955227893
0.000523339190706
0.000354436410971
-0.000668246332834
0.000313809921855
-4.36086820069e-05
-0.000224146783862
5.95349549855e-05
0.000493410256619
0.000562679629205
5.95124950573e-05
0.000622214584201
0.00039787623831
-0.000318596245838
-6.623910813e-05
-0.000244857664187
0.000432319176628
-0.000352102148328
0.000256790334691
-5.82051422445e-05
-0.000318712337596
-0.000554390694466
-0.000613025401912
0.000345602571096
-0.000160792199562
9.73267052021e-05
0.000347711668719
2.30507897394e-05
0.000184417906808
5.69663422217e-05
-4.6201143078e-05
0.000539075385595
0.00037421663425
-0.00010292518939
-0.00027129144484
0.000184885648138
-0.000194202883474
-0.000302157332853
-0.000186574048748
0.000488731381592
-0.000148523215674
-2.96718756983e-05
0.000130643690699
0.000588205226495
-0.000360580767956
0.000114254946023
0.000620631172586
2.06317171217e-05
-0.00068554412602
0.000575259844788
-0.000125861656023
-0.000217486339726
0.000130446930097
0.000409681352425
0.000188779480641
0.000480027284449
-0.00066880676509
0.000423973510491
-0.000684416578608
0.000260443068106
3.75273552385e-05
-0.000112790435603
-9.12905102483e-06
3.18400514507e-05
0.000174660360632
-3.4593689707e-05
-0.00043316255698
-0.000662901164576
0.000558797219729
0.000130161843776
-0.000487917623756
0.000104183284406
-0.000213961200447
0.000421683990288
-0.000336763490429
-8.49204998551e-05
0.000135310578172
-0.000671349154065
0.000112944957533
0.000138288877261
0.000523707602854
-0.000136168384469
0.000298085216601
-0.000477313549375
-0.000158215802254
0.00052626067966
-0.000136927894943
2.58164905892e-05
0.000658265874588
0.000127667887849
-4.04351468009e-05
-0.00053299742728
-0.000152546698735
0.000690628898761
-0.000266655388276
-0.000560979053948
0.000177943381508
0.000295712500655
8.76893613849e-05
-0.000666132717214
5.91550026933e-05
0.000689722819616
-0.000428619924955
-0.000261102894662
0.000132595313367
-4.25688500882e-05
0.000557727054924
0.000603388669518
-0.000648890214131
4.55015446283e-05
0.000213909230427
-0.000411086047096
-0.000130315494643
-8.05932610352e-07
-1.02766224151e-05
0.000239268291846
-0.000669651510541
-0.000626142246384
0.000640806272615
0.000178712202554
-0.000222320884558
-0.000413529360958
0.000278778859613
0.000631993050196
-9.84999068287e-05
2.86419980701e-05
-0.000177165213743
-0.00068523469823
0.000309988417154
0.000375246281069
0.000366843459691
-0.000515026013872
-9.42130120154e-05
0.000244991332546
-0.00040578353211
0.000138788528856
-0.000589932652296
1.72385985149e-05
-0.000135312876372
0.000107188570341
0.000240870580859
-0.00031839123854
0.000140084871088
1.14659482129e-05
-0.000151550819312
1.66617533255e-05
0.000121061123073
-3.9158982281e-05
0.000251170951973
0.000323426589395
-0.000144220634269
-0.000208858228284
-4.51624564956e-05
0.000254020684786
-8.13261406228e-05
-0.000231515687011
0.000312841827635
0.00015674662441
0.000562644478853
-8.6081853289e-05
0.000516243784705
0.00066442482812
0.00056649845154
-0.000306598115434
-0.000115434548256
-6.88066130756e-05
-0.000120531388936
4.45078948725e-05
-0.000670650141274
-0.000104719861126
0.000351453014613
0.000319299986272
-0.000471217383557
0.000444862373586
-0.000354388577696
0.00046922267634
-0.000533496186919
-0.000311199605119
0.000350371325889
-3.91717207631e-05
-0.00012740805514
-3.63862047218e-05
0.000384097873438
8.04632347589e-05
0.000623537570413
-0.00012298033652
-7.48375766324e-05
0.000493004612324
-4.76565096764e-05
0.000540661121999
0.000512070401405
-0.000184210499482
-7.37559410261e-05
-0.00043336637839
6.62145624045e-05
-0.000409137137794
0.000648405429635
0.000131327557789
-0.000485716135487
-4.66448684031e-05
3.78725182087e-05
-0.000574608154871
0.000536735636661
-0.00016853802841
-0.000422190525088
-0.000391730228608
0.000472193463369
0.000489656724591
8.40288725176e-05
-0.000573685597103
0.000436039025146
-0.000406184876235
-0.000318929970202
0.000591343758742
1.89438153715e-05
-0.000371045963694
-0.000584685410566
0.000537028900893
0.000410106417391
-0.000316137621819
0.000197733184579
-0.00058365979268
0.000321670680832
-0.000490208709234
-9.81308223971e-05
0.000138000298154
-3.98694757432e-05
0.000251237632257
-0.000389227032935
-0.000165699265532
-0.000315578485189
0.000377394247184
9.18284291524e-05
-0.000526932955215
0.000564805473423
0.000371331581071
0.00048241008646
0.000305386556259
-0.000265450826034
-4.1147289394e-05
-0.000156229020444
-0.000119048594199
8.17139510794e-05
-0.00060864690629
-0.000144577510763
-0.000529003423265
-0.00028261631172
9.50090433998e-05
0.000187607268297
-2.61230709465e-05
0.00033390450394
0.000343604448196
-0.000501820250447
-0.000146017778862
0.000623904210015
-0.000477886431174
-0.000296914751759
0.000242105972889
0.000633439258202
-0.000442808337359
-6.5628005676e-05
0.000443022252863
0.00028859000703
-1.8760746301e-05
0.000707022615139
-6.05239005047e-07
-0.000425757030409
0.000202492575018
0.000351117888282
0.00015978697565
-0.000466148961954
5.80425771249e-05
-0.000581263908892
0.000288758454487
0.000397214985399
5.367548229e-05
8.74896350534e-05
-3.38229899844e-05
0.000523479714576
-0.00049057928235
6.50343673775e-05
0.000406918002649
-0.000471952370017
-0.000316106461004
-0.000164045454651
-0.000205489298142
-0.000200294233953
0.000577051050673
-0.000195959405546
9.21561837939e-05
1.26024724919e-05
-0.000385789699717
0.00045061577903
-0.000280600143601
-0.000209608565628
-8.13367448523e-05
-0.000508595907438
0.000695275313231
-0.000211339009207
-0.000287612863382
0.000233208384986
0.000556237995887
-0.000139750658463
-0.000162394344298
-0.000525267924761
-0.000111315849259
-0.000139444545679
-0.000240876692502
0.000420016177581
-0.000681119072235
-0.000239277788144
0.000443589811778
-0.000152356751936
-8.66223348385e-05
0.000514051471166
-0.000427429136321
-0.000335101606561
0.000116139655541
-2.90584692568e-05
-0.000409792349264
0.000438850818523
-0.000657767849016
0.000360853097264
-0.000430734514937
0.000495768882306
-0.000190620803313
-0.000377453090171
0.000568073893484
7.29980827402e-05
0.00032421690266
0.000559762509196
-0.000130879620328
0.000105245023507
2.56345968362e-05
0.000206007886567
-0.000412031133708
0.000382972664451
0.000255287690324
-0.0004964146841
-0.000330200690295
0.000205785649152
0.000239913793312
-9.88413158734e-05
-3.20383044464e-05
7.44108789251e-05
0.000211951948197
-0.000286362827119
0.000480228481182
5.92927199085e-05
-0.000448074232645
0.000514288795055
-2.21630316386e-05
-0.000180468607739
-0.000149217650103
-0.000525132662594
2.79225784505e-05
0.000252779660151
-0.000293214806961
0.000480894377553
-0.00024768599256
-0.000629935688603
0.000237751671434
-4.2755762945e-05
0.00017166195781
0.000283201485997
-7.70025290194e-05
-0.00016064317128
0.000334683235288
-8.8617856974e-05
0.000441038286238
-0.000328203588581
0.000187888477428
-0.000606604669622
0.00042844022909
-0.000343875369425
-8.45648596822e-05
0.000370235086843
-0.000644812036181
0.000228012278763
-0.000254167678129
-0.00040096862365
0.000354726472407
0.0006883977674
-0.000359378886296
-0.00023817748197
0.000427990928557
-0.000146576855898
0.000124413824247
0.000273081252152
0.000120944886097
-0.00045171879859
-9.33818176935e-05
0.000285203850849
-0.000150870195169
0.000333312910409
-0.000702634185103
-2.37641805658e-06
0.000242743302086
-0.000275864342832
4.47485115075e-05
-0.000553344418934
9.55261647326e-05
-2.65114719559e-06
-0.000149705604755
0.000330874818959
-0.000115960663696
0.000465496557764
-0.000110379729154
-8.12330310537e-05
0.0003924820272
-0.000101202865543
-0.00028028598461
1.0639604796e-05
-0.000334228573146
0.000148651558694
0.000185577014465
0.000376029597539
2.18466407726e-05
0.000270126873987
-0.000371110073802
-0.000108149823064
-0.000449720575023
0.00053049565366
-0.000129065913776
0.000225759735845
-2.56319698024e-05
-0.000173288594406
0.000454514583709
-0.000306131774809
-0.000144681953167
0.000537664315125
-3.05974908778e-05
-0.000576007178743
0.00037202367554
1.65352354066e-05
-0.000182234500942
0.000113408532338
0.000722360890062
-0.00037945582495
-0.000342905065128
0.000213890668572
0.000289872600252
8.68823749263e-05
-0.000376754975173
-1.50307214407e-05
0.000206413520466
0.000228103416479
0.000223844032293
-0.00014943315337
0.000525093255933
0.00034879877814
-0.000490986637654
-0.000297339326181
9.72183617366e-06
0.000329183557504
-8.01850518508e-05
-2.41825509427e-05
0.000314055151195
-0.000442140444213
0.000227955875022
-0.00071275087655
-0.000126336501424
-0.000173513953192
0.000635359917297
-1.1424376043e-05
-0.000180400140372
1.64902906352e-05
0.000613092207315
1.18659933145e-05
-0.000624958200639
-0.000215257187733
-0.00040731647225
-0.000341855003521
-0.000151254177851
-0.000305374892691
0.000590578743538
1.20937612352e-05
-0.000343845499625
0.000500962894548
-0.000142773387582
-0.000258575815336
0.000582494716435
-0.000145073749361
9.88229265691e-05
-0.00032514875878
-0.0001647363262
-2.30846826955e-05
7.37696895997e-05
-0.0001224420404
0.000473559928676
0.000343124956723
-0.000167826835306
-0.00016037675329
-3.64244722739e-05
0.000402721134845
-0.000222220353575
-0.000180500781276
0.000354285982354
-0.000154632641625
9.90859921513e-05
-0.000274433944336
0.000405110049565
8.02274095785e-05
-0.00037112496292
0.000348040280212
0.000445078234967
-0.00030995424789
0.000625345395304
-0.000613479401986
0.000465413070485
9.00260854225e-05
-0.000555439155912
0.00045643945305
-0.000491033142756
7.87139814383e-05
0.000365222331096
-0.000119157470643
-0.00027266992636
0.000171210314841
9.71493636934e-05
-0.000579795906182
0.000445012282392
-0.000125712296119
-2.62445543275e-05
2.09333862689e-05
-0.000107870429211
8.69370429429e-05
-0.000413546685773
-0.00025189256195
0.000645977112426
0.000658932318026
0.000319645049027
5.45715852408e-05
0.000236606902953
0.000151255451953
-0.000387862354883
-0.000277763520241
-0.000400199291797
-7.09612788073e-06
-0.00056891105086
0.000488724954676
0.000659680545064
-8.44207002766e-05
0.000459900949932
-0.000401442025227
0.000301640794667
0.000407955788589
-0.000469830711943
-0.000137852999121
0.000158786385388
0.0003805301511
-6.23173197457e-05
-0.000441270097011
0.00053679626174
-0.000301909347429
-0.000576651873429
0.000161724169543
0.000414927703895
0.000271287559682
-0.000202804864618
0.000349906526595
6.0800579871e-05
0.000252041247764
-0.000302278632438
0.000388701333688
-5.28872656231e-05
0.000377104168278
0.000116456957926
0.000153806186124
0.000133406352341
0.000390134987244
-0.000200879105678
0.00048398619807
1.86511163751e-06
0.000154135572226
-0.000259048076122
0.000131014905198
-0.000143204654961
0.000256901974922
-0.000272126178746
3.41439195208e-05
-0.000139118845624
-0.000187362160634
0.000140769024047
4.65931366e-05
4.53595954798e-05
-0.000355829355368
0.000119725199186
-0.000322133722235
0.000191436081223
0.000161440548312
0.000619357633758
-0.000418783525521
-0.000222522655776
0.00060302886201
-0.000137615791535
-6.89972006804e-06
-0.000381436598292
0.00038833631835
-0.000174370542365
-0.000186459147048
0.000360829689388
-0.000293791396814
0.000116289745954
-0.000234882659143
-0.000135255697641
0.000458901690017
-5.25235112102e-05
-0.000508115249775
0.000252054810638
0.000256060439101
0.000337133554103
0.000249453593453
-0.000429802429362
0.000457725007815
0.000537814409067
-0.000288360815608
-0.000292207963358
0.000482201305507
-0.000189993342161
0.000305925853663
0.000282809068181
-0.00041812194457
-0.000127453260618
0.000384355235546
5.54163573806e-05
0.000287708599345
-0.000546465538473
0.000410297154004
-8.5991033172e-05
0.000271568047635
-1.40588441629e-05
4.20139594182e-05
-0.00024813252698
0.00011994861588
0.000390490368028
-0.000292335633927
-9.81547341003e-05
0.000286701661232
-0.000397290518016
-0.000274269065886
-4.40063753454e-05
0.000343787935495
-0.000299781560145
0.000362761204858
-0.000194552040026
0.000392253827642
1.04496168963e-06
0.0004087089222
0.000124005921586
-0.000178113409275
-0.00012247317747
5.09246903637e-05
0.000182068467412
-0.000232993157763
0.000453096559674
0.000137122078771
0.000144145319511
0.000339407963132
-0.000363046608547
0.000322819210575
-0.000448680866602
-0.000130966007583
0.000540647359997
0.000204060314041
0.000432190419013
-0.000406373928416
-9.22336705712e-05
-0.000393710744954
0.000416761534699
0.000136437470271
-0.000238262071868
0.00010182460161
-0.000124148561173
-1.7111339713e-05
1.24747916376e-05
0.000287429154077
9.24180332218e-05
0.000211212079211
-0.000303630112446
-5.07387428713e-05
0.000149561669445
-9.86250413878e-05
4.78862985192e-05
-0.000128347921819
-2.07245465638e-05
0.000117928098151
-9.72035515811e-05
0.000152261534562
-0.000524649935218
0.000209071450034
-5.75628140458e-05
-8.0691528832e-05
0.000211178094193
0.000297611789478
-6.81185008898e-06
3.16775266189e-06
-2.56547251413e-05
-5.37972288879e-05
-8.98460279199e-05
0.000143643256765
-2.00470554844e-05
5.22242196981e-05
-3.21771642457e-05
0.000261218110497
4.73573954717e-06
2.33942478649e-05
-0.000172827401245
-0.000477058758193
-0.000163929201521
-8.28074694129e-05
-0.000189862456949
0.000216337101737
0.000149645185306
-0.000426388504147
0.000477519791554
0.000409826049989
-1.96910627434e-05
0.000348521960868
0.00016834405537
-9.78712852366e-05
0.000307457605151
-0.000254880281825
0.000275985561446
-0.000230625965955
-2.25718731646e-05
-0.000496397495501
0.000518969368655
0.000247385496694
0.000509012713661
-0.000184245336489
0.000594542490483
0.000120417364504
-0.000137542485204
0.000179556444637
0.000532499580735
0.000212459615528
-0.000329191025997
0.000359665721772
0.000524252204137
0.000253605414132
8.4476181346e-05
-5.5709789354e-05
-2.87663919984e-05
0.000465126234037
0.00025402633701
2.5574218372e-05
-0.000294093938371
0.000248931481875
3.92253298426e-05
-0.000221539149277
-0.000280281101171
0.000450390256818
0.000311468598926
-0.000714103745267
8.6672175773e-05
0.000450992139346
-0.000667010116359
0.000389246596119
9.122265401e-05
-7.86201814792e-05
-0.000184411542109
-7.13171270426e-05
0.000501444009019
-0.000326210858439
0.000142470258612
0.000198739753646
0.000189274063734
-0.000420659131636
-0.000285180239665
0.000181909360971
0.000103270878705
2.31601774743e-05
-0.000204729633575
-0.00023322838801
-6.08655503611e-05
0.000425271988303
0.000673969158281
-0.000446013283278
0.000247214486929
-0.000208685947049
-0.000443405906703
0.000652091853747
-0.000214414993482
0.000404200183133
0.000243587084759
0.000126845869295
0.000533167263041
-0.000460788071122
-7.23791919368e-05
0.000205284501459
-0.000279040442488
-0.000597436162692
0.000459820371156
0.000253425056992
-7.03582564105e-05
-0.000214821983248
0.000461120193221
2.26611661621e-05
-0.000240810434723
0.000218149268578
-0.00029799187277
-4.74134603622e-05
0.000301018874511
0.000284663156841
-0.000377186965531
-0.000381243030265
0.000398994270063
-0.000183121183357
-0.000215873086706
0.000218535732718
-0.000535510837044
-0.000572297158288
0.000277385549622
-0.00018989591456
-0.000168167427092
-0.000215236216345
0.00065969239033
-0.000182172598786
0.000400670781915
-0.000342628204799
-8.14660650375e-05
8.25110267596e-05
0.000426673970247
-0.000433506523028
2.62523312067e-06
-0.000256743426517
0.000250046579167
-0.000636069341553
3.02863494864e-05
-0.000326896633267
-3.13545027302e-05
-5.10837967857e-05
0.000270739881651
-0.000722929361778
0.000510595389879
0.000284787829992
-7.52784992744e-05
0.000438721534121
0.000127776917431
0.000292083987011
-9.49253730433e-05
0.000500286798998
5.00265855069e-05
-0.0005503133845
7.64819775522e-05
8.75737617713e-05
0.000256214173727
7.98592888703e-05
-0.000322771097591
-0.000463380216614
0.000342400300134
-0.000214935281952
0.000329062573633
0.000176248970397
3.91108895787e-05
-0.000211938290834
-0.00015471789172
0.000274443090903
0.000382292140931
-0.000434815652134
-7.13484562802e-05
0.000453640597224
-0.000301653271163
-0.000227771652926
0.000515968106612
-0.000240336146127
-0.000530851428216
3.44539327097e-05
0.000218624503633
-0.000283414029351
-0.000286889096871
1.67722402287e-05
0.000393053809752
-0.000100850954348
-8.28243756556e-05
0.000323746602393
-0.000392986049297
6.92394468745e-05
-0.000207221629204
0.000251922883054
-0.000194915887882
-5.70069951778e-05
0.000266320013131
-0.000207027293212
-0.000602499062239
-0.000333551155339
-0.000116553573048
-0.000181438299721
-0.000106437964547
0.000122928255185
-0.000282292567198
-1.96167802315e-05
0.000555178492047
-0.000329370678819
2.97748446931e-05
0.000299595834127
-0.000522060199076
0.000306803011318
-3.48316176937e-05
-6.68416772884e-05
-0.000582698728894
0.00024048372557
0.000342215003295
-0.000258142126308
-0.000186622409275
-0.000273688925916
0.000350294494181
0.000547792368992
0.000235163604185
4.16620794743e-05
0.000335442088795
8.24446022833e-05
0.000473900719896
-8.78972192702e-05
5.04465828941e-05
-0.000267219011526
8.1639783419e-05
-9.56986275754e-05
-0.000442010994911
0.000574511617745
-0.000345413078419
-0.000235158176308
0.000361553101724
-7.68899449056e-05
0.000553048905729
-0.000122996831486
-0.000199136890742
0.000184407256093
0.000435680424909
0.000269727662122
-0.000377736963565
0.000108009301428
-0.000138806968686
1.24400082011e-05
0.000142237012057
-0.000330975924091
0.000308641225949
0.000179415583113
0.000204939652443
-0.000165205750688
-0.000359444184535
-4.36884370256e-05
-0.000167396638708
-0.000161794387282
-0.000267957702279
8.86227526138e-05
0.000212396121905
0.000253096170955
-0.000159282865052
-0.00029039347019
0.000180605756015
-9.15209263335e-05
-1.09276393733e-05
-0.00033990779655
-0.000300070065298
-0.000693828994109
0.000350855158327
0.000649733980326
-0.000117234399601
3.94999028704e-05
-0.00030733250309
-8.99580149228e-05
-0.000241038084677
-0.000267077165121
0.000184579276586
-0.000318830882335
0.000234462708525
0.000174246213683
0.000209495547422
0.00045019684289
0.000415351456028
0.000352214329021
0.000388268894653
-0.000317174797093
-0.000411460762866
-0.000313647069925
-1.6985257963e-05
0.000240476971675
0.00012133730883
-0.000225818326532
2.2229470576e-05
-0.000299349236223
0.000616371435691
-0.000661830316998
0.000479657718183
5.34403631382e-05
-0.000312113177734
0.000258672814539
9.75658898576e-06
0.000500676830854
3.61194308822e-05
-0.000134991193158
0.000210026086862
3.91691961199e-05
0.000360335886311
-0.000659885804241
0.000419549658107
0.000505412570405
-0.000236289758459
0.000525048212922
0.000253039981338
0.000200056578343
-0.00030458239799
0.000205147711303
0.000154488082389
-0.000228502224762
-0.000178953204479
-8.88579860906e-05
0.000344836926346
-0.000495406440985
-0.000276489900652
0.000201211401373
0.000342691533182
0.000127828886529
-0.000147230715692
0.00018900586955
-8.82895651235e-05
2.41936529434e-06
0.000281122193562
0.000480669713801
6.60076101537e-05
-0.000260923498043
8.21611637561e-05
-0.000427286195022
-0.000492538536207
0.000168333398184
0.000324205138018
0.000133497033856
-0.000476350847397
-0.000109389184318
-0.000125214832289
0.000209581228712
-0.00031530968546
-0.000473247819967
0.000244956382163
-0.000284010128245
-0.000623930760155
0.000418310831476
0.000205619928682
-5.78653970188e-05
0.000273191241624
8.52317774341e-05
-0.00041809180616
-0.000535763694224
-0.000152817603353
0.000627418896089
0.000523155394188
-0.000509978684391
0.000502311486819
0.000366588259621
-0.000368643069834
-0.000116667853344
0.000520729522311
0.000243740717049
-3.26501629984e-05
0.000177697339346
0.000164994193847
-0.000130326567832
-0.00036324858695
0.000348915245516
-0.000275145555909
6.41840983371e-05
1.33303561224e-05
-7.75144544243e-05
0.000265500607577
-0.000109725557541
-0.000287613251842
0.000236192198346
-3.43691189897e-05
0.000258775826255
2.9742376129e-05
8.01724922365e-05
-0.000562748006401
5.1103041023e-05
5.86065170901e-05
0.000496571974965
-0.000251989684278
0.000206860420742
4.51292635355e-05
-3.41881948582e-05
2.91348503023e-05
-7.21861393007e-05
0.00035835054763
-0.00016829179457
0.000496916376959
-4.72218310084e-05
0.000539276230896
-0.000376437092992
0.000151570227079
-0.000115520406307
0.000273551478513
-2.04553075649e-05
0.000237845009051
0.000278123097558
-0.000209403565387
-0.00044533067143
0.000514570118302
2.14254954587e-05
-0.0003823413813
-0.000139718817794
-0.000472767608831
-0.000240942691009
0.000167041911904
-0.000138323636738
0.00021845167476
-0.000743471766683
0.000120057535209
0.000206313149899
-0.000602917978689
0.000485683579082
0.000106211061223
-0.00058409749242
0.000607316701029
-6.03369350004e-05
0.000213036934008
-0.000532691405847
-1.762197865e-05
-0.000586259233262
0.000369628424352
-0.000225037367154
0.000115648182849
-0.000362211980876
-0.000381259785892
-0.000158912287829
0.000218262478553
0.000142567210835
-0.000262544028899
9.30360863241e-05
-0.000320116519168
0.000283240619926
0.00021261425583
-0.000658627539112
-0.000461885193522
-0.000155918308412
0.000385643633483
-7.78247227578e-05
0.000493809195518
-0.000513102150463
-0.000214010482628
-0.000102157647542
-5.95224002532e-05
0.000121931056665
-0.00025296792077
0.000131036864113
-0.000168462413519
-6.14603128579e-05
0.000239363283659
-0.00051623072941
0.000190019870965
-0.000271345743147
0.000518707316037
-0.000321141770158
-0.00056368854652
0.000557123568225
-0.000516934066654
-4.01895015742e-05
-0.000535222000579
-0.00032340957926
-0.00014473305487
0.000552598181909
-0.000228393043903
0.000347372844846
6.44803307002e-05
0.00049264323752
-0.000443167262189
0.000287283460516
0.000155883801664
-8.63928594338e-05
0.000298788981351
-0.000105088751252
-0.000345451046445
0.000184167182424
0.000161283864044
0.000482801391208
0.000136664390562
0.00035334118977
0.000425105609933
-0.000330455688263
-0.00037364497743
0.00017275582479
0.000258771381096
-0.000228363092847
-0.000347500671567
0.000532937554129
6.33867677499e-06
-8.02120959804e-05
0.00054875556792
-0.000339684117882
-0.000547720169295
8.32049917214e-05
0.000515315575481
0.000399272141038
-0.000627665184939
0.000541335534469
9.44997842796e-05
-0.000259355398086
0.000128074274378
0.000228788887241
-0.00018669534137
-0.000146749554736
-0.000398246475302
-8.61306308118e-05
0.000261002511274
6.85097805899e-05
-9.0979964991e-05
-0.000170086928885
-0.000462046567005
0.000443626427374
0.000238133212562
-0.000681759639965
-0.00030254584197
-0.000261142704538
0.000152448402423
-0.000285450181658
-0.000500768067871
-0.000109519425666
-0.000275260845536
-0.000114568043842
-0.000136874087636
5.61825588476e-05
-2.48720370984e-05
-0.000193247905733
-0.000240204587542
-0.00033487548678
0.000680913947613
-0.00024459291779
0.000688219345157
7.71528997786e-05
0.000166677898312
-5.37329407959e-05
-0.000548493060879
-0.000501146032894
-0.00010440234258
4.05555611915e-06
0.00070416940958
-0.000380066943317
-0.000431264708161
0.000136809185325
-0.000148426353477
0.000435709814001
-0.000701366392995
-0.000450468167704
0.000270735180048
-0.000688330055453
0.000417594875377
1.20552624087e-05
-0.000241211385433
-0.000531672884154
0.000191988766288
8.79262312698e-05
-5.41520448349e-06
0.000690284838155
-0.000339893518075
-0.000199684237158
-7.76496088546e-05
0.000369293922805
-0.000364289813786
-0.000131116627197
-2.30343749976e-05
0.000395463765958
-1.22839796454e-05
-3.34455203732e-05
0.00024467503999
-1.78578193525e-06
-0.000242889258067
-2.36719317978e-05
0.000219797360728
-0.000178167874158
2.05746702245e-06
-0.000370710683622
0.000160151149723
0.000356504294591
0.000479573356434
-0.000289553485475
-0.000180456852592
-0.00018613140703
9.60300531072e-05
-4.08978517685e-05
-0.000305902627051
0.000249033403811
-0.000441016922684
-6.80646665751e-05
2.75589715372e-05
-0.000705682557231
0.000325615613902
-0.000146029250666
-0.000717363389912
0.000562291929953
-0.000356672001266
-0.000401944430086
-0.000566280566894
-0.000478174750567
-0.000307504740637
-0.000143175159576
0.000344318332153
4.97104318414e-05
0.000117088346614
-0.000348069467118
-0.000651909390051
-0.00055173688922
-0.000401597346961
0.000245713545297
-0.000711318054067
0.000192068889981
-0.000502226700999
-0.000288087681856
1.23208109412e-05
0.000602771925689
0.000198056569741
-0.000580397951059
-0.000385702440165
2.02687989956e-05
-0.000453852820323
0.000443733560498
0.000159038365171
0.000272021647542
-3.26583638831e-05
4.40512127255e-05
-0.000202101921795
9.21959503148e-06
-1.95467969701e-05
0.000655954742117
5.06210130851e-05
0.000143439226481
8.25494643126e-05
6.06256952636e-05
0.000235224775827
-0.000196970128561
0.000312854091129
4.85294344645e-05
7.9714392514e-05
-8.51295969584e-05
-0.000453854366295
-1.04063731954e-05
0.000260452952371
0.00022479981654
5.11423084626e-05
-0.000254115247251
0.000202972938786
-0.00023865613715
0.000250682293032
-0.000238627030616
-0.000229658481116
2.19993810732e-06
2.10238119185e-05
-0.000256993871308
0.000241161258583
-0.000208873628815
2.62467486258e-05
-0.000265116306889
1.58109982611e-05
-0.000209781189579
-0.000239997644806
0.00026102145673
-0.000250764940945
7.87568290068e-06
-4.28467700572e-05
0.000267646586598
-0.000158411523062
0.000301850749555
0.000215924611041
0.000154442568073
4.41911300201e-05
-3.81906362053e-05
0.000190157073634
-0.000247164068806
0.000238686508092
0.000178349573094
0.000228970586179
-0.000217220705162
-0.000167510273321
6.2896059516e-05
0.000134900489939
0.000187301981889
0.00024274581097
-2.76362681025e-05
7.94704130333e-05
-0.000202500181631
0.000123029768589
7.84927089225e-05
-0.000201256878756
0.000117226343106
6.2330101553e-05
5.78533410237e-05
0.00028908003347
-0.000346933374492
-4.57970516049e-05
0.000383825427654
-0.000338028376037
8.70794120189e-06
0.000178412503941
-0.000187120445127
-0.000150661182261
0.000230131595286
-0.000287138133324
9.7242218775e-05
0.000170998477783
0.000101321656701
-0.000226536488989
-7.35484414521e-05
9.49739369021e-05
0.000131579143861
-7.17872653719e-06
-0.000124400417379
-2.12360330422e-05
4.12678512367e-06
-5.04082854687e-05
-6.33065325776e-05
-7.21658282513e-05
0.00013547236079
-7.38422879743e-06
3.64509025182e-05
-2.90666737509e-05
6.07827009305e-05
0.000328518953935
-9.15199434771e-05
-0.000184021430027
0.000188792932691
1.36996423034e-05
0.000142995544837
0.000218557556886
-0.000496336734607
0.000356617916793
0.000228469704238
-0.000153512116856
0.000157009635277
-0.00014505373996
0.000121418297695
0.000488605945648
-0.00018180293436
-0.000253723286504
6.75790066522e-05
-0.000137008811834
-0.00022650414015
-1.11845327418e-06
0.00042260483998
-0.000192153219556
0.000497337402517
0.000248836029006
0.000717877565422
-0.000271947375457
-0.000710496480622
-0.000594474841772
0.000313549106799
-0.000487151567296
0.000471230799389
-0.000292620377194
0.000406766664348
-2.18818312231e-05
8.66174636228e-05
-7.99338139642e-05
1.97360865388e-05
-7.22406163698e-05
-0.000332061427413
-0.000341220851679
0.000248388995447
-0.00025031131139
0.000286713078136
-0.000120677012658
-0.000217740221708
8.67033575953e-05
-0.00033470762071
2.50218848973e-06
-9.60071341078e-05
-0.000295406352938
0.000245748626254
-0.000289102778516
0.000233379586947
2.06410978328e-05
0.000241767232844
-0.000315099852831
-0.000183987637751
0.000325448122275
-0.000115422035399
-8.53773917559e-05
0.00013368678758
-7.53879300283e-05
0.000112176495984
9.8668381003e-05
-0.000233620468822
0.00026627063182
-5.05252134888e-06
5.7987934538e-05
-8.01537992203e-05
-0.000223422941329
0.000245730637106
-0.000136005079566
-0.000120124253457
-7.81501686455e-06
-6.23361356175e-05
5.51455188963e-05
0.000105532589024
-0.000272058304192
0.000147874601802
3.02358285259e-05
-0.000137671669249
3.17692456325e-05
0.000233761223064
0.000248333902091
-7.23360090048e-05
0.00013991501563
0.000172898043163
0.000134805584796
0.000360064747648
0.000130805256564
6.79898653483e-05
0.000220333821501
-9.15845381886e-05
0.000160721400094
0.00015386676544
-0.000127595155987
1.39136582055e-05
-6.45594211064e-05
0.000288137250879
-0.000180127949454
-6.41497410933e-05
0.000189018687517
-5.77431092635e-05
8.41353793184e-05
0.000261583444952
-0.000327746739863
0.000223563455457
0.000149095437608
0.000153677732442
-0.000137730947248
-3.29471948927e-05
1.15001485653e-05
-9.78660219943e-06
-5.89749203532e-05
4.43126293855e-05
-0.000212817619478
-8.60054880829e-05
4.66518143538e-05
-2.95268186188e-05
6.27770924471e-06
0.000147997812486
0.000143654738083
0.000430478576024
-0.000309852822481
0.000161832070174
-0.00015931346802
-2.518602126e-06
-0.00020023506934
0.000164736392059
3.54986773236e-05
0.000317934436598
-0.00023270265917
0.000176691379528
-7.65435106324e-05
0.000296586809102
-0.000210464502512
0.000563733532457
-0.000696059476494
-0.000345638812871
0.00055062615331
-0.00042496991864
-0.000285526561937
0.000275069228062
-0.000380097198525
-0.000206002913581
-0.000109245553806
0.000284440076145
-8.0384902936e-05
-0.000253375823766
-4.53483492289e-05
-0.000145627882218
-5.46528502927e-05
0.000102539148816
-6.53663444e-05
1.21030866915e-05
0.000229664146175
0.000169873920555
-0.000261393864018
-0.000222384638457
-2.02995639208e-05
0.000260436988789
0.000113854493894
0.000389251615157
-2.96573143556e-05
-0.00035959430082
6.66772410844e-06
6.31679568167e-05
-7.83561844214e-05
1.51882276157e-05
4.61826988527e-05
-5.61267138424e-05
6.37550375403e-05
-0.000119881751379
9.32138826814e-05
-4.70311838303e-05
0.000275947872508
-0.000269280148413
6.86062944316e-05
0.000100280191528
0.000169648028071
-6.85401820077e-06
0.000106125147461
-9.24255051716e-05
-2.9813559063e-05
-0.000200393102564
1.58033235196e-07
-2.25720487425e-05
-3.85610323887e-05
2.25890538574e-05
0.000236583382639
6.0003426448e-05
-0.00021227752521
-0.000145225932259
8.63475360898e-05
-4.53783546373e-05
0.000353470961052
3.14695571279e-06
-9.8409852376e-05
0.000198690043899
9.35215218747e-05
-0.000100375540064
0.00017166802667
0.00021276984537
-0.000113107528734
-3.08836643815e-05
2.62716094535e-05
0.000124868946422
-1.56452377477e-05
-0.000175922636421
0.000239730338341
0.000197135686354
0.000190289125883
0.000114359993005
-1.95860068738e-05
-9.31842146317e-05
-4.41305762108e-05
-0.00013114074862
2.66643003091e-05
-9.12821032094e-05
8.88430609951e-06
5.00036458243e-05
0.000145014953402
5.18918860305e-05
-0.000167828386866
-2.51845666486e-05
2.81832062733e-05
-0.000117808576091
2.74395236147e-05
0.000142945291124
-0.000126180722551
-6.11769649963e-06
8.64372743507e-05
-5.31488803307e-05
-0.000182842874069
-0.000185139883298
-2.77987856775e-05
1.26105580618e-05
-8.14811614247e-05
1.77261238845e-05
5.82640281784e-05
-0.000301330272642
5.83115876324e-05
0.00015389918463
-0.000217142800531
-9.07145891826e-05
0.000137297036038
-6.10183746497e-05
2.14289887131e-05
-0.00058363059357
-0.000212682661763
-0.000433203420267
-2.51629698006e-05
0.000571861705055
0.000553316927016
-0.000810133334604
0.000866707121484
0.00026440586353
0.000110609106922
0.000214760189197
4.72118037736e-05
-0.00019233264817
-0.000178578694037
0.000291226223072
-0.000534744626467
)
;

boundaryField
{
    bottomWall
    {
        type            calculated;
        value           uniform 0;
    }
    leftWall
    {
        type            calculated;
        value           uniform 0;
    }
    rightWall
    {
        type            calculated;
        value           uniform 0;
    }
    movingTop
    {
        type            calculated;
        value           uniform 0;
    }
    front
    {
        type            empty;
    }
    back
    {
        type            empty;
    }
}


// ************************************************************************* //
