/*--------------------------------*- C++ -*----------------------------------*\
  =========                 |
  \\      /  F ield         | OpenFOAM: The Open Source CFD Toolbox
   \\    /   O peration     | Website:  https://openfoam.org
    \\  /    A nd           | Version:  14
     \\/     M anipulation  |
\*---------------------------------------------------------------------------*/
FoamFile
{
    format      ascii;
    class       surfaceScalarField;
    location    "35.000000000009";
    object      phi;
}
// * * * * * * * * * * * * * * * * * * * * * * * * * * * * * * * * * * * * * //

dimensions      [0 3 -1 0 0 0 0];

internalField   nonuniform List<scalar> 
4035
(
-8.10682956386e-06
-2.42222391582e-05
3.23290683432e-05
-5.95262552439e-06
5.07788344798e-05
-5.29330385566e-05
-3.01748646852e-05
8.31079028205e-05
-8.31079032545e-05
0.000899381000012
-0.000149169577077
-0.000750211422957
1.1300993242e-05
0.000201270242799
-0.000212571236027
-0.000590057122691
4.75991743874e-05
0.00054245794835
-0.00090292578916
0.000408364936234
0.000893087007245
-0.000398526154341
0.000413920230766
-0.00125325888763
-0.000369585857659
0.00120892451456
0.000300711020691
-7.21397642836e-05
-0.000333734776319
0.000105163519911
-0.000235210101093
-0.000730363274186
0.000685949969359
0.000279623405858
0.00108790325118
-0.000769641475853
9.56584554775e-05
2.60833111109e-05
-0.000919016964807
0.000901185265626
-8.25161195296e-06
4.27709254373e-05
-0.00107614729279
0.000862333081575
0.0001710432858
0.000883263630435
0.000531775447543
-0.00109271380591
-0.000322325272093
0.000556938970884
-0.000697056050207
-9.50930218043e-05
-0.000324109592503
-0.000618931768919
0.000675114559567
0.000267926801838
0.000586927742534
-0.000665579059299
0.000318163061993
-0.000239511745304
0.000279500199627
-0.000164720602671
0.000185931423729
0.000601487587503
-0.000744923119176
-6.08387710399e-05
0.000541225607163
0.00095964298035
-0.000511808753401
-0.000382283942868
-0.000456574126023
-0.00113154280719
0.000271387943497
0.000124980881785
-0.00060127465582
0.000553065466045
1.8774801503e-05
-2.86507383636e-06
6.71981751521e-05
6.30995503738e-05
0.000260838995811
-8.93775349497e-05
1.52036961628e-05
-0.000186665157047
-0.000339880922481
0.000600719918282
0.000200062382111
0.000142537367887
-0.000336261838141
0.000270395535257
0.000136736840191
-8.24545880786e-05
-0.000294124182274
0.000435086105707
-0.000500677349506
-0.000274289678698
-4.00768065912e-06
4.00768064776e-06
3.96907232042e-06
8.08160908155e-06
-1.60583620881e-05
7.97675296394e-06
-7.33191729226e-05
-8.93775350083e-05
0.000214963685498
-0.000797700957617
0.00058273727208
-0.00026995184496
-5.6495824777e-05
0.000326447669714
0.00012729965909
-0.000836519373957
0.000709219714868
0.000791600002275
-0.000361869736508
-0.000792208396567
0.000362478130781
-0.000675311003282
0.000678717953803
0.000234442397287
-0.000237849347737
-0.0012004832215
7.26775573559e-05
0.000452494660865
0.000721879879322
0.00055519908936
-0.000598361014918
0.000393775407733
-0.000374409153561
9.83846868092e-05
-0.000117750941013
-0.000371732629129
0.000495556191886
0.000333261002714
0.000603582562087
-0.000308812091504
-0.00112601872679
0.000234347596811
-0.000982021873981
0.000734279951243
-6.10701687473e-05
0.000820251324644
-0.000776266691172
2.86929238894e-05
-3.02674803802e-05
0.000932814970356
-0.000763982728643
-0.000138564761305
-8.80810052067e-05
-0.00113411647739
0.0009973572869
0.000224840195686
-0.000507223600613
0.000645995681992
9.56703159413e-05
0.000588890395609
-0.000679429591698
-0.000281193433058
0.000725601666348
-0.000343116492717
0.000172713915752
-0.000302486158097
0.00014560986576
-0.000217532861236
-0.00094356731168
4.18888620143e-05
-0.000553618709569
-1.99805689711e-05
0.000485518273308
0.000956623067806
-0.000195290545913
-4.20959998734e-05
0.00036237956522
0.000705362250156
-0.00057167579479
0.000342398996245
-2.61761884208e-05
2.73663016311e-08
-5.69590811566e-05
-0.000102038267421
-0.000615995520405
0.000654071367408
-0.00018373706311
0.000145661216085
0.000211921749152
-0.000227623383689
-0.000176901041835
0.000296253154127
-0.000279038553313
-9.13029034845e-05
7.51783763006e-05
0.000195067751045
-0.0005134110376
0.000530507089983
0.000194825696785
0.00260572428379
-2.48035452617e-05
-0.00258092073839
0.000244051464546
0.000521044125427
-0.000765095589893
-0.00154344689702
7.82062694151e-05
0.00146524062777
-0.00139469980502
0.000654457583045
0.00126646747114
-0.000526225249192
0.000570854663265
-0.00177266338999
-0.000702340375659
0.00190414910247
0.000734236068146
-0.000201132471677
-0.000861793291125
0.000328689694678
-8.90912864211e-05
-0.00111705832526
0.000769935604405
0.000436214007241
0.00128712584985
0.000108179004062
-0.000824450190594
-4.91122778475e-05
-0.000952544997876
4.40085111108e-05
0.000957648764563
2.88351089936e-05
-0.0013087174667
0.000203753045639
0.00107612931215
0.00124907957841
0.00019019360102
-0.000110585225672
-0.0013286879537
0.000552429779425
9.82376849839e-06
-0.000651344834395
-0.000604102468134
-0.000993641385645
0.000413860160836
0.00118388369292
0.000379057734965
-0.000962833604994
-4.79609838152e-05
0.000631736853847
0.00065063202843
0.000383666314094
-0.000300062274387
0.000691903052298
-0.00142990364252
4.29189928783e-05
0.00105184006344
0.00224578727268
-0.000375985393531
-0.00107872179422
-0.000944851633814
-0.00182888017689
0.000463015480974
0.000153475195031
-0.00116316051885
0.000872766468137
-0.000194267925363
0.000154577251129
-4.96868607629e-05
0.000177340762193
0.00327921690728
-0.00397450714537
-0.000302583810376
0.000997874048429
0.00030742199508
0.000520550795538
0.000381167864896
-0.000502042782434
0.000131883578229
3.60987887777e-05
-8.97394201192e-05
0.000190232024261
-0.000143181503351
0.00107145672434
-0.00111850724525
0.00346944893159
-0.000363925403948
0.000363925403912
0.000184055523916
-0.000347110268995
-0.000200870658902
0.000547980927803
0.00030696109839
0.000654071367267
0.000243254464233
-0.00262424167526
0.00238098721122
-0.000412131521529
-0.00126298278671
0.00167511430818
-8.61343926325e-05
-0.00210888304785
0.00219501744035
0.000960306569515
-0.000523425289805
-0.000902289275727
0.000465407996074
-0.000708959264329
0.000948372648378
0.0001248708458
-0.000364284230181
-0.00148510564721
-2.38541093353e-05
0.000800000492258
0.00119002488845
0.000567608723628
-0.000809260963347
0.000795268515763
-0.00068630035497
0.000236545657093
-0.000345513817896
-0.000431729844402
0.000814866838688
0.000881974083383
0.000551305269478
-0.000445938581293
-0.00147765177193
0.000438484705895
-0.00110342318552
-0.000114342900068
0.000771827504008
0.000908715075022
-3.74030242776e-05
-0.000895166160215
-0.00012568742232
0.00113177564848
-0.000138468736055
-0.000867619490493
0.000239650965641
-0.00136893070853
0.000124883449514
0.00100439629374
-0.000544482908843
1.07890896581e-05
0.000658564664929
0.000780739425195
-0.000302013260178
-0.000910456009335
0.000949365784761
0.000128427896026
-0.000510184956757
-0.000559163592789
-0.00034365963106
0.000216522868914
-0.00263350214624
-0.00102643712962
-0.0012743827129
0.000179525514312
0.00133450816422
0.0013632452834
-0.000528626136321
-0.000200540881317
0.00198857858169
0.000962394875992
-0.00067095332714
0.00216810409592
0.00101619797412
-0.000299023459346
-6.31031474987e-05
-0.00320937045922
0.00397450714538
3.4663767709e-05
-0.000799800454044
-0.000355752973386
0.00029324180094
-0.000352742566062
-0.00056217400009
-0.000290333707039
0.00040011980512
-0.00017218841843
-5.20640108937e-08
0.000131740345778
0.000144751325576
-0.000805425895514
0.000953916370926
-0.00105932196675
0.0010593219668
0.000644769294825
0.000273894116034
-0.00197798537763
0.00170409126162
-0.00199652176775
-0.000856301488389
8.66600125476e-05
4.48837772401e-05
-0.000414292944433
0.000249572341756
0.000260821615131
-0.000532725634934
-0.000164330415294
-0.000214562572952
-9.16148283145e-05
8.8749754472e-05
0.000108447553792
0.000633305231504
0.000259781775727
0.000297043393364
0.00065873512595
0.000203597955612
0.000260208971603
-0.000758445015186
-0.000334268790748
-0.000323358909485
0.000233967719662
-0.000218764023512
-0.000266709629848
0.00077659186359
-4.23119123402e-05
3.25172419271e-07
0.00040347941472
-0.000257869548977
-0.000275950176982
0.000514069405304
0.00013192627671
0.000170952912589
9.82223201568e-05
-9.81949538616e-05
-0.000129401063534
-0.000567249776037
-0.000224958620536
-0.000270996621913
-0.000585451196001
-0.000178531532632
-0.000222973065221
0.000772124188148
0.000225233098775
0.000258713150555
-0.000361160356784
0.000177423293687
0.000169346733203
0.000947338505227
-0.000334000217989
-0.000613338287233
-0.000785003938219
0.000654471720748
0.000130532217468
-8.13518236081e-05
0.000222972835572
-0.000141621011982
-0.000773488341811
0.000230056875063
0.00054343146675
2.47220368061e-05
-0.000387798212268
0.000363076175481
-0.000114780170734
0.000436297097522
-0.000321516926811
-0.000522753705351
0.000407973534604
0.000734679656547
-0.00023578091646
-0.000498898740204
0.000228788766702
-0.000639498664789
0.000410709898171
-0.000735544325885
0.0006247612629
0.000110783062901
-0.000775917101345
2.42875936859e-06
0.000814585748579
0.000132752756647
-0.000240129681416
0.000158777857802
0.000399636681952
-0.000374914645128
-0.000702809510078
0.000330880004964
0.000371929505141
0.00080889098969
-0.000754355218238
-5.45357713897e-05
0.000580413907189
0.000228477082536
0.0011449284943
-0.0006979191891
-0.000447009305221
0.000812508313829
0.000332420180453
0.00107299031453
-0.00058653483481
-0.000486455479707
0.000375071125423
0.00105460124832
-0.000470218527974
-0.000584382720363
0.000662194675765
0.000392406572534
-0.000734612172333
3.18758762697e-05
0.00070273629606
-0.000952071741388
0.000561824050938
0.000390247690431
-0.000253285915957
0.000482074682721
0.000128963143557
-0.000523915262185
0.000394952118743
0.000377165472817
-0.00074767423213
0.000370508759394
-0.000782969285873
0.000826514313711
-4.35450279706e-05
0.000823820139071
-0.000917478762233
9.36586231466e-05
-0.000391897703664
0.000370400253609
2.14974500446e-05
-0.000180983057636
-0.000521826452422
-0.000128335481497
-0.000511163183248
7.60653369349e-05
-0.000810677509269
-0.000557839314162
-0.000227164624057
-0.000148812675226
-0.000634156610791
0.00061827102923
3.62006915096e-05
-0.000245659943809
-0.000489884382096
0.000621889733922
0.000112789922517
-3.92953500258e-06
0.00066612421075
0.000539150833851
-0.000543080368868
0.000341709944654
-0.000751800514488
0.000410090569815
0.000801204597919
-0.000459494653266
-0.000155665517239
0.000771128883849
-0.000615463366634
0.000656842796579
-0.00043946371926
-0.000314891498929
0.000260718500316
-0.000700182219551
-0.000601001633276
0.00055245966156
4.85419717045e-05
-0.000607844624556
0.000414314725363
0.000193529899206
0.000416182480386
0.000220837617507
-0.000637020097894
-0.000851236709768
9.94361953057e-05
-0.000270822802608
0.000958763047212
-0.00015755844931
0.000372228212412
0.000608773914178
5.85632223593e-05
-0.000667337136545
0.00107133567442
-0.000300206790584
0.000601117146438
0.000834994792154
-0.000295843958321
-0.000463200501728
-0.000144644122817
0.000168998542819
-0.000632199044538
0.000461028835428
0.000163588077396
-0.000624616912803
0.000318946868786
0.000261058301618
-0.000580005170398
-0.000282054764488
0.000628312705495
-0.000212130225102
0.000597932268137
-4.54726065996e-05
0.000588023681572
-0.000173708956206
0.000691296961739
-8.25230475656e-05
0.000652104599613
-0.000191075764168
0.000443799223428
-0.000314836079818
0.000312241086796
-0.000318184729267
-0.000633887012136
0.000200224067608
0.000572692498175
-0.000772916565778
-0.000437796124346
0.000667852999499
-0.000611708842251
0.000375927925708
-0.000230765547416
0.000607931020256
-0.000353489639857
-3.8408063862e-05
0.000200221274457
0.000623598864617
1.30524206209e-05
0.000417512337625
-0.000751512555622
0.000588712418331
0.000237801895326
-0.000607210754521
-0.000310268007723
-0.000206978075466
-0.000540696156634
-0.000483994798704
8.85909188213e-05
0.000395403879874
-0.000192262343422
0.000754086394349
-0.000400679705769
-0.000254607179621
0.000655286885466
-7.86268088513e-05
-0.000713691724917
0.000792318533734
8.79945980428e-06
0.00069685216947
-0.000705651629418
-2.03667394419e-05
0.000484786758339
-0.000464420018841
-0.000685524191619
0.000931646402064
-0.00024612221044
-1.21201887459e-05
-0.000471874609889
6.19392881494e-05
0.000618253282602
-0.000680192570755
-0.000525963437892
0.00040848272427
-0.000428849463669
0.000613127791413
-0.000412903723804
0.000607657781235
-0.000276777776247
-0.000597511878136
-0.000178405223219
0.000685837563373
0.000128748185199
-0.000468157510468
8.03592982071e-05
0.000416475581085
1.98215164253e-05
0.000406827700938
8.92493359933e-05
-0.000496077036897
-0.000328110740761
9.33147621302e-06
0.00031877926454
0.000705430104388
-0.000486086983067
-0.000219343121341
0.000501436632015
0.000203993472365
0.000290783898289
7.96163552807e-05
0.000222734516176
2.3831938313e-07
0.000586759594193
-0.000179931893233
-0.000536227499971
0.00059816678812
8.10491066414e-05
-0.000766573298245
-0.00066541299605
0.000627398551631
3.80144444006e-05
0.000763524318471
-0.000718087415521
-4.5436902949e-05
-0.000777201178075
-0.000862363806163
0.000703014604227
0.000159349201916
-0.000170183646928
-0.0004952293491
0.000198331283143
0.000565193035323
-0.000280857917457
-0.000581505888717
-0.00022889095049
-0.000593327062303
0.000822218012793
0.000469147065231
0.000462499336843
-0.000448177337841
0.000436057149112
-0.000415627590341
8.75168495739e-05
-0.000230798205207
0.000488886017964
0.000408995638695
-0.00065465558251
-0.000457849877361
-0.000182467384199
0.000640317261629
5.97359786112e-05
0.000562153755181
0.000486251287104
-0.000635063962425
-5.32252190521e-05
0.000408444992372
0.000113207219471
-0.000521652211784
-0.000264898721063
7.74981120187e-05
-0.000535347989323
0.000326213735418
0.000307355045962
-0.000633568781371
-0.000369692353279
-0.00028815164819
0.000657844001488
-0.000649388193978
0.000279695840707
-0.000567589892632
0.00010255759833
0.000465032294306
-0.00036220107366
4.08948858735e-05
0.000321306187806
-0.000312408350139
3.63936871738e-05
0.000276014662983
-0.000256518786049
2.90374715314e-05
0.000227481314537
-4.67759372631e-05
-0.00049392021936
-0.000611132163614
8.07152544267e-05
0.000530416909187
-0.000191787230018
1.93829056177e-05
0.000172404324422
0.000552676385379
0.000201247618097
-0.000753924003458
-0.000553839592285
-5.72925713189e-05
0.000192976361521
-0.000161648103893
-3.13282576186e-05
-0.000323174458559
-0.000478663726583
0.000375258479474
0.000103405247112
0.000678109573447
-0.000585234759723
-9.28748140228e-05
-0.000774728696036
0.000439800057866
0.000334928638156
-0.000116833447119
8.31328507536e-06
0.000108520162059
0.000617069115363
-0.00045597995084
-0.000161089164547
0.000134146641209
-0.000226457052228
9.23104110215e-05
-5.64464492885e-05
-0.000296252146536
0.00035269859587
0.000107772726588
-0.000174372047332
6.65993207668e-05
-3.15126963843e-05
-3.33442397395e-06
3.48471203684e-05
-0.000165756768161
0.000256039850949
-9.02830827552e-05
6.67565475245e-06
-0.000299925903338
0.000293250248644
0.000271215223241
-0.00026453956848
2.50998415639e-05
-0.000725165167185
0.000700065325633
0.000694850458213
-0.000795270956831
0.000100420498618
-0.000296752181776
0.000803560939422
-0.000506808757641
-0.000299170867593
7.76339267197e-05
0.000221536940909
-2.13674218028e-05
-0.000340833651851
-6.69163193261e-05
-0.000719735426662
0.000786651745792
-0.000486874638201
-0.000355056283992
-0.000419672412058
0.000794065632673
-0.000328812522796
-0.000465253109873
-1.76992618445e-05
-0.000294709088286
0.000497313450901
-0.000700462541195
0.000725562382762
-0.000637410487168
0.000265635227387
0.000371775259787
-1.09766571709e-05
-0.00024554212887
0.000112168869142
0.000267426856971
-0.000379595726106
-0.000614212591099
0.00043980879124
0.000174403799851
-0.00070107293019
-0.000289310627653
0.000401479496791
0.000153325707882
-9.96687614801e-05
-5.36569463885e-05
0.000648377087299
-0.000393498642726
-0.000254878444581
0.000416710467804
0.00023166661949
0.000140199620761
-3.24268941621e-05
0.00039160311777
-0.000214247478737
-0.000177355639027
0.000671794741038
-0.00056080729554
-0.000110987445629
0.000590070804403
8.17239365272e-05
-2.72440300374e-05
0.000151663112418
-0.000124419082349
-0.000629613845958
0.000107670816759
0.000521943029188
-0.000285691869959
-0.000351718617208
0.000116150434119
4.33625173855e-05
-0.000159512951489
-0.000310340975988
0.000394806648068
-8.44656720961e-05
-1.5737339787e-06
-0.00019021349603
-0.000127892825624
-0.000501721020348
0.000117302277776
0.000608980056364
-0.00065575599363
-0.000507986526393
0.000360794612353
0.000147191914072
8.2716253116e-06
-0.000708734166498
0.00036465885908
-0.000112561211022
-0.000252097648048
-0.00037974509131
6.33293111054e-05
0.000316415780221
-0.000156593649543
-5.141164031e-05
0.000208005289885
-8.2790984977e-05
-0.000395872741596
-7.03455058803e-05
0.000186495940009
-0.00068286327182
0.000691134897142
0.000247135816182
-0.000151678186396
-9.54576297785e-05
8.72550807027e-05
0.000277403778386
0.000314458344344
-0.000121436579136
-0.000193021765198
-0.000292490010603
-0.000106134605097
0.000562573369646
-0.00045643876457
9.57539818684e-06
-0.000126408845299
8.12062701942e-05
-9.5913443779e-05
1.47071736027e-05
0.000260305188891
-0.000132753039328
-0.000127552149555
0.000104606557732
0.000155698631166
9.44234745112e-05
0.00022003486984
2.26920231123e-05
0.000130633684779
0.000103989035291
-0.000743876860904
0.000639887825634
-0.00023915552836
0.000106402489038
-0.000161109351835
-7.80461765198e-05
0.00048917628973
-0.000758992662653
8.81678205135e-05
0.000670824842169
-0.000197502123297
0.000356793653656
0.000207038410374
-0.000563832064038
-0.00064146645748
-0.000117526205152
0.000194979317514
-0.000188450680526
-6.52863698028e-06
-0.000183837679569
0.000772714513866
-0.000606811993584
-0.000165902520261
-7.30705935388e-05
0.000207217234757
0.000145250296167
-0.000175303675552
3.00533793943e-05
0.000346348273054
0.000462811265405
-0.000809159538446
-0.000126420403747
-0.000100036648475
0.000418545803703
-0.000538582817434
0.000120037013756
0.000131248056409
0.000788439439505
-0.000701779426943
-0.000746837967212
0.000704526054886
-0.000761350146795
0.000683819369051
7.75307774964e-05
0.000864230403067
-0.000791242670124
-7.29877329152e-05
0.000243702202809
2.75130204531e-05
-0.000311104140426
1.11782371171e-05
-0.000787210339516
0.000212838373368
0.000574371966151
-0.000539684725553
-0.000247525613954
-0.000319925568031
0.000599621408753
0.00026587386508
0.000537505732821
-0.000803379597917
6.65559577771e-05
0.000517725033752
-0.000160931380105
0.000280539137742
-0.000380595528085
0.000100056390368
0.000228152207708
-0.000425793399288
0.000197641191596
0.000783644432664
-0.000570806059283
-0.000283885028766
3.99402986986e-05
0.000243944730103
0.000263876213871
0.000189044011851
-0.00024045565214
0.0001768324391
0.000401576248275
-0.000121037110535
0.00024000530276
-0.000559930870782
-0.000298925326293
-8.16702017849e-05
-5.546866477e-05
-0.000357717915231
5.87925889498e-05
0.000128097018215
-0.000275033078878
0.000109276310731
-6.62603094658e-05
-0.000217624719278
0.00018977954149
-0.000670827838562
0.000397315111423
0.00027351272716
-0.000412647444274
0.000123336816614
0.00026667793858
0.000124568787582
0.00014003647378
0.000261539774507
-0.000304466152595
0.000224990273879
7.94758787207e-05
0.000271163841727
-0.000327610290993
-0.000534719556424
8.63348649398e-05
0.00044838469147
-9.60969255127e-05
-7.82751217968e-05
0.000843196126602
-0.000577322261553
0.000201814527115
-0.000743510329188
0.000541695802068
0.000739734235457
-0.000765543305578
4.58078787957e-05
-0.000724839994761
0.000252302861829
0.000285947461874
-0.0005382503237
0.000271858045714
0.000186596948314
-0.000458454994039
0.000151526978418
0.000240076139356
0.000223533080917
0.000262100776195
-0.000485633857103
0.000869488546157
-0.000644047869102
0.000670042665187
0.000194187737875
2.14162718963e-05
-5.29289682741e-05
0.000444943666574
-0.000773756189369
0.000755985583901
-0.000667817763344
0.000639731748354
-0.000424706697693
-0.000215025050679
0.000183751797511
0.000477881823583
-0.000206023777881
0.000299886562419
0.000410220027761
-0.000710106590173
-0.000248374030517
0.000497191113076
-0.000248817082575
0.000744830228995
0.000675855255149
0.000120786528022
-0.000744514308561
0.000623727780757
-0.000199433081426
-0.000105033071167
-0.000758390769304
0.000778221669291
-0.000135869751653
-0.00062252101792
7.45515862204e-05
0.000631751410998
-0.000706302997218
0.000675991113852
0.000102230555526
-0.000438088110235
0.000784436383295
0.00096514700165
0.000691445905025
0.000273701096646
0.000113818628244
0.00013331718795
-0.000316094631657
0.00056839749349
0.000754490912492
3.90033101689e-06
-9.98137747836e-05
-0.000694915415154
-5.19225520302e-05
0.000236429850613
-0.000348991061629
-0.000222023692272
-0.000209845771632
0.000433923341728
-0.000224077570093
0.000233589625845
-0.000507879304552
-0.0003141967941
0.000509022490896
0.000266761602727
-0.000515135633258
0.000557140601721
-0.000386318796107
-0.000170821805632
-0.000601786501616
0.000728880053714
-0.000289079995856
2.0313939875e-05
-0.00072904810636
-0.000666265020512
0.000241558322812
-0.000840362405367
0.000676031990072
0.000738534194474
-0.000606607917739
2.55865843107e-05
0.000191268334756
-0.00021685491906
0.000395623651122
-0.000332294340004
2.49789356872e-05
0.000170000381837
5.50235399613e-05
-0.00021613289179
-0.000393238684611
0.000626828310443
-0.00016575865741
0.000761156741692
-0.000710070018404
-5.10867233377e-05
0.000765637494332
-0.000768958826189
3.32133187094e-06
0.000175000343586
-0.000296436922716
0.000670874436638
-0.000550087908524
-0.00036428464643
0.000205222707097
0.000159061939339
-0.000256446666081
-0.000339684058789
-0.000168302467604
0.000396609572293
-0.000373401782023
-2.32077902535e-05
-0.000207724971227
0.000233311555542
-0.000445209468589
0.000235363696955
-4.08835346396e-05
-0.000316834380583
-2.98495813868e-05
0.000752322273352
-0.000722472691967
0.000349220282553
-0.000308325396676
0.000540591053578
-0.000395839728008
-0.000451845569914
0.000308664066609
0.000200273836132
0.000188672831252
-0.000402920309983
1.99756687603e-06
0.000189270767885
-0.000173306108673
-1.43472544107e-05
0.000718204251979
-0.000703856997566
0.000268539524793
-0.000559470050208
0.000290930525402
0.000628633553646
-0.000172739355016
-0.000572557416586
0.000279606901322
0.000330853325129
5.7008608915e-05
0.000708628885436
-0.000424321168467
-0.000110398387965
0.000673700633282
-2.40196209295e-05
-0.000649681012339
0.000261053282376
-0.00035474422379
9.36909414177e-05
0.000298088804029
-0.000261695116846
5.27255009902e-05
-0.000260450472214
-0.000647221323441
-9.72929849645e-05
-0.000224248172647
-0.000160895530923
-7.52572957273e-07
-0.000111002125888
-0.000655045413855
0.000261806729232
0.000535301127514
0.000739350928851
-0.000769200510238
0.000239033466924
-0.000209995995379
0.000234647240906
0.000199276100826
0.000664143475855
-0.000607134866921
0.000141086260084
0.000416054341624
-5.49381871204e-05
-0.000264297369403
0.000319235556527
-0.000651665686686
-5.82819777097e-05
0.000709947664401
-0.000374569546999
0.000218289374912
0.000156280172092
3.79548085191e-05
0.000778995549196
-0.000388747858775
4.26249042062e-05
-0.000415365270198
0.000372740366006
0.000857621655465
-0.000541583756572
-0.000316037898899
0.000563588893628
0.000294032761825
0.000529184281969
-0.000426626683639
0.000277715774871
0.000285028945864
-0.000339967132991
2.20349466031e-05
-0.000272770001967
-0.000210534945256
0.000483304947217
0.00044151312114
-0.000684402206355
0.000242889085215
0.000304758549115
-0.000351390697602
4.66321484928e-05
-0.000395427567292
-0.000270837453236
-0.000252575824815
-0.000718452653934
0.000694433032986
0.000423320072158
0.000725003674441
0.000224421111105
0.000334402073232
-2.96435241134e-05
-0.0006054630254
0.000291266231311
0.000456670277093
-0.00044598764287
0.000622548210204
-0.000803522568793
0.000728758249528
-0.000635774571687
0.000816834006857
-0.000181059435215
0.000170122295139
-0.000150739389511
0.000494611498556
-0.00071440971782
0.000219798219241
-0.000150417546852
0.000730970458371
-0.000580552911519
5.55661869124e-05
-0.000192339994589
-0.00018222955241
-0.000764217602835
0.000613800055983
0.000749248721452
-0.000672249844039
0.000716258355147
0.000346749874846
0.000275798335369
0.000716650873133
-0.000721104511434
7.04212169889e-05
-0.00036667336351
0.000822623674628
-0.000259034781002
0.000561397541122
0.00016498360612
-0.00072638114694
-0.000315089285527
-0.000449141431937
0.000764230717462
0.000898367815577
-0.000450311561784
-0.000448056253804
0.000211728851721
-0.000825067138959
0.000539780795628
-0.000686280990636
0.00014650019521
0.000653552897697
-0.000113772101941
0.000229064741006
0.000484791246007
-0.00059537647168
-0.000147249902506
-0.000469170815246
0.000616420717754
-0.000223616178265
0.000473188520021
-0.000176422671214
-0.000512526704144
0.000688949375355
-0.000689679249601
0.000243691606728
0.000929898753961
-0.000473228476892
-0.000745882053484
0.00069395950147
0.000165976777896
-7.50572113076e-05
0.000675207378374
-0.000414474447081
-0.000260732931299
0.000130844998612
-0.000330278080035
-8.49466283219e-05
0.000369975574189
0.000554547787157
0.000585801810001
0.000236821864618
0.000273607044206
-0.00036844841945
9.4841375253e-05
-0.000597539641588
0.000436450477034
-0.000136822363075
0.000555368166785
0.000290184360238
0.000385023018129
0.000275505067417
0.000453374986297
0.000332543427606
1.85864563328e-06
0.00035572603766
0.000648551531508
0.000113935418276
-0.000516958469134
-8.72337744261e-05
0.000604192243481
-0.000659776606651
-0.00038907883786
0.00030413220954
0.000606697889253
-0.000121906643266
-0.000464428437962
0.000253893492708
1.44624635223e-05
0.000809685636282
-0.000346874370876
0.000129730168099
0.000421209042432
-0.000159669267912
-7.77836533937e-05
0.000206724706501
-0.000464594255485
0.000298386320023
-0.000693813887324
0.00058146802262
-0.000141659231387
0.000305284120656
-4.47822583922e-05
-0.000260501862256
-0.000182791083304
-0.00047225433056
-0.000190792287577
-0.000242031604314
0.000439744466755
-0.000197712862427
-3.50886048832e-05
-0.000849126035683
0.000640553746274
0.000208572289418
-0.000415771065847
0.000224978778285
1.57090470277e-05
-0.000246556915925
-0.000312913134289
-0.000730531821764
0.000179177438121
0.000405957596151
0.000123226685819
0.000363289585072
-0.000383416658686
2.01270736226e-05
-0.000398884677108
0.000206544682521
0.000427913758906
1.45759034005e-05
-0.000442489662321
9.03156187919e-05
-8.2002333707e-05
-0.000371543136385
-0.000160087240798
0.000302624608681
-0.000155834487858
-7.98084603487e-05
0.000235642948216
-0.000161315570969
-0.000687810464701
0.000509480542794
-0.000670484375181
0.000583250600736
-0.000682196597936
0.000704231544549
-0.000373126599411
0.000213039358609
0.000645870715019
-0.000471466915173
0.000442867627081
-0.000162199606302
-0.000280668020775
-0.000779621835951
0.000169402260477
0.000610219575464
-0.000358956833399
0.000649141193626
-0.000517965815791
0.000712153553664
0.000384132005807
-0.000925715762398
0.000510963981964
-0.0007359226025
0.000549057764925
-0.000143100168777
-0.000527658762165
0.00078744053789
0.000381841738988
0.000338403171735
-0.000720244910735
0.000152494665142
0.000493376049873
0.000239193212634
0.00014617090827
-0.0003853641209
-0.000678545711979
0.000602892070751
7.56536412609e-05
-0.000605373750401
0.000304279960073
0.000301093790315
0.000520110816506
-0.000751560370856
0.000231449554506
0.000109621950699
0.000561252486011
0.000672162128344
-0.000597610542125
-0.000342981850812
0.000389613999311
-0.000193820025951
-0.000646677282265
0.000816079542734
0.000737731977859
-0.000475925248643
0.000349134373524
6.29224915376e-05
-0.000405904342344
-0.000501263014513
0.000776768081925
0.000274486089649
-0.000612236441861
0.000337750352203
-0.0007706979956
-0.000542025389371
0.000140833039866
0.000401192349401
4.43710814076e-05
0.000673833170571
-0.000276789927257
-0.000328583823158
-5.41013475715e-05
0.000417390932613
-0.000229160044493
-0.000449385667479
-0.000379782286342
0.000827800288576
-0.000624202332963
0.000867953876642
-0.000268666219204
-0.000599287657464
0.000112691799476
0.000377584239114
-0.000490276038613
0.000375064485288
-0.000303229695612
0.000429990154174
0.000282402543734
-0.000712392697904
2.29003029384e-05
-0.000541155826119
0.000518255523182
-0.000287561406142
0.000384400145219
-6.50024441735e-06
-0.000376916414267
-0.000406966219813
-0.000190573421784
-0.000274099717032
-0.000264150606665
0.000385776776768
-0.000627294290286
0.000241517513511
0.00034345727555
-0.000590014191474
0.000288906297255
1.63778234003e-05
-0.00023333083061
-0.000165553846495
0.000887139012183
-0.000593106250375
-0.000306246235606
-0.00050783180022
0.000814078035825
-0.00063574676066
-1.85724882713e-05
0.000682752667004
-0.000664180178741
0.00037856036946
-0.000116940145966
-0.000261620223494
-0.000261120465856
-0.00053530770478
0.000311691526511
0.000302876878644
-0.000204747602267
0.000538812669103
-0.000334065066843
0.000694923867888
-0.00026493371372
0.00062442832562
0.000243525551002
-0.000129255206812
0.000387959586858
-0.000442060934455
0.000197276781583
-0.000130677460797
-0.000350414849705
0.00054267754096
-0.000192262691253
-0.000208617375316
0.000833045700927
-0.000855294657588
0.000304125802337
0.000213599231407
-0.000435617958815
0.000114753167001
0.000320864791815
-0.000119571439041
-0.000644646163794
-0.000569378605302
0.00036463100303
0.000465763823401
9.95661936259e-05
0.000572595934716
0.000145229538851
0.000121930801045
-0.000629983102813
0.00050805230176
0.000518229519532
-0.000374595323817
-0.000143634195712
-0.000833904997777
0.000421654669209
-0.000275483760935
0.000400756388819
0.000318899760042
-0.000719656148875
0.000167814669827
0.000212829068841
-0.000443024317276
0.000230195248437
-9.79685694963e-05
0.000211787197749
-0.00074841711473
0.000630890909587
-0.000589054479044
0.000119883663798
0.00018407544888
-0.00060656806352
0.000422492614635
0.000699142708837
-0.000464220992233
0.000503000261272
-3.8779269017e-05
-0.000817300913426
-0.000661368532898
-0.000537487965581
0.000689982630718
0.000385303156422
0.000163754608497
-0.000523056797388
0.000688040403601
0.000493056255686
-0.000564213397243
7.11571415569e-05
3.37365686505e-05
0.000361393774728
-0.000395130343366
-0.000134534015796
0.000504482601305
-0.000481582298367
-0.000411039299774
-0.000130986089658
0.000650200190339
-0.000353038392683
-0.000297161797671
-0.000258612520274
-0.000146386320852
5.71111762903e-05
8.92751445864e-05
-9.05457481835e-05
0.00047850533502
0.000658129872466
-0.000777701311508
0.000586963095351
0.000254104262395
0.000573696026174
-0.000144955801268
-0.000603461313455
0.000500838112752
-7.7381113852e-05
-0.000423456998898
-0.000100287965273
-0.000438294852144
0.000470500901841
-0.000478941808533
8.44090670959e-06
0.000516289188785
-0.000375456148883
-0.000731307991533
0.000688218293703
-0.00057859634296
1.80708629305e-05
0.000443862926573
6.27990961545e-06
0.0003793627371
-0.00024996998389
-0.000768136465165
0.000589604932558
0.000283884492775
-0.000400824638743
0.000354759839452
-0.000498485165293
0.000143725325827
-0.000254770620323
-0.000283305575632
0.00053807619596
-0.000333347210356
0.000540071916846
-7.26606051829e-05
-0.000496675062551
0.000569335667734
0.000314796202074
0.000103780302834
-0.000418576504906
-0.0002137081271
0.000854261873379
0.000674043602776
-0.000208279779378
0.000444942795628
5.58953171313e-05
-9.59982233583e-05
0.000303469400949
-0.000383939980216
0.000417676548856
-0.000406744461085
0.000400244216626
-0.000707390102715
0.000672301497839
-0.000601680907806
0.000268333697442
-0.000160468453153
-0.000389848830591
0.000304105030077
8.57438005602e-05
-0.000215098924007
0.000512527564397
-0.000297428640387
0.000576321530175
-0.000721277331432
0.000359399295004
-0.00046172126261
0.000102321967582
-0.000517733300924
-0.000213574690613
-0.000582931218564
-3.9319277086e-05
0.00062225049561
-0.000621991270495
-0.000267281796753
0.000610739072296
-0.00016270513695
-0.000117402681026
0.00061077873089
-0.000499154133149
-7.30615176598e-05
0.000572215650836
7.93550456694e-05
-0.000463295025864
-0.000626285629451
0.000225383188444
0.000400902441003
0.000518514447946
-3.39990129016e-05
0.000367539379251
-0.000184462539551
-0.000183076839694
-0.000349648255517
-3.94305823491e-05
0.000455487510308
4.75127509816e-05
-6.72833166022e-05
0.000522770826926
0.000180273957256
-7.18264034734e-05
7.4294562103e-05
-0.000203695625642
0.000167805924849
0.000506237677931
-0.000464065341593
0.000550400206523
0.00063720435001
-0.00041752123957
-0.000219683110453
-0.000771415252654
0.000582441143527
0.000188974108957
0.000327578616955
6.84750500197e-05
0.000348915882618
0.000288917508322
6.03027742446e-05
-8.40688751157e-05
-0.000243541415859
-3.78661587858e-05
-0.000226600379862
-0.0005415360853
0.000397914135264
0.000239290214743
-0.00057689221789
0.000238427847368
0.000408637519112
9.03902975107e-06
-0.000602003796311
0.000184482556745
-0.00021294263168
-0.000199494010597
-0.000460930062908
0.000660424073512
-0.000618472792979
0.000561692335254
-0.000851386027657
0.000289693692378
0.000689016643595
-0.000406614099847
0.000125878720211
0.000209781606386
-0.000335660326593
0.000331769749402
0.000123927671305
-0.000455697420718
-0.000482372275281
-0.000534691609954
0.00046203100477
-0.000312612785203
0.000616892745269
0.000475495075223
-0.000500744530183
0.000729221612716
-0.000382775366966
0.000445697858507
4.87348185844e-06
-0.000411617942957
-0.000344309640027
-0.000608674472355
0.000327481039289
-0.000303577149116
-0.000112193916776
0.000305737464208
-0.000758337292547
0.000452599828339
-0.000321373780569
0.000119911009521
0.000535280450032
-0.000655191459533
-0.000163233147731
-0.000438770648585
0.000225899534807
0.000348147646355
-0.000449668691872
0.000101521045519
0.000287613526894
-0.000542384147219
-0.000190787777928
-0.000362834187732
0.000553621965629
-0.000411636493757
-0.000215657796532
0.00022181312904
0.000217931337715
0.000253034828507
-0.000487125879726
0.00023409105122
0.000239630976128
-0.000369206936763
-6.64110220473e-05
-0.000330839518371
-0.000342895748069
0.000673735266442
0.000371620163465
-8.27026551362e-05
-0.000289236098458
-0.000566437449748
3.86529452694e-05
0.00055969278108
0.000130289849634
-0.000221911640109
-0.000549503612408
0.000327558573873
-0.000106021632975
-0.000700238540766
0.000690760482325
-1.17455192108e-05
-0.000328221613783
-0.000590713736401
0.000517652218748
0.000685041605786
0.000208189180487
-0.000282709399099
7.45202186294e-05
-0.000271220835257
0.000572314625568
0.000451433596705
-0.000240272420985
-0.000211161175705
-0.000313617734205
0.000166372620289
0.000147245113923
0.000584217421782
-0.00059356144515
9.34402337766e-06
-0.00020379301482
0.000129236873503
0.000198321700409
-0.000393492937864
0.000614535654209
-0.000503752591369
-0.00016389400997
0.000293130883492
0.000207073851376
-0.000533342483767
0.000326268632391
-0.000327668197409
0.000664196605811
-0.000336528408423
-4.78509479641e-06
0.000589002516558
0.000600592538326
0.00023245316259
0.000353229358183
-0.000719397982957
0.000366168624761
-0.000568365668343
0.000175678728349
0.000392686939908
0.000432787240744
-0.000149518315704
0.000419373751361
0.000471927685565
0.000484358790915
-0.000405003745241
0.000814974972946
-0.000471592875008
-0.000343382097936
-0.00057687107775
0.00038608329981
-0.000492669215501
-0.000191732990865
0.000696232539702
0.000344260614532
-0.000542916879185
0.00019865626466
-0.000424317490097
-0.00014404817833
-0.00031106296709
0.000509592351684
-0.00025655752318
-0.000153455001053
-0.000333558974271
0.00048701397537
8.44759747884e-05
-6.15234991696e-06
-0.000393618571251
0.00039977092116
0.000121279058714
-0.000495874382532
0.000451965068783
-0.000103049186137
0.000138015202141
0.000305351723271
-0.000443366925411
-0.000100019399265
0.000308208579761
0.000363092284924
0.000285993344337
0.000187195175682
-0.000587716313358
-0.000157514875854
0.000718767362041
0.000102783928621
-0.000653849355188
-5.35407475151e-05
-0.000359875555337
0.000253853922384
8.85273705171e-05
-0.000682578638585
0.000110591702118
0.000253545168558
0.000533530225272
-0.000787075393826
-0.000186678468853
-0.000256345848423
-3.63812506603e-05
-0.000183738834235
0.000220120084909
-0.000194991867561
0.000769363833715
0.000102994901497
0.000268625261975
-0.000209958009731
-0.000139033051892
0.000460156480818
-0.000349564778696
0.000278515160343
-0.000465193629195
-0.00015319142943
-9.45502453547e-05
0.000247741674798
0.000752359829845
-0.000414609477642
-6.34373928738e-05
0.00012054856918
0.000559796857234
-0.000352723005859
0.000567637936413
-0.000223377321897
0.00022921700261
0.000280375349075
-0.000214242202117
0.0001829139445
0.000215939203116
-0.00070860841861
-0.000219947682257
6.6756252845e-05
-0.000529313578519
0.000799709113771
0.000525516147694
-0.000773041761648
0.000115636913969
-0.000155268669861
-0.000101836635934
0.00025710530582
0.000157581369523
9.32808820434e-05
-0.000584302746213
0.000491021864184
-0.000118406094512
0.000422511124603
-0.000592379985874
0.000110769324131
0.000481610661635
0.00041168996625
-0.000417842316174
0.000746615644237
-0.000221099496534
0.000311756812855
-0.000185878092645
-0.000208610719386
-0.000194246328885
-0.000119371405316
0.000488508064233
-0.00074388759598
0.000255379531751
0.000418885376539
0.00033631743723
0.000284943104134
0.000282694832288
-4.75433578266e-05
0.000157496487203
0.000154260325654
0.000165682196798
-0.000350144736344
0.000191490109103
0.000385895577211
0.000431253836821
-0.000817149414025
0.000438723873376
0.000124572414288
-0.000405080760413
0.000280508346129
-0.00072890656649
2.68782259233e-05
-0.000428792227316
0.000437831257072
-0.000274131754763
-0.000473665086401
0.000124100307707
-0.000419814463046
0.000116237313951
-0.000513271702294
8.98147034004e-05
0.000256407151888
7.99102853495e-05
0.000256578490421
0.000201054067064
-0.000457632557479
0.000137862213634
-0.000304125481159
0.000837910460062
-0.000666867174253
-0.00050271122532
-0.000106153484641
0.000608864709966
-0.0005102745076
0.00027387348976
0.000236401017843
0.000351055661566
0.000313140944238
0.000303613371079
-0.000485878899267
0.000182265528188
-0.000127678068492
0.00070075736444
-0.000573079295946
0.000359402053384
-0.000645717374648
0.000378435577898
0.000503923354761
-5.5538663303e-05
0.000589896380545
-0.000304953276423
-0.000723016649532
9.70723938633e-05
-0.000741718557659
9.36825553124e-05
0.000517096175571
-5.52280845561e-05
0.00038400311271
-6.2696924893e-05
0.000123876889919
0.000235525163478
-0.000495259876346
-0.000320826737812
0.000617318709896
-0.000296491972129
-0.000543957615521
2.80178940211e-06
-4.59578740613e-05
-0.000476743071925
0.000603312586238
-0.000170328686939
-0.000432983899297
0.00033205481709
-2.68621239024e-05
-0.000475634517746
0.000598173393728
-0.000122538875981
0.000467273547559
0.000220944746199
0.000460956338306
-0.000157342967227
0.000189643609521
0.000261789987192
0.000242860719478
-0.000238139166541
0.000394419338633
4.14585773461e-05
-0.000452794937719
0.000454137166273
-1.34222855401e-06
-0.00017278159283
5.30717045719e-07
-3.86514101012e-06
-0.000205503550193
-5.20233104326e-05
-0.000293656060781
9.94097318997e-05
0.000421899694918
6.17253462993e-05
-7.13432804438e-05
-0.000222312780333
-9.35535639566e-05
-0.000441138045997
0.000764509150521
0.000158270822269
0.000657808720457
0.000393197676268
-0.000140326596434
-0.000423350325544
0.000563676921978
-0.000115974462518
0.000688570397224
-0.000232514096721
0.00038830924593
-8.27077553045e-05
-0.000305601490622
0.000180214090754
-0.000641144153661
-0.000567787530032
6.40349386032e-05
-9.80156568951e-05
-0.000506947419356
0.0004133938554
0.000353199129598
-0.000582780218422
0.000229581088814
0.000110409863575
0.000277899382358
-0.000480929076982
0.000102444231833
0.000378484845172
0.000329600419533
-3.63501708739e-05
-4.59800694333e-05
0.000508011074203
-0.000715804026405
0.00040071474087
0.000169653554749
-0.000683975471722
0.000514321916988
0.00062856133208
-0.00044040154445
0.000319364433931
-0.00047160821508
-0.000112694531122
0.000469426705069
7.33664715991e-05
-0.000393482666266
-0.000113464753091
-0.000357723951436
-0.000843786911085
0.000335955110864
-0.000310923294407
0.000596916638739
0.000134752352688
0.000326203985619
0.000222751605572
-0.000322771004828
-0.000501585047974
-0.000711963149219
0.000381123630847
0.000289634368128
0.000321104704161
0.000413676817865
0.000363808871079
-0.000777485688937
0.000681203347865
-6.86575618753e-05
-0.000612545785988
0.000799572395077
0.00027886539503
0.000338027350231
-0.000812127480746
0.000206338768764
-0.000617975262528
-0.000589682648688
0.000551623776682
5.87788279217e-06
0.000108720741111
0.000509550288117
-4.18167178352e-05
-0.000279323281051
0.000767831345285
0.000120909923262
0.000187298656512
0.000346628495493
0.000408553172396
-5.51848509356e-05
-0.000353368321457
0.000355011145239
0.000348699038795
0.000204922926876
0.000482644287946
-0.000347891935258
0.000251976784205
0.000294245090292
-0.000546221874494
0.000770568011018
-0.0005546288079
0.000492634769977
-0.00071373426651
0.000325845417092
0.0007521556769
0.000556231259664
0.000594716643106
7.88249544876e-05
0.000164708718952
-0.000243533673435
0.000461858236776
-0.000447282333386
-0.000671750702338
0.000618209954834
0.000580564893526
-0.000159841905928
-0.000270622752083
0.000114788264232
-0.000337596877804
0.000239953087891
-0.000311296368332
-0.000464421987767
0.000422605269894
-0.000560377910236
0.000289157074973
0.000464286299656
-4.7473898547e-05
0.000665727181153
8.75071996322e-06
-0.000256207605098
0.000247456885133
0.000101498331178
-0.000435022572981
0.00034793680851
8.70857644716e-05
0.000168431944726
-0.000192037272147
2.36053274264e-05
2.46089278488e-05
-0.000518871068241
-2.50865472807e-05
0.000745959078644
6.36319470639e-06
0.000317646761933
0.000169367213468
-0.000594640801046
0.000555303579755
-0.000444534255683
-0.000191340701738
0.000105866652991
0.000243267720535
-0.00038879617895
0.000820050015773
-0.000766437371658
0.000627872610397
0.000382658766709
0.000416913628371
-0.000266010327732
0.000171460082386
-0.000242630181062
0.000762740997711
0.000436041217683
-0.000678671398749
-0.000231730912063
0.000603506171854
0.000385292495642
-0.000687305755756
-0.000516356393512
0.000930216554333
-0.000366426790694
-0.000244814933647
-0.000301300457574
-0.000108818587363
-0.000230062840897
0.000719403843834
-0.000489341002938
0.000373542609256
6.26582522198e-05
-0.000436200861463
0.000433739942925
-0.000479720012358
-0.000209533381836
0.000136785656402
7.27477254375e-05
-0.00054183523955
-0.000166773179063
0.000638571444075
-0.000363546122108
-0.000275025321969
0.000451555680269
-0.000642896382004
-0.000533809262699
-0.000453140302261
0.000386729280219
0.000237918415515
0.000165727290642
-0.000403645706156
-0.0002426285334
-0.000263981993862
-0.000543556718817
0.000807538712684
-0.000582197833836
0.000963365698732
-1.90549947939e-05
9.67280470037e-05
-0.000358348270501
0.000369179534855
0.000436049618166
-0.00042976970854
0.00041284182792
-0.000408232097539
0.000368941854064
3.92902434753e-05
0.000529603179921
0.00017115418452
-0.000627779764
0.000758311981466
0.000407246222633
-0.000598979213503
0.000365351440053
0.000224544940498
-0.000246396709404
0.000146360060932
-0.000628467592944
0.000465234445212
-0.000146088416052
0.000381613579538
-0.000723736269242
0.000181901029691
0.000434208995115
-0.000144953459294
0.000425461805419
0.000242982340721
-0.000441956030853
0.000198973690139
-0.000308631000573
-0.000403332148646
4.86323366484e-05
0.000455850264656
0.00042608232608
2.80548401923e-05
0.000474714662728
0.000176087137533
-8.68119929254e-05
-0.000429468714033
-0.000258297723389
0.000233588629428
-0.000224837909461
0.000633729449318
-4.97640154271e-05
-0.000392725646907
-0.000482924526922
-0.000593679012483
0.000612477757619
-0.000160922077338
0.000184449381096
0.000242298372646
0.000127677201544
0.000132256136363
0.000127402699734
-6.02952890282e-05
0.000527007406213
8.58958475099e-05
4.81749772175e-07
-8.63775972663e-05
0.000527672576196
-0.000757735417091
-0.000192487192322
-5.89676739309e-05
0.000251454866249
-0.000467143954153
-0.000350005459869
0.000295675696006
0.000276743958346
-0.000177334226441
0.000506586017156
0.00038094713639
-1.20052823248e-05
-0.000414532597344
0.000305714009983
-0.000287217253996
-0.000456670341981
0.000246748324747
0.000325566300806
9.145153213e-05
0.000258464833858
-0.000349916365984
0.000230763175802
-0.000368874697434
0.000138111521636
5.04645994932e-05
-0.000780863380849
0.000226234572951
-2.953216929e-05
0.000695259350441
2.4024380026e-05
-0.000280231985118
-0.000430050643723
0.000374865792788
4.11014371095e-05
-0.000631334844648
0.000198350945353
-0.000797406439143
0.000606228917426
-0.000384852417568
-0.000221376499856
6.35512906127e-05
-0.000369152781233
0.000426178794
0.000242682795319
0.000274892647786
-2.74357626547e-05
0.000149191808793
-0.000326418640685
-0.000130691283787
0.000368609699297
-0.000798732679526
-6.3482764903e-05
0.000331404620023
0.000140869542545
-8.59764712265e-06
-0.000282674367055
-0.000131858230288
0.000386680074782
-0.000155916898976
-0.000255380402958
0.000136588948249
0.000285922176382
3.57574024546e-05
-0.00038912572391
0.000419547248583
0.000424196989675
-0.000250635453902
-0.000173561535768
0.000707898483277
3.80605953673e-05
0.000422305781063
0.000401995803531
-0.000410174391049
8.17858752001e-06
0.00018123458482
-0.000212033214706
-0.000811383157175
0.000267826438361
-0.000156585841409
0.000131730675972
-0.000383828324014
-0.000389939142368
0.000429229385843
0.000441067742873
-0.000749698743444
-0.000544158713722
0.000431464182609
0.000489115247774
6.12849587395e-05
0.000336417946064
-0.000803561900217
-0.000403602875034
0.00017735592055
0.000226246954491
0.00020360323509
-0.000399911763644
-9.59626188875e-05
0.000411683356873
-0.000572605434204
4.98862881994e-05
-0.00027219906853
0.000195710564691
-0.000137305564134
7.48028990844e-05
0.00074493250193
-0.000199999639942
0.000512442220991
0.000304650277726
-0.000817092498717
0.000309156113886
0.000498382598802
7.49565320591e-05
0.000219678153989
0.000509543458721
-0.000398317013034
-0.000503247132883
-1.0763209246e-06
0.000504323453759
-4.78236472727e-05
-0.00055502751256
0.000602851159849
0.000821598334877
0.000292370005653
-4.08635116953e-05
0.000414406120966
0.000420338261274
0.000474927556826
-0.000678357470616
-0.000390581301739
-0.0004185782367
-0.000615015528131
6.63261569583e-05
-0.000456265299326
-6.69501648245e-05
0.00055797202902
0.000294859176143
-0.000279150129111
0.000431044787326
-0.000398539202823
0.000461197455054
-0.00028636507537
-0.000446599864346
0.000646208236764
-0.000199608372418
-0.000598962351157
-0.000159828663192
0.000402127035836
0.000169820853408
0.000472666856782
3.12564979675e-05
-7.1618415968e-05
0.000354760139428
-2.05533527617e-05
0.000375313492201
0.000550928451124
-0.000525729798159
-6.19865152189e-05
-0.000181625517724
-2.05948383622e-05
-0.000267965090707
0.000399695766685
8.65180187029e-05
-0.000485057221516
-5.21462001057e-05
2.51266855007e-05
-0.000312866850182
0.000287740164691
-0.000132475356844
-0.000205494114756
-0.000407294255411
0.000577115108821
0.000246620521404
5.04789440279e-05
-0.000297099465422
0.000342897615367
-0.000242841224992
-0.000145612769997
0.000332911426513
-9.45505358083e-06
-0.000215382855877
-0.000360215926665
0.000339662573915
0.000517982201317
-0.000845036856378
0.000623125216229
-0.000333395378777
0.000378047691864
-0.0005105230487
-0.000783963820212
0.00070144139142
8.25224287895e-05
0.000161127061268
-0.000436610822203
-0.000498911622489
-0.000376441449657
0.000418817447082
4.23800079803e-05
-0.000302069050936
0.000327195736446
0.000224197349735
0.000570261412275
0.000451032036496
-0.000424831736908
-0.000253525733708
-0.000244632348255
-0.000469101918252
4.38001464444e-05
-0.000345869197371
-0.000160642225321
-0.000373167037378
-0.000381826070296
0.000391400185317
-9.57411517583e-06
4.34659205659e-05
7.70826486281e-05
0.000218062891027
-0.000348754174811
1.28931423889e-06
0.000457236394909
-0.000458525709161
-0.000217758681116
0.000675767317925
0.000724493978338
-0.000361401693417
-1.97576980719e-05
0.000438575145165
0.00064773962371
-0.000139687321959
0.000508534160579
-2.62799551853e-05
-0.000350636459083
0.000805217886253
0.000115499566673
0.000132242108144
-0.000584189534226
1.77520844916e-05
-0.000667777855859
0.000448094745408
0.000493412044482
0.000313985095212
5.55665636177e-05
-3.30201761875e-05
0.000279640697601
-0.000262387906149
7.67840115041e-05
0.000237252180295
-0.000314036191793
-0.000266132819947
-0.000107009529648
-0.000391832696745
-0.000180772737456
0.000286658588891
-0.000132398263233
0.000622941893645
-0.000113391605535
-0.000352292173602
0.000394648422901
-0.000357343408745
-0.00015317963995
-2.19592629265e-05
-0.0002502398056
0.000406552352878
-0.000128652970517
-0.000316640785679
0.000336666581429
0.000525558092813
-0.000359024215459
-0.000217868002439
-0.000267902251732
-4.33941165975e-05
-0.000585148584221
-0.000651239336055
0.000272369703125
-0.000445931238889
-8.98626808482e-05
0.00022664833725
-0.000549266060352
-6.02346619491e-05
0.000262776967704
-0.000202542305743
-0.000530193837193
0.000125190091984
-4.36081354764e-05
-0.000183746931211
0.000227355066699
-0.000464964690846
0.000247206009735
-0.000257785925646
0.000334569937148
-0.000149579034927
-0.00016841677719
0.000317995812131
2.29810528385e-05
0.000470430991651
0.000629921056595
-0.000639208367411
0.000782504820745
-0.000143296453335
0.000598216882813
-0.000206997357172
0.000163389221703
0.00015237317057
-0.000243981593157
-0.000437761171775
0.000465878110126
0.000662984112286
-0.000776397923479
0.000137189556067
2.93480654581e-06
0.000129376623655
-0.000132311430191
0.00022975679152
-1.53090451802e-05
-0.000235331962853
0.000214737124504
0.000183542469588
-0.000211673475109
-0.000431222906893
-0.000232356238656
-4.55524213526e-05
0.000653591297034
-0.000662188944155
0.000538116146201
-0.000201449564767
-0.000490023628106
0.000192594987721
6.1498022544e-05
6.3070765047e-05
4.60670162181e-05
1.56583300916e-05
-0.000356842560994
0.000247109260219
-0.000388081676404
0.000199012389218
-0.000536541810619
0.000365720004976
-0.000289861514658
0.00042240255321
-0.000340117703721
-8.22848495021e-05
0.000372638537774
-0.000329759191967
0.000704041528102
-0.00060696913424
-0.000631101511099
0.000562443949225
0.000427366462612
-0.000238932279591
-0.000230883400431
0.000224354763455
-0.000623137612132
0.000806680081723
0.000444766276979
0.000795319428534
-0.000322208958278
-0.000378001314393
0.000201015725504
-0.000111288254853
0.000184035980294
-0.000440017334283
0.000123488616582
0.000678444571886
-0.000634073490478
-9.55316885448e-07
-0.00024928448871
0.000110823773656
0.00025505967961
-0.000804325739958
0.000293770414077
-2.9131331819e-06
0.000261120201385
-0.000168809790362
-7.35338195199e-05
0.000452029672084
-9.26303770926e-05
-0.000499583556537
-6.82039735272e-05
-0.00015943000305
0.000100855903538
5.85740995211e-05
0.000107713109576
6.8374027976e-05
0.000510148381751
-0.000550279824043
-9.08643296109e-05
-0.000396453102186
0.000262561108347
-1.47250327447e-05
1.52557497986e-05
0.000172181816402
-0.000201213296526
0.000242671873873
-0.000201492325727
-8.82829619878e-05
0.000584775674973
5.7284069794e-06
-0.000295589921635
0.000142790970733
0.000283820633319
-0.000782732255806
0.000213237385393
0.00092128172773
-0.000624659287283
-0.000296622440535
0.000164494649324
0.000112251909567
7.21120758569e-05
-0.000184363985416
0.000221531497504
0.000116765754259
8.35080818785e-05
0.000116130904496
-0.000113196097945
0.000653375336389
0.000419792932726
-0.000699116213774
-0.000546710068672
6.9966996685e-05
0.000572121333082
-0.000186038033317
-5.57363560677e-05
0.000167988265641
-0.000337957312611
0.000253683075986
-0.000557808557142
-0.00010250041351
-2.86907158779e-05
0.000440380682121
7.1475437646e-05
-4.72261822249e-05
6.19333558327e-05
0.000308439906946
3.31581377526e-05
-0.000341598044696
-0.00013248963088
-0.000495977962072
-0.000136679528704
-0.000106854144728
-0.000168574244837
0.000369589970349
-2.49176447461e-05
-0.000148388463922
0.000390442870643
-0.000133456362872
-0.000328264899744
0.000314168313927
-0.000575730608626
0.000270777332203
-0.000134885281312
-0.000582794242453
1.95178065574e-05
5.93040251694e-05
-0.000112200396293
0.000227699962986
0.000533129434596
-0.000198461640214
-0.000338080170411
-2.84594948364e-05
0.00047186444548
-0.000299362872717
-0.000172501572762
0.000516648681797
-0.000292227570701
0.000456168714582
-0.000509746802989
0.000565642120129
0.00038808994094
-0.000587250843285
0.000606768649844
0.000432748080814
-0.000309411264208
0.00036099153914
-0.000327833401387
0.000322430539267
-4.50411706743e-06
-0.000317926422199
0.000301511493508
-0.000277487113479
0.00011864944272
0.000576836056918
-0.000228137018151
-0.000680683655254
0.000327645262563
-1.56742938189e-05
-0.000377944277432
0.000261114715977
3.37444601747e-05
-4.29798048216e-05
6.80262591386e-05
-7.01598502819e-05
2.13359115009e-06
-0.000312792223134
-8.80324156113e-05
0.000348986256816
0.000368427761338
0.000119159498089
-3.32636505713e-05
0.000453857265512
0.000349113083067
-0.000802970348667
-0.000109836753694
-0.000333530171721
-2.8431286161e-05
-0.000267158635471
0.000258782749463
0.000388128690415
-8.24146804301e-05
0.000389615864276
-0.000319194647289
0.00041169884561
0.000137416880241
-0.000223168243297
-3.14412635092e-05
9.94675226539e-05
0.000319907304931
-1.55908780392e-05
-0.000277159696274
0.000387983469929
-0.000482675130076
-0.000356728980646
0.000139519586751
0.000217209393904
0.000167149470062
-0.000143544142632
0.000151179030151
2.90971901875e-05
0.000573753969674
-0.00025809922363
0.000206075913201
3.26648708651e-07
0.000470104342954
0.000145146084793
0.000256009319109
0.000275728310747
0.00043890179388
-0.000383001923096
0.000740509425095
-3.16347470327e-05
3.13419834785e-05
-0.000597348214135
0.000331832587346
-0.000555209909249
9.27409787287e-05
-0.000542566409981
3.89794051834e-05
-0.000211541911922
-0.000428947138152
0.000531063558149
-0.000102116419958
-3.19704324193e-05
-0.000584449053882
0.000187599035103
-0.000690310260415
0.000312320331363
0.000304998378499
0.000322743599257
-0.00029136502458
-6.6983245926e-05
0.000338164415717
-1.57338764553e-05
7.66854001361e-06
-0.000639653434364
0.000631984894348
-0.000183942074499
-0.000318187041584
0.000502129116068
-0.000310810495255
1.79449283571e-06
-0.000202543410647
-0.000312538025133
0.000279949641949
-0.00013358958101
-0.000887988589321
0.000315576976098
0.000572411613218
0.000215924973854
0.000161592185402
-0.000205790908217
0.000160238486884
0.000269077791938
-0.000107485606535
-5.99069048588e-05
0.000297005179782
-0.000237098274924
0.000691659160851
0.000169028241953
-0.000306333806087
-4.95524798184e-06
9.76962267253e-05
3.95081211374e-06
0.000529178622497
-0.00029700737644
0.000269571613787
-8.46896409872e-05
0.000143263740514
-0.000243898021309
0.000264579224691
-0.000823039868989
0.000532706161969
0.000200534664027
-0.000119794192522
-8.07404715005e-05
0.000213039334705
-0.000258362660694
-0.000157229074935
-0.000192154367444
0.000451211080789
-0.000259056713347
0.000192234331323
-0.000322016649234
0.000612908548719
-0.000142810498927
0.000522569688788
0.000467487538544
-0.000389171394586
-0.000164684579967
-6.1749098684e-05
0.000522019170723
-0.000460270072009
0.000455289389845
7.70645955824e-05
0.00014359954573
0.000187684363367
-0.000283141993142
0.000428985854741
-0.000716203108734
-0.000213854341069
0.000539420641866
0.000147217746793
0.000203692007347
-0.000267174772251
-9.92465065331e-05
-0.000223643858619
0.000351321060164
0.000490696236836
-0.000544406357461
5.37101206702e-05
-0.000528746586158
0.000176004020126
-0.000203187629933
0.000647307145028
9.23675650983e-05
0.000448474873753
-0.000540842438875
-0.000333922103885
0.000604699436076
-0.00054958731841
0.000215665214517
-9.59733007638e-05
0.000161655900482
0.000356186179104
-0.000517842079587
0.000785981872386
-0.000569504238453
0.000193062788798
-0.000264121739863
-0.000344552732503
0.000781264787593
0.000465328559812
-0.000144463767998
6.55025517069e-05
7.70660799408e-05
3.98605681939e-05
-0.000372632149475
0.000332771581314
-0.000166149077181
0.000417345415848
-0.000251196338683
0.00075886336059
5.70828236684e-05
-2.63384799286e-05
-8.68576180125e-05
-0.000298713492095
-0.000393554008756
-0.000326559931227
-0.000354123724029
1.17884734432e-05
0.000186629819857
-0.000129374330322
0.000473956171019
0.000416866584313
2.2035209581e-05
0.00011113985159
0.000757923808814
-0.00037608206982
0.000577704781795
-0.000267361655669
3.43112230768e-05
-6.62816554841e-05
-0.000134258465138
-0.000386498942159
0.000520757407288
8.75273844496e-05
0.000520371745735
-4.67993911375e-05
0.00031637100492
5.58612152097e-05
-0.000552373837103
0.000816953061794
0.000578381134303
0.000454841810536
-0.000560995295172
0.000544656513941
0.00066444443097
0.000273174192369
9.64983302105e-05
-3.89254666275e-05
-5.75728635771e-05
0.000328090181292
0.000479265777068
-9.25364968407e-05
-0.000517956335593
0.000516880014637
-6.78853870888e-05
-0.000150068398031
-0.000198685776778
0.000428545679027
0.00029982464169
-0.000508435361076
0.000222368002007
0.00036240767296
-0.000462972165133
0.000353135411437
0.000404654342539
-0.000518045948083
-0.000384198236169
-0.00033519974679
0.000281470220002
-0.000208103748402
0.000131978737403
0.000513253937677
0.000243073556808
-0.000622968803237
-0.000559013572595
0.000503877075995
5.51364966304e-05
-0.000137509549393
-0.000405407329773
-0.000485220609031
-3.27357265857e-05
0.000311703751743
0.000586462568251
-0.000332779492266
0.000334802009077
-5.85509891784e-05
-0.000363011598162
0.000421562587333
-0.000291104411932
0.000480748021462
0.000178021783263
6.84654189841e-05
0.000506585408926
-0.000349257463517
-0.000157327945422
0.000499745862546
-0.000561732377783
-0.000358750022525
0.000343016146067
0.000485034486758
-1.28561641147e-05
-0.000546157408454
0.000375042612012
-0.000116611840949
-0.000399856114185
0.000516467955156
-0.000601652748861
-0.000224236506061
0.000497410698434
0.000696504655442
-0.000715077143723
-0.000182043186724
0.000520396922298
-0.000272501538219
-0.000247895384064
0.000570308359182
-0.000301693594386
-0.000293363699181
0.0004769508163
-0.000421384252657
-0.000270130359034
-0.000492392611018
0.000497064966758
-2.31087957451e-05
0.000583045196387
-0.000565293111893
-0.000485748479965
0.00034293798103
0.000381829692941
-0.000419627514389
9.55916979097e-05
-0.00072215102026
0.000606176557733
-0.000379775469063
7.89797780801e-05
-0.000523514033812
1.72964580904e-05
4.36070039933e-05
0.000275803565454
-0.000532361088635
0.000372326943787
0.000664143288932
-0.000285707711036
0.000295263203502
0.000179664353327
0.000631124269063
-0.000310019564903
0.000374424316344
-3.67445674386e-05
-0.000337679748904
-2.18046998297e-05
0.000235830006376
0.000215381074413
0.000190163178345
-0.000555948172854
-0.000407049192626
0.000560810775782
-0.000396384530877
0.000509076330335
3.67593229955e-05
5.39335661399e-05
-0.000140791184149
-0.000445667211522
0.000633266246626
0.000165694124248
-0.000299283705256
-0.000167303159277
0.000332997283532
-0.000200780815826
-0.000157735823468
0.000356057523889
-8.11424721967e-05
-0.000552570851305
0.00016607190914
0.000438160755686
-0.000682975689334
-0.00030611080561
-4.19420577352e-05
0.000458808642058
-0.000435684734381
-0.000300237868117
0.000725616887954
-0.000681047439958
-4.45694480099e-05
-0.000343727882553
0.000738760799645
-0.000437487985793
-0.000301272813855
0.000448785607025
-0.000464094652186
-0.000618591104547
-6.57999057068e-05
-0.000333962471392
-0.000267690277475
3.29799409168e-05
2.89534149234e-05
-0.000505998677491
2.33235473992e-05
0.000440409288294
-0.000509334478265
-3.8951399053e-05
0.000548285877338
-0.000632403458116
0.000499913827233
2.91147999084e-05
-4.28205474453e-05
-0.000676569697649
0.000382144897777
0.000294424799869
-0.000507542081686
-0.000469364812695
-0.000625765443423
0.000754513628616
0.000597410614016
7.74387253273e-05
-1.98441442321e-05
0.000489948487197
0.000201346220012
0.000594011895548
-0.000122084209979
5.55849637871e-05
-0.000710758167399
0.000288071978623
-0.000531969999927
-0.00028200499169
0.000286013080909
-0.000184017900887
-0.000103295508793
0.000784589663741
-8.80850083066e-05
0.000491368105067
-0.000130413277058
-0.000559896983355
0.000233739562393
0.000292810047497
0.00040230185678
-0.00068595988696
0.00028365803018
-0.000581780556697
0.000238120925651
0.000697651409299
-0.000632286213428
0.000536287990069
3.44579222282e-05
6.3238304509e-05
-0.000171327057775
-0.000398177180675
-1.05617739748e-05
-0.000427627675876
-0.000133367619293
-0.000592790991331
0.000270664882314
0.000226745816124
0.000548883075264
-0.000695178882719
-0.000558040952931
0.000403561052855
-8.49299689372e-05
-0.000172740072603
-0.000522539013876
-0.000528041156486
-0.000485575675
0.000325733769072
0.000543313707592
3.50674267037e-05
-1.50862095325e-05
-0.000196836746734
-6.15259139555e-05
-0.000443742968432
-0.000444245620893
0.000229292510368
-0.000235819428433
0.000301312265789
0.000221257422999
5.2032993764e-05
0.000445031972986
0.000460354578909
0.000448006429468
0.00055732158489
-0.000453547037136
-0.000232536446947
-0.000488702219411
-0.000261515339793
0.000185714368441
0.000828182745222
-0.000759120666806
-0.000175783820869
-0.000794709436468
0.000807874692103
-0.000515181714545
0.000492072918789
-1.05397442307e-05
-0.000851313496239
0.000861853240452
-8.109413743e-05
0.000297588165967
9.03953039598e-05
-0.000489269860811
0.000343984314926
-0.000106614848585
0.000764423569034
-0.000480578672791
0.00039943620059
0.000354670989638
-0.000274303785414
0.000722398530818
0.000266910382053
0.000188379007791
-0.000132440263564
0.000284820046662
0.000327631890115
-0.000721124827981
-0.000313901251953
-7.95662827415e-05
0.000486045956727
-0.000609088229551
-0.000697764969833
0.000412057258795
0.000661433414456
0.000203742076723
-0.000123855435564
0.000107205756086
-0.00077044916309
0.000241135584576
0.000577536737108
0.000334040159647
0.000298700908604
-0.0007361888944
0.000319835698583
-0.000488167805052
-0.000697721873875
0.000337060648005
0.000360661225871
0.000312874616046
-0.000314881928314
-0.000466996140332
-0.00028456423053
0.000173507931596
-0.000485181784175
-0.000421086054969
0.000209924879278
-0.000278655562386
-0.00043817860148
0.000309276652823
0.000128901948667
-0.000259604214146
0.000232707047178
3.49097109537e-05
-0.000384851542154
-0.000272671774012
5.19003118386e-06
0.000461074466338
0.000633894576506
-0.000900069228839
0.000498521858938
0.000589818425164
-0.000285805430906
-0.000139993619081
0.00045935805303
0.000636745371057
8.33761290712e-05
0.000305776745249
0.000355656669257
-0.000349031082276
-0.000182701592007
0.000470430122866
-0.000411126097711
0.000214694412552
0.000116510626681
-0.000331205039243
0.000773168206963
-0.000190727063677
-0.000665777177301
0.000461984162477
6.39014767289e-05
0.000175269035435
0.000455399473742
9.04514374691e-05
-0.000326024658516
2.31477894685e-05
0.000123892149525
0.000316517138769
-0.000177166546263
0.000149791254802
2.73752914656e-05
-0.000180742690545
0.000260469855102
-0.000473405769726
0.000479906206686
-0.000706681356291
0.00054850373877
-0.00022099152686
0.000457932309172
-0.000819030682926
0.000381234558652
-0.000124788097261
0.000703699143226
-0.000154816067963
0.000174393401324
0.000181664122579
-0.000348899238956
-0.000703370331863
0.000658800883846
0.000314034768171
-0.000553468720695
-7.89347374291e-05
-0.000242565844402
-0.000733354668748
0.000366927878052
-0.000243792009577
0.000609143449634
-0.00106865331357
0.000763064269808
0.00063469947079
-0.000583899581028
0.000618967007725
-2.46729631249e-05
-0.000433852746048
0.000416482408915
-0.000329793615892
0.000166849285147
-0.000406912442729
6.92326938232e-05
-0.000654981901188
0.00023668796161
-0.000737716056369
0.000270719916069
-0.000655445077218
-0.00041320823642
-0.000437747373328
0.000346676492884
0.00015545262317
-0.000465554429956
0.000160009965678
-0.000821378498742
0.00062165916153
0.000281836011551
-0.000614615503816
-0.000211569729353
-0.000405776536558
0.000358528239864
6.94757553572e-05
0.000355264432704
-0.000376631854498
-0.000694765748037
-0.000484198515178
-0.000367133857921
0.000376797050036
-0.000561063376531
0.000184266326502
-0.000181243902892
-0.000354196949929
0.000522956452679
-0.000319526336213
0.000111422587825
-0.000189880975276
0.000397889336916
-0.00031184379038
-0.000494117151821
0.000395158242295
-0.000474190632338
7.90323900358e-05
-0.000565980399856
-0.000498290156551
-0.00079252352987
0.000687047141589
-0.000326385915717
0.000139447047807
-4.73570370099e-05
0.000442515279299
-0.000412036607719
0.000285779956041
0.000126256651677
-0.000303529169036
0.000530274985168
-0.000205009894421
-0.000623953012422
0.000371177736655
0.00025277527584
0.00038431828061
4.20719298588e-05
0.000640680737139
0.000118804491428
-0.000521172628146
-0.000373145889635
0.000234547026925
0.000749932789619
-0.000548685171519
-0.00014116399132
0.00035606862062
0.000101863688551
-0.000326516349605
0.000531486723295
-0.000338423934493
-0.000413958545366
6.87801089656e-05
0.000425301314442
0.000315427029871
-0.000641812945587
0.000410359019319
0.000108171924405
-0.000299188473947
0.000749475102371
0.000705781970406
-0.000432269243239
-8.41880689107e-05
-0.000352012792543
-0.000386845657709
0.000174117034262
0.000265913381579
-0.00042684476169
-0.000342302550059
-0.000369437694346
0.000464531550402
7.67767117201e-05
-0.000541308262133
-0.000279271214199
-0.000214845937616
0.000665884211023
-0.00034738814572
-0.000399908490719
-4.51878088578e-05
-0.000336201792016
-5.89285513463e-05
-0.000669048438312
0.000324495705795
-0.000112087932817
-0.000150246620518
-0.000429510047594
-0.000368281412547
0.000607571627286
-0.000105481355309
0.000570012905708
0.000288988974652
0.00079466030652
-0.000368481512516
-0.000476984076621
-0.000489391409354
-0.000455334171303
6.24711216983e-06
0.000576221239966
-0.000391738683228
-0.000192417283649
0.000125578528485
-8.49923856759e-05
0.000370772341726
-0.000581193465636
-0.000453169593534
0.000104766406857
-0.000521808684706
0.000417042277839
0.000128950223853
-0.000735558141576
-0.000515719225978
0.000177295291497
0.000466919976421
-0.000123981995398
0.000504202607446
-0.00050941766861
-6.0586061808e-05
-0.000310334135013
0.00020793982742
-0.000457189532472
-0.000151898697075
1.57853373499e-05
0.000260183481566
6.96892359406e-06
2.68242743266e-05
0.000646810486467
9.03996092618e-05
-0.00073721009573
-0.000294140931068
0.000668084141675
-0.000392285806301
1.17107793595e-06
-0.000550814592373
0.000211130533612
0.000299688785123
0.000345494247932
-0.000234071660092
-0.000268296343162
-0.000321522082002
0.000395749204939
3.8881460849e-05
-0.000321009984072
0.00075079952176
-0.000335192412023
-8.33840928741e-05
-1.31836229023e-06
-0.000548284534961
0.000156545851729
-0.000157190986109
-0.000553546431019
0.000459022322192
-0.000330120373518
-0.000106183397236
-0.000483300013465
-0.000393330060611
-0.000308030978026
-0.000117608323393
0.000582308270292
0.000325781591617
-5.3792948982e-06
-0.000345606603602
-0.000601459317384
-0.000342787922389
-0.00043870220553
0.000312445553854
-0.00052830819561
0.000151598135566
-0.000702178521117
-0.000131242257123
-6.14112391372e-05
0.000613587712823
8.11339990102e-05
-0.000634602719712
-0.000371762343882
6.29359004662e-05
-0.000520325318379
0.000592530789853
2.10569229608e-05
0.000717434290999
-0.000194477838321
-5.07953771223e-05
-4.92353433481e-05
-2.16805772109e-05
-7.92534407864e-05
0.000569560661727
0.000313496164106
0.000199306347222
0.000106410326709
1.11979966839e-05
0.000720391609027
-0.000476700002298
0.00063400983454
0.000288122365789
0.0002724809895
-0.000396462984909
-0.000435676266472
-0.000126905325641
0.000733081883376
0.000496442764143
0.000267562938414
-0.000751681414213
0.000484118475795
-0.000668698484598
0.000752844419981
-0.000623894196119
-0.000587947225557
-5.87240497498e-05
0.000164897194426
-0.000654903113438
0.000740753101149
-0.000520954881911
-3.32439519039e-05
-0.000657890945238
-4.84120519714e-05
-0.000468625955984
-0.000578265815413
0.00074316300984
-0.00067715033079
-6.00597649302e-05
-0.000231787405985
0.00072823017013
-0.000372695590439
0.000572001937731
0.000518145383633
0.000261314244144
0.000264053098849
-0.000233536030582
0.000446898760788
-0.000748171574644
0.000735021126578
0.000405227510687
0.000718723674792
-0.00069030831648
-0.000364526724863
0.000386473728243
0.000271370273265
0.000626104704385
0.000617605342308
-0.000209160349889
0.000207969484854
-0.000724019363235
0.000516049878388
0.000132110399073
-0.000765997411223
0.000517586902364
0.00029936615943
8.57728948366e-05
0.000463688951949
-0.000549461846782
-4.37897484892e-05
0.000645266728078
-0.000601476979584
6.54261379118e-05
0.000472351856192
-0.000537777994136
-0.000423733648718
0.000631703133572
-0.000514724645529
9.33403928993e-05
0.000389534553545
0.000390476402099
-0.000675040632648
-0.0004573881297
0.000771422897877
0.000176154242291
-0.000203096497767
2.69422554114e-05
0.000178589981499
3.96851592188e-05
-0.000137880113088
9.5559739945e-06
-0.000302061540244
0.000292505566259
-9.58284890376e-05
0.00031549608512
-0.000219667596091
0.000164010466424
0.000629836914711
-0.000237149974833
-0.000501098230919
0.000632542574343
0.000172675311895
0.000141164674976
0.000643424988755
-0.000781845412115
0.000702910674676
0.000707641259035
-0.000808784746719
0.000853542013226
-0.000610050430792
0.000355443251196
0.000685100301861
-0.000185186474636
-0.000482556891214
0.000253890530492
-0.000726144861067
-0.000657366885026
0.000107278976558
0.000603425113587
-0.00034824672273
0.000608979654029
0.000461787074418
0.000824828040746
-0.000439520040446
-0.000895482089867
-0.000813003526582
0.000492983193199
-0.000732679447745
0.000985249152237
-0.00075051835238
0.000672468606676
-0.000185261816915
0.000314753187689
-0.000268872965828
0.000154571040427
-0.000461993035507
-0.000605370748808
-0.000429438904026
0.000420997997316
-0.000513198055112
0.000621657397563
-0.000409426073568
-0.000511355011649
0.000327088685147
-0.000481340903607
-0.000239121279242
-0.00057155623003
-0.000594400584152
0.000450352405755
-0.000630700982818
0.000558088355623
-5.37649018929e-05
0.000571493926059
-0.000682481371828
-0.000316719061575
0.000613211033704
-0.000269226718843
8.69246718103e-05
0.000349132477287
-0.000476951830941
0.000422388657194
-2.80753864395e-05
-0.000719203097171
0.0006358269681
0.000123036392478
0.000226396391953
-0.000538087918464
-0.000432950188973
0.000636177636781
-0.000445450573103
-0.000173331145947
-2.20704084708e-05
-0.000152265056616
0.000316796996362
0.000338489889182
-0.000705703693481
0.000709863945647
1.98007291105e-05
-0.00028819499665
0.000356689906124
0.000669590897024
0.000443798881356
-0.000399571296616
0.000653461827095
0.000432627463473
0.00038959054932
0.000772632887674
0.000485885325722
0.00049540739608
0.000864995736926
-0.000446172811151
0.00074284816188
0.000275692332496
-0.000420234134179
0.000224706763632
-0.00023768512711
0.000702792552421
-0.000419134522238
-0.0004239151144
0.000338716817934
-0.000202588231734
0.000653730756885
0.000603781647993
-0.000553278566835
0.000354927621482
0.000382670338381
0.000324921995162
-0.00017926077907
-0.000259157454756
7.24922977038e-05
-0.000104580203629
2.58985358138e-05
0.000294642360314
-0.000259978592682
-7.94145008904e-06
0.000100800795182
-3.36026200397e-05
4.38417140219e-05
0.000465424440305
0.000521955169008
0.000602253884105
-0.000500023328562
0.000275579143854
-0.000392081897678
0.000116502753835
-0.000532111474845
0.000391382999315
0.000140728475529
0.000525602357601
-0.000490692646637
0.00060990125523
-0.000385356314735
0.000802774190664
-0.000418825060679
0.000751245241109
-0.000838497472745
-0.000351216452253
0.000696736238865
-0.000642200467476
-0.000253281622395
0.000463426347322
-0.000530384370052
-0.000435765164708
-0.000392142901862
0.000784549474379
-6.02108410615e-05
-0.000498735591583
1.62866487113e-05
-0.000531332716841
-0.000292903908968
0.000508569123488
5.73394208191e-05
8.87930363917e-05
0.000482700889555
0.000306705429594
-0.000543855404505
-0.000717878868593
-5.50376971791e-05
0.000532591917713
0.000601934779168
0.000661723842835
-2.27305696798e-05
-0.000638993273162
4.49697326989e-05
0.000508128222516
-0.00031002780309
-0.000198100419424
0.000246612882745
-0.000485811623961
-0.000125575969089
-0.000360235654874
0.000526954099541
-0.000280341216807
0.000605332278514
-0.000560362545798
0.000317314513255
0.000159646802257
0.000462603693337
-0.000200565891407
0.000603494381415
-0.000430819069532
-9.79283354425e-05
-0.000509629334432
-2.24821404209e-05
-0.000106596686932
-0.000234050190573
2.98960848257e-05
0.000521349761745
0.000281424428909
-0.000453823762397
-0.000375775942298
0.000430529098509
-0.000394328407005
0.000603521523687
9.93891509796e-05
-0.000374364985474
0.000534011787713
0.000473438527974
-0.000674004419379
0.000418335049045
0.000627016960943
-0.000767909594914
-0.000122650479657
-0.000144541801694
-8.51982963952e-05
-9.35029988096e-05
-0.000300707465569
0.000620738912722
0.00068895670875
0.000408838791446
0.000252651975454
-0.000294471066936
-0.000211037947884
-9.40383990721e-05
-0.000276163004428
0.000210915881487
-0.000274033745158
-8.76413799501e-06
0.000212568611336
0.000263365198811
-0.000135171741206
-0.00033317750658
-0.000230737397912
0.000195803706221
0.000131421592603
9.3800079689e-05
0.000588460832777
-0.000339609796061
-8.34178310828e-05
0.000118172063335
-0.000363759047884
-0.000442190482458
-0.000393819254341
-0.00013878026957
0.000336880688994
-0.000220643375015
0.000346219344104
0.000108470684816
-0.000530522588343
0.000177536578446
0.000371698763614
-0.000468650756371
-0.000579089244234
0.000554004686909
-0.000245816791063
0.00017111570963
-0.000897437923502
-0.000748118528208
-0.000648023502558
-0.000269354456855
0.000915251018854
0.000822847689727
-0.00118795947817
0.00102481630384
0.000849358281419
0.000571966120153
0.000607477941722
0.000229402418776
-0.000670839721189
-0.000678645381467
0.00089062419191
-0.000809374569233
)
;

boundaryField
{
    bottomWall
    {
        type            calculated;
        value           uniform 0;
    }
    leftWall
    {
        type            calculated;
        value           uniform 0;
    }
    rightWall
    {
        type            calculated;
        value           uniform 0;
    }
    movingTop
    {
        type            calculated;
        value           uniform 0;
    }
    front
    {
        type            empty;
    }
    back
    {
        type            empty;
    }
}


// ************************************************************************* //
