/*--------------------------------*- C++ -*----------------------------------*\
  =========                 |
  \\      /  F ield         | OpenFOAM: The Open Source CFD Toolbox
   \\    /   O peration     | Website:  https://openfoam.org
    \\  /    A nd           | Version:  14
     \\/     M anipulation  |
\*---------------------------------------------------------------------------*/
FoamFile
{
    format      ascii;
    class       surfaceScalarField;
    location    "94.000000000085";
    object      phi;
}
// * * * * * * * * * * * * * * * * * * * * * * * * * * * * * * * * * * * * * //

dimensions      [0 3 -1 0 0 0 0];

internalField   nonuniform List<scalar> 
4035
(
-7.61129545959e-06
-2.77272425073e-05
3.5338537594e-05
-6.63395365076e-06
4.99675261376e-05
-5.09448679288e-05
-3.43611961548e-05
8.53060636792e-05
-8.5306064087e-05
0.000922963036727
-0.000171723556223
-0.000751239480517
1.8354766352e-05
0.000243371838399
-0.000261726604821
-0.000653561877684
3.02592842147e-05
0.000623302593514
-0.00100515801835
0.000474368780051
0.000993134521289
-0.000462345282978
0.000428314966206
-0.00138885956266
-0.000382163904184
0.0013427085007
0.0003679682827
-9.15152472748e-05
-0.000405015445578
0.00012856241013
-0.000284327587116
-0.000771074915606
0.000770068367219
0.000285334135441
0.00121557024886
-0.000876905792483
8.96505099917e-05
6.01806167098e-05
-0.0010147929612
0.00098409580948
-2.94834650512e-05
6.76226917355e-05
-0.00119315866385
0.000950785095729
0.000174750876469
0.000933631161278
0.000581466767469
-0.00115637356595
-0.000358724362803
0.000616772489631
-0.000775863713958
-0.00012523636286
-0.000375105581255
-0.000713303279686
0.000785720679779
0.000302688181144
0.0006620575472
-0.000702907536411
0.000320598160117
-0.000279748170965
0.000342105223338
-0.000195635633182
0.000221498692544
0.000671373323964
-0.00078039069237
-7.31604809449e-05
0.000558610578722
0.00103572578188
-0.000564150191213
-0.000387964057373
-0.000536749188452
-0.00126190514024
0.000324369813614
0.000111062644686
-0.000685945802293
0.000623565393776
2.05407904458e-05
-1.31927091642e-05
7.79579823994e-05
7.59427196137e-05
0.000213427241953
-5.56553976186e-05
2.22996172505e-05
-0.000180071461621
-0.000344309528466
0.000557736770414
0.000247712890124
0.000170335052827
-0.000389713342053
0.000299975456119
0.00013347422962
-0.000112686336113
-0.000333426566341
0.00044506021473
-0.000503198018094
-0.000286171725105
-2.22707634235e-07
2.22707632762e-07
-2.02490682712e-06
1.96809981311e-06
-1.65900627334e-07
-1.8021991797e-06
-5.54894969619e-05
-5.56553975366e-05
0.000249604509765
-0.000900371878764
0.000650767369027
-0.000323697847238
-8.60996849011e-05
0.000409797531997
0.000158717639948
-0.000993617937796
0.000834900297826
0.00092685109313
-0.00043496015996
-0.000925094106255
0.000433203173134
-0.000798415233002
0.00077272343875
0.000289348198785
-0.000263656404476
-0.00140997389966
0.00010103989282
0.00051051877408
0.000813400077547
0.000664350956801
-0.000705027595633
0.000479043260403
-0.000446660916474
0.000114069407606
-0.000146451751543
-0.000439902646783
0.000595248059896
0.000359302733905
0.000703701853421
-0.00034672081041
-0.00132323349201
0.000259980402756
-0.0011483938693
0.000866673868707
-6.5000809505e-05
0.000956618745915
-0.000898916805191
4.33379521129e-05
-4.44372573625e-05
0.00108690326919
-0.00088736062856
-0.000155105383086
-0.000122314457733
-0.00128585306177
0.00113672334203
0.000271444177502
-0.000593207022757
0.000758364857103
0.000124190364495
0.000697482064665
-0.000807987589461
-0.000329397121982
0.000822688356961
-0.000375752316428
0.000217414916166
-0.000363519521668
0.000175836960074
-0.000258978354891
-0.00109488070054
2.79697226888e-05
-0.000620230927102
-2.8122486933e-05
0.0005260389563
0.00112561239414
-0.00024319855844
-3.89034578637e-05
0.000389839175784
0.000827018964201
-0.000666731064417
0.000361716688838
-1.03421431331e-05
-1.23350924221e-06
-7.37304117246e-05
-0.000128824172054
-0.000640019624581
0.000661721503092
-0.000187657883993
0.000165956005436
0.000247736020522
-0.000278045831428
-0.000214297862272
0.000353672966433
-0.000322921966242
-0.000100394058045
9.97553187563e-05
0.000240537148586
-0.00056595573268
0.000584544338905
0.000229147414347
0.0027614550592
-3.51029229586e-05
-0.00272635213627
0.000233534478806
0.00054421696395
-0.000777751442772
-0.0016314896322
9.45720554427e-05
0.00153691757673
-0.00151646308107
0.000695139353366
0.00138812017677
-0.000566796449085
0.000620930591764
-0.00191719345101
-0.000755763105963
0.0020520259653
0.000759001602909
-0.000210033528808
-0.000874426588837
0.000325458514733
-0.000107816398605
-0.00120413808571
0.000841361524381
0.000470592959823
0.00141028464555
0.000118642882086
-0.000907996935846
-5.05385709336e-05
-0.00104927277399
4.40793447711e-05
0.00105573200022
2.76059287465e-05
-0.00143504083475
0.00022599013593
0.00118144477002
0.0013488916651
0.000238428369257
-0.000135746587715
-0.00145157344669
0.000609399778118
3.172660595e-06
-0.000720388837143
-0.000654847589913
-0.00106477211568
0.000456453735863
0.00126316596975
0.000428619000398
-0.00103770254958
-6.49658493836e-05
0.000674049398416
0.000658293971048
0.000406964978147
-0.000306257346287
0.000752168176567
-0.00152768726184
2.35009499941e-05
0.00112637049767
0.00238725273815
-0.000421532804827
-0.00114125737995
-0.000985057214809
-0.00197346618597
0.000484609033628
0.000173131834732
-0.00124377516766
0.000953857306211
-0.000167214995301
0.000154053602423
-4.24940046988e-05
0.000181744469438
0.00339445535621
-0.00405388157903
-0.0003454465031
0.00100487272586
0.000320850159488
0.000519188280998
0.000426374346807
-0.00053728915628
0.000148375645552
3.07199639102e-05
-0.000110343689217
0.000234725790736
-0.000171901451183
0.00114106327911
-0.00120388761865
0.00362918114693
-0.000362690580509
0.000362690580519
0.000184019751198
-0.000347363331079
-0.00019934700062
0.000546710331687
0.000314358172063
0.000661721503137
0.000271439494688
-0.00274798632177
0.00247654682696
-0.00046579582663
-0.0012852553485
0.00175105117508
-5.39984390972e-05
-0.00225446815561
0.00230846659469
0.00108933779249
-0.000607745554033
-0.00103283094029
0.000551238701833
-0.00080181176424
0.00103300467131
0.000156495047119
-0.000387687954383
-0.00166026519123
-1.3235995493e-07
0.000858585786825
0.00128826529546
0.000621117188253
-0.000876377812384
0.000894346290942
-0.00076822311658
0.00025374135605
-0.000379864530445
-0.000497959348654
0.000926509812937
0.000939376004536
0.000620328785538
-0.000467449373342
-0.00165012757045
0.000457311752634
-0.00125799478072
-0.00010368106881
0.000894226476216
0.00100925665605
-1.98426669238e-05
-0.00098954634906
-0.000153004765982
0.00127774942293
-0.000141391552373
-0.000983353104611
0.000231888278498
-0.00150999149154
0.000145660736722
0.0011324424761
-0.000603390705589
2.8517092254e-05
0.000731368660616
0.000901674105519
-0.000350154586654
-0.00104947886749
0.00103562123923
0.000139790066792
-0.000554294118095
-0.000634815950864
-0.000389199341261
0.000255792175541
-0.00276577834738
-0.00103151399245
-0.00136139438813
0.000177345254733
0.00141593741192
0.0015195695828
-0.000583236556319
-0.00018455642678
0.00205452844344
0.0010866535368
-0.000767889277949
0.0022318736982
0.00103103547034
-0.000313532635529
-5.57813316788e-05
-0.00331732875482
0.00405388157908
7.21653032714e-05
-0.000808718127505
-0.000380343052524
0.000330482355296
-0.00039147696458
-0.00062368203882
-0.000333161627288
0.000466946454839
-0.00016480178457
1.81779960682e-05
0.000145958533333
0.000172907001083
-0.000875790328898
0.00103336568316
-0.00106390096661
0.00106390096651
0.000654272865209
0.000286399151411
-0.00200457298327
0.00171817383179
-0.00204930859576
-0.000954531919105
7.76261264276e-05
2.9563890419e-05
-0.000487254501013
0.000291618867798
0.000298466178738
-0.000575062348565
-0.000200801365331
-0.000254464188538
-0.000117899910475
0.000104707201302
0.000129812979631
0.000712872380177
0.00028026214104
0.000323159038068
0.000738798754348
0.000211986341334
0.00027645347129
-0.000790698282617
-0.000365675283318
-0.000345638067894
0.00023598633416
-0.000213686716949
-0.000267211683932
0.00090824099911
-4.15671306597e-05
9.32419388302e-06
0.00048197505354
-0.00030613809347
-0.000326012535944
0.000590757146364
0.000167607710704
0.000215004830148
0.00011944861493
-0.000120682124166
-0.000158597216496
-0.000665527839165
-0.000259566267256
-0.000311854872658
-0.000686283558224
-0.000201077070498
-0.000253080385111
0.000868845479415
0.000267877862644
0.000302889746713
-0.000389403296261
0.000201745412257
0.00019514104263
0.00107295885266
-0.000399495580867
-0.000673463271796
-0.000898017322173
0.000758009448111
0.000140007874062
-0.000101520156486
0.00027070474644
-0.00016918458998
-0.00085201288052
0.000269525153057
0.000582487727438
4.16051729619e-05
-0.000439263831108
0.000397658658127
-0.000113092818732
0.000442526544698
-0.000329433725983
-0.000541910714749
0.000428817896009
0.00086979340652
-0.000321696396078
-0.000548097010461
0.000248398708021
-0.000687768827536
0.000439370119493
-0.000884663154437
0.000709842081221
0.000174821073197
-0.000838572895837
-1.34399846859e-05
0.000903509635062
0.000169449217594
-0.000288771945099
0.000187251788602
0.000456483395663
-0.000414878222712
-0.000821738342795
0.000396864003895
0.000424874338889
0.000921677735594
-0.000859619254649
-6.20584809711e-05
0.000660358968354
0.00026131876723
0.00127454507132
-0.000772763313448
-0.000501781757866
0.000897467158888
0.000377077912426
0.00119952490701
-0.00065322557459
-0.00054629933242
0.000426761593566
0.0011380228665
-0.000503977324018
-0.000634045542486
0.000706584069874
0.000431438796611
-0.000838793281836
4.68271698865e-05
0.000791966111937
-0.00104107263118
0.000606262773573
0.000434809857601
-0.000276181770917
0.000524580478906
0.000136188982821
-0.000571763885468
0.0004355749026
0.000457265670167
-0.000887457149466
0.000430191479297
-0.00085229802422
0.000925833662268
-7.35356380797e-05
0.000913850127115
-0.00103884275671
0.000124992629576
-0.000465950997238
0.000429857184719
3.6093812526e-05
-0.00021895921898
-0.000602779123822
-0.000138597841027
-0.000549170986524
7.31440343902e-05
-0.00091193731624
-0.000642627298838
-0.000255390023346
-0.000126748351099
-0.000725549673132
0.000709681678879
4.83277692226e-05
-0.000327233622083
-0.000557429532365
0.000688843456933
0.000180949949587
-1.29924307281e-05
0.000719576500593
0.000562908146432
-0.000575900577165
0.000380598424536
-0.000852767182439
0.000472168757922
0.000899754271911
-0.000519155847376
-0.000160497506512
0.000838201151026
-0.000677703644517
0.000736969652375
-0.000502787303822
-0.000356831950842
0.000296337472494
-0.000799124776326
-0.00065135066274
0.000611579553699
3.97711090282e-05
-0.000659369869578
0.000468750420687
0.000190619448872
0.000479114631243
0.000239337596264
-0.000718452227488
-0.000965835911009
0.00011306872857
-0.00030547694265
0.00108054842621
-0.000180794154289
0.000427322851625
0.000680522644088
7.15281579209e-05
-0.000752050801991
0.00117014104925
-0.000331939898224
0.000666163725226
0.000875483707553
-0.000312575561129
-0.00048338476908
-0.0001759851005
0.000199569661173
-0.000682954430262
0.000499987727551
0.000193923686528
-0.000693911414124
0.00033763428028
0.000295762641629
-0.00063339692193
-0.000313716382463
0.000716539416439
-0.000237424785196
0.000653515062871
-4.19355091653e-05
0.000647232723107
-0.000178482302439
0.000780487019123
-9.99643750255e-05
0.000719122330882
-0.000219134603358
0.000494625735895
-0.000358436753081
0.000333572992799
-0.000338547300649
-0.000702525330532
0.000203639972086
0.000656714305018
-0.000860354277109
-0.000455914485887
0.000725439638932
-0.000728719228228
0.000407022832139
-0.000266190652789
0.000723456322942
-0.000405329371804
-6.06216254389e-05
0.000201033902691
0.000712816224409
-1.88771470118e-05
0.000456771688802
-0.000856267269684
0.000634579713953
0.000291253948291
-0.000667931117712
-0.000370911639007
-0.000251755149332
-0.000635702000139
-0.000545974893497
9.22166167884e-05
0.000453758276732
-0.000225581602567
0.000831844376134
-0.000462942204359
-0.000300530434329
0.000763472638678
-0.000112133575953
-0.000779855428712
0.000891989004649
3.37883303455e-05
0.000754053898701
-0.000787842229064
-1.85349748741e-05
0.000519739877491
-0.000501204902638
-0.000752900650384
0.00104803600586
-0.000295135355494
-8.29936124857e-06
-0.000537675532293
8.81843061893e-05
0.000684325541342
-0.00077250984754
-0.000595800128949
0.000448011347516
-0.000466546322409
0.000688308752357
-0.00048466878029
0.000714697353691
-0.0003178333498
-0.000668368044297
-0.000170204851554
0.000780064693664
0.00012344494139
-0.000516491902317
7.72280711923e-05
0.000425769661502
1.67568831853e-05
0.000478145171542
8.88275988924e-05
-0.000566972770451
-0.000390915574386
1.432640304e-05
0.000376589171327
0.000793558839502
-0.000546221345417
-0.000247337494069
0.000557989299716
0.000235569539834
0.000360021818593
6.98353661284e-05
0.000265912216623
4.7925298047e-06
0.00067695697757
-0.000198811806037
-0.000588285695817
0.000676470002003
0.000111660102543
-0.000864560752925
-0.000802634335607
0.000743360432263
5.92739033296e-05
0.000865029340906
-0.000802332279213
-6.2697061729e-05
-0.000847945656388
-0.000955467787977
0.000790339258307
0.00016512852966
-0.000213703837059
-0.000588930498564
0.000233852212385
0.00063117712849
-0.000298668906854
-0.000656798881128
-0.00023877776401
-0.000685318596051
0.000924096360055
0.000541886603654
0.000506149402208
-0.000493609059098
0.000485309697874
-0.000490210775881
9.92952014873e-05
-0.000274445542061
0.000545310994551
0.000458081472043
-0.000785315094137
-0.000501103263918
-0.000182936363632
0.000684039627552
2.08930278965e-05
0.000667950429031
0.000571486723297
-0.000698235074409
-5.80341565127e-05
0.000435079221726
0.000123445442014
-0.000558524663752
-0.000313112755015
7.25300634734e-05
-0.00057363332739
0.000386949288578
0.000335048594726
-0.000721997883316
-0.000439308004897
-0.000320515324286
0.000759823329157
-0.000745385420951
0.000306077416046
-0.000681941388045
0.000118368576157
0.000563572811912
-0.000401121366715
4.07841771243e-05
0.000360337189648
-0.000314602014228
4.11339623837e-05
0.000273468051904
-0.00023138113127
4.0628216114e-05
0.000190752915216
-4.04062676423e-05
-0.000595295732507
-0.000725330210156
9.2122247108e-05
0.000633207963057
-0.000150588150001
3.90043823629e-05
0.000111583767705
0.000639936633782
0.000252716758709
-0.000892653392463
-0.000659511919513
-6.58182906287e-05
0.00025810076824
-0.000205561648741
-5.25391194967e-05
-0.00035843613238
-0.000577418384653
0.000458534874141
0.000118883510535
0.000760516992979
-0.000695517871411
-6.49991215749e-05
-0.000889520294527
0.000509273561417
0.000380246733117
-7.05880671916e-05
3.59350684935e-05
3.46529987358e-05
0.000751965737264
-0.000576019150792
-0.000175946586507
0.000148826364884
-0.000285823691605
0.000136997326733
2.48577689495e-05
-0.00035121933626
0.000326361567326
0.000185377901071
-0.000217084001731
3.17061006521e-05
1.03222277966e-05
3.11532214462e-05
-4.1475449203e-05
-0.000203290012845
0.00021164547575
-8.3554629072e-06
9.62452921767e-05
-0.00034936572916
0.00025312043699
0.000316579059751
-0.000220333767593
3.72794758984e-05
-0.000849470267441
0.000812190791516
0.000783765981236
-0.000874811833062
9.10458518174e-05
-0.000338365944222
0.000913428845466
-0.000575062901226
-0.000344158759812
0.000164969928257
0.000179188831544
-1.37269450685e-05
-0.000387394421628
-4.52753353374e-05
-0.000817767202717
0.000863042538025
-0.00058981914093
-0.000407072926118
-0.000482447368404
0.000898488936115
-0.000376080776666
-0.000522408159436
-1.42946250586e-05
-0.00030030738914
0.000560122991903
-0.000811562831072
0.000848842306957
-0.000740763256121
0.000316888940386
0.000423874315757
-1.42403138527e-05
-0.000217140817386
5.04529296606e-05
0.000320918710516
-0.000371371640206
-0.000728181903813
0.000518518894579
0.000209663009243
-0.000770825008468
-0.000350126422167
0.000400579351804
0.000217534115206
-0.000119795390922
-9.77387242905e-05
0.000763891660398
-0.000461814850581
-0.00030207680981
0.000490307460061
0.000273584200341
0.000183878545725
1.4993553375e-06
0.000396161109329
-0.000261281162685
-0.000134879946648
0.000745219312445
-0.000660466512002
-8.47528004304e-05
0.000684792452554
6.04268599034e-05
-0.000113701781623
0.000193202813328
-7.95010317113e-05
-0.000762167746623
0.000113738104328
0.000648429642268
-0.000344943954934
-0.000395819301186
0.000176290039192
5.02136763238e-06
-0.000181311406827
-0.0003127517276
0.000400535203719
-8.77834761369e-05
-1.32823250976e-05
-0.000137305824868
-0.000136047544161
-0.000626120202482
0.000100050480992
0.000746326102104
-0.000786732369762
-0.000545435313392
0.000409725566043
0.000135709747334
1.37970765258e-05
-0.000825359907617
0.000411075414551
-0.000146862867088
-0.000264212547411
-0.000441455076446
9.32442195896e-05
0.000348210856906
-0.00011144878028
-0.000138878493417
0.000250327273692
-9.19307781983e-05
-0.000485487606434
-3.41864270547e-05
0.000210476466256
-0.000792400827086
0.000806197903616
0.000270566848838
-0.000207643815179
-6.29230336287e-05
0.000120034316314
0.000291041098268
0.000325176406347
-0.000146321581299
-0.000178854824998
-0.000321420760116
-0.0001130179339
0.000588000210195
-0.000474982276309
-1.11206953542e-05
-5.94673718125e-05
0.000146523306861
-0.000122063432347
-2.44598745306e-05
0.000242441007872
-0.000146389269378
-9.60517384466e-05
0.000119409668355
0.000123031339551
0.000119514249506
0.000205662156874
6.63770082744e-05
0.000151157106943
0.000133539621866
-0.000875650288181
0.000742110666339
-0.000215198564349
6.8809294996e-05
-0.000173499319395
-4.16992449215e-05
0.000615918193089
-0.000872734518811
9.74756511478e-05
0.000775258867741
-0.00023787444375
0.000421614440432
0.000237817509467
-0.000659431949908
-0.000739237720836
-0.000133496797939
0.000212126562661
-0.000247581927046
3.54553644094e-05
-0.000225150561909
0.00088638652924
-0.000697691587715
-0.000188694941493
-0.000118006596042
0.000266832960927
0.000147339772184
-0.00013495494708
-1.23848250586e-05
0.000395919758537
0.000525136276146
-0.000921056034663
-0.000171105075777
-0.000114718615828
0.000476064398952
-0.000582544871712
0.000106480472758
0.000147148808438
0.000869459004879
-0.000791832878381
-0.000864489982291
0.000822922851685
-0.000852660215671
0.000787683829618
6.49763860685e-05
0.000973656647153
-0.000891024819192
-8.26318279448e-05
0.000199366663065
0.000117212396682
-0.000273646049626
-7.57196795355e-05
-0.000896346606029
0.000241982945934
0.000654363660101
-0.000613260303585
-0.000283086302425
-0.000376128252594
0.000682205668611
0.000313059692487
0.00058807379661
-0.000901133489117
8.69956924591e-05
0.000609524412423
-0.000187909972001
0.000332243545902
-0.00040370458283
7.14610369174e-05
0.000262390036365
-0.000470572065199
0.000208182028825
0.000897294571971
-0.000655311626031
-0.000242199374998
-4.65509304141e-05
0.000288750305402
0.000300168541891
0.000144648577638
-0.000283527071057
0.000199602984271
0.000431264564468
-9.90210185486e-05
0.000254101865957
-0.000630230118565
-0.00035063644304
-5.30681397822e-05
-0.000144792096749
-0.000375058155635
2.44217125944e-05
0.000133323519785
-0.000235516339647
3.22263267872e-05
1.86034664279e-05
-0.000260802841427
0.00023024894217
-0.000775701103557
0.000443941529697
0.000331759573872
-0.000424370301207
7.42438790215e-05
0.000309618505892
0.000151544674505
0.000118723073894
0.000312541490578
-0.000337948785066
0.000215583940122
0.000122364844967
0.00032019698004
-0.000295339211095
-0.000638367906864
0.000111911924419
0.000526455982442
-5.5566541727e-05
-0.000161517460001
0.00093517347293
-0.000622113780451
0.00025337831342
-0.000874851697461
0.000621473384049
0.00081332987165
-0.000848110689522
3.03434868122e-05
-0.000840146073582
0.000314464331904
0.000327380303298
-0.000641844635187
0.000307137110272
0.00022925018124
-0.000536387291515
0.000105238845865
0.000290922263447
0.000285758728566
0.000296647269432
-0.000582405997957
0.000981119107419
-0.000752609734662
0.000755742411365
0.000217914235807
-7.46992690325e-06
1.77921547126e-05
0.00049796282026
-0.000874043596917
0.000874385557223
-0.000776909905973
0.000781905187826
-0.000536654804602
-0.000245250383244
0.000205886037028
0.000562432721711
-0.000255295611458
0.00034819424383
0.000461777337049
-0.000809971580849
-0.000311444166322
0.000588888437603
-0.0002774442713
0.000846157064099
0.00077866627744
0.000135955861387
-0.000810810731887
0.000674854870537
-0.000188519338522
-0.000149429446534
-0.000856290803472
0.000874385293443
-0.000120467570602
-0.00073582323289
9.08281371944e-05
0.000737621246732
-0.000828449383922
0.000760637342116
0.000113747951289
-0.000504291741998
0.000900211500563
0.00107076961744
0.000784559605065
0.000286210012367
8.38823337364e-05
0.000186684515099
-0.000360164286713
0.000674628618627
0.000893314947207
4.59244452862e-05
-0.000167987877636
-0.000809384747769
-5.51052344704e-05
0.000234594545057
-0.000381457412113
-0.000241830242233
-0.000258673155047
0.000477024466548
-0.00021835131148
0.000242020946634
-0.000528192671747
-0.000341465132038
0.000570612546394
0.000309854590355
-0.000621298756704
0.000672666778216
-0.000491489687395
-0.000181177090852
-0.000705108241645
0.000845702116582
-0.000336428555157
1.7223221897e-05
-0.000842583129546
-0.000813481370896
0.000276826566294
-0.000936443939306
0.000735642573972
0.000869374711652
-0.000701767000939
6.70573360412e-05
0.00016103355626
-0.000228090892264
0.000472604557984
-0.000379360338361
-1.5770145405e-05
0.000227896708066
1.46245356231e-05
-0.000188123854994
-0.000420022907205
0.000662043853835
-0.000181204918772
0.000835844459599
-0.000769131006244
-6.67134533168e-05
0.000846283335902
-0.000860974096548
1.46907606224e-05
0.000150637828769
-0.000296959410031
0.000726542625138
-0.000590586763766
-0.00039437505045
0.000254894098912
0.000139480951561
-0.000275431022558
-0.000395030335026
-0.000150404978375
0.000413807736146
-0.000422529684054
8.72194790965e-06
-0.000187850046714
0.000254907382772
-0.000505857826778
0.000247184671747
-7.23461214931e-06
-0.000367823543482
-5.04249808488e-05
0.000851167007272
-0.000800742026471
0.000370692833217
-0.000329908656079
0.000614619947889
-0.000441712946819
-0.000522837381562
0.000350935930381
0.000161964307827
0.000161211678986
-0.00042249284166
-3.97032514322e-05
0.000200736807712
-0.000174658198494
3.62331112193e-07
0.000797765313241
-0.000798127644386
0.000338547012195
-0.000683499636209
0.000344952623993
0.000680709284438
-0.000237801986967
-0.000659846867379
0.000270047497144
0.000354108794579
5.1628228693e-05
0.000794655107174
-0.000497432582364
-0.0001409353245
0.000745453200275
-1.83343747006e-05
-0.000727118825579
0.000288978930426
-0.000423158581515
0.000134179651092
0.000286070794893
-0.00024493683248
9.45680234222e-05
-0.000282418070125
-0.000700449642557
-0.000110361089499
-0.000275651976549
-0.000232409321601
2.68476728574e-05
-8.60325559147e-05
-0.000697241981443
0.000277219074234
0.000648401602541
0.000820257141456
-0.000870682122327
0.000204487568311
-0.000163859352159
0.000288640154681
0.00018838431188
0.000731791819097
-0.000680163590433
0.000145705419405
0.000526961358782
-6.53606340354e-05
-0.000303124029636
0.000368484663657
-0.000732941533939
-5.66341597844e-05
0.000789575693733
-0.000423383843223
0.000217584198036
0.000205799645235
2.14969932582e-05
0.000843011040051
-0.00040820118245
3.98848373697e-05
-0.000491104781245
0.000451219943912
0.000966738570572
-0.000612790467817
-0.000353948102752
0.000640855410079
0.000325883160487
0.00064104682092
-0.000522678244752
0.000310151963557
0.000321446727499
-0.000386807361537
1.25116663376e-05
-0.000342182425618
-0.000216699187313
0.000558881612926
0.000514968643417
-0.000788667237152
0.000273698593738
0.000313321209921
-0.00039886655453
8.55453446059e-05
-0.00049857338604
-0.000314907984863
-0.000295181523836
-0.000797827767732
0.000779493393034
0.000449851833666
0.000820619472556
0.000246706011973
0.00038397087092
-7.06496609897e-05
-0.000685033093973
0.000343567961934
0.000484286677243
-0.000504256926057
0.000711819392331
-0.000904295298111
0.000855528743638
-0.000684035580171
0.000901861951419
-0.000217826371269
0.000124591279897
-8.55868975206e-05
0.000564244889188
-0.0008388883002
0.000274643411025
-0.000154247790395
0.000817743051393
-0.000663495261005
0.000137636271596
-0.000190533891473
-0.000232849951741
-0.000851204726011
0.000696956935598
0.000843199871087
-0.000753579197165
0.000797658541973
0.000382143347258
0.000329676045083
0.00086006420642
-0.000815985442017
-3.09794057474e-06
-0.00034812139569
0.000935671310595
-0.000294815900511
0.000607000267927
0.000181660505932
-0.000788660773873
-0.000359360401104
-0.000516929881344
0.000876290282448
0.000958177161982
-0.000475482188261
-0.000482694973713
0.000255734654868
-0.000929197926667
0.00058654734901
-0.000752661004665
0.000166113655647
0.000725705269584
-0.000139157920605
0.000284988450416
0.000541900797802
-0.000677647385519
-0.000153527852483
-0.000554795224136
0.000708323076636
-0.000263936185564
0.000555555053375
-0.000184929886787
-0.000593449510689
0.000778379397458
-0.000804782037773
0.000300525111729
0.00101746214651
-0.000533175469278
-0.000859902211305
0.000804796976833
0.000209527844283
-8.46433435594e-05
0.00078306002092
-0.000482138877859
-0.000300921143049
0.000177395522158
-0.000365914860663
-9.06856310811e-05
0.000412132358581
0.000632813164602
0.000669179114722
0.000266492195873
0.000279264046568
-0.000413314562798
0.000134050516218
-0.0007298508563
0.000553904269778
-0.000132513585225
0.000608577984178
0.000336187861656
0.000446872159268
0.000317036489433
0.000528665627155
0.000344993828331
3.8977042593e-05
0.000406573123997
0.000752786152874
0.00013539481703
-0.000575356176268
-0.000106162320929
0.000681518497243
-0.000746977363174
-0.000428713048859
0.000338027417773
0.000685699865501
-0.000143799067695
-0.000532173122163
0.000315473934866
4.67299351376e-06
0.000920373690965
-0.000395237414811
8.88098136903e-05
0.000458282684902
-0.000145741194317
-0.000119602507963
0.000245011067606
-0.000551149161078
0.000344913956069
-0.000843487342134
0.000693320197346
-0.000174801302763
0.0003436138133
-2.20715644608e-05
-0.000321542248845
-0.000193131058231
-0.000504110923221
-0.000233858451113
-0.000291703829122
0.0004849152513
-0.00019321142216
-3.7786152711e-05
-0.000944860669012
0.000729770459624
0.000215090209387
-0.000490073194582
0.00025621474346
-2.28297151541e-05
-0.000308926296738
-0.000374573339464
-0.000810213356942
0.000166578855787
0.000496165168391
0.000144881652545
0.000339299073426
-0.000445647895199
0.000106348821751
-0.000451952561296
0.000261418669846
0.00051021526422
-4.9615759461e-05
-0.000460599504785
4.46580592777e-05
-8.72299076843e-06
-0.00038355264146
-0.000195461318582
0.000365796371393
-0.000133667698985
-0.00013306227
0.000266729969009
-0.000161830310275
-0.000783030358749
0.000613139031876
-0.000748498882817
0.000642336561905
-0.000756435561311
0.000768947227636
-0.000444840486908
0.000249379168312
0.000762073721488
-0.000552410712244
0.000477426080056
-0.000130720378322
-0.000346705701727
-0.000893795753564
0.00019487060556
0.000698925148007
-0.000420174857575
0.000756362719234
-0.000589977377135
0.000807891612946
0.000420767067367
-0.00103355753519
0.000593333149667
-0.000852899416795
0.000667463602244
-0.000171298433842
-0.000602110993882
0.000882373134928
0.000440592730632
0.0003918056431
-0.000832398373747
0.000182552162001
0.000579521559496
0.000242923442847
0.000184358276598
-0.000427281719454
-0.00080154641035
0.000726601053074
7.49453572542e-05
-0.000700032061578
0.000359257934868
0.000340774126709
0.000620335829361
-0.0008787107544
0.000258374925069
0.000123495270799
0.000603047354363
0.000793841154945
-0.000703013017747
-0.000350739830388
0.000436285174992
-0.000224616638838
-0.000728117024561
0.00092298763012
0.000796017980485
-0.000518798906257
0.000394979720187
9.89274881975e-05
-0.000449667318593
-0.000575784238124
0.00089282072756
0.000320728833679
-0.000701229526226
0.000380500692527
-0.000913129082315
-0.000620289762055
0.000224170093004
0.000396119669013
3.31516199357e-05
0.000764613693289
-0.000314297870782
-0.000385734190792
-0.000138865761193
0.000478164834598
-0.000257393883189
-0.000544152527175
-0.000394869151965
0.000921059273839
-0.000709072932488
0.000954353132362
-0.000294023319502
-0.00066032981287
9.01724785602e-05
0.000468838291894
-0.000559010770488
0.000409927441069
-0.000301470193101
0.000529543612146
0.000318440212596
-0.000847983824767
8.23057252124e-06
-0.000622184595704
0.000613954023156
-0.000341124130064
0.000421472954709
-8.75291613859e-05
-0.000358118733826
-0.000517444942969
-0.000212405913352
-0.000342911852841
-0.000298932782335
0.000449460190156
-0.000716634699529
0.000267174509378
0.000412468058317
-0.00072139435503
0.00034367917511
-6.53618234496e-08
-0.000288861708648
-0.000163090852623
0.000987624277149
-0.000661741116667
-0.000327765098428
-0.000580886235302
0.000908651333707
-0.000734472728352
-8.36176300537e-06
0.00078103956101
-0.000772677798009
0.000422370984355
-0.000105258426493
-0.000317112557847
-0.000319131455344
-0.000619195012424
0.000355258826851
0.000345310789753
-0.000253133561509
0.000656352809473
-0.000403219247954
0.000831526909841
-0.000301983297714
0.000691186987169
0.00026316614518
-0.00017039111996
0.00037340930798
-0.000512275069196
0.00024021815777
-0.000208512057116
-0.000430234173194
0.000641031301256
-0.000210797128055
-0.000231976128953
0.000923163116121
-0.000960093153516
0.000360466523799
0.000249057888618
-0.000469284829005
0.000116859831922
0.000352424997078
-0.000119527493816
-0.00073167723218
-0.000694304667133
0.000441171105637
0.000574133026647
0.000118709156854
0.000675131998095
0.00013350927572
0.000144862237335
-0.000751917119911
0.000607054882582
0.000611605038316
-0.000459214413424
-0.00015239062488
-0.000929876092332
0.000462195469484
-0.000277837192892
0.000499604313226
0.000364612222218
-0.000864216535468
0.000181370865119
0.00022103443198
-0.000511193715178
0.000290159283212
-0.0001549972423
0.000238879576046
-0.000858013787714
0.000724516989796
-0.000678136231656
0.000123341007513
0.000225369429269
-0.000735019858178
0.000509650428929
0.000844518269286
-0.000514341138508
0.000530961183413
-1.66200449109e-05
-0.000929732340874
-0.000795092414133
-0.000623227303474
0.000805779465475
0.000468935237864
0.000198528364383
-0.00056274001468
0.000744400520614
0.000584077295157
-0.00064961562723
6.55383320589e-05
2.349697416e-05
0.000406002850928
-0.000429499825102
-0.000197081552229
0.000587065081808
-0.000578834509294
-0.000407862943141
-0.000212426818941
0.000796679609967
-0.000446756123465
-0.000349923486513
-0.000276607645533
-9.90259832508e-05
8.93531013284e-05
9.67288197608e-06
-0.000173428574038
0.000546837881995
0.000747208045139
-0.000866735538958
0.000708435049257
0.000267636652804
0.000653422621009
-0.000168027932155
-0.000689985855541
0.000544534388415
-0.000109915473613
-0.0004346189148
-8.84135027441e-05
-0.000494131368967
0.000491343058802
-0.000525731519594
3.43884607882e-05
0.000582602136655
-0.00035843204367
-0.00084784394231
0.000741091099843
-0.000617595829046
5.27325335323e-05
0.00053713661542
-2.29980797064e-05
0.000481771625104
-0.000285012538192
-0.000886734624682
0.000685657554251
0.00034554944525
-0.000450807871735
0.000431163871244
-0.000603416526686
0.000172252655433
-0.000257061872606
-0.000312576566312
0.00056963843891
-0.000392106426894
0.000637117494493
-0.000104673327733
-0.000567337455647
0.000672010783328
0.000364074761342
0.000120566735313
-0.000484641496631
-0.000221881468437
0.000951651928069
0.000809092269226
-0.000234959242594
0.000460205845681
8.4328542735e-05
-9.40589364947e-05
0.00031640578594
-0.000426753297929
0.00045025027208
-0.000478237280751
0.000390708119335
-0.000817676757955
0.000779890605246
-0.00070384870427
0.000311742277369
-0.000190682637287
-0.000442973424378
0.000269299413752
0.000173674010618
-0.000239524505009
0.000611114731581
-0.000371590226551
0.000659461449474
-0.000827489381606
0.000440280405997
-0.000505461031354
6.51806253236e-05
-0.000598004827049
-0.000249839115256
-0.000723910300724
-1.53106931169e-05
0.000739220993815
-0.000762695326214
-0.000335811001767
0.000748279060081
-0.000197883242761
-0.000145512159827
0.000725033719322
-0.000558810237605
-6.27636450309e-05
0.000621573882634
7.07328783986e-05
-0.000497486176331
-0.000761446346987
0.000280223249393
0.000481223097622
0.000629692235628
-6.55256739131e-05
0.000409317908999
-0.000228763662562
-0.000180554246388
-0.000383541835005
-4.51712138601e-05
0.000508946633559
2.20145498496e-05
-4.94447938446e-05
0.000558391427404
0.000221163808948
-9.13508293298e-05
8.59544539567e-05
-0.000244551670446
0.000186528029237
0.000622564239982
-0.000547808037519
0.000659719961936
0.000746116568505
-0.000507717258184
-0.000238399310347
-0.000892559696807
0.000693690474919
0.000198869221879
0.000401506796252
0.000155954962399
0.000322209872192
0.000302815726207
6.78771070526e-05
-4.2613439219e-06
-0.00029107786718
-6.43729845104e-05
-0.000257038700737
-0.000629695923954
0.00048270587992
0.000263410688565
-0.000703895600749
0.000268202878752
0.000446261988521
3.98828355755e-06
-0.000708190791224
0.000200473533036
-0.000166314674386
-0.000224140802389
-0.000531499027785
0.000755639830183
-0.000693600957648
0.000610625359581
-0.000915875160249
0.000305249800653
0.00081062009522
-0.000492179882636
0.00010518171812
0.000260549388091
-0.000365731106178
0.000396513747543
0.000146429773645
-0.00054294352119
-0.000549485607756
-0.00063822136016
0.000533548032383
-0.000361642457783
0.000720900392653
0.000568766402971
-0.00057782302087
0.00083914178811
-0.000391212448813
0.000490139937011
-6.86997820416e-05
-0.00040953749873
-0.000398541345096
-0.000713367471246
0.000383970349271
-0.000355957909649
-0.000134115284921
0.000355569552902
-0.000871766935324
0.00051619738243
-0.000287018461988
0.000144059968151
0.000617885774106
-0.000761945742219
-0.000174482175683
-0.000533708615559
0.000281779469996
0.000429406781563
-0.000525753529445
9.63467478828e-05
0.000316241829859
-0.000573303702469
-0.000272166253068
-0.000345689764486
0.000617856017515
-0.000476455089133
-0.000240179610389
0.000269550771271
0.000215364480045
0.000318513892005
-0.000570820823328
0.000252306931324
0.000266467568035
-0.000401090774661
-6.81940543451e-05
-0.000367408174941
-0.00040590454096
0.000773312715908
0.000397202237367
-9.43865111377e-05
-0.000339519286718
-0.000608255031448
5.19792189622e-05
0.000650389941899
0.000155389523583
-0.000237366947369
-0.000655192749448
0.000371382346484
-0.000192193514962
-0.000801963823273
0.000802441712173
-2.24610159227e-05
-0.000364346345624
-0.000647160737828
0.000584397092795
0.0008022498275
0.000164125242966
-0.000258619857122
9.44946141878e-05
-0.000322074112558
0.000662848239275
0.0004924328652
-0.000311540880091
-0.00018089198512
-0.000324427826105
0.000200718194901
0.000123709631245
0.000718614717715
-0.000713671662683
-4.94305505755e-06
-0.000251795918056
0.000211650224444
0.000159732122043
-0.000483371602555
0.000735667703353
-0.000560846630171
-0.000123497682134
0.000335147906573
0.000265796177903
-0.000634070653602
0.000368274475674
-0.000382463721162
0.000777183982616
-0.000394720261451
1.96023074756e-05
0.000699012410227
0.000666600013853
0.000256563102264
0.000408852137917
-0.000868897050042
0.000460044912116
-0.00065221776001
0.00025712946912
0.000395088290854
0.000441515482167
-0.000164168129789
0.000482453101828
0.000533160379891
0.000517657543442
-0.000446924665053
0.000923810655851
-0.000538486611237
-0.000385324044612
-0.000653249138132
0.000381082885033
-0.000571906983509
-0.000216760253668
0.000803521417635
0.000374497052299
-0.00057450652236
0.000200009470055
-0.00043279248157
-0.000219425278448
-0.000315616802378
0.000602361320223
-0.000283847428251
-0.000236912372169
-0.000306395638117
0.00054330801026
6.42600584388e-05
1.36476521647e-05
-0.0004638240337
0.000450176381544
0.000124036826341
-0.000583251239785
0.000510615710502
-0.000188405838325
0.000135025077979
0.000373936599068
-0.000508961677034
-0.000122060287754
0.000286185530728
0.000419977991013
0.000332213259012
0.000223341794355
-0.000704307993256
-0.000171942696755
0.000774990051135
0.000186120823758
-0.000754519051284
-6.3157706663e-05
-0.000407346702543
0.000215153187573
5.54792239531e-05
-0.000798243405736
0.000146578667108
0.000289443159413
0.000612181784868
-0.000901624944253
-0.000193710044556
-0.000317483670618
-7.80883616866e-06
-0.000254611336627
0.000262420172803
-0.00022431713692
0.000878680797034
0.000121854666247
0.000275347571138
-0.000207712662943
-0.000173744749139
0.000501127922426
-0.000354549255323
0.000345912349545
-0.000539622394103
-8.56465981169e-05
-0.000121008552951
0.00020665515104
0.000861066143896
-0.000480565451384
1.55992576091e-05
7.37538437266e-05
0.000666008229741
-0.000400212051843
0.000604655013767
-0.000230157961454
0.000291852396331
0.000310508923878
-0.000278646787006
0.000226107667512
0.000239447663646
-0.000811354647141
-0.000178384638766
9.27380406846e-05
-0.000606418933653
0.000906394389743
0.000594535105854
-0.000877621408271
0.000187570692884
-0.000232378653589
-6.64185803314e-05
0.000298797233922
0.000201605246077
0.000118623994531
-0.000693549461419
0.000574925466926
-0.000204220072385
0.00047351948612
-0.000700032590589
0.000185647667851
0.000514384922718
0.000491205217416
-0.000477557565251
0.00085172655929
-0.000257191453413
0.000337825871781
-0.000232644153658
-0.000224908473799
-0.000227823742779
-9.66040833016e-05
0.000537839359514
-0.000846977977174
0.000309138617644
0.000454887249695
0.000341345158962
0.000314188415983
0.000290466597789
-6.68008710405e-05
0.000204706148564
0.000133119723237
0.000151881379221
-0.000380645041753
0.000137686697274
0.000427963144038
0.000491219838113
-0.000919182982137
0.000510504534985
0.000148401299349
-0.000453553164494
0.000305151865164
-0.000839162394834
6.02573168957e-05
-0.000465463270559
0.000469451554108
-0.000233672691927
-0.000511118270142
0.000156569014816
-0.000490613451367
0.000134655541717
-0.000553454602289
0.000118835687488
0.000246376210389
9.49689485903e-05
0.000265250791684
0.000246335471983
-0.000511586263644
0.000102769252981
-0.000342218257296
0.000930954400925
-0.000756203524404
-0.000529344922363
-0.00013133842417
0.000660683346529
-0.000575884475215
0.000292065029294
0.000283819445935
0.000410684522876
0.000366499459743
0.000336739385559
-0.000573981770937
0.000237242385376
-0.000166894624636
0.00081020435934
-0.000643309734779
0.000368230876629
-0.000787094875719
0.000451283873973
0.000605036312986
-7.85803305522e-05
0.000636691458888
-0.000322503042898
-0.000773876465775
9.3321073454e-05
-0.000824998305652
0.000116903461601
0.000608130257724
-6.78669418905e-05
0.000427372940298
-6.70357506129e-05
0.000149430954861
0.000218799921796
-0.000594814898186
-0.000308041241115
0.000677556901509
-0.000369515660418
-0.000643598434025
2.14138383149e-05
-3.56616040785e-05
-0.00051246189771
0.000707507334803
-0.000218647206397
-0.000488860128451
0.000352599574137
1.26129527318e-05
-0.000540612710168
0.000703753428402
-0.00016314071831
0.000498786363394
0.000242304736444
0.000545013772834
-0.000208274387267
0.000165302708053
0.000327130157145
0.000218203853015
-0.000247842479136
0.00045364212438
8.56280421654e-05
-0.000547510218849
0.000528709472309
1.88007465314e-05
-0.000161208712084
-3.70098621227e-05
6.81630835621e-05
-0.000263472847068
-1.39335341591e-05
-0.00029680606173
6.89823189562e-05
0.000480574523241
1.87818676814e-05
-4.17163218709e-05
-0.00025508973983
-0.000131213890358
-0.00050700746983
0.000882776309068
0.000180663050595
0.000742324579523
0.000423748870502
-0.000186240548904
-0.000483907639277
0.00067014818814
-0.000142665252681
0.000817797250771
-0.000274930637448
0.000438822505979
-6.88284309731e-05
-0.000369994074968
0.000194700857309
-0.000726199885095
-0.000688611905248
0.000127765275062
-0.000114645405029
-0.0006074152692
0.000476201378831
0.000411623749312
-0.000656152133937
0.000244528384641
9.69868307311e-05
0.000341835675268
-0.000512995327371
8.0804425325e-05
0.000432190902051
0.000378464788676
-0.000125344351697
-7.50507874672e-05
0.000608598819828
-0.000825288946554
0.00046592854544
0.000200079959226
-0.000789022856099
0.000588942896903
0.000736509768649
-0.000470659355293
0.000371638336744
-0.000547375548573
-0.00014617391282
0.000553443607904
4.41858972977e-05
-0.000451016650394
-0.000156398618807
-0.000412362813689
-0.000940916041963
0.000360029806656
-0.000365134818453
0.000697348077459
0.000182199790992
0.000362813981869
0.000191112513871
-0.000313172801605
-0.000581291517188
-0.000807995658294
0.000440587483347
0.000366098747473
0.000382180312597
0.000472128588727
0.000401915371535
-0.000874043960238
0.000778716639472
-9.65643880153e-05
-0.000682152251487
0.000900091732769
0.000330505776944
0.00039039461571
-0.00091764557424
0.000220823293219
-0.000697278382345
-0.000673279389161
0.00062740942238
-1.62266142038e-05
0.000116675688342
0.000593005990536
-0.000121566949867
-0.000339632107975
0.000877471467468
0.000149156291276
0.000137029239465
0.000340543468731
0.00046866923304
-4.00928380648e-05
-0.000428576394941
0.000394058663826
0.000333445072855
0.000284410944641
0.000576132033457
-0.000393932242453
0.000268104697165
0.000346945297747
-0.000615049994895
0.000876562903484
-0.000637115239832
0.000559546817205
-0.000816738270612
0.000399840802077
0.000814644937284
0.000616552647844
0.000678798258691
0.000121788308961
0.000133757065689
-0.000255545374634
0.000491901780453
-0.000541517539925
-0.000779735061874
0.000716577355227
0.000711051371461
-0.000165685795048
-0.000298588260671
0.000164920561699
-0.000306013991941
0.000283407678257
-0.000325124000118
-0.000545847566939
0.000424280617051
-0.000640009365648
0.000317935253093
0.000542466214526
-7.14292731573e-05
0.000755754814499
-3.17866817321e-05
-0.000259156794585
0.000290943476346
0.00013641597273
-0.0005158244173
0.000388800391024
0.0001270240263
0.000206395574372
-0.000179896767486
-2.64988068462e-05
4.05551454704e-05
-0.000595033376986
-4.85650570582e-05
0.000831546625091
1.96203821553e-05
0.000292226354662
0.000251081655587
-0.000642702240528
0.00064521930051
-0.00045957163268
-0.000229476038883
0.000150572560038
0.000244407160163
-0.000435912129352
0.000927131967469
-0.000885260538522
0.000730155155548
0.000436072824652
0.000464018908127
-0.000232181311462
0.000111172758508
-0.000268102101022
0.000888437930376
0.000534558299312
-0.000802660400342
-0.00028620911699
0.000710083432761
0.000454573360947
-0.000804727947597
-0.000554458345398
0.00101091208127
-0.000455364397563
-0.000305871778094
-0.000332986429161
-0.000153010435438
-0.000246331702672
0.000810833348179
-0.00056450164551
0.000438232579212
9.32079020191e-05
-0.00053144048119
0.0005022307554
-0.000577281542872
-0.000204289265923
0.000177557952249
2.67313137053e-05
-0.000626089889549
-0.000185264757594
0.000737926103503
-0.000434017063715
-0.000303909039794
0.000519053059517
-0.000748529098388
-0.000637257199284
-0.000485605702942
0.000417411648593
0.000238237306153
0.000210177320087
-0.000448414626214
-0.000280923701125
-0.000292316368627
-0.000621434809233
0.000913751177872
-0.000629865756451
0.00105624010326
-4.52794634453e-05
7.66859751383e-05
-0.000393798532976
0.000419733414655
0.000454348716925
-0.000477346796631
0.000463070664833
-0.000486570783197
0.000415068754415
7.15020287864e-05
0.000595360110728
0.000214844248573
-0.000719230947119
0.00085923882117
0.000479220257053
-0.000695980510728
0.000383466046329
0.000253225412562
-0.000304807200682
0.000190088584858
-0.00073285157744
0.000558369401744
-0.000176482954566
0.000395282876381
-0.000824002652842
0.00019791276329
0.000542534971564
-0.000174541735906
0.000479693601075
0.000266742961489
-0.000524480109535
0.000257737148098
-0.000338520440709
-0.000469475217584
3.78081725351e-05
0.000549256909255
0.000517863775997
1.08456963042e-05
0.000555671948521
0.000128077433073
-0.000118404551082
-0.000481572749578
-0.000307779778042
0.000231744667891
-0.000263531349601
0.000707287366316
1.42827120241e-05
-0.000474882216827
-0.00056003376277
-0.000702554845673
0.000720378393877
-0.000201325334332
0.000226472987663
0.000278901006891
0.000133231351686
6.02182954021e-05
0.000156686420245
-9.77703921665e-05
0.000614795241315
0.000129406129493
3.33583341716e-05
-0.000162764463689
0.000601279775754
-0.00084761147842
-0.000233850976349
-2.31314411674e-05
0.000256982417545
-0.000531699735732
-0.000387483246396
0.000332021562545
0.000269301517214
-0.000200319198233
0.000584246534857
0.000457498574906
-4.24298204673e-05
-0.000484578517043
0.000331568081637
-0.000346762329223
-0.000500215647965
0.000295029514023
0.000367818725246
6.92088553076e-05
0.00031241451265
-0.000381623367931
0.000284768751932
-0.000409401343381
0.000124632591476
7.69774063345e-05
-0.000883485938654
0.000246370698824
-1.52029949885e-05
0.000770957809455
6.24193944904e-05
-0.000321576189058
-0.000498596036371
0.000458503198305
-2.10630844905e-06
-0.000736377019794
0.000247516891327
-0.000912350326758
0.000704529728884
-0.000462292221489
-0.000242237507382
4.14023941528e-05
-0.000411396469092
0.000487898526508
0.000270512665173
0.000284476032847
6.46744350993e-06
0.000173249778786
-0.000381733671484
-0.000175499926112
0.000413737232284
-0.00088588511731
-7.86995331781e-05
0.000352616533571
0.000173002845316
-2.71698349363e-05
-0.000305329602881
-0.000179248914148
0.000437772998005
-0.000153004246046
-0.000242018443147
0.000220758751697
0.000252760734415
1.30716822111e-05
-0.000441648077118
0.000457470679835
0.000495328731333
-0.000313785657953
-0.000181543073348
0.000803753611364
2.7793013719e-05
0.000475428111779
0.000487750340067
-0.000471899842256
-1.58504977875e-05
0.000234610622691
-0.00025601245027
-0.000913507365416
0.000292072556183
-0.000180211692861
0.000174478420686
-0.000438690968056
-0.000445677276913
0.000517179305701
0.000504822153931
-0.00084334259463
-0.000653996011562
0.000507822098769
0.000577854585432
8.18653765016e-05
0.000369221806307
-0.00090092154204
-0.000466778748729
0.000229693026807
0.00023708572198
0.000257218751633
-0.000488421617377
-9.48296224183e-05
0.000480118709654
-0.000681444043965
1.44798446932e-05
-0.000269569584518
0.000212250036451
-0.000111903745556
6.72503311395e-05
0.000842502854895
-0.000209559997084
0.000583821086443
0.000332966994346
-0.000916788080797
0.000342148771187
0.000571602406694
7.27351648182e-05
0.000251691196249
0.000587450591874
-0.000454519638824
-0.000624677403662
4.03140583308e-05
0.000584363345306
-6.54104421225e-05
-0.000645650719403
0.000711061161557
0.000925969857633
0.000260329049776
-6.65230747799e-05
0.000504755654026
0.000496435988314
0.000538400501289
-0.000773384257382
-0.00044555921789
-0.000475496816757
-0.000707326964504
0.00010108016404
-0.000546757440955
-9.24950527628e-05
0.000667420519713
0.000308815961801
-0.000331645676946
0.000519965618897
-0.000471753233631
0.000564961135668
-0.000340220973768
-0.000526149728619
0.000740027480575
-0.000213877751948
-0.000685573175363
-0.000162093293515
0.000440994300406
0.00018217334802
0.000556074798859
4.8961514122e-05
-6.52420204298e-05
0.000406081483212
-3.96272165303e-05
0.000445708699769
0.000643306626405
-0.000657765710181
-4.65422830995e-05
-0.000160629761153
6.8416537804e-05
-0.0002942929282
0.000468771348919
0.000119702190189
-0.000591455423796
-9.43338265621e-05
3.91715758456e-05
-0.000327120277063
0.000287948701255
-0.000173877301901
-0.000227538598439
-0.000490916001525
0.000673089349544
0.000232404444916
6.58128706168e-05
-0.00029821731549
0.000366765378233
-0.000295304341304
-0.00017712303671
0.000314152276171
-5.61651638939e-05
-0.000207366185683
-0.000414378062567
0.000374750846065
0.00062752428897
-0.000992639771355
0.000755272823978
-0.000398324786871
0.000444404146789
-0.000618281448673
-0.000876897645754
0.000798189980695
7.87076650605e-05
0.000195956977494
-0.00047379417039
-0.000567954547686
-0.000435328840711
0.000498651268272
6.63098674221e-05
-0.000317675280802
0.000356846856674
0.000285768734264
0.00067201946143
0.000535029236218
-0.000497789973193
-0.000275594284185
-0.000288079622858
-0.000528658647741
6.61672056611e-05
-0.000383842486433
-0.000211584618601
-0.000425672580675
-0.000416058359472
0.000465533123222
-4.94747637087e-05
-4.01331638742e-05
0.000113887007594
0.000211139983687
-0.000386639909785
1.64468577572e-05
0.000532499545565
-0.000548946403325
-0.000238711375257
0.000819361537849
0.000838816872109
-0.00041883888109
-3.99281679114e-05
0.000538579436209
0.000777013224211
-0.000169958341637
0.000605516861054
5.53721041578e-05
-0.000413490837999
0.000873791504763
0.000147383429717
5.92717213374e-05
-0.000648958572762
4.07035413071e-05
-0.000774405906176
0.00053600659581
0.000601339103645
0.000324131619492
5.21942728881e-05
-3.91313892339e-05
0.000271535834186
-0.000261307406429
0.000118699907223
0.00023471196347
-0.000353411870666
-0.0002930640679
-0.000147051276996
-0.000452140988964
-0.00022930305499
0.000310059207686
-0.000176939484429
0.000719113158535
-0.000126107168006
-0.000424060010641
0.000464827486128
-0.00041654182602
-0.000201739622635
1.29624049869e-05
-0.000282531989482
0.000466789903999
-0.000124954228708
-0.000370521610249
0.000388419501646
0.000601754699031
-0.000457090115617
-0.000246805485152
-0.000310986582653
-1.41374174474e-05
-0.000667136666584
-0.000790288332277
0.000342699676798
-0.000524242750123
-5.19486120269e-05
0.000229506564294
-0.000624715524598
-6.60136174111e-05
0.000243505956012
-0.000177492338544
-0.000566631117156
0.000119706452094
-3.98817432363e-05
-0.000150026184526
0.000189907927816
-0.000552914494439
0.000314203119206
-0.00026196606935
0.000380665976586
-8.40844314576e-05
-0.000204930461648
0.00028901489309
3.95904085465e-05
0.000561748695123
0.00074119029982
-0.000729371752797
0.000881283609458
-0.000151911856667
0.000688876012616
-0.000163025273293
0.000123143530094
0.000202143060129
-0.000216039801922
-0.000502577525036
0.000535239063997
0.00071103639984
-0.000870925145514
0.000141553392716
-3.94704765169e-05
0.000121831171164
-8.23606945884e-05
0.000204374566794
-1.61541488317e-05
-0.00018861131275
0.000257027850535
0.000195710434089
-0.000257942443797
-0.000490586654582
-0.000214925645692
4.16376294064e-05
0.00073066477033
-0.000757834605271
0.00064584488101
-0.000257425379345
-0.000581805044184
0.000210214817641
2.67801207624e-05
0.000124764553742
8.4002647613e-05
-6.52207799402e-05
-0.000410024688777
0.000247265915943
-0.000454790815663
0.000152956336108
-0.000644055267469
0.000462878176596
-0.000298024177669
0.000430233673996
-0.00041126421355
-1.89694604786e-05
0.000444516386008
-0.00035435839121
0.000787783769915
-0.000694462696477
-0.000731776083458
0.00063521169541
0.000496187549971
-0.000289045131036
-0.000244192862427
0.00027964822685
-0.000708786012315
0.000904496446412
0.000515460219799
0.000888761437854
-0.000400434179066
-0.000449660992183
0.00016342043204
-0.000150063671332
0.000176794985064
-0.000513603990149
0.000124288508908
0.000758996247296
-0.000725844627376
-3.99817370801e-05
-0.000242550252374
0.000151771162939
0.000274778302551
-0.000899493827137
0.000335962799079
-7.61362076158e-07
0.000315846584891
-0.000178849258144
-9.0859049246e-05
0.000481890685994
-4.16102800177e-05
-0.00056384194253
-0.000124769962734
-0.000109446346106
9.4426885835e-05
1.50194603284e-05
0.000143762658895
-1.56852258366e-05
0.0006020100776
-0.000630196816712
-9.60030683786e-05
-0.000448735268932
0.000274393210243
-9.11755125022e-05
5.41656503579e-05
0.000179975425534
-0.000212414969506
0.000298043011691
-0.000236061931364
-9.3008462351e-05
0.000685424129735
4.07470561793e-05
-0.000338771233825
0.000176244618309
0.000308103530633
-0.000876058078305
0.000233245180915
0.00102528407004
-0.000691312165028
-0.000333971905012
0.000109221814514
6.91667531341e-05
6.71052363688e-05
-0.000136271989462
0.00023735977983
0.00012011920424
4.18451036275e-05
5.75127271727e-05
-9.69832036433e-05
0.000767293403501
0.000470044266079
-0.00080967637407
-0.000654087513874
0.000141625616144
0.000643235697468
-0.000262152812465
-4.17031344517e-05
0.000110869887615
-0.000389854929967
0.000319921521734
-0.00066213977904
-8.77606102935e-05
-1.53809678127e-05
0.000506586185223
6.45335508147e-05
-0.000118211194976
9.37513204522e-05
0.000327492375259
6.89896084055e-05
-0.00039648198364
-0.000137015239938
-0.000595836337515
-0.000106140899346
-0.000149404475267
-0.000204790594755
0.000368211026803
-6.69358481164e-05
-0.000107722350351
0.000435911939266
-9.87954654919e-05
-0.000406665565874
0.000368239431444
-0.000624208212031
0.000301705169137
-9.59200369045e-05
-0.000662134047309
4.82014294544e-06
7.0084691582e-06
-3.45517850265e-05
0.000181935214765
0.000641600486154
-0.000214677088886
-0.000429378178598
-5.0547238958e-05
0.000531080639043
-0.000373928094017
-0.00015715254503
0.000616044979567
-0.000369338967614
0.000533848400942
-0.000532227265783
0.000616555808521
0.000432478166127
-0.000683055701096
0.000687875844034
0.000452874493568
-0.000378630614564
0.000426873567084
-0.000357883958665
0.000376604430908
-3.69578075575e-05
-0.000339646623332
0.000348965229858
-0.000286545835352
9.11134016963e-05
0.000638372618205
-0.000304927545379
-0.000830198553486
0.000383442430018
-4.1640927641e-05
-0.000422183106043
0.000313944661363
-5.1286995574e-06
-8.68642255759e-05
4.48312363119e-05
-6.04686110244e-06
-3.87843751548e-05
-0.000374528895043
-7.62789766792e-05
0.000384443746627
0.000424965770289
0.000189326053536
-5.9919924061e-05
0.00046691715573
0.000416138008126
-0.000883055163889
-0.000106139485639
-0.000402822191401
-6.76017111833e-05
-0.000271169522622
0.000278993367457
0.000455654350832
-0.000124086269181
0.000378511950733
-0.000381609891325
0.000424614263098
0.000173579751852
-0.000188928499236
1.18083215434e-05
3.30229148066e-05
0.000338366373961
1.38810402443e-05
-0.000289223840428
0.000440995003382
-0.000526322238818
-0.000342552894661
8.04493767592e-05
0.00026210351787
0.000152313596891
-0.000178812403713
0.000103629495012
3.87673821006e-05
0.000672293779472
-0.000274519527293
0.000260585993151
-1.34175636586e-05
0.000575166258799
0.00018620427136
0.00033033137708
0.000317498416368
0.000525161872563
-0.000430921369827
0.000854314671591
-0.00010433208478
-7.17286489651e-06
-0.000723007730625
0.000364664865586
-0.000594822827016
4.8666227647e-05
-0.00063998809679
-3.49788872782e-05
-0.000266332753724
-0.000461275137741
0.000564586766912
-0.000103311629213
-6.40455446314e-05
-0.000661641862784
0.000218023701872
-0.000747368624241
0.000304993752693
0.000372563148799
0.000366772005137
-0.000346320470212
-4.7478062754e-05
0.000366236875598
1.0367555321e-05
-3.68239819662e-06
-0.000708348062413
0.000712030460604
-0.000184953518909
-0.000401367890681
0.000586321409552
-0.000368341910529
9.07131761437e-05
-0.000216036504441
-0.000315161292649
0.000333368240559
-0.000143279655706
-0.00101326809206
0.000342882711888
0.000670385380137
0.000261344591687
0.000205033805529
-0.000157894526015
0.000199532155403
0.000283080383775
-7.80465782275e-05
-0.000103431615385
0.000348445188659
-0.000245013573255
0.000758171104012
0.000219934648375
-0.000331838393907
-8.92232329092e-05
0.000137889460547
1.28463223073e-05
0.000628754163865
-0.0003120074223
0.000318474865826
-6.93210487162e-05
8.434050908e-05
-0.000259543346405
0.000278372538923
-0.000964325846824
0.000631164219544
0.000202056176913
-8.0102089027e-05
-0.000121954087847
0.000190492281636
-0.000294230411253
-0.000149296542691
-0.000192442207708
0.000485236163885
-0.00029279395618
0.000233331080147
-0.000377493414722
0.000712189101742
-0.000162132109792
0.000576637299291
0.000584402295249
-0.000396885587476
-0.000200424492442
-5.93488954156e-05
0.000551748680448
-0.000492399785069
0.000503842389993
9.25551586164e-05
0.00012441507316
0.000240724992211
-0.000303648025818
0.000476870819901
-0.000823633149154
-0.0002587025332
0.000626521258449
0.000153009428848
0.000245302835048
-0.000324002368235
-2.72026851825e-05
-0.000262966903648
0.000396198255328
0.000520624033159
-0.000582458816383
6.18347831671e-05
-0.000603085164325
0.000211608199736
-0.00021479831382
0.000755344737333
7.97926216569e-05
0.00056369400632
-0.000643486628008
-0.000364349843444
0.000666055012609
-0.000610700026619
0.000246350183192
-0.00014227188697
0.000168091598807
0.00039187074661
-0.000559962345387
0.00087693236113
-0.000632454278941
0.000197125438233
-0.000311104958559
-0.000402262512694
0.000871804514413
0.000496718688624
-0.000144293691548
9.15873292393e-05
4.30620326668e-05
5.77741697755e-05
-0.000420073906371
0.000362299736581
-0.000163470618829
0.000419819628204
-0.000256349009384
0.000847263064446
9.41201412393e-05
-6.67771208548e-05
-3.02060827472e-05
-0.000371233321264
-0.000426731228218
-0.000411439244355
-0.000418759309126
5.38501492688e-05
0.000240335649067
-0.000168724264629
0.000572521656614
0.000512101055195
1.3060817391e-05
0.000154518982412
0.000872294659204
-0.000431701928547
0.000685140101789
-0.00027779552767
7.64005483971e-05
-0.000140446093044
-0.000169279675664
-0.000446244657287
0.000615524332956
4.26373746443e-05
0.000626816099547
-1.99164053865e-05
0.000338391271222
2.24992557881e-06
-0.000633026750405
0.000911399289326
0.000689995634216
0.000472149468438
-0.000603487892609
0.000590985155929
0.000767151416051
0.000304276480914
7.28239819573e-05
2.16306559296e-05
-9.44546378338e-05
0.000359415599946
0.00050915271545
-9.17410668611e-05
-0.000595116572615
0.000635430630928
-6.03846123683e-05
-0.000198217101217
-0.000188422808549
0.000517118577749
0.000373290752826
-0.000598199226632
0.000267157475262
0.000418266654477
-0.000536510321851
0.000430370836206
0.000478032272571
-0.000604139440588
-0.000449344104457
-0.000419552945582
0.00032174540143
-0.000277559504135
0.000105817306049
0.000587966252451
0.000279062634921
-0.00066557861768
-0.000595923526362
0.000534380023818
6.15435025317e-05
-0.000137855538694
-0.000436650983685
-0.000603509706193
8.39313356116e-06
0.000343052165836
0.000695106180322
-0.000375184658614
0.000364859023899
-4.63318370094e-05
-0.000432769331068
0.00047910116808
-0.000354532374556
0.000519835082602
0.000161198498738
9.28013881651e-05
0.000590973571937
-0.000394705892052
-0.00019626767988
0.000625770490143
-0.000672312773259
-0.000394232351978
0.000404599907312
0.000579129981454
-1.21088011454e-05
-0.00058381472522
0.000439113490013
-0.000115097696764
-0.000430267804477
0.000545365501226
-0.000738013816746
-0.000224353726384
0.000528630207294
0.000797949814747
-0.000806311577762
-0.000134437385777
0.000564893819838
-0.000341943079127
-0.000222950740723
0.000606708427646
-0.000265064185354
-0.000310690731879
0.000508291582567
-0.000456097309686
-0.000332805554184
-0.00052200887134
0.000586123841794
-1.36021851839e-05
0.000650843136026
-0.000610139594738
-0.00056980446947
0.000407672359663
0.000460254348211
-0.000442923069749
0.000105517760004
-0.000851580729837
0.000708915477159
-0.000422006957793
0.000157010900136
-0.000616582532836
7.15886883954e-05
4.19802387478e-05
0.000346192311402
-0.000630039739667
0.000421693896279
0.000810585957156
-0.000359302083182
0.000316391209606
0.000222009291696
0.000774006960639
-0.00039182664803
0.000435873279619
-6.84599546659e-05
-0.000367413324929
6.50947696167e-05
0.000236830613568
0.000248405550315
0.000231815366399
-0.000676183663756
-0.000462219196614
0.000652214239952
-0.000498078619542
0.000588251098074
1.74070504806e-05
9.44556454599e-05
-0.000124661728174
-0.000477858261285
0.000695881963156
0.000207540939339
-0.000350820595052
-0.000172947279447
0.000380488218773
-0.000236963556822
-0.000238364905962
0.000398097027995
-7.62559736505e-05
-0.000650082020876
0.000203837363595
0.00051977654892
-0.000825648327001
-0.000373086679095
-3.92537507288e-05
0.000551354805941
-0.000509002070699
-0.000343897346072
0.000829500527664
-0.000769328536681
-6.01719909922e-05
-0.000373294232419
0.000885619478022
-0.000509596416871
-0.000376023061147
0.000480028632592
-0.000496182781423
-0.000728551950346
-0.00010708775888
-0.000424083474126
-0.000313930342619
-2.12204603671e-06
9.58733664918e-05
-0.000613709459861
8.73872210329e-05
0.000502595480974
-0.000615583706874
-3.97614918808e-05
0.000655345198781
-0.000729588627144
0.000592573387186
6.60410375415e-05
-1.42176066556e-05
-0.000786302369755
0.000461194899923
0.000325107469795
-0.000536930292701
-0.000592520151618
-0.000732371173709
0.000855816115085
0.000706270965277
4.93461401923e-05
-1.31704569916e-05
0.000588336715804
0.000204030743578
0.000653551222867
-0.000120390842975
9.56024825237e-05
-0.000860783348815
0.000322369426301
-0.00058191277268
-0.000315947467653
0.000300879501116
-0.000223250975881
-5.48408972166e-05
0.000883911960214
-8.59621454712e-05
0.000565061457534
-0.000155897649524
-0.000591470974728
0.000294894128471
0.000326119060446
0.000442059961248
-0.000782197234373
0.000340137273099
-0.000669605958321
0.000280406617059
0.000731096597635
-0.000716747790766
0.000622688854266
0.000114260623776
2.3628836759e-05
-0.000175730642053
-0.000456723636886
-1.25102218342e-05
-0.000441142611004
-0.000162345281608
-0.000699273411384
0.000271742390678
0.000256887816613
0.000647838909139
-0.000788027873902
-0.000597040260533
0.000466066532443
-0.000122411802581
-0.000172071268807
-0.000559230869088
-0.000617727312858
-0.000567087667657
0.000401401872604
0.000638877549444
5.11180847707e-05
-1.41333095908e-05
-0.000183847173476
-0.000110383237759
-0.000528363615997
-0.000484904476078
0.000210361445277
-0.000242035492365
0.00027929576309
0.000297341536186
4.52232430904e-05
0.000540900598693
0.000485085214683
0.000549082965084
0.000609627140164
-0.000474956916699
-0.000256748986853
-0.000542120771471
-0.000288330600324
0.00023305014617
0.000918033834679
-0.000877303963986
-0.00019004202603
-0.00090062501747
0.000909012987671
-0.000608887099331
0.000595284914135
-2.3188949902e-05
-0.000945153679283
0.000968342629172
-9.17721969055e-05
0.000313986436749
0.000127008566645
-0.000520915313864
0.000338308152081
-0.000127316711892
0.000869641291414
-0.000562341820839
0.000486085847182
0.000408106577998
-0.00029595351005
0.000831960105843
0.000237150084635
0.000266692305344
-0.000136716831455
0.00026768406103
0.000369465716581
-0.00085283731914
-0.000381573187915
-5.40333065489e-05
0.000520147940992
-0.000678308167088
-0.000845169801369
0.000485867718189
0.000721131760814
0.00021009709881
-0.00010078114663
0.000147350588818
-0.000864978674818
0.000258559741158
0.000699609689168
0.000368793777664
0.000374915630626
-0.000884512047499
0.000368002917219
-0.000534491620821
-0.00080407761181
0.000405193365379
0.000398884246404
0.000397121028836
-0.000364616081222
-0.000555657782274
-0.000323052972123
0.00020498664834
-0.000579289001486
-0.000464239338642
0.000283347353516
-0.000303596489846
-0.000526821571149
0.000352252589695
0.000174568981492
-0.000325393252443
0.000197547033298
5.87578901375e-05
-0.00043365782189
-0.000259177146317
1.79290002101e-05
0.000554384417546
0.000726997959698
-0.00102832468377
0.00053867137481
0.000640247209824
-0.000324678511004
-0.000125736132927
0.000497374469674
0.000742834515503
0.000100312754731
0.000304058177129
0.000417073583676
-0.000354244220752
-0.000196797354037
0.000511436260254
-0.000504427791109
0.000259638849093
0.000135586647621
-0.000395225496715
0.00088810943841
-0.000194418963507
-0.000802116704124
0.000550320786078
3.63499457517e-05
0.000229705906556
0.000507853044634
0.000122653487269
-0.000344203281124
-3.00812796771e-05
0.000161117230257
0.000341478250733
-0.000208357825954
0.000128642625885
7.97152000991e-05
-0.000222986722671
0.000297995337211
-0.000541819636758
0.000534018917209
-0.000820856943355
0.00065680654965
-0.000275327540922
0.000529911007929
-0.000892024429577
0.000436109943681
-0.000116525269244
0.000839943916684
-0.00019210500754
0.000140881930759
0.000257215097233
-0.000377003869006
-0.000815382570846
0.000755210579852
0.000340553498165
-0.000655321518629
-7.42671085261e-05
-0.000283447222765
-0.000874509984971
0.000419145587408
-0.000271572647259
0.000655038693576
-0.00117616508887
0.00084841248627
0.000746717886031
-0.000678908792352
0.000730026877119
-4.56992071069e-05
-0.000503247196222
0.000499603178528
-0.000408443452527
0.000203085955549
-0.000468486817378
0.000101073492466
-0.000766463376085
0.000299673836969
-0.000863167342723
0.000307509560442
-0.000716385003732
-0.000459780085124
-0.000509752485881
0.000434595697327
0.000151725712203
-0.000572202051157
0.000153907131439
-0.00094899954559
0.000728701205917
0.000349723711181
-0.000724908369812
-0.00017714167724
-0.000457997758589
0.000412935241886
8.83846111483e-05
0.000418765277025
-0.000432492222069
-0.000812695206923
-0.000556314154491
-0.00044322949035
0.000387289791134
-0.000597667345747
0.000210377554599
-0.000209750469401
-0.000433691731732
0.000616957194022
-0.000359984350214
8.24248460784e-05
-0.000232000560021
0.000458650114413
-0.000364411707453
-0.000549815270402
0.00044925965615
-0.000556498174454
0.000107238518316
-0.000672233885123
-0.000563808917605
-0.00090225392595
0.00079831285283
-0.000399428606449
0.000210726218576
-7.39971161993e-05
0.000523256772357
-0.00044981993512
0.000344698178992
0.000105121756124
-0.000307106873548
0.000563994690153
-0.000232003123177
-0.00067407111287
0.0004264077437
0.000247663369156
0.000424229284276
3.47848282096e-05
0.000746254732797
0.000161265108351
-0.000614603888798
-0.000416739664914
0.000262531565361
0.000893895131551
-0.000641178372827
-9.67075928599e-05
0.00039510672977
0.000134804278175
-0.000335135780387
0.000590057054995
-0.000392931616749
-0.000450351871492
2.95911260905e-05
0.000496180222243
0.000352642207356
-0.000752070813822
0.000474589008457
0.000107089537536
-0.00037226616247
0.000857945128596
0.000822518002509
-0.000490758428629
-0.000120242840168
-0.000411197640995
-0.000452854026135
0.000156346731265
0.000318365551395
-0.000506275523398
-0.000378429921383
-0.000431743945991
0.000563927359986
7.56923171657e-05
-0.000639619677169
-0.000330279825646
-0.000219535444746
0.000775775992372
-0.000426963344044
-0.000468396521527
-0.000102540519892
-0.000386791250052
-4.27085750614e-05
-0.000777670822809
0.000375408310096
-0.000131295440787
-0.000122689777974
-0.000534217791525
-0.000452986179987
0.000716396868526
-0.0001086584176
0.000672585777572
0.000345593303051
0.000907198745304
-0.000419300218788
-0.000523491247801
-0.000581827526773
-0.000527293609342
-5.01697778072e-05
0.000681353225255
-0.000480879692246
-0.000232837858572
5.6177034505e-05
-6.24221035322e-05
0.000407120282514
-0.00068821363013
-0.000503858246746
0.000106815507819
-0.000616592915859
0.000509777408015
0.000164534029898
-0.000866301030827
-0.000564789589179
0.000171857972438
0.000550900568644
-0.000143228208984
0.000592901354998
-0.000614609022942
-1.61929176543e-05
-0.000370688875782
0.000228367045269
-0.000521037637643
-0.000157270529446
1.27662505922e-05
0.000289433524476
1.23586878853e-05
1.4162294774e-05
0.00075213501536
0.000113959483105
-0.000866094498449
-0.000330651519254
0.00076983389721
-0.000440157852125
1.26435755634e-05
-0.000593611125896
0.000198580790861
0.000351633275363
0.000383964352377
-0.000301539506301
-0.0002569975292
-0.000383249680624
0.000456990063651
1.68299971682e-05
-0.000398780105666
0.000885674637234
-0.0003916143638
-9.30271327992e-05
1.32164777131e-05
-0.000648654570021
0.000167774877759
-0.000151854347292
-0.000655529092519
0.000558248917992
-0.000383679936478
-0.000150806294515
-0.000585419559099
-0.000478043963841
-0.000355713652531
-0.000150950924421
0.000624988534556
0.000391403975827
-1.74672181609e-05
-0.000427162047259
-0.00070449475512
-0.000318280552375
-0.000474551860348
0.000369430104224
-0.000623959401299
0.000180243777707
-0.000787467346156
-0.000138877162013
-6.55260578505e-05
0.000712559658957
7.99611287281e-05
-0.000735282647366
-0.000456184523543
6.58671995176e-05
-0.000624533626397
0.000700497819157
1.20618397926e-05
0.000859672409817
-0.000242715215786
-2.09922204261e-05
-4.43347630397e-05
4.50488171234e-05
-4.94058206954e-05
0.000668868389437
0.000382360150388
0.000194067164728
7.77032578313e-05
7.324766659e-05
0.00084663011325
-0.000546105001513
0.000683773312836
0.000355871684629
0.000328840554022
-0.00047206876302
-0.000517087143429
-0.00015969783555
0.000868613312722
0.000584344868907
0.000335185756186
-0.000896199597088
0.000561013840908
-0.000775894969412
0.00089051083159
-0.000725976801684
-0.000683125548179
-6.6384942696e-05
0.000207385283417
-0.00076883130837
0.000875279217883
-0.000600635806847
-4.01301024508e-05
-0.000766067801165
-6.23815827507e-05
-0.000549326291307
-0.000676508305182
0.000883893588613
-0.000786460724206
-7.96337742255e-05
-0.000290374674831
0.00087471954375
-0.000417809639466
0.000611876804193
0.000603520456723
0.000265963673369
0.000329174216371
-0.00029267914036
0.000514164996142
-0.000890188057279
0.000870036680772
0.000461593228248
0.000843953378636
-0.00080166562273
-0.000410261646903
0.000460178004586
0.000299645324556
0.000726645572613
0.000659513154892
-0.000224433933177
0.000215193194178
-0.000803862076227
0.00058866888204
0.000137862451971
-0.000840387782512
0.000595677798891
0.000315721490428
8.41235000747e-05
0.000527942585504
-0.000612066085579
-4.32651171203e-05
0.000720114767498
-0.000676849650363
8.21464402234e-05
0.000518254612534
-0.000600401052732
-0.000494415413817
0.000709608607989
-0.00054864689265
9.25495829566e-05
0.000428940440558
0.000477308312316
-0.00080036128444
-0.000523308124698
0.000863861622866
0.000197252047846
-0.000262087289552
6.4835241715e-05
0.000225906533668
4.50243965183e-05
-0.000165706520687
2.24152482465e-05
-0.000339578882162
0.000317163633915
-9.03859022234e-05
0.000310731169123
-0.00022034526691
0.000199527273927
0.000717022316103
-0.000321934025251
-0.000545065765581
0.000690286794339
0.000183504710418
0.000144446753983
0.000739465206225
-0.000890701486779
0.000816434378243
0.000782570990934
-0.000905091791565
0.000955707605541
-0.00070528095595
0.000404750521625
0.000787589499415
-0.000195016112248
-0.000571552994975
0.000272052200319
-0.000776163123546
-0.000717882544467
0.000127295780685
0.000668520592872
-0.000399598177397
0.000700519320448
0.00050612822266
0.000943520234061
-0.000505626350767
-0.000996789107677
-0.000897179158022
0.000552181036815
-0.000819496661242
0.0010869307926
-0.000807422086487
0.000754393424865
-0.000196298659661
0.000333208436754
-0.000296587882812
0.000155196020471
-0.000476046179958
-0.000667050410003
-0.000474959168807
0.00044057070802
-0.000556865900143
0.000698699088075
-0.000452736241184
-0.000551699865703
0.000341322311104
-0.000548129749898
-0.000261139805622
-0.000650797510645
-0.000695334872305
0.000475909593866
-0.000681832000749
0.000682199495099
-9.7836149807e-05
0.000672174075662
-0.000756926876091
-0.000311568440599
0.000681084101018
-0.000342775948947
9.52385314712e-05
0.000390071166389
-0.000543772538057
0.000511357309084
-4.30497964115e-05
-0.000807291227313
0.000706978472582
0.00014028459186
0.000265266014948
-0.000620524841799
-0.000460369283206
0.000736395676962
-0.000541976713455
-0.000190509641987
-3.19360344851e-05
-0.000175656801582
0.000374536468299
0.000388936170393
-0.000769664233015
0.000779302668536
2.99015628936e-06
-0.000325352088035
0.000385343209
0.000742761026601
0.000454869503636
-0.000437377091817
0.000709429292128
0.000472832026836
0.000451264333203
0.000871419282821
0.000593873553621
0.000543249878982
0.0009468498966
-0.000527833766576
0.000828096616017
0.000301507192891
-0.000476679984884
0.000267327445895
-0.000284816974422
0.000795351003451
-0.000455213730356
-0.000484762743222
0.000367268516492
-0.000240831607572
0.000741705257006
0.000687676275401
-0.000640319578496
0.000392802687169
0.00041642824827
0.00035331323623
-0.00018735723079
-0.000253736574654
7.36651130267e-05
-9.96829722292e-05
3.97806007007e-05
0.000358167796371
-0.00028600249308
1.27212932769e-05
0.000123147777201
-4.51897948224e-05
4.94173654749e-05
0.000509472804784
0.000572512887034
0.000684214779039
-0.000570466827749
0.000305980882808
-0.000450637133582
0.000144656250751
-0.000607931762438
0.000442077845694
0.000165853916792
0.00057999198698
-0.000521234096849
0.000671942931096
-0.000418717518535
0.000904593735881
-0.000468995578137
0.00084607349057
-0.000951442946539
-0.000391050935335
0.000778171172719
-0.000716112691756
-0.000280676415943
0.000524681352971
-0.000601629419156
-0.000474213649718
-0.000425189675924
0.000856628472531
-6.51032363664e-05
-0.00055219290663
3.1648677989e-05
-0.000596535308867
-0.000329490324433
0.000575840507619
6.25685198683e-05
0.000149471729463
0.000522702346194
0.000301768573951
-0.000623702599188
-0.000815288019855
-4.50662572665e-05
0.000604341233095
0.000638822793449
0.000740284096902
-3.70931283712e-05
-0.000703190968567
3.89587404538e-05
0.000571001706604
-0.000349130505309
-0.000221871201284
0.000282671106273
-0.000539172531337
-0.000139456749471
-0.00039971578187
0.000601822041828
-0.000319150935565
0.000655155349922
-0.000616196609463
0.000367421909724
0.00016974319265
0.000569477801155
-0.000209415115312
0.000644084297889
-0.000460579587479
-0.000114909997287
-0.000578312600209
-2.96191622157e-05
-0.000102962443285
-0.000272331717405
3.85460091712e-05
0.000575973133786
0.000328620602083
-0.000486602466664
-0.000455158302146
0.000504844239103
-0.000456516469889
0.000686278090047
0.000130156288181
-0.000469282338196
0.000639025530837
0.000543350003399
-0.000752765118724
0.000491261977792
0.000758286313552
-0.000863439088205
-0.000132078825661
-0.000175172791988
-0.000117494226739
-0.00014779300532
-0.000316219927304
0.000706129421961
0.000766985823623
0.00047164165134
0.000289003975358
-0.000320089084806
-0.000249365996275
-0.000116289155225
-0.000299798281466
0.000211048196885
-0.000307669654029
5.52402391777e-06
0.00025439487763
0.000261565284139
-0.000143534097121
-0.000365005291897
-0.000227805080073
0.000222570210274
0.000179530630148
0.000111496625423
0.000649757396641
-0.000367819700252
-9.97012031518e-05
0.000139449249684
-0.00041885213878
-0.000476747359801
-0.000417769984903
-0.000162637395252
0.000384508596618
-0.000249853054825
0.000389309804368
0.000112726043377
-0.000590464925201
0.00019063038587
0.00043666979027
-0.000520157423714
-0.000607061101973
0.000610165875293
-0.000313673442803
0.000178243205967
-0.000990628763791
-0.000788952320001
-0.000705698076628
-0.000262839271619
0.000997069241388
0.000900768354082
-0.0012857195299
0.00106970796754
0.000959202862301
0.000660542697128
0.000664655207175
0.000261382302228
-0.000774456015315
-0.000784483882755
0.000993284555521
-0.000858192891205
)
;

boundaryField
{
    bottomWall
    {
        type            calculated;
        value           uniform 0;
    }
    leftWall
    {
        type            calculated;
        value           uniform 0;
    }
    rightWall
    {
        type            calculated;
        value           uniform 0;
    }
    movingTop
    {
        type            calculated;
        value           uniform 0;
    }
    front
    {
        type            empty;
    }
    back
    {
        type            empty;
    }
}


// ************************************************************************* //
