/*--------------------------------*- C++ -*----------------------------------*\
  =========                 |
  \\      /  F ield         | OpenFOAM: The Open Source CFD Toolbox
   \\    /   O peration     | Website:  https://openfoam.org
    \\  /    A nd           | Version:  14
     \\/     M anipulation  |
\*---------------------------------------------------------------------------*/
FoamFile
{
    format      ascii;
    class       volScalarField;
    location    "95.00000000009";
    object      p;
}
// * * * * * * * * * * * * * * * * * * * * * * * * * * * * * * * * * * * * * //

dimensions      [0 2 -2 0 0 0 0];

internalField   nonuniform List<scalar> 
2646
(
1.6106695493e-09
0.00017805366535
0.000364716747416
0.000650495113258
-0.00012126493197
0.0162744654369
0.00103829136105
-0.0130598107616
-0.0074951266366
-0.0215343261207
-0.00318130034428
-0.0104789640345
-0.0306248650573
-0.0171528852341
-0.0204762363256
0.00740751588479
-0.000299010248466
-0.000219545113153
-0.00639939122676
-0.00309984655911
-0.00268453858738
-0.00116133065916
-0.00197715578483
-0.00405101193767
0.00979268789954
0.00352014323814
-0.00920702301417
-0.00840286864803
-0.0164351178392
-0.0047033025816
-0.00240787243737
-0.000575083986302
0.000518602014809
0.00663623696897
0.0102008441812
0.00110781849605
-0.0105716277699
-0.0197788563868
-0.0341689666309
0.00105936516144
0.0136436357282
0.00866529045972
0.00665190354751
0.00625955271595
0.00706726459881
0.00681881246192
0.00730838829494
-0.00566083918393
0.0034290225224
-0.00209059321523
-0.0141866275249
-0.0201751184077
-0.0222317175591
-0.0213927286931
-7.97586636351e-05
0.00154172254746
-0.011687384408
-0.0311863648424
-0.0310753354962
-0.0263446210319
-0.0163171236414
-0.00467190676585
-0.0328762710501
0.00119482730752
-0.021173861781
0.00235985153239
-0.00719718943886
0.0016227138701
-0.00431765051727
-0.00264783332206
-0.0120812731021
-4.50872874105e-05
-0.00370567194891
0.00165647431957
-0.00551722639758
-0.0258283025821
0.000449712412726
0.00129326584129
0.00471136543677
-0.0040228345846
0.00116516122012
-0.00346834134049
-0.0211302558295
-0.0217709874102
-0.00748949991474
-0.00782223663456
-0.00278082405575
0.00825797221313
-0.0344983878501
-0.0268036778485
-0.0612080775211
-0.00100753170771
-0.057419511477
-0.0565723615115
-0.0609331080599
-0.0402933494602
-0.0264495291417
-0.0586930924099
-0.00136287763135
-0.0459982861972
-0.00303615603943
-0.0425237766933
0.00261540055024
-0.0424352965938
-0.0697550567744
-0.0405790750214
0.013493170016
-0.0527304127594
-0.0109827846405
-0.0419662350582
-0.0250815727959
-0.00382422313889
0.00644404858261
0.0069985797354
0.0155103248719
0.0079146495843
-0.0198426866642
-0.0531095638784
-0.0625681931466
-0.0367773788548
-0.00628867026209
-0.033314793603
-0.0159510044533
-0.00334585096612
-0.0170459264194
-0.000894069127549
0.000161588836672
0.0254238046746
-0.033717608645
0.00340335794941
-0.0542336948989
-0.0377549152779
-0.0579519349096
-0.0650661856087
-0.0294113587882
0.00489218714258
0.000187956554755
-0.0505678732269
-0.0425750752309
-0.0498392348005
-0.0604180355735
-0.0451462249513
-0.0238352761697
-0.0588479339047
-0.00390675219864
-0.0500591699671
0.00714254229444
-0.0616809790626
0.0177580491546
-0.0477504912441
-0.0242003538801
-0.0675978272836
-0.00670787100845
-0.0212320534009
-0.0115515481419
0.000384817288126
-0.0373520810842
0.00105802306452
-0.0124194930549
0.0157155526095
0.0554838330398
0.00727960702576
-0.0202031928237
-0.0697388333859
-0.0523892486334
-0.0379566595862
-0.0269299947471
0.228821530035
0.0624777976416
0.0690686696691
0.0540590653007
0.0571675888147
-0.0228273503894
-0.0276388815973
-0.000337534360495
-0.00202656081863
-0.00842263345727
-0.0140159251367
0.000483684054801
-0.000249409669322
-0.018466033487
-0.000211032787761
-0.0143552421629
-0.0083676396039
0.00481277074857
5.91204693874e-05
0.00970485974659
0.00713750225393
-0.0322795611978
-0.0218522616392
-0.00235158170704
-0.000838132290606
-0.0180001404736
-0.0181052916253
0.000106236389187
0.000780787688595
-0.00215043748199
-0.0107811300299
-0.00985528118152
-0.0214645684365
-0.0083328509942
0.00358320099952
0.00447086404767
0.00484961668609
-0.0331070192391
-0.0100810215339
-0.0004232031438
-0.063566132531
-0.00017924360439
0.00295674329144
0.00692480423197
-0.070187737683
-0.0445125231813
-0.0640994563141
-0.0675336037775
-0.0298133092605
-0.000264329519298
-0.00207018718806
-0.00677780759769
-0.0561948556139
-0.060393024415
-0.0393315274222
-0.0260480031158
-0.04131853139
-0.0354481047087
-0.0110687985832
-0.00699945196636
-0.0164608253549
-0.00435285654283
-0.0408624199238
-0.0322521554869
-0.02059520587
-0.0711875680306
-0.0399860890639
-0.000795487137102
-0.0105924317131
-0.0443512755602
-0.017350167341
-0.0115740497057
-0.0724603478077
-0.00808471702403
-0.0628554599334
-0.0722622571661
-0.00466059227903
-0.00310738390992
-0.053801137266
-0.0512537601418
-0.0230077215375
-0.0245602146735
-0.0632049251129
-0.0633336126951
-0.0562474032262
-0.0786073856312
-0.072355245302
-0.0542718009848
-0.0541139830882
-0.0452691124225
-0.043710004535
-0.0709226059782
-0.0143970332928
-0.0137839396906
0.000165805825136
-0.0764643121898
-0.0752357960814
-0.057992241788
-0.0492342929679
-0.0513507240269
-0.0717191231083
-0.0550882082621
-0.0774079569314
-0.0703975392675
-0.0609423066978
-0.0273857663108
0.000387940329649
-0.0089647793376
-0.0461684725937
-0.0682457305614
-0.0657527571802
-0.026643615923
-0.00125572883198
-0.0383606456405
-0.0631749505049
-0.0349576941153
-0.0684317150191
-0.0401987429033
-0.0209951568989
-0.0155691192454
-0.0139290102478
-0.0113944822304
-0.0300900810379
-0.0641754875153
-0.0398533006161
-0.0441909085952
-0.017842359791
-0.0433086314755
-0.0128280028552
-0.0332091445307
-0.050909421781
-0.0155245395984
-0.0679169793094
-0.0336905346556
0.000159434449502
0.00629472432861
-0.00531309983667
-0.00117129492562
-0.0344396556835
-0.0354253669024
0.00257569606756
-0.000367103925048
-0.00502381638291
-0.0398446697823
-0.0114592120075
-0.0272072403265
-0.0679017392657
-0.0384138774725
-0.0362557305728
-0.0184954246971
-0.0352762030809
-0.0171546342761
-0.0349744454377
-0.0165215410174
-0.0176031577587
-0.0507628518589
-0.0426794695783
-0.0256770977679
-0.00107330970518
-0.00254927540052
0.00104762770559
-0.0562619868006
-0.0660195919469
-0.0707526832887
-0.0739152335557
-0.0291622262897
-0.05893210351
-0.00927802159108
-0.065612852043
-0.00778285181147
-0.011683467559
-0.00649353957439
-0.0692805002209
-0.0941754350105
-0.10056179808
-0.105322116002
-0.0243006073165
-0.0637373716896
-0.108503707303
-0.0330367985593
-0.0625077371147
-0.1027926832
-0.0106659382777
-0.0800609839216
-0.0680699976293
-0.0463251978975
-0.11015670933
-0.0500168347371
-0.101406912678
-0.099038733123
-0.105563677213
-0.110316164236
-0.106333642527
-0.101357295388
-0.102298018117
-0.036188967078
-0.0331118414577
-0.0373835611259
-0.101888272676
-0.0931222644634
-0.0675074665756
-0.0681310656202
-0.0476040098615
-0.0423976228257
-0.0998486296499
-0.0385431186562
-0.0418431504572
-0.0636001993807
-0.104922247936
-0.0967854158318
-0.0605572617708
-0.068840464112
-0.0949458113958
-0.106051577857
-0.0590447701827
-0.0588895115446
-0.10554536738
-0.0966630046662
-0.0712176533947
-0.0690243627331
-0.107006721149
-0.0392657690485
-0.0641508875213
-0.107256833558
0.00680656252029
-0.10840506287
-0.0423043006394
-0.0672083618555
-0.0289563431537
-0.0817066476795
-0.0428800222502
-0.0957936389496
-0.0922449063618
-0.10495358112
-0.0789822442212
-0.106431047358
-0.0494464446429
-0.104434925726
-0.095276628559
-0.101399159127
-0.0930394271481
0.00346741564422
-0.110349320332
-0.108585997284
-0.105367602424
-0.105499912385
0.00332533271564
-0.101220124272
-0.105534460053
-0.0347435938919
-0.106385813638
-0.106000712648
-0.0473571019705
-0.0379344565657
-0.0611877164732
-0.00531745726336
-0.0413924566437
-0.10404151283
-0.106717029382
-0.0382078112583
-0.103553408378
-0.108308477653
-0.0233350769014
-0.101850452381
-0.0868838391176
-0.0347521428258
-0.0340080273177
-0.0370360730657
-0.0617732436896
-0.0670459103828
-0.103225407758
-0.100116124006
-0.0370515889484
-0.0404347002566
-0.00661197795784
-0.0167402016634
-0.1025065149
-0.00298308430266
-0.0978304582638
-0.000605156039549
-0.0332240896612
-0.102906997747
-0.0331976373267
-0.104528081152
-0.0312919071928
-0.0964944603608
-0.0021080349889
-0.0969049977349
-0.101165902217
-0.0980284511959
0.00739390005479
-0.105123824214
-0.104324117668
-0.105221592746
-0.0116413864512
-0.0927139070508
-0.102443105147
-0.107952149848
-0.0969864105501
-0.100310997479
-0.00173191383087
-0.100408164882
-0.0684267593097
-0.105493381971
-0.0196656778941
-0.0263773735041
-0.028022466898
-0.0657054230932
-0.037685780313
-0.0748224353996
-0.0849956189537
-0.0958190964295
-0.0810829502786
-0.0373075012921
-0.0658731377615
-0.0658060359612
-0.110788833169
-0.0445603999494
-0.0364056868716
-0.0476960716178
-0.0448611520828
-0.0822648742156
-0.0546708636005
-0.0789995961002
-0.0517543649891
-0.0600501501532
-0.0539180294472
-0.100427623928
-0.0588408144638
-0.0610284569533
-0.059740423101
-0.0495977976254
-0.0630119232166
-0.0227528816385
-0.0379068983473
-0.0330475982496
-0.104982830343
-0.0714590335319
-0.030283937236
-0.107530381107
-0.0375801971137
-0.0977734555102
-0.105446332188
-0.0903037028086
0.0102179039882
-0.0103169044552
-0.0758086382799
-0.0651163071199
-0.0338332881046
-0.0677004365024
-0.0502633881683
-0.0437576691517
-0.0422131908806
-0.0186128734522
-0.0309071905391
-0.105733755637
-0.0897432733608
-0.105358236913
-0.106757116979
0.00294586932473
-0.104724743862
-0.0612662281702
-0.0584121716156
-0.102899055035
-0.0563889414891
-0.0992568676961
-0.00383304060354
-0.0822314927712
-0.0931172168059
-0.104396215231
-0.0876122980194
-0.0966548861476
-0.0291664580819
-0.0965583508636
-0.0075084759249
-0.00897868164813
-0.107768944083
-0.094390381751
-0.106613642764
-0.107641039768
-0.0438485474761
-0.0686841346987
-0.0131280864634
-0.104280260102
-0.0303730421741
-0.104222711558
-0.0994641967337
-0.0616584108541
-0.0701460359135
-0.0669117050246
0.000449967000624
-0.102464407269
-0.103295135648
-0.0576201868714
-0.0989605146401
-0.1031838716
-0.0721124836468
0.00539374494027
-0.0723376293651
-0.034396350169
-0.106749142415
-0.089764601583
-0.0630124287052
-0.0634102643071
-0.0927630816884
-0.069177152207
-0.094966977021
-0.0348342132705
-0.0355340282451
-0.0669865296911
-0.00233365024613
-0.0861496574864
-0.0365169120538
-0.0291770492271
-0.0730946167837
-0.101644628703
-0.0888330297609
-0.0700750276295
-0.0815270277274
-0.0100781207524
-0.094155741256
-0.0452259804111
-0.00757524030949
-0.0653763843765
-0.0923067847051
-0.0373762686734
-0.0784910809242
-0.0965606387912
-0.00953883813796
0.00260451405927
-0.0142020244845
-0.010650373482
-0.0232706250666
-0.037567351997
-0.0135487301112
-0.109469613936
-0.0197133230776
-0.0490189887082
-0.107272962559
-0.00162117462957
-0.0947669263408
-0.0420404219511
-0.0688909540393
-0.0686634950493
-0.00879608478353
-0.033380163146
-0.0687780328732
-0.0972883059421
-0.0376744902295
-0.0445571532079
-0.0172521056316
-0.00651050599849
-0.0236301453042
-0.0366593651494
-0.0348364757183
-0.082073957595
-0.0445899597612
-0.0326930075957
-0.0631762789095
-0.00335772836589
-0.0555288402144
-0.0170939539186
-0.007927602718
-0.0412240147473
-0.0195567276163
-0.0280762264584
-0.0439064687398
-0.0618600434586
-0.0988244022533
-0.0878832614497
-0.0494139781284
-0.0324692886685
-0.0919610720935
-0.0545713029551
-0.0855203381611
-0.0642474374438
-0.0502868244907
-0.0957436796821
-0.0947372734864
-0.00818864478753
-0.0559141944489
-0.0441754727816
-0.0582991351866
-0.00969829289256
-0.0833868961484
-0.038883371891
-0.0844827321517
-0.0683533700375
-0.032344975426
-0.105297811145
-0.0954252276489
-0.0948425766602
-0.00201907167998
-0.0392176391897
-0.0628585248041
-0.0942545106022
0.00121660047069
-0.00359525806261
-0.0937361137916
-0.0443986731844
-0.035635847246
-0.00579261430389
-0.0975967127237
-0.00229903874048
-0.0190454455926
-0.0691787883339
-0.0679292709815
-0.0955533973678
-0.0740991434601
-0.0954800155316
-0.092575139077
-0.0854048582946
-0.110663994361
-0.0939971459333
-0.00098516564011
-0.105134036688
-0.0389268453327
-0.0781255696041
-0.0379839293651
-0.0477329583835
-0.0727136885732
-0.000285933168814
-0.0548427551008
-0.0890979143004
-0.0351366045288
-0.066635822052
-0.0686717148464
-0.024067689543
-0.015197011409
-0.0713123134437
-0.0208161489437
-0.0100686531861
-0.0536478315872
-0.0891172606299
-0.018033698933
-0.0733562255534
-0.0626134909501
-0.0394752820031
-0.0566195746518
-0.0555570361771
-0.0925204875854
-0.0394282326962
-0.0307107627475
-0.00320868779235
-0.0968428756204
-0.0897416365236
-0.0449208318486
-0.00459262464334
-0.0175471662992
-0.0860541969306
-0.0450053988189
-0.0741419369499
-0.093151799495
-0.0208247244089
0.00925921005217
-0.0248697524331
-0.0184713591879
-0.0779417769634
-0.000433099034567
0.00587547586713
-0.023034826028
-0.0677890449341
-0.0288162108332
-0.0976353893662
-0.0937526603604
-0.0567758968734
-0.0747103184414
-0.0740864428418
-0.0651547080224
-0.0937658124381
-0.0920967757844
-0.0285747819004
-0.0265346272613
-0.0709663296762
-0.0374584508029
-0.0933748330507
-0.0938525727111
-0.00494724441091
-0.0281124014674
-0.0726512420937
-0.0282529957272
-0.0123661643126
-0.0925337568634
-0.101838880643
-0.0916197957438
-0.103420022429
-0.0732395799692
-0.0213268909481
-0.0238620603607
-0.00342758348522
-0.0770413713584
-0.0417112904478
-0.0688906979676
-0.0247441379927
-0.0562246452492
-0.00313401290343
-0.0941120761968
-0.0621980363905
-0.0751822990129
-0.0208171862616
-0.0876039412695
-0.0293507246158
-0.0760942402026
-0.0877749497341
-0.106060648129
-0.0438942205265
-0.0660326589145
-0.064541922691
-0.035761051569
-0.0860300004778
-0.0387301346977
-0.0678385333269
-0.0479525989427
-0.0718300316934
-0.0478849127643
-0.0671932022816
-0.0852464299886
-0.106253898477
-0.0719633544033
-0.0846218877895
-0.0515397322541
-0.08783217205
-0.10954460148
-0.0890518143524
-0.034181516471
-0.0666121856043
-0.0849921127188
-0.0203445944859
-0.0471611203489
-0.0687901601431
-0.0824681163282
-0.0863196228873
-0.0843822713501
-0.0879017910106
-0.0441836562469
-0.0591966132667
-0.0917255235145
-0.0672848774421
-0.0869982262441
-0.0491165342056
-0.0711271698501
-0.0243587932653
-0.0613417283378
-0.0908375936079
-0.0782621644683
-0.0656279751172
-0.00328615121177
-0.067225309129
-0.0889685092608
-0.0360400667099
-0.0302042041727
-0.0823672654382
-0.0646837260292
0.00714995162078
-0.0805043553628
-0.0920254210841
-0.0487529167267
-0.00565628401104
-0.00168842730079
-0.0970596004633
-0.0774231816356
-0.0504115423576
-0.0838919935955
-0.0466535932844
-0.0550705157946
-0.10691501126
-0.0520808053022
-0.0616957526309
-0.0644793240106
-0.0562606592575
-0.082581012235
-0.0806841087932
-0.0610217273867
-0.0754317950844
-0.08502609192
-0.0960078313341
-0.0838728342276
-0.0875062527374
-0.0867302813456
-0.000152653761867
-0.000721261430186
-0.0266982357601
-0.0640094128482
-0.0585673538154
-0.065022019976
-0.0525270136219
-0.0739084119198
-0.094687509688
-0.0972703219347
-0.101826467744
-0.00264702171449
-0.0267725389192
-0.110041309168
-0.0229836770815
-0.0603670682193
-0.0611108792684
-0.077784016298
-0.0795101989223
-0.0775339784437
-0.0624507517376
-0.103899149313
-0.0712310904797
-0.0301245253617
-0.00105154104446
-0.0191276300108
-0.0980479140405
-0.0839401602731
-0.0416158973906
-0.0715360602018
-0.0698798206586
-0.021036461957
-0.0814590228786
-0.0620261837076
-0.0878273016101
-0.0899539817093
-0.00652407585951
-0.00422660474067
-0.00894199084782
-0.0554017491103
-0.0958846032974
-0.0591456831552
-0.0602967327321
-0.0726229268724
-0.0833266223472
-0.0589539961137
-0.0861469709357
-0.0746676116333
-0.0934969444104
-0.0824138598468
-0.0157849958913
-0.077749162221
-0.0600650617989
-0.0958607942176
-0.0760436391298
-0.083449029096
-0.000251100252405
-0.045809531173
-0.050348940654
-0.0994858759349
-0.0659175508854
-0.0412660753446
-0.0586437213939
-0.0892285093615
-0.0788737002101
-0.0526061331696
-0.104651972867
-0.0769525107376
-0.000562523659565
-0.0615424081138
-0.0905033925529
-0.101172528311
-0.0412423467504
-0.0203558454014
-0.0615459100875
-0.0999974016967
-0.0261565142212
-0.0697987458744
-0.100419962695
-0.0769226778913
-0.0615855816146
-0.0451064686973
-0.0137904544107
-0.0357413910041
-0.0808659701499
-0.0878405198495
-0.0327587466444
-0.0903021633707
-0.0832419759928
-0.0761115463029
-0.027101752893
-0.0843179063186
-0.0102431772405
-0.0557722929667
-0.052278483604
-0.0801839735139
-0.0903463782837
-0.0794828111798
-0.0903742949438
-0.0874986874658
-0.0858260008605
-0.0777062102518
-0.0920407398876
-0.0859085024065
-0.103681355121
-0.0590992201807
-0.00418307505782
-0.0518336791952
-0.0536212784702
-0.102867399949
-0.0511507686105
-0.0988162724198
-0.107067408751
-0.0562283021455
-0.0891720855967
-0.0870668607681
-0.0214054042703
-0.0872797254423
-0.100756186905
-0.0444404137296
-0.0962442793294
-0.0980114970731
-0.0852340832843
-0.0847995118083
-0.084408411356
-0.0835893368117
-0.107251962389
-0.0122241281455
-0.110119960485
-0.0656006405311
-0.0731157493796
-0.103291745483
-0.0502537837576
-0.0799205115028
-0.100227470181
-0.0121147052264
-0.107871896999
-0.0158110160134
-0.0435886480022
-0.0722043262306
-0.10083267895
-0.0959883357586
-0.0669013232382
-0.0943837113425
-0.078890020447
-0.0778570659197
-0.0826063696966
-0.0498934494955
-0.0999541090043
-0.0818309420225
-0.100868080021
-0.0521150554365
-0.0822180606712
-0.0994509261656
-0.0499537731046
-0.108075438062
-0.100360444738
-0.0977138603038
-0.106845585936
-0.0847549554899
-0.03373538316
-0.0868728964777
-0.0920614965355
-0.0468342315814
-0.110177141965
-0.073943119331
-0.0979874819807
-0.0814618788124
-0.00599405291727
-0.0793139245973
-0.0998411115443
-0.090827953408
-0.100634780944
-0.0765990061545
-0.0277185826549
-0.0703967653027
-0.0856471412692
-0.052020526725
-0.0621375653682
-0.0826435195578
-0.058797181015
-0.0985045213298
-0.0566558484461
-0.0709037872711
-0.0471113330032
0.00535294275075
-0.0933320590314
-0.0441154196816
-0.0547683984539
-0.104559842448
-0.0926926981906
-0.0985743416963
-0.0791927250064
-0.0808315731736
-0.0658926222154
-0.0656858486793
-0.0752611785032
-0.0647152806789
-0.0997008680042
-0.106123703937
-0.0663378350403
-0.0587190940114
-0.0850478258051
-0.0906455114818
-0.102861712803
-0.0926924694998
-0.102999230021
-0.0776924859481
-0.0986561089744
-0.110361815037
-0.0826185673724
-0.104521362338
-0.102080910814
-0.0888024387361
-0.110486843646
-0.101515936401
-0.0727490665021
-0.0221198023833
-0.0252053300893
-0.094591794445
-0.0710884144455
-0.0538699829432
-0.103324494481
-0.0912825381409
-0.0734824240049
-0.0718560573794
-0.0500669787111
-0.0766619336312
-0.0804894179076
-0.0920153031332
-0.0633564178818
-0.091159071598
-0.0993167510661
-0.0735379299109
-0.0107366107725
-0.100359585009
-0.0565860867258
-0.0632854397594
-0.0942893909882
-0.0684620745758
-0.0661868187881
-0.0812080364699
-0.100768648099
-0.0774187582553
-0.098237899697
-0.0281990869566
-0.00458196849834
-0.0847561035565
-0.101901871003
-0.0872804932727
-0.0546538217425
-0.060575040018
-0.0445489593092
-0.0534910781814
-0.0426851205701
-0.0689491578986
-0.0339665644576
-0.0769318711135
-0.0322858241415
-0.0470735690413
-0.100427196167
-0.0106621044262
-0.0897308816168
-0.0906815125933
-0.0543064410155
-0.103464482589
-0.100640659929
-0.0873219871198
-0.0532463033758
-0.0963136340842
-0.0869024618151
-0.0815239219042
-0.0832550001452
-0.0184503624954
-0.0531800537345
-0.0883319432605
-0.0519055334432
-0.0426229551843
-0.0781760573877
-0.104823670881
-0.0828809163568
-0.0550274567399
-0.0650072729087
-0.0835995902504
-0.103967975334
-0.101818988486
-0.0968563206777
-0.0995712031403
-0.0878033812458
-0.0798257373456
-0.0852257843617
-0.0464195480546
-0.101994744912
-0.0650162717033
-0.0862582462896
-0.0967664246218
-0.106440785004
-0.0935056298326
-0.0678337753584
-0.026312744017
-0.0914114073702
-0.0490652816129
-0.0805287392829
-0.0586115750254
-0.0967623131624
-0.0327749017588
-0.0281557536082
-0.0394101011839
-0.105943925471
-0.0450776827026
-0.0451714163434
-0.0676675656805
-0.0161944346934
-0.0169558244912
-0.0330158126972
-0.0578921866231
-0.0916727474322
-0.0868607184879
-0.0531904121658
-0.0837899091432
-0.0774056109887
-0.106384810486
-0.0123906268352
-0.0634266857951
-0.0620931127685
-0.0753042123945
-0.072093564525
-0.0953205883126
-0.106152165338
-0.0543115860889
-0.0248026589314
-0.0351354734934
-0.0792371729807
-0.0951403348882
-0.0810047111445
-0.0890652705552
-0.0909706706412
-0.0871683510077
-0.0567493803499
-0.0153055630262
-0.00685191388087
-0.0480848914632
-0.0992830333909
-0.0560841902587
-0.0970037106726
-0.0247134317776
-0.0146896323077
-0.0322305897213
-0.0900572636853
-0.0866648349956
-0.0554735971417
-0.0489815721986
-0.0736038257466
-0.0792702764562
-0.0774107133579
-0.10925071837
-0.0379389452082
-0.0864668101682
-0.0411453345278
-0.103667014732
-0.0522153474387
-0.0874276031294
-0.0738530888287
-0.0690931255042
-0.06622589818
-0.0758025533207
-0.082364341199
-0.0873909197873
-0.109270262575
0.000158449245449
-0.0895622655803
-0.088069770127
-0.0713870841785
-0.107192946783
-0.0464652953737
-0.103591765534
-0.0372783146963
-0.0634998432269
-0.10370736011
-0.0169237496802
-0.0887171693736
-0.0897294666057
-0.0703508527978
-0.0519860689658
-0.0756102992803
-0.0960963924904
-0.0951416580608
-0.0655667193235
-0.0197969246818
-0.0431782193486
-0.100898733592
-0.0840891497228
-0.10446309718
-0.0617932910117
-0.029392677174
-0.0662346433243
-0.0927286362616
-0.023267599026
-0.0668005458948
-0.1010654627
-0.104053700201
-0.0988863333066
-0.0972309614981
-0.036521913325
-0.0996350767853
-0.0983821834862
-0.0648205290202
-0.0462147770267
-0.102811463994
-0.0900670552872
-0.0934428810784
-0.104688170993
-0.095337114355
-0.0887970795542
-0.0946564076254
0.000688637663711
-0.0887838627505
-0.0268270713688
-0.0931448794541
-0.0843010848866
-0.0905146854946
-0.0974574498041
-0.0258245741683
-0.00477739329003
-0.103182346699
-0.0937318857371
-0.0997377527076
-0.08395293452
-0.0490951944956
-0.0719985885792
-0.0622283669419
-0.0385702334565
-0.0916317501901
-0.0611856807606
-0.0936523636237
-0.0765672249249
-0.0698349942079
-0.102464119229
-0.0507616476427
-0.103776881891
-0.0787652665766
-0.0517689036666
-0.0916959730051
-0.0322302893326
-0.0222244866354
-0.0177478081323
-0.0644306593373
-0.0112991284378
-0.0641760878629
-0.0644612127809
-0.0312596048743
-0.105051376025
-0.0859059867035
-0.0894118775094
-0.0884222513189
-0.0585882181864
-0.0278064221933
-0.0827793100557
-0.0139019374466
-0.0821827197001
-0.0934069080765
-0.0699975777023
-0.0991891666741
-0.0727912352053
-0.0807517612822
-0.0953385886986
-0.0611880656406
-0.0208015758742
-0.0861905761585
-0.0642512985797
-0.0688726400539
-0.0446276167851
-0.0886758074116
-0.0904337475665
-0.0702467467239
-0.0538573224279
-0.103459650492
-0.0468123501582
-0.104029469139
-0.0915150817103
-0.0782711773558
-0.105950840973
-0.0997022269804
-0.0827542396939
-0.0785932385319
-0.0731281104667
-0.104088526565
-0.0685049647995
-0.102166450153
-0.0940289439592
-0.105880962649
-0.0996564301203
-0.102284317242
-0.0830534573753
-0.104288352907
-0.0929723572834
-0.0713990613224
-0.0749527741423
-0.0279026015011
-0.0553467815114
-0.0917216275865
-0.0765201862299
-0.0875253601193
-0.0266882647119
-0.0836526164293
-0.0411687026707
-0.0822705315292
-0.0812906068287
-0.0794050087121
-0.0976446185638
-0.0889784151147
-0.0707403556679
-0.0735734122533
-0.0586092489236
-0.0552723266187
-0.096263705882
-0.0755852142967
-0.0694165317306
0.00940498128996
-0.109321797861
-0.0991548387353
-0.0750747943302
-0.0867223500331
-0.0381560777428
-0.0524159026407
-0.0815253915994
-0.0595930216821
-0.0794126238828
-0.0957704502904
-0.0118561056815
-0.0617697747004
-0.10674453446
-0.0821880419412
-0.0249186448597
-0.0544002380485
-0.0760897831918
-0.00634730993277
-0.0746641139732
-0.10319044616
-0.100371984988
-0.100261011145
-0.0807954228103
-0.0793497164713
-0.0707086648183
-0.101983742057
-0.00717999694202
-0.0831805587043
-0.0845678759121
-0.0773117990936
-0.101643714655
-0.0903029373569
-0.0840088605239
-0.0907637538461
-0.0712535645446
-0.0939890866231
-0.0830210732042
-0.0627538734407
-0.0987815183956
-0.027965076508
-0.0368625250479
-0.0857755336234
-0.105564817835
-0.0348404685569
-0.105108733575
-0.0756004213433
-0.107128613935
-0.0836964683471
-0.0983225711611
-0.103445470187
-0.0744756894189
-0.0646990844358
-0.098908030713
-0.0228824461604
-0.0530890118823
-0.108237706698
-0.0890840878878
-0.106427543597
-0.0784298264814
-0.0529172178343
-0.0531137162224
-0.0559770508219
-0.0793029071405
-0.0246076270628
-0.109356598419
-0.104768925475
-0.0727442333875
-0.104818240712
-0.022616086229
-0.0633615905208
-0.10480359148
-0.106240622215
-0.0512833769082
-0.0746675679178
-0.0801769284492
-0.108654130045
-0.109697520115
-0.047411948534
-0.0946539543254
-0.00592839696474
-0.108908882209
-0.0691861115612
-0.0997021454858
-0.0324604266293
-0.0914475450452
-0.0897222886965
-0.0965133239591
-0.0243959370306
-0.0506051801969
-0.0166250627271
-0.0582706316879
-0.0865758462241
-0.0973526247419
-0.102947555275
-0.0304193022016
-0.0709634727982
-0.0321008584685
-0.0795905942657
-0.0031567064558
-0.000700532177565
-0.0670132839995
-0.100409735748
-0.107558923781
-0.0741783505944
-0.0879114065187
-0.0514976512268
-0.0513938497759
-0.0587894454019
-0.102320690715
-0.0834464557886
-0.0285400895315
-0.0966676799556
-0.0360921659201
-0.0872840684275
-0.0124598239182
-0.100485792369
-0.0574662946442
-0.0865650625803
-0.0221469778719
-0.0227533962668
-0.0689435764346
-0.109490669672
-0.108447388304
-0.0682850704582
-0.073941359205
-0.0902848270747
-0.0926298891825
-0.10958804919
-0.0321286004355
-0.102000286774
-0.105716726652
-0.106505747982
-0.072289121408
-0.0986518063923
-0.104537353562
-0.0428449447997
-0.0467532052278
-0.0475577992373
-0.101758752844
-0.109118437855
-0.0291581879943
-0.108192353041
-0.109790213663
-0.0490812376449
-0.0598266913727
-0.0779846751001
-0.0823544939107
-0.109521098552
-0.0503096861086
-0.0935673521489
-0.0739233851068
-0.0816339775204
-0.0806710786945
-0.0529904777532
-0.10900468705
-0.095095341496
-0.0538187769705
-0.104761370384
-0.103953257527
-0.0989238936649
-0.107912852611
-0.0960914458584
-0.0853083001347
-0.060947131963
-0.0444423501628
-0.0963902985394
-0.0400349160029
-0.108267087078
-0.037750576807
-0.0539257446155
-0.0567559212717
-0.061225627315
-0.084844450858
-0.107862922514
-0.0708443710244
-0.0704632074197
-0.0538007588195
-0.083625201127
-0.0750757846629
-0.00866520868283
-0.105935695267
-0.079296901273
-0.0499710985624
-0.0592299852895
-0.0904879714751
-0.0925162923582
-0.0957355040118
-0.0989569907445
-0.109028107749
-0.100338372686
-0.083815886982
-0.0456546152709
-0.0874847992741
-0.100719217241
-0.101589866356
-0.110600219637
-0.0898112574172
-0.091618768239
-0.0944928715492
-0.106924988341
-0.0751010709645
-0.0848415854835
-0.0992964898223
-0.0973183770714
-0.0854807429246
-0.108406119007
-0.0915796042337
-0.0771027903376
-0.0955896153433
-0.10124546638
-0.0872346503396
-0.107055598454
-0.10756646297
-0.11041646592
-0.0997357458636
-0.0954883454346
-0.0944565967496
-0.0753366232192
-0.107390901072
-0.108898581164
-0.0995329945995
-0.10763183973
-0.109098753672
-0.0928975056229
-0.0624759584839
-0.103333084622
-0.0765706429671
-0.0924489226535
-0.0845062678903
-0.0493179844473
-0.0799136211657
-0.0769917399199
-0.0403093436045
-0.0855722690598
-0.109813009759
-0.0491055020952
-0.0419804085379
-0.109703268497
-0.0604415875791
-0.0938660924129
-0.0621798994879
-0.0463213709739
-0.109438547045
-0.0612293906434
-0.0656135072958
-0.0814393703591
-0.0983471918182
-0.0941546315144
-0.0944438507312
-0.0745837521672
-0.07741808209
-0.0790767275256
-0.105644979646
-0.0526692023198
-0.0890604504977
-0.0819804818282
-0.0984257516972
-0.0478485461652
-0.10193090123
-0.104163795564
-0.10686990766
-0.107982477841
-0.103033949137
-0.0987182079349
-0.0739588213721
-0.102385985159
-0.108591288091
-0.0689842538976
-0.0991299310312
-0.109904226707
-0.039913669045
-0.0317028783618
-0.102102812199
-0.0262645243859
-0.107001106553
-0.0967588642178
-0.103266989416
-0.0919677454734
-0.108655964303
-0.0802375165827
-0.0983832530327
-0.0935147820844
-0.100364898524
-0.056156118919
-0.061099655901
-0.00648044968556
-0.0879664391019
-0.088204029742
-0.0349090723462
-0.0795553394268
-0.103381333046
-0.0979630146112
-0.0848850854891
-0.0565515006664
-0.110291479421
-0.0923015516765
-0.104095809484
-0.0825109960515
-0.103146447963
-0.0562140524433
-0.0790167348214
-0.0820224243553
-0.0966432338208
-0.0807184762433
-0.0279055839255
-0.0987132768548
-0.0818877239061
-0.0594694031402
-0.0909634673586
-0.091385115124
-0.0512629366616
0.00329958977986
-0.0470532531443
-0.0582576974751
-0.107003902074
-0.0652550220845
-0.0372133805054
-0.0303978681392
-0.100723131251
-0.0344032489482
-0.0879608655826
-0.0400389101989
-0.0394133425915
-0.0830886381633
-0.049185296146
-0.00561604466534
-0.0445478452871
-0.0756960816693
-0.106587542187
-0.100828532119
0.00409082170107
0.00532258346239
-0.0222100020373
-0.0979192258797
-0.0975520146509
-0.109911407237
-0.0852855394899
-0.0429417014458
-0.0999042588852
-0.0483684635925
-0.105849053346
-0.101301107999
-0.0733182341469
-0.108444628268
-0.071197943106
-0.081670730685
-0.0979443908016
-0.017751342257
-0.0648735845116
-0.10001767353
-0.108350385958
-0.0757089537517
-0.110168746755
-0.0645771167512
-0.0978987811685
-0.108066082579
-0.108006854428
-0.0720500075565
-0.041671292952
-0.0742124373248
-0.0571396565565
-0.0729688902143
-0.0766170016015
-0.102109189899
-0.0675488595715
-0.0749643298675
-0.0914627064202
-0.109977667627
-0.10097481146
-0.0707323585257
-0.0680927162047
-0.042676817417
-0.099404629192
-0.0770981889452
-0.0787022049382
-0.0711401506384
-0.081602035583
-0.00619257092253
-0.0674247343389
-0.0393095944961
-0.0899017642065
-0.0978690819141
-0.106342573463
-0.0710418535374
-0.0716924613346
-0.0423995007116
-0.0829576626906
-0.0980107052347
-0.0593957509701
-0.0533187979213
-0.0701651687004
-0.095676484313
-0.0819178002212
-0.0698738156542
-0.0697494924693
-0.08558660337
-0.0867219472879
-0.101057852644
-0.0990107236506
-0.0805975233334
-0.0456170338575
-0.0588417907223
-0.0919030842184
-0.059481519227
-0.0607613369773
-0.0641279841991
-0.0873219105563
-0.0625835346992
-0.0584207272178
-0.0734702831591
-0.0319411297692
-0.106174878037
0.000643337256569
-0.11006303958
-0.0863002708956
-0.0566452899001
-0.103011511914
-0.0552134951525
-0.101390553082
-0.0421869953896
-0.0696829140205
-0.0590064325776
-0.0641136624487
-0.0688669462498
-0.0794896899108
-0.00391498635694
-0.0823308841863
-0.0467708047286
-0.0948475525543
-0.0923844415548
-0.0484949575017
0.00446016874701
-0.0916111836735
-0.0830962611308
-0.0713803680554
-0.0584314146702
-0.101951950156
-0.0766064674257
-0.0791325339091
-0.0535806452266
-0.0875564516679
-0.0570003448765
-0.0917203023287
-0.107605340653
-0.07961771936
-0.077645103847
-0.0668111226999
-0.102327485609
-0.0691620608529
-0.0608563684528
-0.040270481278
-0.0744679594693
-0.0874394211859
-0.0788729417042
-0.109179345023
-0.10798511287
-0.0627315167426
-0.0954296543067
-0.0816143539106
-0.0943701224666
-0.0842106407955
-0.0972265504972
-0.0801999317826
-0.0727749287816
-0.0522450885804
-0.0677064013161
-0.079765272973
-0.0158255716067
-0.0307372797341
-0.0597904172355
-0.0853032687491
-0.035645004058
-0.0665894683415
-0.0667205136764
-0.10863084675
-0.0600711741557
-0.109751185338
-0.0777735619149
-0.08996980694
-0.0688696238124
-0.0490187168027
-0.109970884959
-0.0594611925705
-0.0869136925615
-0.0621914183252
-0.0583214752831
-0.0673482216375
-0.0608987136456
-0.055250451719
-0.0419545771324
-0.0671176605595
-0.0988303325543
-0.0746849719015
-0.085655760368
-0.0819993696795
-0.0979840560495
-0.0418017959411
-0.0316381867543
-0.0710009482885
-0.073102015758
-0.0653125181613
-0.102560664137
-0.0941493029256
-0.0958446338571
-0.0896512182794
-0.108714345901
-0.0280623401731
-0.0848494429382
-0.0651398815703
-0.0707848337705
-0.10254085627
-0.0520910485113
-0.107778002525
-0.0909040122853
0.00279940372001
-0.00235818372739
-0.00160921410417
-0.0599705479605
-0.108780823001
-0.0957191605178
-0.0583527227937
-0.0677865492764
-0.0836264302774
-0.0510012044951
-0.0729772537762
-0.100753211048
-0.0515432367757
-0.064779619698
-0.0727217774179
-0.0541251200047
-0.0335983923411
-0.074269436968
-0.0903536127411
-0.0683401084035
-0.031806587574
-0.109026703959
-0.0572881347191
-0.0682803822295
-0.075099157915
-0.0669647516647
-0.0803880333286
-0.0552317260581
-0.0628392987029
-0.103646294123
-0.0477366120041
-0.086435971962
-0.0903253964801
-0.0913795604889
-0.0889293815577
-0.070999390627
-0.10870776679
-0.0899825815265
-0.076435170748
-0.0852919406389
-0.0806912880349
-0.0756994299815
-0.0748017876882
-0.028943214431
-0.0975785099462
-0.0307853123035
-0.029797253328
-0.0329223513798
-0.0648384315706
-0.0584425874462
-0.0647541744984
-0.0194280246959
-0.00398965852767
-0.0969972998327
-0.0935890766707
-0.0526207155393
-0.0823381684948
-0.0296548703315
-0.031653247035
-0.0766125556951
-0.0953253681751
-0.0513222269349
0.000803588367188
-0.092999588604
-0.0792245720752
-0.0858499862234
-0.0205047242215
-0.0560025193801
-0.0688407992491
-0.0942519226141
-0.0780176539953
-0.0798653060811
-0.0472192846956
-0.0772523855441
-0.0938630100183
-0.109217966985
-0.0909459962311
-0.0134287646931
-0.0274091094022
-0.0956929306151
-0.0589204154403
-0.0836138663647
-0.0374443221303
-0.0140187139635
-0.0900794465554
-0.054731508394
-0.0639673662157
-0.0962311993946
-0.0389011150252
-0.0774605884287
-0.0308482902548
-0.083171870467
-0.0940055502492
-0.0562691817122
-0.0860110112266
-0.049653283596
-0.102395155287
-0.0967007918842
-0.06791713497
-0.0770890725693
-0.0662036571093
-0.103291194544
-0.0748600996909
-0.0623993762213
-0.08411816492
-0.0368892334181
-0.0423884586996
-0.0810576059788
-0.089796098898
-0.0615504298767
-0.0816452380185
-0.0865881433687
-0.0928268558605
-0.0562455491965
-0.0447161024273
-0.026931248069
-0.0763181122338
-0.0755739603025
-0.0777234154582
-0.0522760836489
-0.096820430319
-0.0820910881075
-0.00209930233753
-0.0551210690665
-0.0895783052971
-0.056099624446
-0.056306327223
-0.0914188900445
-0.0838246636579
-0.00707760070725
-0.109147689031
-0.0977367978712
-0.0805689154257
-0.0711254955453
-0.0800749323762
-0.0889545250613
-0.0936930817798
-0.107225698995
-0.0569250059119
-0.00773324062284
-0.0176709436594
-0.0809174607191
-0.0106117568802
-0.0576092123366
-0.053670327573
-0.0861797038073
-0.0710020465022
-0.0671170701818
-0.0520092151235
-0.0975199871312
-0.0714021589342
-0.0517256372472
-0.0429165244856
-0.0377603422635
-0.01465979304
-0.0465352166289
-0.0969313756127
-0.0264600411162
-0.0536832127684
-0.0277969713176
-0.0342553623646
-0.0559682064563
-0.049482090156
-0.077095883341
-0.0936137572338
-0.0884635027948
-0.0298820594898
-0.0901325295094
-0.0898940347383
-0.0639964233148
-0.097595614066
-0.0307604540928
-0.0398294253553
-0.0258890356713
-0.0762889491507
-0.0770575228348
-0.0616416402919
-0.0581629076234
-0.0674651810434
-0.107241315885
-0.00207892674696
-0.0900986524565
-0.0468965977533
-0.0905366264083
-0.0145668075459
-0.0256781404025
-0.0640944564331
-0.0173350930932
-0.0628398986775
-0.0684992791788
-0.0238124349484
-0.0508874635544
-0.0910770898031
-0.097803866938
-0.0406607033427
-0.0974652327515
-0.0949401567512
-0.0889847294946
-0.0128370155262
-0.0899262890692
-0.0887574692681
-0.0801236082331
-0.0675004766465
-0.073913431682
-0.0183250416735
-0.0590555415157
-0.105348898194
-0.0824057770681
-0.0906243095869
-0.0710405244931
-0.0331265309286
-0.0770737475716
-0.0943386531926
-0.0408382714821
-0.0358425868697
-0.107339193991
-0.0711455356125
-0.0628649680014
-0.0650240153947
-0.0977983005807
-0.0704987677006
-0.0404542195735
-0.109643621924
-0.0848542942221
-0.0630187652438
-0.0866814729661
-0.0924974076248
-0.0601266275319
-0.0927420010925
-0.0792222313539
-0.0870600111518
-0.0793635635048
-0.0630587927841
-0.0740370241746
-0.0568077916888
-0.107336707707
-0.0817390779174
-0.0662160421895
-0.0155777532628
-0.0180108322726
-0.0848755924303
-0.0127938871922
-0.10507794653
-0.00249888686714
-0.00779035275468
-0.0561486479562
-0.0198768661239
-0.0643300913867
-0.0855838666289
-0.0892023842698
-0.0806465364558
-0.00870480507435
-0.061787379543
-0.0689093318432
-0.107206307076
-0.0859758093482
-0.00768343480749
0.000101715450553
-0.0908027055553
-0.0726322284762
-0.0876330372682
-0.0758708149622
-0.0641955104066
-0.0613932282977
0.000647792853667
-0.0225216533898
-0.0567138072559
-0.0911959775765
-0.0748209423059
-0.00727058539463
-0.0123605053107
-0.10787471655
-0.0727479112929
-0.00887450431725
-0.065934075108
-0.104127055529
-0.10262581657
-0.0906189516095
-0.0703229369721
-0.0864427887754
-0.0861458077195
-0.0704138750788
-0.0766406731014
-0.0186005550457
-0.0300811269512
-0.0885068789815
-0.0517945807663
-0.0023919151679
-0.0741203375287
-0.0755842001149
-0.110543631947
-0.00125446781303
-0.0659719552155
-0.0678193639198
-0.0805973923238
-0.106022914109
-0.106842217547
-0.0659951208416
-0.102580320865
-0.109541846469
-0.0411957813921
-0.0212387438676
-0.014780018202
-0.0816378034232
-0.0966915431677
-0.0819757932752
-0.0930615455341
-0.094543951473
-0.077706506892
-0.0824642330081
-0.0143805819615
-0.110724968574
-0.0688735355087
-0.0396619325788
-0.088236269884
-0.0891300258238
-0.0693609074625
-0.0885395111744
-0.0539093662534
-0.0725375471427
-0.0128921728778
-0.0832289130145
-0.0872677178817
-0.0824087975661
-0.104673550765
-0.0943227321894
-0.0804518743137
-0.0847285695126
-0.0809784701336
-0.108855065359
-0.0779183845252
-0.105134146669
-0.0684004965155
-0.0913326457118
-0.077627669423
-0.0852713547023
-0.011407640264
-0.0944231800433
-0.0408271873601
-0.0712059461203
-0.000607979989501
-0.0569207413951
-0.100209037164
-0.0860751022311
-0.0864775490442
-0.0743736286922
-0.107846610902
-0.0901327189939
-0.00380099301347
-0.0753634612659
-0.101332831661
-0.0138833316711
-0.0673702124966
-0.0479321718137
-0.0742435831205
-0.0471416360669
-0.0489225210011
-0.0729264890124
-0.0757301482093
-0.0811852670666
-0.0637432545358
-0.0549342065846
-0.0498684300599
-0.0488813202914
-0.0815860544903
-0.0472291217862
-0.110277984571
-0.108636398824
-0.110439297904
-0.105474496319
-0.0621751893067
-0.110420321741
-0.10073800356
-0.109849694413
-0.0865936697688
-0.0551769065156
-0.0943678422448
-0.0158599171173
-0.0766446920585
-0.108202338447
-0.109559047221
-0.057523736686
-0.0232498460298
-0.0733693335525
-0.0863285518956
-0.0900482519901
-0.0195116177495
-0.00185752680656
-0.0853502806111
-0.0461347954642
-0.108774128768
-0.0472343402937
-0.0326452267337
-0.0842739831683
-0.0339667911973
-0.0397910801449
-0.0347647581274
-0.0705095747781
-0.0324252433557
0.000144503760287
-0.035620540718
-0.0577212632863
-0.0290577133678
-0.0560735392698
-0.0491506303334
-0.0403586951048
-0.051072480776
-0.0408744542931
-0.0436261143248
-0.0448554420233
-0.0421609995596
-0.0433795669723
-0.0450306790804
-0.0726998435284
-0.0382222270892
-0.0707009132685
-0.0340046016609
-0.0237090180684
-0.0418974388352
-0.0363139867316
-0.0293146615132
-0.0427409890818
-0.0281082732041
-0.0267710037207
-0.0230789045983
-0.020465108281
-0.0140108738612
-0.0157197022951
-0.0177547134958
-0.0317290652776
-0.00846215687288
-0.011413344053
-0.0556088072819
-0.0401256287884
-0.00715346224055
-0.00126131498035
-0.0386255501811
-0.075326636812
-0.0705249489307
-0.0505999811606
-0.0454894157128
-0.0690849369799
-0.0707889390511
-0.0416363620806
-0.0255359505989
0.0197162436886
0.00896959602232
-0.000703477933793
0.00346129332544
0.00541248562432
-0.00188596486611
-0.0790284637118
-0.0625063740247
-0.00602942732886
-0.02815468657
-0.0392770993413
-0.0643812872324
-0.0261577794645
-0.0372264400712
-0.00348213854297
-0.0456915489113
-0.0434820990246
-0.00119348450839
-0.0598252740114
-0.0783905681063
-0.0555901933454
-0.0593690499067
-0.0444121874665
-0.0487475374684
-0.0677843475401
-0.0472103620725
-0.0364765702895
-0.0552687858411
-0.0667031899143
-0.0239712066596
-0.00999771203352
-0.0677500685311
-0.0056793808856
-0.0123052030326
-0.0322749969796
0.00145394518502
0.00365899980084
-0.0584165633868
-0.0814018812424
-0.0800193156767
-0.0731427652594
-0.05156888793
-0.0458646560044
-0.0612804005696
-0.0547086155985
-0.0766889802557
-0.0190112083219
-0.0769194251038
-0.0402764516058
-0.0621494372287
-0.0738248981913
-0.0753940843059
-0.0793966178783
-0.022046760562
-0.0178322814638
-0.0339297254812
-0.0206000792401
-0.0188440176204
-0.0164771724134
-0.0712795422584
-0.0099125901907
-0.00479949888528
-0.0616358387009
-0.0582652236038
-0.0642060342588
-0.0733913259298
-0.071100639761
-0.0570728115796
-0.00995498280246
-0.0671435825917
-0.027451793749
-0.0521042862212
-0.047099321125
-0.0259786106917
0.00448227354491
0.00477238696616
0.000726243964621
0.00055285836218
-0.0161135649045
-0.0788832293394
-0.00554109740263
-0.0486371177438
-0.0456245347474
-0.0297222272025
-0.0312864485698
-0.011991950539
-0.0542685595117
-0.011467147648
-0.0414742046938
-0.0157965850278
-0.00432219925383
-0.003102481892
-0.00172065105135
-0.0485164481304
-0.0170404446818
-0.0292982820019
-0.00450630189713
-0.0248136342902
-0.018252727829
-0.0381740236874
-0.0584386573936
-0.0231757725686
-0.0542459795919
-0.0563905737761
-0.0543190166307
-0.0392987667263
-0.00134957152242
0.0026931882357
0.00372413730447
-0.0029935512467
0.0224947020078
0.0204137253902
-0.000143222416947
-0.000715722086532
-0.00632513159896
-0.0126182019341
-0.0373336571472
-0.0642758920655
-0.0159045403045
-0.0253666638587
-0.0730747158703
-0.043729781117
-0.00741325827906
-0.0472783739743
-0.0619928180235
-0.0265155480283
-0.0414010942841
-0.0406466148765
-0.0619397561529
-0.039147804344
-0.0499560268368
-0.0505005136007
-0.0532248682444
-0.0509708544133
-0.0715995650733
-0.0785019287339
-0.00604103664988
-0.0440710186543
-0.0151614371791
-0.0165669991591
-0.0376271009631
-0.0140192399705
0.00193106230581
-0.0689643669127
-0.0826955188703
-0.0685271994431
-0.048990408011
-0.0399614842316
-0.0608452204662
-0.0270423106676
-0.0754596195349
-0.04281808926
-0.0747149244988
-0.0650993503637
-0.00455038861637
-0.0758273151233
-0.0468430222827
-0.0780554900376
-0.00109356591587
-0.0800449847993
-0.0746886699584
-0.0715502276786
-0.0746103035931
-0.0772805152731
-0.0581286961592
-0.0647259675344
-0.022611887517
-0.0216190652627
-0.022635547594
-0.0258018174821
-0.0215963714768
-0.0190464900317
-0.0677751451219
-0.0067832325036
-0.0357185541525
-0.0579097826888
-0.0541699265772
-0.036422412929
-0.0164338108677
-0.0035187685395
-0.0644441129931
-0.0294274514648
-0.0741456940357
-0.019529663745
-0.0449512360415
-0.0359290907622
-0.0282779657084
-0.0644626297116
-0.0275796804518
-0.0214831656641
-0.0492929179702
-0.07509995292
-0.00671629456937
-0.00879281910073
-0.0377009626144
-0.0473921883276
-0.0490877332489
-0.0283792538352
-0.0374785722305
-0.0204472581812
-0.0476565630085
-0.00512586135159
-0.0407438311741
-0.0431458527332
-0.0271828468482
0.000243111034905
-0.0707190154928
-0.0691355250177
-0.0214057240596
-0.0280386208831
-0.0389110045766
-0.00994463974134
-0.0380170568663
-0.00159532702724
-0.00299875379023
-0.00573505307158
-0.0510344613404
-0.0489494063903
-0.0244944125916
-0.0761581709516
-0.0611305153464
-0.0039212107071
-0.0322284138786
-0.0453291166357
-0.0579221903465
-0.0467839421485
-0.0284281849102
0.0128404819417
-0.000266195535629
0.00196851509726
0.00605446508193
-0.0685588825546
-0.0514656140933
-0.0452796658696
-0.0590734725226
-0.0781114478866
-0.0368513839871
-0.0365902503796
0.00604620400674
0.000484809424163
0.00933642807081
-0.000282702668256
-0.0138180386813
-0.044118974423
-0.0663640720708
-0.0127399774955
-0.0683189692528
-0.0708022051739
-0.0299457139821
-0.0385696778482
-0.0156110337432
-0.0677932304713
-0.0643658307926
-0.0638039893579
-0.0452581931526
-0.0123082373367
-0.0163804706862
-0.0125398245925
-0.0204468723042
-0.0170575451883
-0.0706401736617
-0.0521663435845
-0.0729642354915
-0.0750894049541
-0.0750213595033
-0.0625610244605
-0.0419910263808
-0.0201274719279
-0.00160675689507
-0.0727896501271
-0.070746658317
0.00516085504219
-0.0294895036996
-0.021498128143
-0.0359158491984
0.00478135477818
-0.000297892273772
0.000990383785328
0.00559568748498
-0.0277253510494
-0.0715673989916
-0.0653380829848
-0.0565166794929
-0.0491942072654
-0.0312108880173
-0.075829563643
-0.000736075125129
0.0016156189874
-0.0123535026347
-0.0414391271473
-0.0639916128525
-0.0613232839937
0.000647944604323
-0.00176924373527
-0.05811768683
-0.0520640429226
0.00699866744856
0.00661011905411
-0.0311194911818
-0.0136862830415
-0.0386013215713
-0.0386780282868
-0.0342041547629
-0.0100430541425
0.0247658771211
-0.00718704446195
-0.0637773235582
-0.0589038793356
-0.00614158926725
-0.00385639768352
-0.0477211961712
-0.0461584205797
0.00765049164942
0.00381860424288
-0.0264615708256
-0.0298627060994
-0.0429996815761
-0.0449190274351
-0.0310580165937
-0.0204580424825
-0.0240420146231
-0.0163220575928
)
;

boundaryField
{
    bottomWall
    {
        type            zeroGradient;
    }
    leftWall
    {
        type            zeroGradient;
    }
    rightWall
    {
        type            zeroGradient;
    }
    movingTop
    {
        type            zeroGradient;
    }
    front
    {
        type            empty;
    }
    back
    {
        type            empty;
    }
}


// ************************************************************************* //
