/*--------------------------------*- C++ -*----------------------------------*\
  =========                 |
  \\      /  F ield         | OpenFOAM: The Open Source CFD Toolbox
   \\    /   O peration     | Website:  https://openfoam.org
    \\  /    A nd           | Version:  14
     \\/     M anipulation  |
\*---------------------------------------------------------------------------*/
FoamFile
{
    format      ascii;
    class       volScalarField;
    location    "0.99999999999999045";
    object      T;
}
// * * * * * * * * * * * * * * * * * * * * * * * * * * * * * * * * * * * * * //

dimensions      [];

internalField   nonuniform List<scalar> 
1600
(
0.0821464508869
0.150995321035
0.216126185255
0.275935305511
0.32894998277
0.37386481973
0.409573864042
0.435197840524
0.450105801833
0.453930664486
0.44657824767
0.428229592287
0.39933650313
0.360610423944
0.313004919323
0.257692194785
0.19603423318
0.129549258153
0.0598743504416
-0.0112748624894
-0.0821464508869
-0.150995321035
-0.216126185255
-0.275935305511
-0.32894998277
-0.37386481973
-0.409573864042
-0.435197840524
-0.450105801833
-0.453930664486
-0.44657824767
-0.428229592287
-0.39933650313
-0.360610423944
-0.313004919323
-0.257692194785
-0.19603423318
-0.129549258153
-0.0598743504416
0.0112748624894
0.150995321035
0.216126185255
0.275935305511
0.32894998277
0.37386481973
0.409573864042
0.435197840524
0.450105801833
0.453930664486
0.44657824767
0.428229592287
0.39933650313
0.360610423944
0.313004919323
0.257692194785
0.19603423318
0.129549258153
0.0598743504416
-0.0112748624894
-0.0821464508869
-0.150995321035
-0.216126185255
-0.275935305511
-0.32894998277
-0.37386481973
-0.409573864042
-0.435197840524
-0.450105801833
-0.453930664486
-0.44657824767
-0.428229592287
-0.39933650313
-0.360610423944
-0.313004919323
-0.257692194785
-0.19603423318
-0.129549258153
-0.0598743504416
0.0112748624894
0.0821464508869
0.216126185255
0.275935305511
0.32894998277
0.37386481973
0.409573864042
0.435197840524
0.450105801833
0.453930664486
0.44657824767
0.428229592287
0.39933650313
0.360610423944
0.313004919323
0.257692194785
0.19603423318
0.129549258153
0.0598743504416
-0.0112748624894
-0.0821464508869
-0.150995321035
-0.216126185255
-0.275935305511
-0.32894998277
-0.37386481973
-0.409573864042
-0.435197840524
-0.450105801833
-0.453930664486
-0.44657824767
-0.428229592287
-0.39933650313
-0.360610423944
-0.313004919323
-0.257692194785
-0.19603423318
-0.129549258153
-0.0598743504416
0.0112748624894
0.0821464508869
0.150995321035
0.275935305511
0.32894998277
0.37386481973
0.409573864042
0.435197840524
0.450105801833
0.453930664486
0.44657824767
0.428229592287
0.39933650313
0.360610423944
0.313004919323
0.257692194785
0.19603423318
0.129549258153
0.0598743504416
-0.0112748624894
-0.0821464508869
-0.150995321035
-0.216126185255
-0.275935305511
-0.32894998277
-0.37386481973
-0.409573864042
-0.435197840524
-0.450105801833
-0.453930664486
-0.44657824767
-0.428229592287
-0.39933650313
-0.360610423944
-0.313004919323
-0.257692194785
-0.19603423318
-0.129549258153
-0.0598743504416
0.0112748624894
0.0821464508869
0.150995321035
0.216126185255
0.32894998277
0.37386481973
0.409573864042
0.435197840524
0.450105801833
0.453930664486
0.44657824767
0.428229592287
0.39933650313
0.360610423944
0.313004919323
0.257692194785
0.19603423318
0.129549258153
0.0598743504416
-0.0112748624894
-0.0821464508869
-0.150995321035
-0.216126185255
-0.275935305511
-0.32894998277
-0.37386481973
-0.409573864042
-0.435197840524
-0.450105801833
-0.453930664486
-0.44657824767
-0.428229592287
-0.39933650313
-0.360610423944
-0.313004919323
-0.257692194785
-0.19603423318
-0.129549258153
-0.0598743504416
0.0112748624894
0.0821464508869
0.150995321035
0.216126185255
0.275935305511
0.37386481973
0.409573864042
0.435197840524
0.450105801833
0.453930664486
0.44657824767
0.428229592287
0.39933650313
0.360610423944
0.313004919323
0.257692194785
0.19603423318
0.129549258153
0.0598743504416
-0.0112748624894
-0.0821464508869
-0.150995321035
-0.216126185255
-0.275935305511
-0.32894998277
-0.37386481973
-0.409573864042
-0.435197840524
-0.450105801833
-0.453930664486
-0.44657824767
-0.428229592287
-0.39933650313
-0.360610423944
-0.313004919323
-0.257692194785
-0.19603423318
-0.129549258153
-0.0598743504416
0.0112748624894
0.0821464508869
0.150995321035
0.216126185255
0.275935305511
0.32894998277
0.409573864042
0.435197840524
0.450105801833
0.453930664486
0.44657824767
0.428229592287
0.39933650313
0.360610423944
0.313004919323
0.257692194785
0.19603423318
0.129549258153
0.0598743504416
-0.0112748624894
-0.0821464508869
-0.150995321035
-0.216126185255
-0.275935305511
-0.32894998277
-0.37386481973
-0.409573864042
-0.435197840524
-0.450105801833
-0.453930664486
-0.44657824767
-0.428229592287
-0.39933650313
-0.360610423944
-0.313004919323
-0.257692194785
-0.19603423318
-0.129549258153
-0.0598743504416
0.0112748624894
0.0821464508869
0.150995321035
0.216126185255
0.275935305511
0.32894998277
0.37386481973
0.435197840524
0.450105801833
0.453930664486
0.44657824767
0.428229592287
0.39933650313
0.360610423944
0.313004919323
0.257692194785
0.19603423318
0.129549258153
0.0598743504416
-0.0112748624894
-0.0821464508869
-0.150995321035
-0.216126185255
-0.275935305511
-0.32894998277
-0.37386481973
-0.409573864042
-0.435197840524
-0.450105801833
-0.453930664486
-0.44657824767
-0.428229592287
-0.39933650313
-0.360610423944
-0.313004919323
-0.257692194785
-0.19603423318
-0.129549258153
-0.0598743504416
0.0112748624894
0.0821464508869
0.150995321035
0.216126185255
0.275935305511
0.32894998277
0.37386481973
0.409573864042
0.450105801833
0.453930664486
0.44657824767
0.428229592287
0.39933650313
0.360610423944
0.313004919323
0.257692194785
0.19603423318
0.129549258153
0.0598743504416
-0.0112748624894
-0.0821464508869
-0.150995321035
-0.216126185255
-0.275935305511
-0.32894998277
-0.37386481973
-0.409573864042
-0.435197840524
-0.450105801833
-0.453930664486
-0.44657824767
-0.428229592287
-0.39933650313
-0.360610423944
-0.313004919323
-0.257692194785
-0.19603423318
-0.129549258153
-0.0598743504416
0.0112748624894
0.0821464508869
0.150995321035
0.216126185255
0.275935305511
0.32894998277
0.37386481973
0.409573864042
0.435197840524
0.453930664486
0.44657824767
0.428229592287
0.39933650313
0.360610423944
0.313004919323
0.257692194785
0.19603423318
0.129549258153
0.0598743504416
-0.0112748624894
-0.0821464508869
-0.150995321035
-0.216126185255
-0.275935305511
-0.32894998277
-0.37386481973
-0.409573864042
-0.435197840524
-0.450105801833
-0.453930664486
-0.44657824767
-0.428229592287
-0.39933650313
-0.360610423944
-0.313004919323
-0.257692194785
-0.19603423318
-0.129549258153
-0.0598743504416
0.0112748624894
0.0821464508869
0.150995321035
0.216126185255
0.275935305511
0.32894998277
0.37386481973
0.409573864042
0.435197840524
0.450105801833
0.44657824767
0.428229592287
0.39933650313
0.360610423944
0.313004919323
0.257692194785
0.19603423318
0.129549258153
0.0598743504416
-0.0112748624894
-0.0821464508869
-0.150995321035
-0.216126185255
-0.275935305511
-0.32894998277
-0.37386481973
-0.409573864042
-0.435197840524
-0.450105801833
-0.453930664486
-0.44657824767
-0.428229592287
-0.39933650313
-0.360610423944
-0.313004919323
-0.257692194785
-0.19603423318
-0.129549258153
-0.0598743504416
0.0112748624894
0.0821464508869
0.150995321035
0.216126185255
0.275935305511
0.32894998277
0.37386481973
0.409573864042
0.435197840524
0.450105801833
0.453930664486
0.428229592287
0.39933650313
0.360610423944
0.313004919323
0.257692194785
0.19603423318
0.129549258153
0.0598743504416
-0.0112748624894
-0.0821464508869
-0.150995321035
-0.216126185255
-0.275935305511
-0.32894998277
-0.37386481973
-0.409573864042
-0.435197840524
-0.450105801833
-0.453930664486
-0.44657824767
-0.428229592287
-0.39933650313
-0.360610423944
-0.313004919323
-0.257692194785
-0.19603423318
-0.129549258153
-0.0598743504416
0.0112748624894
0.0821464508869
0.150995321035
0.216126185255
0.275935305511
0.32894998277
0.37386481973
0.409573864042
0.435197840524
0.450105801833
0.453930664486
0.44657824767
0.39933650313
0.360610423944
0.313004919323
0.257692194785
0.19603423318
0.129549258153
0.0598743504416
-0.0112748624894
-0.0821464508869
-0.150995321035
-0.216126185255
-0.275935305511
-0.32894998277
-0.37386481973
-0.409573864042
-0.435197840524
-0.450105801833
-0.453930664486
-0.44657824767
-0.428229592287
-0.39933650313
-0.360610423944
-0.313004919323
-0.257692194785
-0.19603423318
-0.129549258153
-0.0598743504416
0.0112748624894
0.0821464508869
0.150995321035
0.216126185255
0.275935305511
0.32894998277
0.37386481973
0.409573864042
0.435197840524
0.450105801833
0.453930664486
0.44657824767
0.428229592287
0.360610423944
0.313004919323
0.257692194785
0.19603423318
0.129549258153
0.0598743504416
-0.0112748624894
-0.0821464508869
-0.150995321035
-0.216126185255
-0.275935305511
-0.32894998277
-0.37386481973
-0.409573864042
-0.435197840524
-0.450105801833
-0.453930664486
-0.44657824767
-0.428229592287
-0.39933650313
-0.360610423944
-0.313004919323
-0.257692194785
-0.19603423318
-0.129549258153
-0.0598743504416
0.0112748624894
0.0821464508869
0.150995321035
0.216126185255
0.275935305511
0.32894998277
0.37386481973
0.409573864042
0.435197840524
0.450105801833
0.453930664486
0.44657824767
0.428229592287
0.39933650313
0.313004919323
0.257692194785
0.19603423318
0.129549258153
0.0598743504416
-0.0112748624894
-0.0821464508869
-0.150995321035
-0.216126185255
-0.275935305511
-0.32894998277
-0.37386481973
-0.409573864042
-0.435197840524
-0.450105801833
-0.453930664486
-0.44657824767
-0.428229592287
-0.39933650313
-0.360610423944
-0.313004919323
-0.257692194785
-0.19603423318
-0.129549258153
-0.0598743504416
0.0112748624894
0.0821464508869
0.150995321035
0.216126185255
0.275935305511
0.32894998277
0.37386481973
0.409573864042
0.435197840524
0.450105801833
0.453930664486
0.44657824767
0.428229592287
0.39933650313
0.360610423944
0.257692194785
0.19603423318
0.129549258153
0.0598743504416
-0.0112748624894
-0.0821464508869
-0.150995321035
-0.216126185255
-0.275935305511
-0.32894998277
-0.37386481973
-0.409573864042
-0.435197840524
-0.450105801833
-0.453930664486
-0.44657824767
-0.428229592287
-0.39933650313
-0.360610423944
-0.313004919323
-0.257692194785
-0.19603423318
-0.129549258153
-0.0598743504416
0.0112748624894
0.0821464508869
0.150995321035
0.216126185255
0.275935305511
0.32894998277
0.37386481973
0.409573864042
0.435197840524
0.450105801833
0.453930664486
0.44657824767
0.428229592287
0.39933650313
0.360610423944
0.313004919323
0.19603423318
0.129549258153
0.0598743504416
-0.0112748624894
-0.0821464508869
-0.150995321035
-0.216126185255
-0.275935305511
-0.32894998277
-0.37386481973
-0.409573864042
-0.435197840524
-0.450105801833
-0.453930664486
-0.44657824767
-0.428229592287
-0.39933650313
-0.360610423944
-0.313004919323
-0.257692194785
-0.19603423318
-0.129549258153
-0.0598743504416
0.0112748624894
0.0821464508869
0.150995321035
0.216126185255
0.275935305511
0.32894998277
0.37386481973
0.409573864042
0.435197840524
0.450105801833
0.453930664486
0.44657824767
0.428229592287
0.39933650313
0.360610423944
0.313004919323
0.257692194785
0.129549258153
0.0598743504416
-0.0112748624894
-0.0821464508869
-0.150995321035
-0.216126185255
-0.275935305511
-0.32894998277
-0.37386481973
-0.409573864042
-0.435197840524
-0.450105801833
-0.453930664486
-0.44657824767
-0.428229592287
-0.39933650313
-0.360610423944
-0.313004919323
-0.257692194785
-0.19603423318
-0.129549258153
-0.0598743504416
0.0112748624894
0.0821464508869
0.150995321035
0.216126185255
0.275935305511
0.32894998277
0.37386481973
0.409573864042
0.435197840524
0.450105801833
0.453930664486
0.44657824767
0.428229592287
0.39933650313
0.360610423944
0.313004919323
0.257692194785
0.19603423318
0.0598743504416
-0.0112748624894
-0.0821464508869
-0.150995321035
-0.216126185255
-0.275935305511
-0.32894998277
-0.37386481973
-0.409573864042
-0.435197840524
-0.450105801833
-0.453930664486
-0.44657824767
-0.428229592287
-0.39933650313
-0.360610423944
-0.313004919323
-0.257692194785
-0.19603423318
-0.129549258153
-0.0598743504416
0.0112748624894
0.0821464508869
0.150995321035
0.216126185255
0.275935305511
0.32894998277
0.37386481973
0.409573864042
0.435197840524
0.450105801833
0.453930664486
0.44657824767
0.428229592287
0.39933650313
0.360610423944
0.313004919323
0.257692194785
0.19603423318
0.129549258153
-0.0112748624894
-0.0821464508869
-0.150995321035
-0.216126185255
-0.275935305511
-0.32894998277
-0.37386481973
-0.409573864042
-0.435197840524
-0.450105801833
-0.453930664486
-0.44657824767
-0.428229592287
-0.39933650313
-0.360610423944
-0.313004919323
-0.257692194785
-0.19603423318
-0.129549258153
-0.0598743504416
0.0112748624894
0.0821464508869
0.150995321035
0.216126185255
0.275935305511
0.32894998277
0.37386481973
0.409573864042
0.435197840524
0.450105801833
0.453930664486
0.44657824767
0.428229592287
0.39933650313
0.360610423944
0.313004919323
0.257692194785
0.19603423318
0.129549258153
0.0598743504416
-0.0821464508869
-0.150995321035
-0.216126185255
-0.275935305511
-0.32894998277
-0.37386481973
-0.409573864042
-0.435197840524
-0.450105801833
-0.453930664486
-0.44657824767
-0.428229592287
-0.39933650313
-0.360610423944
-0.313004919323
-0.257692194785
-0.19603423318
-0.129549258153
-0.0598743504416
0.0112748624894
0.0821464508869
0.150995321035
0.216126185255
0.275935305511
0.32894998277
0.37386481973
0.409573864042
0.435197840524
0.450105801833
0.453930664486
0.44657824767
0.428229592287
0.39933650313
0.360610423944
0.313004919323
0.257692194785
0.19603423318
0.129549258153
0.0598743504416
-0.0112748624894
-0.150995321035
-0.216126185255
-0.275935305511
-0.32894998277
-0.37386481973
-0.409573864042
-0.435197840524
-0.450105801833
-0.453930664486
-0.44657824767
-0.428229592287
-0.39933650313
-0.360610423944
-0.313004919323
-0.257692194785
-0.19603423318
-0.129549258153
-0.0598743504416
0.0112748624894
0.0821464508869
0.150995321035
0.216126185255
0.275935305511
0.32894998277
0.37386481973
0.409573864042
0.435197840524
0.450105801833
0.453930664486
0.44657824767
0.428229592287
0.39933650313
0.360610423944
0.313004919323
0.257692194785
0.19603423318
0.129549258153
0.0598743504416
-0.0112748624894
-0.0821464508869
-0.216126185255
-0.275935305511
-0.32894998277
-0.37386481973
-0.409573864042
-0.435197840524
-0.450105801833
-0.453930664486
-0.44657824767
-0.428229592287
-0.39933650313
-0.360610423944
-0.313004919323
-0.257692194785
-0.19603423318
-0.129549258153
-0.0598743504416
0.0112748624894
0.0821464508869
0.150995321035
0.216126185255
0.275935305511
0.32894998277
0.37386481973
0.409573864042
0.435197840524
0.450105801833
0.453930664486
0.44657824767
0.428229592287
0.39933650313
0.360610423944
0.313004919323
0.257692194785
0.19603423318
0.129549258153
0.0598743504416
-0.0112748624894
-0.0821464508869
-0.150995321035
-0.275935305511
-0.32894998277
-0.37386481973
-0.409573864042
-0.435197840524
-0.450105801833
-0.453930664486
-0.44657824767
-0.428229592287
-0.39933650313
-0.360610423944
-0.313004919323
-0.257692194785
-0.19603423318
-0.129549258153
-0.0598743504416
0.0112748624894
0.0821464508869
0.150995321035
0.216126185255
0.275935305511
0.32894998277
0.37386481973
0.409573864042
0.435197840524
0.450105801833
0.453930664486
0.44657824767
0.428229592287
0.39933650313
0.360610423944
0.313004919323
0.257692194785
0.19603423318
0.129549258153
0.0598743504416
-0.0112748624894
-0.0821464508869
-0.150995321035
-0.216126185255
-0.32894998277
-0.37386481973
-0.409573864042
-0.435197840524
-0.450105801833
-0.453930664486
-0.44657824767
-0.428229592287
-0.39933650313
-0.360610423944
-0.313004919323
-0.257692194785
-0.19603423318
-0.129549258153
-0.0598743504416
0.0112748624894
0.0821464508869
0.150995321035
0.216126185255
0.275935305511
0.32894998277
0.37386481973
0.409573864042
0.435197840524
0.450105801833
0.453930664486
0.44657824767
0.428229592287
0.39933650313
0.360610423944
0.313004919323
0.257692194785
0.19603423318
0.129549258153
0.0598743504416
-0.0112748624894
-0.0821464508869
-0.150995321035
-0.216126185255
-0.275935305511
-0.37386481973
-0.409573864042
-0.435197840524
-0.450105801833
-0.453930664486
-0.44657824767
-0.428229592287
-0.39933650313
-0.360610423944
-0.313004919323
-0.257692194785
-0.19603423318
-0.129549258153
-0.0598743504416
0.0112748624894
0.0821464508869
0.150995321035
0.216126185255
0.275935305511
0.32894998277
0.37386481973
0.409573864042
0.435197840524
0.450105801833
0.453930664486
0.44657824767
0.428229592287
0.39933650313
0.360610423944
0.313004919323
0.257692194785
0.19603423318
0.129549258153
0.0598743504416
-0.0112748624894
-0.0821464508869
-0.150995321035
-0.216126185255
-0.275935305511
-0.32894998277
-0.409573864042
-0.435197840524
-0.450105801833
-0.453930664486
-0.44657824767
-0.428229592287
-0.39933650313
-0.360610423944
-0.313004919323
-0.257692194785
-0.19603423318
-0.129549258153
-0.0598743504416
0.0112748624894
0.0821464508869
0.150995321035
0.216126185255
0.275935305511
0.32894998277
0.37386481973
0.409573864042
0.435197840524
0.450105801833
0.453930664486
0.44657824767
0.428229592287
0.39933650313
0.360610423944
0.313004919323
0.257692194785
0.19603423318
0.129549258153
0.0598743504416
-0.0112748624894
-0.0821464508869
-0.150995321035
-0.216126185255
-0.275935305511
-0.32894998277
-0.37386481973
-0.435197840524
-0.450105801833
-0.453930664486
-0.44657824767
-0.428229592287
-0.39933650313
-0.360610423944
-0.313004919323
-0.257692194785
-0.19603423318
-0.129549258153
-0.0598743504416
0.0112748624894
0.0821464508869
0.150995321035
0.216126185255
0.275935305511
0.32894998277
0.37386481973
0.409573864042
0.435197840524
0.450105801833
0.453930664486
0.44657824767
0.428229592287
0.39933650313
0.360610423944
0.313004919323
0.257692194785
0.19603423318
0.129549258153
0.0598743504416
-0.0112748624894
-0.0821464508869
-0.150995321035
-0.216126185255
-0.275935305511
-0.32894998277
-0.37386481973
-0.409573864042
-0.450105801833
-0.453930664486
-0.44657824767
-0.428229592287
-0.39933650313
-0.360610423944
-0.313004919323
-0.257692194785
-0.19603423318
-0.129549258153
-0.0598743504416
0.0112748624894
0.0821464508869
0.150995321035
0.216126185255
0.275935305511
0.32894998277
0.37386481973
0.409573864042
0.435197840524
0.450105801833
0.453930664486
0.44657824767
0.428229592287
0.39933650313
0.360610423944
0.313004919323
0.257692194785
0.19603423318
0.129549258153
0.0598743504416
-0.0112748624894
-0.0821464508869
-0.150995321035
-0.216126185255
-0.275935305511
-0.32894998277
-0.37386481973
-0.409573864042
-0.435197840524
-0.453930664486
-0.44657824767
-0.428229592287
-0.39933650313
-0.360610423944
-0.313004919323
-0.257692194785
-0.19603423318
-0.129549258153
-0.0598743504416
0.0112748624894
0.0821464508869
0.150995321035
0.216126185255
0.275935305511
0.32894998277
0.37386481973
0.409573864042
0.435197840524
0.450105801833
0.453930664486
0.44657824767
0.428229592287
0.39933650313
0.360610423944
0.313004919323
0.257692194785
0.19603423318
0.129549258153
0.0598743504416
-0.0112748624894
-0.0821464508869
-0.150995321035
-0.216126185255
-0.275935305511
-0.32894998277
-0.37386481973
-0.409573864042
-0.435197840524
-0.450105801833
-0.44657824767
-0.428229592287
-0.39933650313
-0.360610423944
-0.313004919323
-0.257692194785
-0.19603423318
-0.129549258153
-0.0598743504416
0.0112748624894
0.0821464508869
0.150995321035
0.216126185255
0.275935305511
0.32894998277
0.37386481973
0.409573864042
0.435197840524
0.450105801833
0.453930664486
0.44657824767
0.428229592287
0.39933650313
0.360610423944
0.313004919323
0.257692194785
0.19603423318
0.129549258153
0.0598743504416
-0.0112748624894
-0.0821464508869
-0.150995321035
-0.216126185255
-0.275935305511
-0.32894998277
-0.37386481973
-0.409573864042
-0.435197840524
-0.450105801833
-0.453930664486
-0.428229592287
-0.39933650313
-0.360610423944
-0.313004919323
-0.257692194785
-0.19603423318
-0.129549258153
-0.0598743504416
0.0112748624894
0.0821464508869
0.150995321035
0.216126185255
0.275935305511
0.32894998277
0.37386481973
0.409573864042
0.435197840524
0.450105801833
0.453930664486
0.44657824767
0.428229592287
0.39933650313
0.360610423944
0.313004919323
0.257692194785
0.19603423318
0.129549258153
0.0598743504416
-0.0112748624894
-0.0821464508869
-0.150995321035
-0.216126185255
-0.275935305511
-0.32894998277
-0.37386481973
-0.409573864042
-0.435197840524
-0.450105801833
-0.453930664486
-0.44657824767
-0.39933650313
-0.360610423944
-0.313004919323
-0.257692194785
-0.19603423318
-0.129549258153
-0.0598743504416
0.0112748624894
0.0821464508869
0.150995321035
0.216126185255
0.275935305511
0.32894998277
0.37386481973
0.409573864042
0.435197840524
0.450105801833
0.453930664486
0.44657824767
0.428229592287
0.39933650313
0.360610423944
0.313004919323
0.257692194785
0.19603423318
0.129549258153
0.0598743504416
-0.0112748624894
-0.0821464508869
-0.150995321035
-0.216126185255
-0.275935305511
-0.32894998277
-0.37386481973
-0.409573864042
-0.435197840524
-0.450105801833
-0.453930664486
-0.44657824767
-0.428229592287
-0.360610423944
-0.313004919323
-0.257692194785
-0.19603423318
-0.129549258153
-0.0598743504416
0.0112748624894
0.0821464508869
0.150995321035
0.216126185255
0.275935305511
0.32894998277
0.37386481973
0.409573864042
0.435197840524
0.450105801833
0.453930664486
0.44657824767
0.428229592287
0.39933650313
0.360610423944
0.313004919323
0.257692194785
0.19603423318
0.129549258153
0.0598743504416
-0.0112748624894
-0.0821464508869
-0.150995321035
-0.216126185255
-0.275935305511
-0.32894998277
-0.37386481973
-0.409573864042
-0.435197840524
-0.450105801833
-0.453930664486
-0.44657824767
-0.428229592287
-0.39933650313
-0.313004919323
-0.257692194785
-0.19603423318
-0.129549258153
-0.0598743504416
0.0112748624894
0.0821464508869
0.150995321035
0.216126185255
0.275935305511
0.32894998277
0.37386481973
0.409573864042
0.435197840524
0.450105801833
0.453930664486
0.44657824767
0.428229592287
0.39933650313
0.360610423944
0.313004919323
0.257692194785
0.19603423318
0.129549258153
0.0598743504416
-0.0112748624894
-0.0821464508869
-0.150995321035
-0.216126185255
-0.275935305511
-0.32894998277
-0.37386481973
-0.409573864042
-0.435197840524
-0.450105801833
-0.453930664486
-0.44657824767
-0.428229592287
-0.39933650313
-0.360610423944
-0.257692194785
-0.19603423318
-0.129549258153
-0.0598743504416
0.0112748624894
0.0821464508869
0.150995321035
0.216126185255
0.275935305511
0.32894998277
0.37386481973
0.409573864042
0.435197840524
0.450105801833
0.453930664486
0.44657824767
0.428229592287
0.39933650313
0.360610423944
0.313004919323
0.257692194785
0.19603423318
0.129549258153
0.0598743504416
-0.0112748624894
-0.0821464508869
-0.150995321035
-0.216126185255
-0.275935305511
-0.32894998277
-0.37386481973
-0.409573864042
-0.435197840524
-0.450105801833
-0.453930664486
-0.44657824767
-0.428229592287
-0.39933650313
-0.360610423944
-0.313004919323
-0.19603423318
-0.129549258153
-0.0598743504416
0.0112748624894
0.0821464508869
0.150995321035
0.216126185255
0.275935305511
0.32894998277
0.37386481973
0.409573864042
0.435197840524
0.450105801833
0.453930664486
0.44657824767
0.428229592287
0.39933650313
0.360610423944
0.313004919323
0.257692194785
0.19603423318
0.129549258153
0.0598743504416
-0.0112748624894
-0.0821464508869
-0.150995321035
-0.216126185255
-0.275935305511
-0.32894998277
-0.37386481973
-0.409573864042
-0.435197840524
-0.450105801833
-0.453930664486
-0.44657824767
-0.428229592287
-0.39933650313
-0.360610423944
-0.313004919323
-0.257692194785
-0.129549258153
-0.0598743504416
0.0112748624894
0.0821464508869
0.150995321035
0.216126185255
0.275935305511
0.32894998277
0.37386481973
0.409573864042
0.435197840524
0.450105801833
0.453930664486
0.44657824767
0.428229592287
0.39933650313
0.360610423944
0.313004919323
0.257692194785
0.19603423318
0.129549258153
0.0598743504416
-0.0112748624894
-0.0821464508869
-0.150995321035
-0.216126185255
-0.275935305511
-0.32894998277
-0.37386481973
-0.409573864042
-0.435197840524
-0.450105801833
-0.453930664486
-0.44657824767
-0.428229592287
-0.39933650313
-0.360610423944
-0.313004919323
-0.257692194785
-0.19603423318
-0.0598743504416
0.0112748624894
0.0821464508869
0.150995321035
0.216126185255
0.275935305511
0.32894998277
0.37386481973
0.409573864042
0.435197840524
0.450105801833
0.453930664486
0.44657824767
0.428229592287
0.39933650313
0.360610423944
0.313004919323
0.257692194785
0.19603423318
0.129549258153
0.0598743504416
-0.0112748624894
-0.0821464508869
-0.150995321035
-0.216126185255
-0.275935305511
-0.32894998277
-0.37386481973
-0.409573864042
-0.435197840524
-0.450105801833
-0.453930664486
-0.44657824767
-0.428229592287
-0.39933650313
-0.360610423944
-0.313004919323
-0.257692194785
-0.19603423318
-0.129549258153
0.0112748624894
0.0821464508869
0.150995321035
0.216126185255
0.275935305511
0.32894998277
0.37386481973
0.409573864042
0.435197840524
0.450105801833
0.453930664486
0.44657824767
0.428229592287
0.39933650313
0.360610423944
0.313004919323
0.257692194785
0.19603423318
0.129549258153
0.0598743504416
-0.0112748624894
-0.0821464508869
-0.150995321035
-0.216126185255
-0.275935305511
-0.32894998277
-0.37386481973
-0.409573864042
-0.435197840524
-0.450105801833
-0.453930664486
-0.44657824767
-0.428229592287
-0.39933650313
-0.360610423944
-0.313004919323
-0.257692194785
-0.19603423318
-0.129549258153
-0.0598743504416
)
;

boundaryField
{
    xMin
    {
        type            cyclic;
    }
    xMax
    {
        type            cyclic;
    }
    yMin
    {
        type            cyclic;
    }
    yMax
    {
        type            cyclic;
    }
    zMin
    {
        type            empty;
    }
    zMax
    {
        type            empty;
    }
}


// ************************************************************************* //
