/*--------------------------------*- C++ -*----------------------------------*\
  =========                 |
  \\      /  F ield         | OpenFOAM: The Open Source CFD Toolbox
   \\    /   O peration     | Website:  https://openfoam.org
    \\  /    A nd           | Version:  14
     \\/     M anipulation  |
\*---------------------------------------------------------------------------*/
FoamFile
{
    format      ascii;
    class       labelList;
    note        "nPoints:2860  nCells:2646  nFaces:9367  nInternalFaces:4035";
    location    "constant/polyMesh";
    object      neighbour;
}
// * * * * * * * * * * * * * * * * * * * * * * * * * * * * * * * * * * * * * //


4035
(
1
2
3
2
3
4
4
31
76
22
24
41
21
25
30
26
28
30
27
29
180
183
12
23
26
28
19
21
25
32
16
20
23
38
37
172
501
23
38
173
599
27
37
182
1020
39
41
184
596
38
176
2336
25
36
175
882
20
39
177
857
35
174
1463
22
24
32
23
26
39
41
29
28
30
37
30
36
32
178
2436
35
34
45
186
2431
40
41
179
681
181
983
1924
2394
670
185
187
511
43
44
44
45
46
45
46
112
56
66
71
55
67
73
70
73
75
69
72
196
199
52
53
62
83
57
59
66
56
64
66
55
65
67
77
63
72
71
84
58
70
75
82
188
515
83
189
600
69
82
198
1152
68
84
200
597
83
192
2277
81
191
883
84
193
858
80
190
1464
75
77
71
74
79
70
73
82
74
73
81
79
77
194
2437
80
79
126
202
2430
85
195
2219
197
2148
1925
2273
671
201
203
512
103
105
122
102
106
111
107
109
111
108
110
2622
2625
93
104
107
109
100
102
106
113
97
101
104
118
117
496
2614
104
118
610
2615
108
117
2454
2624
119
122
624
2626
118
703
2618
106
116
1159
2617
101
119
1123
2619
115
1881
2616
103
105
113
104
107
119
122
110
109
111
117
111
116
113
2432
2620
115
121
170
2435
2628
2466
2621
1177
2623
1928
851
685
121
542
2627
2629
122
124
125
125
126
127
127
127
157
137
147
152
136
148
154
151
154
156
150
153
2638
2641
133
134
143
164
138
140
147
137
145
147
136
146
148
159
144
153
152
165
139
151
156
163
495
2630
164
609
2631
150
163
2040
2640
149
165
623
2642
164
2335
2634
162
1158
2633
165
1122
2635
161
1879
2632
156
159
152
155
160
151
154
163
155
154
162
160
159
2433
2636
160
171
2434
2644
161
166
1676
2637
1638
2639
1927
2393
1147
541
2643
2645
168
169
169
170
171
170
171
173
433
473
175
626
762
177
520
549
179
1215
846
181
697
2019
183
722
1483
185
1031
820
187
726
457
189
434
475
191
659
1880
193
521
551
195
2326
847
197
695
2021
199
808
1484
201
598
650
203
725
533
215
282
619
238
240
1185
216
308
902
214
276
2448
217
301
2400
210
302
2399
273
2611
242
277
985
229
236
2567
241
281
923
299
2424
300
2425
326
2416
327
2415
235
298
2446
220
249
2456
255
879
222
224
2077
248
2450
224
257
2038
2461
226
260
1382
243
2462
237
295
1291
274
287
577
317
2509
272
317
332
278
285
2502
239
283
2511
280
284
2512
279
307
1293
2314
2411
2410
2514
1379
2370
295
2385
331
378
1107
2516
328
2477
330
2474
244
2356
261
2359
246
254
2344
256
2346
248
259
2357
2358
250
2351
2348
2504
266
268
2367
262
269
2362
267
2369
2389
255
2345
2349
257
2350
2347
270
2352
2390
260
2354
2353
273
2360
263
2363
2364
2506
271
2361
2391
266
2366
2508
2368
2530
2570
2488
2585
2487
2587
2485
2588
2489
2589
2380
2419
2482
1261
2313
297
1691
2480
2025
2605
281
2388
2407
2421
334
2414
2406
2440
2387
2340
2561
313
1629
312
2031
311
343
293
334
1479
2402
2478
311
2338
2392
312
2336
2394
313
2335
2393
296
2429
2567
314
323
2541
324
2380
310
1137
2578
2384
2408
2509
2395
2428
311
715
313
1748
312
1854
467
2601
413
2602
309
327
2539
325
326
2538
306
2533
2573
2534
2572
2325
2599
2329
2600
2314
2535
2498
2501
480
2613
319
2379
2527
320
2378
2528
2372
321
2439
2449
2421
2522
2422
2523
2478
2513
1784
2395
2405
2412
2524
332
2377
2420
2525
914
1941
1535
2606
335
2321
2576
778
2604
2375
2609
2509
2311
2386
2544
2413
2331
2555
349
589
2123
338
2063
2309
349
441
368
581
792
366
540
1036
371
558
999
375
567
1035
395
715
347
368
809
392
602
1001
505
2100
2275
1892
2280
443
562
980
2305
401
865
1392
394
613
2594
369
517
874
409
679
859
419
487
640
427
430
1480
468
614
1568
383
470
752
483
1055
1060
458
460
1576
361
438
1078
437
1324
373
475
600
473
599
2440
372
449
745
455
463
905
2062
2255
378
474
609
2276
2197
2451
372
484
1102
2010
2251
1792
397
2290
389
492
1157
1980
2248
379
1670
1698
421
661
689
563
462
1646
415
550
1693
382
959
1770
421
911
2085
2114
478
544
1645
386
394
2374
563
576
425
605
1708
393
612
1317
516
1847
402
464
784
413
457
726
2058
2246
419
1405
481
612
932
534
1516
1596
403
518
405
508
1271
407
523
1400
425
450
656
2168
2238
509
958
1888
2285
503
509
1663
407
1932
414
530
1272
1955
413
1796
2595
2101
2245
464
506
1519
412
417
1246
552
1496
553
1866
527
832
2192
2273
2277
418
1583
525
1257
2165
423
485
633
2171
444
646
1269
432
772
524
527
1458
1776
432
451
1204
550
1052
543
546
1553
500
655
1302
443
1188
641
798
1987
1969
480
574
507
575
481
576
2630
482
2352
2614
455
867
750
1247
440
447
965
449
984
453
2415
471
729
2597
2203
756
2122
452
454
1337
467
533
725
451
1240
459
750
1324
1448
463
867
1669
465
1084
467
589
456
1793
1081
538
1579
721
1545
2154
460
1781
1436
597
598
2118
743
1549
955
1440
561
657
494
582
1611
750
856
555
849
1029
605
656
549
857
505
551
858
574
576
2631
575
504
684
733
488
788
1657
743
1698
684
1983
1986
501
495
496
693
2169
2247
491
1442
515
1925
487
519
833
1815
622
1038
491
492
1648
513
593
622
1594
1472
531
560
1122
635
1637
497
499
613
1927
706
2232
2283
1928
2441
1962
2125
502
1924
2412
771
1285
516
1399
2299
832
1721
515
630
553
967
1057
537
568
2105
526
721
595
606
565
900
570
862
1446
1830
643
959
575
666
588
1369
631
2425
632
2163
536
545
1327
1318
2139
784
1057
543
1045
564
820
1052
647
2424
2634
554
2361
2618
552
1254
705
2342
561
730
1733
606
2184
2223
645
680
1182
559
1523
788
793
645
669
566
1145
2528
855
2010
2413
2418
664
2569
1506
591
2075
546
1045
1525
592
717
1253
565
672
1128
631
2203
632
1661
1763
569
703
2081
2112
584
590
654
664
2398
2629
1050
1980
582
1322
647
2635
1554
977
2085
2593
663
710
1749
592
1249
1004
2058
591
2201
654
2489
1959
2026
583
1143
1794
584
673
2584
607
711
1051
2598
596
1031
2076
2206
2272
580
694
777
615
738
675
2168
1574
636
909
687
593
653
1668
646
938
2117
594
658
707
660
806
606
703
851
1731
2039
1543
644
1752
650
2123
629
628
611
2512
2295
670
857
2439
1214
2101
671
858
2281
608
637
1470
2094
677
1141
758
1686
2511
673
2355
650
2181
2407
778
1573
1670
638
907
623
781
1147
1080
2083
2189
1382
2354
2616
631
729
621
623
2372
2419
2642
793
652
2572
649
773
1315
744
952
637
649
1426
671
2261
670
2478
633
666
2275
1009
642
1743
2452
711
1054
651
1213
1677
708
869
658
749
942
732
1959
2182
2214
692
908
713
911
669
680
2015
2018
2448
685
686
1123
1901
843
998
685
2471
793
2201
2469
745
1102
1270
674
2185
1966
813
825
775
1750
915
2081
736
2049
2204
1796
2341
668
674
894
2146
823
683
816
1691
884
2579
1308
735
889
851
730
696
865
719
731
1132
737
933
931
1126
1207
1010
2169
803
688
914
1130
1747
2121
1936
2536
2209
2366
2585
2364
2587
1463
2420
699
1023
1651
1731
2158
708
709
1597
740
1086
2485
2570
2353
2358
1063
1832
780
804
766
2033
1712
2130
2199
779
836
749
767
1869
720
877
2411
718
876
913
1155
1967
2638
802
954
761
2280
712
803
801
755
1064
1261
2592
1150
880
942
777
907
762
882
973
877
786
800
971
1471
1736
740
1572
751
854
760
896
1796
794
1191
748
919
2465
1816
2020
2110
2563
2562
747
871
922
785
1040
1041
2596
1923
822
1374
833
862
863
2012
807
893
1124
834
975
1143
2078
763
1216
919
2463
766
1091
2397
807
1775
2092
2217
763
810
1179
1731
762
2497
2064
759
889
1211
760
1193
754
1375
1953
790
1108
977
1068
769
853
1363
755
928
869
825
1444
897
998
1692
791
1033
796
975
817
809
1067
1115
792
809
1372
769
947
1342
1483
961
1350
775
922
1160
1462
933
963
1136
958
1747
795
1072
819
1320
796
835
920
1193
805
844
1751
874
2055
801
903
796
840
1284
2475
819
1041
1218
821
969
2134
832
1198
1208
1095
1212
806
1556
1853
2046
859
974
1201
1095
1109
1461
1895
804
1104
1483
828
1204
818
1005
1015
934
945
805
841
2468
960
1109
830
1047
2331
1745
835
1181
1175
1743
860
1669
1059
1561
840
865
878
891
1851
2097
824
1880
875
1139
1233
1007
1162
2193
1191
1636
848
1653
841
1546
1882
1777
838
864
881
1108
956
1888
1444
2152
1464
886
989
1012
853
863
1439
939
1114
1482
1527
2020
907
1023
953
1603
2500
1175
1028
1097
1768
915
1034
901
910
934
935
1516
920
975
1161
1211
1575
987
1003
1280
969
990
845
1916
901
945
902
914
2143
2401
877
932
915
1276
861
866
1380
904
2004
2640
1357
886
948
899
999
1781
2221
1214
1240
1484
1972
2141
1402
1986
990
1011
888
2153
1617
906
1070
1460
919
1375
2356
2482
896
2063
994
1115
1457
878
1007
1392
2464
1062
1079
1086
1101
1671
906
1292
1005
1575
931
1642
2008
1690
2130
1014
2325
908
2344
2347
1090
939
1083
1279
1189
2239
900
1087
1352
1456
1780
1834
937
960
1116
1103
1460
1912
1958
943
995
1136
2310
990
1172
1096
1223
1847
966
1306
1038
1378
1215
1508
1597
1345
1501
921
957
2348
951
969
2078
1818
2343
1023
950
1035
1174
1135
1230
1049
1963
1971
996
1044
1254
927
1317
2522
2005
924
1826
1945
985
1071
955
1018
976
1019
1373
951
1024
1086
953
2527
1697
2409
1160
1744
1750
941
971
2330
1598
1405
1266
1859
1383
1410
1243
1344
2083
971
1511
981
1186
1419
978
1754
1834
1212
2371
961
979
1802
960
1032
1146
1490
992
1557
1817
1087
1281
1032
1109
1059
1129
1566
1094
1111
1370
1092
1463
1321
1197
1284
1270
1009
1127
1012
1526
2225
2124
968
1063
1448
2064
970
1216
977
1088
1106
1105
1204
1027
1065
987
1272
1005
1013
995
1129
982
1154
1377
2384
2517
1010
1365
1707
1874
1000
1601
1019
1056
1106
1250
1119
1168
1001
1445
1956
2008
993
1792
1042
1018
1068
1088
1335
1083
1085
1307
1032
1258
1042
1148
2474
1517
2129
1105
1120
1002
1783
1739
1058
1417
1110
1229
2524
1823
1016
1030
1780
1004
1054
1390
1044
1267
1174
1100
1151
1222
1478
1065
1162
1194
1072
1060
1383
1431
1081
1620
1654
1293
2580
1654
1727
1027
1131
1264
1300
1912
2098
1515
1191
1936
1609
1726
2571
1203
1300
1401
1416
2124
1048
1056
1373
1076
1184
2427
1037
1161
1804
1316
2147
1187
1531
1777
1453
1736
1508
1725
1050
1306
2264
1112
1190
1616
1593
1610
2483
1144
1608
1814
1510
1076
1209
1239
1272
1435
1076
1139
1228
1425
2544
1093
1469
1761
2137
1131
1266
1491
1494
1178
1199
1208
1141
1492
1846
1569
1590
1061
1224
1216
1441
1133
1283
1073
1228
1484
1697
1937
1443
1171
1209
1228
1795
1894
1270
1075
1121
1242
1423
1489
1485
1582
1419
1089
1330
1124
1353
1397
1260
1396
1490
1514
1987
1081
1090
1166
1722
2149
2152
1114
1149
1279
1536
1514
1991
1252
1275
1666
1746
1171
1180
1132
1104
2337
2385
2545
1117
1163
1112
1131
1835
1196
1287
1128
1806
1100
1287
1323
1206
1455
2556
1153
1416
1497
1202
1353
1423
1636
1114
2074
1304
1391
1134
1509
2428
1297
1338
1466
1121
1237
1259
1141
1555
1652
1180
1427
1203
1387
1397
1225
1234
1149
1360
1456
1197
2365
1572
1322
1327
1522
2011
2013
1481
1678
1965
1905
1285
1875
1247
1251
1403
1598
1835
1387
1401
1569
1206
1235
1205
1236
1245
1528
1163
1217
1339
1336
1495
1586
2035
1233
1722
1263
2523
1652
1660
1197
1212
1798
1170
1563
1611
1243
1475
1669
1969
1202
1442
1174
1297
1156
1501
1535
2396
1399
1465
2052
2502
2077
2357
2036
1829
1306
1227
1220
1424
1426
1298
1310
2119
1178
1330
1336
1407
1467
1192
1544
1223
1244
1301
1210
1434
1362
1431
1734
1248
1264
1958
1773
1225
1268
1290
2038
2077
1329
1457
1612
1339
1182
1745
1916
1217
1226
1273
1528
2426
1291
1454
1269
1650
2037
2445
1250
1621
1521
1618
1443
1640
1304
1313
1369
1478
2046
1299
1368
1983
1274
1301
1200
1218
1200
1303
1286
1487
1570
1475
2079
1238
1340
1541
1450
1537
1722
1813
1252
1282
1616
1314
1674
1445
2565
1673
1309
1564
1839
2114
1529
1677
1238
1623
1624
1277
1344
1830
1246
1257
2117
1348
1562
1255
1571
1664
2541
1497
1665
1251
1260
1311
1256
1260
1267
1649
1313
1404
1249
1253
1552
1559
1303
1352
1336
1605
2558
1448
1244
1363
1376
1311
1346
2144
1357
1623
1633
1254
1568
1366
1476
2501
1667
1417
1279
1437
1469
1491
1280
1398
1332
1526
1660
1346
1348
1777
1356
1398
1406
1379
2039
1592
1303
1329
1348
1685
1417
1404
1408
2227
1325
1335
1305
1329
1323
1513
1331
1343
1718
1725
1323
1351
1288
1299
1335
1288
1286
1309
1331
1389
1332
1395
1425
1630
1352
1547
1356
1296
1351
1408
1296
2180
1452
1729
2345
1479
1603
1735
2373
1488
1536
1589
1344
1499
1318
1393
1421
1805
1359
1475
2162
1454
1330
1339
1358
1488
1558
1714
1320
1326
1354
1451
1315
1376
1426
1433
1823
1858
1333
1709
1718
1600
1319
1341
2194
1342
1600
1766
1637
1432
1421
1955
1343
1388
1679
1355
1385
2251
1347
1435
1342
1363
1384
1385
1866
1554
1694
1466
1503
1495
1641
1400
2255
1358
1535
2387
1588
1388
1394
1379
1452
1895
1620
1825
1500
1688
1371
1381
1361
2183
1368
2012
1381
1376
1424
1472
1594
1400
1932
1427
1707
2414
2564
2644
1587
1602
1683
1737
1709
1738
2042
1412
1653
2197
2457
1393
1595
1768
1894
1427
1568
1604
2332
1538
1545
1751
1789
1618
1940
1415
1881
1785
1430
2177
1763
1413
1559
1683
1572
2202
1465
1468
1637
1655
1544
1742
2267
2263
1468
2205
1447
1473
1398
1771
2159
1438
1757
1773
1811
1447
1451
1505
1815
1474
1701
1624
1705
1477
1422
1430
1661
1596
2383
1420
1422
2175
1474
1986
1476
1699
1499
1503
2155
1539
1591
1770
1428
1433
1454
1481
1532
2246
1990
1496
1950
1513
2540
1452
1461
1507
1553
1643
2248
1837
1436
1617
1459
1465
1472
1523
1625
1534
1541
1468
2209
1462
1474
2009
2225
1599
1602
1547
2107
2018
1570
1540
2138
1498
1450
1619
1646
1642
1580
1470
1518
1528
1649
1771
1856
1706
1728
1493
1505
1729
1493
1666
2136
1524
1720
1877
1685
1901
1518
1534
1523
1574
1581
1529
1533
1657
2582
1703
1711
1536
1537
1619
1799
2477
1553
1584
1634
1587
1626
1539
2228
2458
2006
1563
1599
1607
1686
1703
1706
2174
1577
1740
1530
1567
1545
1513
1529
2641
2346
2349
2625
1647
1512
1532
1584
1533
1583
1584
1659
1700
2061
1605
1786
1582
1919
1935
2403
1717
2178
1793
1758
1864
2222
1738
1791
1885
1607
1841
1530
1550
1884
1845
2220
1655
1705
1640
1645
1643
1679
1976
1651
1662
1580
1635
1681
1577
1687
1548
2000
1570
1576
1632
1724
1811
1672
1662
1668
2158
1724
1749
1650
1978
2363
1648
1608
1814
1619
1651
1562
1673
1613
1656
1948
1656
1699
1801
1593
1935
1704
1750
1897
2127
1579
1728
1641
1578
1778
2247
1797
1848
1588
1867
1693
2210
1629
1952
2375
1741
1848
1574
1860
1685
1673
1867
1604
1646
1745
1626
1583
1659
2190
1694
1588
1592
1933
1842
1647
1698
2229
1720
2150
1820
1678
1713
1728
1812
1595
1857
1843
1918
1792
1710
2257
1984
1970
1915
2165
1635
1702
1631
1849
1642
1838
1689
1765
2429
1715
1672
1821
1873
1952
1989
1860
1756
1797
1756
1767
1818
2486
2588
1668
1724
2053
1671
1776
2447
1968
1711
1822
1909
2002
2406
1890
1627
1626
1808
1655
1783
1703
1752
1966
1748
1733
1801
1708
1883
1713
1863
1656
1719
1659
1717
1862
1723
2052
2089
1679
1705
1877
2075
1908
1870
1730
1809
1823
1647
1847
1672
1790
1913
1815
1903
1671
1689
1782
1800
1942
1866
2110
1801
1812
1786
1946
1757
1810
1701
1868
2035
2221
1794
1878
1689
1934
2567
1941
2059
1687
1992
1852
1947
2026
1682
2573
1922
2473
1975
1702
1926
2560
1687
1887
2104
1880
2135
1784
1730
1759
1721
1812
1941
2400
2637
2360
2399
2621
2382
1939
1778
1819
1771
1765
1861
1891
1714
1813
1820
1788
1831
2206
1999
1962
2162
1907
1752
1721
1839
1803
1828
2112
2245
1982
1756
1856
1900
1784
2315
1906
1727
1889
1978
1743
1774
1778
1954
2252
1762
1759
1787
1755
1799
2093
1762
1923
1981
1920
1997
1855
1896
1827
1943
1931
2525
1861
1899
2049
2072
2133
2029
1977
2362
1769
1800
1934
1765
1782
1904
2082
1872
1874
2057
1902
1791
1817
1848
1910
2223
1875
1932
1803
1810
1960
1849
1852
1897
1911
2017
1886
2386
1855
1782
1787
1988
1840
1851
1893
1871
1957
1808
1910
1944
1963
2145
2154
1890
1886
2320
2048
1865
1914
1929
1818
2487
1931
2166
1827
2015
1868
2232
2268
1911
1835
1919
1921
1865
1864
1920
2115
1891
1951
1843
1872
1853
1891
1897
1948
2047
1820
1825
1949
1896
1977
1838
1885
2095
2151
1911
1870
1900
2488
2589
1824
1868
1878
1953
1858
1976
2028
1938
1896
2132
1974
2023
2012
1917
2238
2021
2125
1957
1994
2032
1988
1899
1961
2301
1865
1886
1979
1915
1853
1965
1846
2009
1921
2011
2014
1863
1892
2276
2034
2339
2250
1904
1972
2002
2131
1902
2113
1985
2031
2171
1890
1863
1917
1869
2182
2459
1884
1993
1922
1926
2157
1884
1878
1877
2333
2513
1960
1898
2367
1979
1975
1946
2030
2417
2059
2446
2359
1885
1901
1915
2094
1950
2214
1992
1898
1903
1907
1949
2088
2027
2093
2068
2045
1954
1988
1996
1947
1943
1997
2022
2041
2056
1975
2121
1998
2031
2188
2079
1918
2003
1981
2211
2006
2233
1944
1970
2198
2054
2491
1958
1936
1969
2492
2065
2351
1982
2249
1957
2381
2402
2538
1939
2071
2410
2376
1984
1994
1981
2167
1948
1985
1998
2003
2043
2237
1989
2066
2069
2106
2151
1968
2173
1974
1993
1995
1999
2208
2044
2019
2378
2113
2024
1993
2286
2120
2003
2002
2030
2084
1977
1999
2050
2322
1996
2011
2043
2091
1998
1990
2044
2200
2300
2043
2444
2048
2177
2022
2007
2073
2340
2060
2243
2007
2060
2185
2056
2494
2029
2187
2099
2224
2013
2108
2143
2170
2278
2040
2499
2017
2023
2015
2207
2422
2259
2183
2054
2024
2071
2133
2150
2174
2070
2149
2033
2108
2120
2254
2270
2102
2029
2262
2095
2070
2288
2091
2098
2519
2073
2217
2323
2235
2334
2074
2045
2069
2145
2368
2051
2093
2065
2061
2234
2129
2147
2139
2303
2107
2071
2109
2096
2074
2089
2639
2350
2623
2421
2110
2138
2082
2065
2388
2282
2096
2116
2175
2314
2196
2073
2076
2194
2066
2125
2305
2068
2103
2472
2099
2307
2242
2098
2186
2105
2264
2226
2128
2086
2115
2161
2132
2140
2180
2106
2111
2210
2127
2129
2137
2156
2253
2097
2099
2379
2187
2213
2262
2216
2244
2423
2114
2138
2106
2103
2293
2297
2178
2109
2115
2145
2159
2164
2107
2140
2127
2116
2131
2161
2165
2157
2230
2256
2265
2139
2202
2148
2174
2136
2170
2215
2197
2142
2211
2249
2146
2159
2148
2176
2171
2258
2222
2226
2152
2199
2219
2216
2151
2172
2176
2220
2239
2219
2162
2189
2212
2161
2230
2208
2172
2195
2155
2229
2204
2226
2191
2201
2167
2211
2231
2274
2277
2196
2212
2227
2266
2237
2233
2190
2227
2218
2182
2228
2248
2191
2251
2246
2192
2232
2289
2230
2215
2256
2255
2188
2213
2212
2204
2216
2243
2243
2199
2245
2198
2284
2264
2267
2263
2231
2236
2214
2218
2202
2205
2210
2207
2263
2209
2269
2257
2306
2234
2224
2240
2229
2253
2253
2236
2258
2369
2239
2276
2241
2240
2244
2237
2272
2260
2244
2254
2270
2297
2250
2260
2252
2259
2260
2304
2292
2269
2269
2265
2296
2294
2302
2278
2416
2272
2284
2288
2291
2286
2298
2308
2295
2279
2284
2279
2329
2287
2282
2296
2299
2285
2285
2290
2300
2288
2297
2290
2295
2293
2300
2294
2321
2298
2555
2308
2299
2302
2308
2303
2304
2307
2306
2307
2310
2539
2535
2410
2540
2319
2440
2598
2381
2612
2337
2547
2343
2389
2588
2355
2390
2584
2365
2391
2585
2519
2557
2383
2568
2383
2396
2590
2397
2591
2398
2551
2628
2398
2401
2552
2400
2553
2636
2399
2554
2620
2401
2403
2479
2577
2409
2503
2423
2449
2423
2518
2424
2425
2498
2446
2632
2447
2526
2447
2404
2529
2448
2577
2459
2452
2452
2453
2457
2458
2455
2453
2454
2467
2463
2460
2467
2465
2460
2464
2466
2466
2470
2468
2468
2469
2470
2471
2472
2472
2459
2517
2523
2474
2543
2475
2477
2548
2476
2515
2483
2483
2559
2408
2582
2591
2590
2418
2494
2494
2566
2497
2497
2568
2499
2499
2485
2486
2488
2502
2633
2511
2512
2427
2607
2608
2513
2481
2438
2592
2426
2547
2519
2522
2603
2438
2535
2536
2537
2537
2539
2538
2541
2557
2542
2542
2545
2517
2556
2558
2558
2560
2433
2563
2432
2562
2554
2553
2435
2564
2551
2437
2565
2552
2566
2597
2504
2570
2507
2569
2627
2505
2572
2626
2506
2571
2508
2573
2510
2451
2464
2461
2622
2456
2456
2624
2461
2530
2617
2463
2465
2615
2531
2619
2534
2532
2533
2514
2481
2593
2515
2543
2524
2536
2559
2610
2486
2487
2586
2496
2491
2492
2581
2495
2493
2583
2603
2532
2574
2531
2575
2608
2520
2548
2521
2529
2610
2530
2507
2533
2531
2532
2534
2546
2597
2540
2594
2525
2545
2526
2546
2549
2607
2550
2608
2561
2549
2550
2595
2645
2643
2604
2576
2596
2578
2606
2590
2591
2599
2600
2601
2602
2605
2578
2613
2609
2603
2596
2602
2601
2599
2600
2612
2576
2574
2575
2579
2589
2605
2581
2581
2583
2583
2586
2587
2612
2609
2604
2611
2613
2607
2611
2615
2617
2619
2621
2623
2625
2627
2629
2631
2633
2635
2637
2639
2641
2643
2645
)


// ************************************************************************* //
