/*--------------------------------*- C++ -*----------------------------------*\
  =========                 |
  \\      /  F ield         | OpenFOAM: The Open Source CFD Toolbox
   \\    /    O peration     |
    \\  /    A nd           |
     \\/     M anipulation  |
\*---------------------------------------------------------------------------*/
FoamFile
{
    format      ascii;
    class       volScalarField;
    location    "0";
    object      phi;
}

// 第三题第一个三角形算例的未知量：phi(x,y,t)。
//
// 对应初始条件：
//
//     phi(x,y,0) = sin(2*pi*(x+y))
//
// 这是非结构化三角形网格。800 个 internalField 数值按
// constant/C 中真实 OpenFOAM 单元中心逐个计算，不按数组 i,j 假定网格排序。
// Allrun 的顺序是：Gmsh 生成网格 -> gmshToFoam -> 写 cell centres ->
// scripts/prepare_case.py 读取 constant/C -> 写入本文件。
dimensions      [0 0 0 0 0 0 0];

internalField   nonuniform List<scalar>
800
(
    2.0791169081755451e-01
    4.0673664307656548e-01
    5.8778525229348977e-01
    5.8778525229399792e-01
    7.4314482547851535e-01
    8.6602540378642823e-01
    9.5105651629573607e-01
    9.5105651629651267e-01
    9.9452189536917091e-01
    9.9452189536785740e-01
    9.5105651629262955e-01
    9.5105651629379440e-01
    8.6602540378014503e-01
    7.4314482547052729e-01
    5.8778525228586465e-01
    5.8778525228383161e-01
    4.0673664306795548e-01
    2.0791169080710645e-01
    -8.7963966040301261e-12
    -1.0681111210633792e-11
    -2.0791169083230443e-01
    -4.0673664308574947e-01
    -5.8778525229958989e-01
    -5.8778525230111467e-01
    -7.4314482548313976e-01
    -8.6602540378674231e-01
    -9.5105651629787180e-01
    -9.5105651629651267e-01
    -9.9452189536851410e-01
    -9.9452189536779179e-01
    -9.5105651629437693e-01
    -9.5105651629573607e-01
    -8.6602540378328663e-01
    -7.4314482547851546e-01
    -5.8778525229552281e-01
    -5.8778525229399803e-01
    -4.0673664307943519e-01
    -2.0791169081878413e-01
    3.1412421411195134e-12
    -1.8849595359634953e-12
    5.8778525229196488e-01
    5.8778525229298140e-01
    7.4314482547809491e-01
    8.6602540378485759e-01
    9.5105651629554189e-01
    9.5105651629631849e-01
    9.9452189536844848e-01
    9.9452189536785740e-01
    9.5105651629457122e-01
    9.5105651629398869e-01
    8.6602540378045945e-01
    7.4314482547473137e-01
    5.8778525228586509e-01
    5.8778525228383194e-01
    4.0673664306795548e-01
    2.0791169080710645e-01
    -8.7963966040301261e-12
    -1.0681111210633792e-11
    -2.0791169082615876e-01
    -4.0673664308574947e-01
    -5.8778525229958922e-01
    -5.8778525230162271e-01
    -7.4314482548356053e-01
    -8.6602540379019821e-01
    -9.5105651629806587e-01
    -9.5105651629670673e-01
    -9.9452189536857982e-01
    -9.9452189536772595e-01
    -9.5105651629418286e-01
    -9.5105651629360044e-01
    -8.6602540378297266e-01
    -7.4314482547767446e-01
    -5.8778525228942302e-01
    -5.8778525229298129e-01
    -4.0673664307828789e-01
    -2.0791169081816904e-01
    -2.5129016786914838e-12
    -6.2907525050751819e-13
    2.0791169082124142e-01
    4.0673664307599117e-01
    7.4314482547473160e-01
    8.6602540378360082e-01
    9.5105651629495935e-01
    9.5105651629631849e-01
    9.9452189536871116e-01
    9.9452189536805446e-01
    9.5105651629515364e-01
    9.5105651629321186e-01
    8.6602540378234416e-01
    7.4314482547599281e-01
    5.8778525228739020e-01
    5.8778525228739020e-01
    4.0673664306623375e-01
    2.0791169081571118e-01
    -6.2828516762787709e-12
    -1.2566713995657158e-11
    -2.0791169082800229e-01
    -4.0673664308345364e-01
    -5.8778525229755607e-01
    -5.8778525230263978e-01
    -7.4314482548440119e-01
    -8.6602540379176896e-01
    -9.5105651629903687e-01
    -9.5105651629903687e-01
    -9.9452189536936797e-01
    -9.9452189536739766e-01
    -9.5105651629321208e-01
    -9.5105651629321208e-01
    -8.6602540378234472e-01
    -7.4314482547178906e-01
    -5.8778525228739031e-01
    -5.8778525229247336e-01
    -4.0673664307197360e-01
    -2.0791169081571129e-01
    -2.4492935982947064e-16
    -2.4492935982947064e-16
    2.0791169081571170e-01
    4.0673664307771296e-01
    5.8778525229755596e-01
    5.8778525229247358e-01
    9.5105651629457111e-01
    9.5105651629398857e-01
    9.9452189536798874e-01
    9.9452189536831714e-01
    9.5105651629515364e-01
    9.5105651629515364e-01
    8.6602540378548587e-01
    7.4314482547599281e-01
    5.8778525229247325e-01
    5.8778525228739020e-01
    4.0673664307197349e-01
    2.0791169081571076e-01
    -6.2828516762787709e-12
    -6.2828516762787709e-12
    -2.0791169082800229e-01
    -4.0673664307771307e-01
    -5.8778525229755607e-01
    -5.8778525230263978e-01
    -7.4314482548440119e-01
    -8.6602540378862747e-01
    -9.5105651629903687e-01
    -9.5105651629903687e-01
    -9.9452189536936797e-01
    -9.9452189536739766e-01
    -9.5105651629127053e-01
    -9.5105651629321208e-01
    -8.6602540378234427e-01
    -7.4314482547178851e-01
    -5.8778525228739031e-01
    -5.8778525228739031e-01
    -4.0673664307197360e-01
    -2.0791169081571043e-01
    -2.4492935982947064e-16
    -2.4492935982947064e-16
    2.0791169081570995e-01
    4.0673664307771296e-01
    5.8778525229247358e-01
    5.8778525229247214e-01
    7.4314482548019645e-01
    8.6602540378548598e-01
    9.9452189536785740e-01
    9.9452189536844848e-01
    9.5105651629554200e-01
    9.5105651629593013e-01
    8.6602540378548565e-01
    7.4314482547599281e-01
    5.8778525229247325e-01
    5.8778525229247325e-01
    4.0673664307771368e-01
    2.0791169081571118e-01
    1.2246467991473532e-16
    -6.2828516762787709e-12
    -2.0791169082800229e-01
    -4.0673664307771307e-01
    -5.8778525229755607e-01
    -5.8778525229755607e-01
    -7.4314482548440119e-01
    -8.6602540378548598e-01
    -9.5105651629903687e-01
    -9.5105651629903687e-01
    -9.9452189536936797e-01
    -9.9452189536739766e-01
    -9.5105651629127053e-01
    -9.5105651629321208e-01
    -8.6602540378234472e-01
    -7.4314482547178906e-01
    -5.8778525228739031e-01
    -5.8778525228739031e-01
    -4.0673664307197444e-01
    -2.0791169080956562e-01
    6.2836173900185569e-12
    -2.4492935982947064e-16
    2.0791169081570995e-01
    4.0673664307771296e-01
    5.8778525229247358e-01
    5.8778525229247358e-01
    7.4314482547599292e-01
    8.6602540378548598e-01
    9.5105651629709531e-01
    9.5105651629709531e-01
    9.5105651629573607e-01
    9.5105651629631860e-01
    8.6602540378611426e-01
    7.4314482547809491e-01
    5.8778525229247325e-01
    5.8778525229247325e-01
    4.0673664307771412e-01
    2.0791169081571118e-01
    1.2246467991473532e-16
    1.2246467991473532e-16
    -2.0791169081571007e-01
    -4.0673664307771307e-01
    -5.8778525229247303e-01
    -5.8778525229755607e-01
    -7.4314482548440119e-01
    -8.6602540378548598e-01
    -9.5105651629709531e-01
    -9.5105651629709531e-01
    -9.9452189536936797e-01
    -9.9452189536739766e-01
    -9.5105651629127053e-01
    -9.5105651629321208e-01
    -8.6602540377920278e-01
    -7.4314482547178906e-01
    -5.8778525228739031e-01
    -5.8778525228739031e-01
    -4.0673664307197360e-01
    -2.0791169080956476e-01
    6.2836173900185569e-12
    -2.4492935982947064e-16
    2.0791169082185651e-01
    4.0673664307771296e-01
    5.8778525229247358e-01
    5.8778525229247358e-01
    7.4314482548019645e-01
    8.6602540378548598e-01
    9.5105651629515375e-01
    9.5105651629709476e-01
    9.9452189536936797e-01
    9.9452189536805435e-01
    8.6602540378642823e-01
    7.4314482547851535e-01
    5.8778525229348955e-01
    5.8778525229501477e-01
    4.0673664307771368e-01
    2.0791169081571076e-01
    1.2246467991473532e-16
    1.2246467991473532e-16
    -2.0791169081571095e-01
    -4.0673664307771390e-01
    -5.8778525229247336e-01
    -5.8778525229247336e-01
    -7.4314482548019711e-01
    -8.6602540378548598e-01
    -9.5105651629515353e-01
    -9.5105651629709531e-01
    -9.9452189536936797e-01
    -9.9452189536805446e-01
    -9.5105651629127053e-01
    -9.5105651629321208e-01
    -8.6602540377920278e-01
    -7.4314482547178851e-01
    -5.8778525228739031e-01
    -5.8778525228739031e-01
    -4.0673664307197444e-01
    -2.0791169080956562e-01
    6.2836173900185569e-12
    6.2836173900185569e-12
    2.0791169082185651e-01
    4.0673664307771296e-01
    5.8778525229755596e-01
    5.8778525229755596e-01
    7.4314482548019645e-01
    8.6602540378548598e-01
    9.5105651629515353e-01
    9.5105651629709531e-01
    9.9452189536871116e-01
    9.9452189536739766e-01
    9.5105651629127053e-01
    9.5105651629321208e-01
    5.8778525229908141e-01
    5.8778525229552314e-01
    4.0673664307886181e-01
    2.0791169081878358e-01
    1.2246467991473532e-16
    1.2246467991473532e-16
    -2.0791169081571095e-01
    -4.0673664307771390e-01
    -5.8778525229247303e-01
    -5.8778525229247303e-01
    -7.4314482547599270e-01
    -8.6602540378548598e-01
    -9.5105651629515353e-01
    -9.5105651629709531e-01
    -9.9452189536871116e-01
    -9.9452189536805446e-01
    -9.5105651629515364e-01
    -9.5105651629321208e-01
    -8.6602540378234427e-01
    -7.4314482547178851e-01
    -5.8778525228739031e-01
    -5.8778525228739031e-01
    -4.0673664307197360e-01
    -2.0791169080956562e-01
    6.2836173900185569e-12
    6.2836173900185569e-12
    2.0791169082185651e-01
    4.0673664308345353e-01
    5.8778525229755596e-01
    5.8778525229755596e-01
    7.4314482548440108e-01
    8.6602540378548598e-01
    9.5105651629515353e-01
    9.5105651629709531e-01
    9.9452189536871116e-01
    9.9452189536739766e-01
    9.5105651629321153e-01
    9.5105651629321208e-01
    8.6602540377920334e-01
    7.4314482547178851e-01
    4.0673664307943547e-01
    2.0791169082554392e-01
    7.5398690695142773e-12
    3.1416095351592575e-12
    -2.0791169081571095e-01
    -4.0673664307771307e-01
    -5.8778525229247303e-01
    -5.8778525229247303e-01
    -7.4314482547599270e-01
    -8.6602540378548598e-01
    -9.5105651629515353e-01
    -9.5105651629515353e-01
    -9.9452189536805446e-01
    -9.9452189536805446e-01
    -9.5105651629515364e-01
    -9.5105651629321208e-01
    -8.6602540378234472e-01
    -7.4314482547599325e-01
    -5.8778525228739031e-01
    -5.8778525228739031e-01
    -4.0673664307197444e-01
    -2.0791169080956562e-01
    6.2836173900185569e-12
    6.2818410331791567e-12
    2.0791169082185651e-01
    4.0673664308345353e-01
    5.8778525229755596e-01
    5.8778525229755596e-01
    7.4314482548440108e-01
    8.6602540378548598e-01
    9.5105651629709531e-01
    9.5105651629709531e-01
    9.9452189536871116e-01
    9.9452189536739766e-01
    9.5105651629321208e-01
    9.5105651629321208e-01
    8.6602540378234394e-01
    7.4314482547178973e-01
    5.8778525228230594e-01
    5.8778525228739043e-01
    8.1678112122422658e-12
    3.7699957670970965e-12
    -2.0791169081448119e-01
    -4.0673664306852936e-01
    -5.8778525228738998e-01
    -5.8778525229247303e-01
    -7.4314482547599270e-01
    -8.6602540378548598e-01
    -9.5105651629515353e-01
    -9.5105651629515353e-01
    -9.9452189536805446e-01
    -9.9452189536805446e-01
    -9.5105651629515364e-01
    -9.5105651629321208e-01
    -8.6602540378234427e-01
    -7.4314482547599325e-01
    -5.8778525229247403e-01
    -5.8778525228739031e-01
    -4.0673664307197360e-01
    -2.0791169080956476e-01
    6.2836173900185569e-12
    6.2836173900185569e-12
    2.0791169082185651e-01
    4.0673664308345353e-01
    5.8778525229755596e-01
    5.8778525229755596e-01
    7.4314482548440108e-01
    8.6602540378548598e-01
    9.5105651629709531e-01
    9.5105651629709531e-01
    9.9452189536936797e-01
    9.9452189536739766e-01
    9.5105651629321208e-01
    9.5105651629321208e-01
    8.6602540378234394e-01
    7.4314482547178851e-01
    5.8778525228739043e-01
    5.8778525228739043e-01
    4.0673664306623314e-01
    2.0791169080956487e-01
    -2.0791169080772129e-01
    -4.0673664306852936e-01
    -5.8778525228586453e-01
    -5.8778525228942313e-01
    -7.4314482547599270e-01
    -8.6602540378234449e-01
    -9.5105651629515353e-01
    -9.5105651629321197e-01
    -9.9452189536805446e-01
    -9.9452189536805446e-01
    -9.5105651629515364e-01
    -9.5105651629515364e-01
    -8.6602540378548620e-01
    -7.4314482547599325e-01
    -5.8778525229247336e-01
    -5.8778525228739031e-01
    -4.0673664307197444e-01
    -2.0791169081571043e-01
    6.2836173900185569e-12
    6.2836173900185569e-12
    2.0791169082185651e-01
    4.0673664308345353e-01
    5.8778525229755663e-01
    5.8778525229247358e-01
    7.4314482548019645e-01
    8.6602540378548598e-01
    9.5105651629709531e-01
    9.5105651629709476e-01
    9.9452189536936797e-01
    9.9452189536805435e-01
    9.5105651629515364e-01
    9.5105651629321208e-01
    8.6602540378234394e-01
    7.4314482547178973e-01
    5.8778525228739043e-01
    5.8778525228739043e-01
    4.0673664307197294e-01
    2.0791169080956487e-01
    -1.2565580887877628e-11
    -1.2565580887877628e-11
    -5.8778525228586487e-01
    -5.8778525228942313e-01
    -7.4314482547473126e-01
    -8.6602540378045889e-01
    -9.5105651629515353e-01
    -9.5105651629321197e-01
    -9.9452189536805446e-01
    -9.9452189536871127e-01
    -9.5105651629515364e-01
    -9.5105651629709542e-01
    -8.6602540378548620e-01
    -7.4314482548019789e-01
    -5.8778525229247403e-01
    -5.8778525229755629e-01
    -4.0673664307197360e-01
    -2.0791169082185698e-01
    -2.4492935982947064e-16
    -2.4492935982947064e-16
    2.0791169082185651e-01
    4.0673664307197238e-01
    5.8778525229755596e-01
    5.8778525229247358e-01
    7.4314482548019756e-01
    8.6602540378548598e-01
    9.5105651629709476e-01
    9.5105651629515375e-01
    9.9452189536871116e-01
    9.9452189536805446e-01
    9.5105651629515420e-01
    9.5105651629321208e-01
    8.6602540378234394e-01
    7.4314482547599270e-01
    5.8778525229247336e-01
    5.8778525228739043e-01
    4.0673664307197294e-01
    2.0791169080956487e-01
    -6.2826067469189418e-12
    -6.2826067469189418e-12
    -2.0791169082800118e-01
    -4.0673664308345342e-01
    -7.4314482547473149e-01
    -8.6602540378014536e-01
    -9.5105651629457111e-01
    -9.5105651629398846e-01
    -9.9452189536805446e-01
    -9.9452189536871127e-01
    -9.5105651629515364e-01
    -9.5105651629709542e-01
    -8.6602540378548620e-01
    -7.4314482548019734e-01
    -5.8778525229247336e-01
    -5.8778525229755629e-01
    -4.0673664307771340e-01
    -2.0791169082185698e-01
    -2.4492935982947064e-16
    -2.4492935982947064e-16
    2.0791169082185651e-01
    4.0673664307197399e-01
    5.8778525229247358e-01
    5.8778525229247358e-01
    7.4314482548019645e-01
    8.6602540378548598e-01
    9.5105651629709531e-01
    9.5105651629515353e-01
    9.9452189536871116e-01
    9.9452189536805435e-01
    9.5105651629515364e-01
    9.5105651629515420e-01
    8.6602540378548631e-01
    7.4314482547599270e-01
    5.8778525229247336e-01
    5.8778525229247336e-01
    4.0673664307197455e-01
    2.0791169081571229e-01
    3.6739403974420594e-16
    -6.2826067469189418e-12
    -2.0791169082185551e-01
    -4.0673664307771201e-01
    -5.8778525229755585e-01
    -5.8778525229755585e-01
    -9.5105651629457111e-01
    -9.5105651629379462e-01
    -9.9452189536785729e-01
    -9.9452189536851421e-01
    -9.5105651629515364e-01
    -9.5105651629709520e-01
    -8.6602540378548576e-01
    -7.4314482548019789e-01
    -5.8778525229247403e-01
    -5.8778525229755629e-01
    -4.0673664307771340e-01
    -2.0791169082185698e-01
    -2.4492935982947064e-16
    -6.2823308918988149e-12
    2.0791169081571170e-01
    4.0673664307197238e-01
    5.8778525228738987e-01
    5.8778525229247358e-01
    7.4314482548019756e-01
    8.6602540378234405e-01
    9.5105651629321197e-01
    9.5105651629515375e-01
    9.9452189536805435e-01
    9.9452189536871127e-01
    9.5105651629515364e-01
    9.5105651629515364e-01
    8.6602540378548631e-01
    7.4314482547599270e-01
    5.8778525229247336e-01
    5.8778525229247336e-01
    4.0673664307771273e-01
    2.0791169081571054e-01
    3.6739403974420594e-16
    3.6739403974420594e-16
    -2.0791169081571156e-01
    -4.0673664307771201e-01
    -5.8778525229247280e-01
    -5.8778525229247280e-01
    -7.4314482548440042e-01
    -8.6602540378548587e-01
    -9.9452189536785729e-01
    -9.9452189536851410e-01
    -9.5105651629593013e-01
    -9.5105651629651278e-01
    -8.6602540378548620e-01
    -7.4314482548019734e-01
    -5.8778525229247336e-01
    -5.8778525229755629e-01
    -4.0673664307771423e-01
    -2.0791169082185698e-01
    -6.2841072487382151e-12
    -6.2841072487382151e-12
    2.0791169080956515e-01
    4.0673664307197399e-01
    5.8778525228738987e-01
    5.8778525228738987e-01
    7.4314482547178817e-01
    8.6602540378234405e-01
    9.5105651629321197e-01
    9.5105651629515353e-01
    9.9452189536805435e-01
    9.9452189536871127e-01
    9.5105651629709520e-01
    9.5105651629515420e-01
    8.6602540378548631e-01
    7.4314482548019678e-01
    5.8778525229755640e-01
    5.8778525229247336e-01
    4.0673664307771273e-01
    2.0791169082185623e-01
    3.6739403974420594e-16
    3.6739403974420594e-16
    -2.0791169081570984e-01
    -4.0673664307771201e-01
    -5.8778525229247280e-01
    -5.8778525229247280e-01
    -7.4314482547599214e-01
    -8.6602540378548587e-01
    -9.5105651629709442e-01
    -9.5105651629515342e-01
    -9.5105651629573607e-01
    -9.5105651629651278e-01
    -8.6602540378674253e-01
    -7.4314482547893623e-01
    -5.8778525229247336e-01
    -5.8778525229755629e-01
    -4.0673664307771340e-01
    -2.0791169082185698e-01
    -6.2832190703185150e-12
    -6.2832190703185150e-12
    2.0791169080956515e-01
    4.0673664307197399e-01
    5.8778525228738987e-01
    5.8778525228738987e-01
    7.4314482547178873e-01
    8.6602540378234405e-01
    9.5105651629321197e-01
    9.5105651629321197e-01
    9.9452189536739755e-01
    9.9452189536871127e-01
    9.5105651629709465e-01
    9.5105651629515364e-01
    8.6602540378548631e-01
    7.4314482548019678e-01
    5.8778525229755640e-01
    5.8778525229247336e-01
    4.0673664307771273e-01
    2.0791169082185623e-01
    6.2833415349984300e-12
    3.6739403974420594e-16
    -2.0791169081571156e-01
    -4.0673664307197388e-01
    -5.8778525228738976e-01
    -5.8778525229247280e-01
    -7.4314482547599214e-01
    -8.6602540378234349e-01
    -9.5105651629321186e-01
    -9.5105651629515342e-01
    -9.9452189536871105e-01
    -9.9452189536871116e-01
    -8.6602540378642856e-01
    -7.4314482547893623e-01
    -5.8778525229450684e-01
    -5.8778525229603229e-01
    -4.0673664307771423e-01
    -2.0791169082185698e-01
    -6.2841072487382151e-12
    -6.2841072487382151e-12
    2.0791169080956515e-01
    4.0673664307197238e-01
    5.8778525228738987e-01
    5.8778525228738987e-01
    7.4314482547178817e-01
    8.6602540378234405e-01
    9.5105651629321197e-01
    9.5105651629321197e-01
    9.9452189536739755e-01
    9.9452189536871127e-01
    9.5105651629709520e-01
    9.5105651629709520e-01
    8.6602540378862780e-01
    7.4314482548019678e-01
    5.8778525229755785e-01
    5.8778525229755785e-01
    4.0673664308345409e-01
    2.0791169082185623e-01
    6.2833415349984300e-12
    6.2833415349984300e-12
    -2.0791169080956415e-01
    -4.0673664307197227e-01
    -5.8778525228738976e-01
    -5.8778525228738976e-01
    -7.4314482547178806e-01
    -8.6602540378234349e-01
    -9.5105651629321186e-01
    -9.5105651629515398e-01
    -9.9452189536805446e-01
    -9.9452189536871116e-01
    -9.5105651629515431e-01
    -9.5105651629515375e-01
    -5.8778525229450684e-01
    -5.8778525229603162e-01
    -4.0673664308000962e-01
    -2.0791169082062766e-01
    -2.4492935982947064e-16
    -6.2832190703185150e-12
    2.0791169080956515e-01
    4.0673664307197399e-01
    5.8778525228738987e-01
    5.8778525228738987e-01
    7.4314482547178817e-01
    8.6602540378234405e-01
    9.5105651629321197e-01
    9.5105651629321197e-01
    9.9452189536739755e-01
    9.9452189536871127e-01
    9.5105651629709520e-01
    9.5105651629709520e-01
    8.6602540378862780e-01
    7.4314482548440097e-01
    5.8778525229755640e-01
    5.8778525229755640e-01
    4.0673664308345409e-01
    2.0791169082185623e-01
    6.2833415349984300e-12
    6.2833415349984300e-12
    -2.0791169080956415e-01
    -4.0673664307197227e-01
    -5.8778525228738976e-01
    -5.8778525228738976e-01
    -7.4314482547178928e-01
    -8.6602540378234349e-01
    -9.5105651629321186e-01
    -9.5105651629321186e-01
    -9.9452189536739755e-01
    -9.9452189536871116e-01
    -9.5105651629709476e-01
    -9.5105651629709520e-01
    -8.6602540378548631e-01
    -7.4314482548019689e-01
    -4.0673664308000962e-01
    -2.0791169082001346e-01
    -2.5137898571111839e-12
    -5.0264466064428378e-12
    2.0791169081571170e-01
    4.0673664307197238e-01
    5.8778525228738987e-01
    5.8778525228738987e-01
    7.4314482547178873e-01
    8.6602540378234405e-01
    9.5105651629321164e-01
    9.5105651629321197e-01
    9.9452189536739755e-01
    9.9452189536871127e-01
    9.5105651629709520e-01
    9.5105651629709465e-01
    8.6602540378862691e-01
    7.4314482548440097e-01
    5.8778525229755785e-01
    5.8778525230263945e-01
    4.0673664308345409e-01
    2.0791169082800365e-01
    6.2833415349984300e-12
    1.2566315675957116e-11
    -2.0791169080956415e-01
    -4.0673664307197227e-01
    -5.8778525228738976e-01
    -5.8778525228738976e-01
    -7.4314482547178928e-01
    -8.6602540378234349e-01
    -9.5105651629321186e-01
    -9.5105651629321186e-01
    -9.9452189536739755e-01
    -9.9452189536871116e-01
    -9.5105651629709520e-01
    -9.5105651629709476e-01
    -8.6602540378862691e-01
    -7.4314482548019811e-01
    -5.8778525229247347e-01
    -5.8778525229755652e-01
    -2.5137898571111839e-12
    1.8844696772438362e-12
    2.0791169081939700e-01
    4.0673664307312046e-01
    5.8778525228738987e-01
    5.8778525229247214e-01
    7.4314482547599292e-01
    8.6602540378234405e-01
    9.5105651629321197e-01
    9.5105651629515353e-01
    9.9452189536805435e-01
    9.9452189536871127e-01
    9.5105651629709520e-01
    9.5105651629515364e-01
    8.6602540378548631e-01
    7.4314482548440097e-01
    5.8778525229755640e-01
    5.8778525229755640e-01
    4.0673664307771273e-01
    2.0791169082800190e-01
    1.2566315675957116e-11
    6.2833415349984300e-12
    -2.0791169081570984e-01
    -4.0673664306623247e-01
    -5.8778525228738976e-01
    -5.8778525228738976e-01
    -7.4314482547599214e-01
    -8.6602540378234349e-01
    -9.5105651629321186e-01
    -9.5105651629515342e-01
    -9.9452189536805435e-01
    -9.9452189536871116e-01
    -9.5105651629709520e-01
    -9.5105651629515431e-01
    -8.6602540378548631e-01
    -7.4314482548019689e-01
    -5.8778525229755652e-01
    -5.8778525229247347e-01
    -4.0673664307197466e-01
    -2.0791169082185634e-01
);

boundaryField
{
    // xMin/xMax 和 yMin/yMax 是周期边界。cyclic patch 将两侧三角形
    // 边界面成对连接，使 fvc::div 和 fvc::laplacian 使用另一侧单元值。
    xMin { type cyclic; }
    xMax { type cyclic; }
    yMin { type cyclic; }
    yMax { type cyclic; }

    // zMin/zMax 是单层棱柱的二维 empty 面。
    zMin { type empty; }
    zMax { type empty; }
}
