/*--------------------------------*- C++ -*----------------------------------*\
  =========                 |
  \\      /  F ield         | OpenFOAM: The Open Source CFD Toolbox
   \\    /   O peration     | Website:  https://openfoam.org
    \\  /    A nd           | Version:  14
     \\/     M anipulation  |
\*---------------------------------------------------------------------------*/
FoamFile
{
    format      ascii;
    class       volScalarField;
    location    "73.999999999989";
    object      p;
}
// * * * * * * * * * * * * * * * * * * * * * * * * * * * * * * * * * * * * * //

dimensions      [0 2 -2 0 0 0 0];

internalField   nonuniform List<scalar> 
2646
(
-4.69953921555e-10
0.000177345283823
0.000362344493501
0.000644886053455
-0.000130452543794
0.0164180022779
0.00104886040489
-0.0127723637877
-0.00726704642561
-0.0211997185343
-0.0030939256094
-0.0102798722397
-0.0300956777648
-0.0169412576132
-0.0200576080183
0.00763731056244
-0.000307002391347
-0.000133089615858
-0.00629445567296
-0.00302273551451
-0.00250914212753
-0.00111854887234
-0.00194245936923
-0.00403503351078
0.00997890731594
0.00348744434569
-0.0090919176142
-0.00817528442584
-0.0160551032516
-0.00460770574076
-0.0023271011552
-0.000568075535231
0.000532408372337
0.0069187023006
0.0106138118153
0.00110868993737
-0.0103596106772
-0.0193595084598
-0.0336554588022
0.00120244044791
0.0140855159686
0.00881008136166
0.00694112837103
0.00655151978495
0.00735385987851
0.00710902120504
0.0075929563994
-0.00548803817898
0.00346997814706
-0.001877507908
-0.0137546502501
-0.0197510331491
-0.02165023357
-0.0210086219242
-6.45488028687e-05
0.00160635866466
-0.0113962166963
-0.0305074583464
-0.0303539208821
-0.0257060389973
-0.0158849884934
-0.0045518976513
-0.0320869527698
0.00123957264542
-0.0207504462486
0.00231793785906
-0.00699241257436
0.00159391906635
-0.00415320885147
-0.0024500175042
-0.0116524759461
-3.54369265639e-06
-0.00354383348028
0.00172914517488
-0.00538515646293
-0.0252827039119
0.000438120708852
0.00126283736087
0.00475280487237
-0.00394483622395
0.00112434862037
-0.00336144301349
-0.0205493997124
-0.0213229733104
-0.00728829971989
-0.00765676085654
-0.00275195102285
0.00843775369463
-0.0339421806744
-0.0264117545554
-0.0601298458839
-0.000776718507166
-0.0565601058813
-0.055405192097
-0.0598767277451
-0.0394936637968
-0.0263266367313
-0.057953796483
-0.00116871666583
-0.0454009956459
-0.00282689166632
-0.0418561661834
0.00284849493392
-0.0417792936758
-0.0688496310656
-0.0403120886738
0.0136208701461
-0.0518939762678
-0.010558420255
-0.0412719964726
-0.0248184217062
-0.00361055176577
0.00674154083462
0.0072524339497
0.0149205109903
0.00813865965445
-0.0194957878826
-0.0522285873356
-0.0613710098364
-0.0365292786258
-0.00664784531897
-0.0336280680313
-0.0157755579279
-0.00329551246701
-0.0169929229492
-0.000857751720505
0.000215402532002
0.0254553562989
-0.0334207921682
0.00348188567185
-0.053463910028
-0.0369872425521
-0.0570138592932
-0.063879473404
-0.0288156144397
0.00491820096186
0.000225884992862
-0.050087590239
-0.0415253646269
-0.048673032835
-0.0592588445431
-0.0442214145216
-0.0237464829077
-0.0577465948194
-0.00376861970431
-0.049327499457
0.00710496147078
-0.0608871355377
0.0177133798603
-0.0475970480403
-0.0236391508726
-0.0664598350538
-0.00673523367525
-0.0208817609017
-0.0112895598917
0.000175969013139
-0.0363781709702
0.0010805504768
-0.0129654729453
0.015664506813
0.0549849303161
0.00727217793859
-0.0198604261592
-0.0684326621823
-0.0513903078311
-0.0376559740804
-0.026976574053
0.228222686773
0.0619030833649
0.0684132271543
0.0534520721733
0.0564921612843
-0.0225466325441
-0.0271939526215
-0.00031026327981
-0.00193757344468
-0.00825299444793
-0.0138332056583
0.000476825004916
-0.000245273768103
-0.0180493781746
-8.73576710051e-05
-0.0139813594277
-0.00820806008637
0.00510807125996
0.000336572568148
0.0100538206461
0.00748587775239
-0.0314830918599
-0.021355627662
-0.00228655082167
-0.000798840787339
-0.0175666059419
-0.017698948984
8.05357730903e-05
0.000754111091277
-0.00199815002214
-0.01049141912
-0.009582402661
-0.0209476260976
-0.00812226222158
0.00360965949864
0.00450794218707
0.00489456384707
-0.0326174811361
-0.0098262283931
-0.000413345964405
-0.0623625904086
-9.6604125951e-05
0.00320324570682
0.00715110092375
-0.0684807174241
-0.0440419431303
-0.0625158613954
-0.0662591064972
-0.0293517071854
-0.000258880899519
-0.00197671698273
-0.00658791956059
-0.0550345681299
-0.0592434999194
-0.0387758349889
-0.0255359758109
-0.0407222216377
-0.0348251498292
-0.0108476045331
-0.0067745390127
-0.0161035359983
-0.00410283159039
-0.0404677639847
-0.0320834741472
-0.020182069502
-0.0697088552466
-0.0393086896972
-0.00115396606728
-0.0103893012299
-0.0438466440561
-0.0169473925436
-0.011318683549
-0.070902710663
-0.00790484165268
-0.0613678266024
-0.0704549107188
-0.00443282566474
-0.0029134177053
-0.0528797103574
-0.0504421888141
-0.0226771881597
-0.0241878898678
-0.0620183670179
-0.0620949452602
-0.0554211342123
-0.0769079168094
-0.0707620265675
-0.0532502199379
-0.0531085166403
-0.0444211761523
-0.0429197744594
-0.0695395353825
-0.0141209628839
-0.0134446823997
0.000392070221589
-0.0748381864025
-0.0736578243763
-0.0570724620239
-0.0486034256758
-0.0506627928875
-0.0702041907025
-0.0542883584671
-0.0757611494381
-0.0689147188219
-0.0599532407773
-0.0272468708981
0.000643551788401
-0.00872929726245
-0.0451277151896
-0.0669549453049
-0.064116339282
-0.0261290114939
-0.00161859854655
-0.0376547244092
-0.06172487578
-0.0343692288585
-0.0669606381817
-0.0395581024108
-0.0206013284857
-0.0157216351451
-0.0136292253148
-0.0111878257584
-0.0296389357098
-0.0629139475912
-0.0394932527434
-0.0433297593435
-0.0178828770087
-0.042262928313
-0.0125563084921
-0.0329524755457
-0.0497718378532
-0.0152420319584
-0.0666050015833
-0.0331116266181
0.000234967890252
0.00656549956226
-0.00515854034395
-0.00112727148354
-0.0342159655065
-0.0351508529228
0.00211301064027
-0.000366459924689
-0.00488693356091
-0.0389679123103
-0.01121139189
-0.0268146758543
-0.0665792610093
-0.0376376545173
-0.0354998475242
-0.0180960684965
-0.0349582629282
-0.0168465371538
-0.0342620899348
-0.0161431443593
-0.0172819954208
-0.0495982216648
-0.0417881277612
-0.0256338507454
-0.00103771970435
-0.00249361010508
0.00110679127053
-0.0549242043097
-0.0648256440485
-0.0690867561401
-0.0722128903721
-0.0290091747224
-0.0580239322429
-0.00943845613867
-0.0644143588237
-0.00757500029647
-0.0114904973004
-0.00630902450369
-0.0670186888608
-0.090159693496
-0.096106719992
-0.100596043264
-0.0238351837221
-0.0617579047914
-0.103673710722
-0.0322711943994
-0.0606336791052
-0.0994570373948
-0.0104917022217
-0.0771395198485
-0.0664481990921
-0.0454848918299
-0.105378557249
-0.0488658921207
-0.0981330281623
-0.0954822656958
-0.101870115626
-0.105731364833
-0.102082083747
-0.097798378301
-0.0986214423088
-0.0352793426449
-0.0325515784963
-0.0365025357185
-0.0984538428203
-0.0891582439927
-0.0660935777057
-0.0659669044652
-0.0467890596085
-0.0413579321995
-0.0954041614573
-0.0374267180245
-0.0408202765851
-0.0614975807286
-0.100169495917
-0.093202615529
-0.0592941751402
-0.0673313789175
-0.0915273983568
-0.102332440184
-0.0578517073514
-0.0577033815694
-0.101792922932
-0.0929324055762
-0.0695821100336
-0.0674595851725
-0.102973854458
-0.0384440529543
-0.0620800082909
-0.103290097297
0.00709091642989
-0.103516370557
-0.0414008615796
-0.0656530578042
-0.0283960155374
-0.0798590552319
-0.0417619441916
-0.0914690970508
-0.0882341165564
-0.10116351008
-0.0761297177665
-0.10248524437
-0.0481305564222
-0.100704333888
-0.0910116471923
-0.0966861939661
-0.0889357548036
0.00373441283982
-0.105488506215
-0.104453229369
-0.100446454286
-0.100565486672
0.00362254359463
-0.0965278599854
-0.101794120359
-0.0339076048247
-0.101425118959
-0.101085999933
-0.046290330084
-0.036894393448
-0.0599096187868
-0.00518639590305
-0.0403467683206
-0.100458902364
-0.102760376117
-0.0372591950223
-0.100135593324
-0.103372945814
-0.0226656372319
-0.0986182164227
-0.0846092640649
-0.0338051242865
-0.033404145204
-0.0361458362271
-0.0603762413856
-0.0657452107037
-0.0995748047198
-0.0965562983354
-0.0360036779231
-0.0394373878162
-0.0064801827225
-0.0164670201447
-0.0991212774347
-0.00291942873646
-0.0948079354767
-0.000509169436825
-0.0324235268728
-0.099061876655
-0.0322526798243
-0.100824942725
-0.0304357219427
-0.0935275462373
-0.00198157343431
-0.0939485771501
-0.0976867531422
-0.0950445280982
0.00773782976998
-0.100882263136
-0.100329140273
-0.101108017012
-0.0113577433438
-0.0893926521736
-0.0989137285883
-0.103824758238
-0.0939684926244
-0.0960369346355
-0.00165029893862
-0.0967094508151
-0.0667893463452
-0.101703921556
-0.019412003233
-0.0257945239123
-0.027598669564
-0.0642969126591
-0.0367888505833
-0.072066726293
-0.0818945650657
-0.0922009518801
-0.0778801630713
-0.0366296662193
-0.0644155986229
-0.0644987946981
-0.106105717574
-0.0432473987751
-0.0355368761642
-0.0466269845546
-0.0438556737489
-0.0793690056075
-0.0529768666067
-0.076364133629
-0.0503391744801
-0.0582112348577
-0.053083366509
-0.0961824652994
-0.0575018461095
-0.0598258577494
-0.0583551751919
-0.0482535150841
-0.0618226543702
-0.0222639764359
-0.0371553735902
-0.0323876390088
-0.10118614336
-0.0689134609655
-0.0297149414515
-0.103512837481
-0.0366505331569
-0.0933064779069
-0.101679461385
-0.0869241360442
0.0106110536232
-0.0101377188433
-0.073354297148
-0.063336141006
-0.0330030176779
-0.0653856958868
-0.0493625654937
-0.0426472358095
-0.0412747567266
-0.0183747234703
-0.0302706914117
-0.101003427911
-0.0859104880889
-0.101667536986
-0.101828875874
0.00319442421445
-0.101152089133
-0.0602169213584
-0.0575065009598
-0.098091883066
-0.0555050867287
-0.0959947087485
-0.00371985668054
-0.0802794424567
-0.090503694937
-0.0997216484365
-0.0843951743052
-0.0937545504411
-0.0285398871001
-0.0923834750664
-0.00761559961164
-0.00928800779261
-0.102815566842
-0.0907776036491
-0.101776093732
-0.102776445267
-0.04278647719
-0.0666259908012
-0.0129128048457
-0.100702030563
-0.0297956491201
-0.0993529925515
-0.0948889362203
-0.0606622005795
-0.068478216916
-0.065724844073
2.35535885287e-05
-0.0979003584498
-0.0987633272452
-0.056712690475
-0.0957424226756
-0.0997150514526
-0.0705259271174
0.00572723068863
-0.0701001582575
-0.0335976771057
-0.101967249486
-0.0864726677202
-0.0619113823302
-0.0617276250424
-0.0902896037171
-0.0678334818881
-0.0912436851254
-0.0342547366586
-0.0346518343179
-0.0655546782583
-0.00213863962847
-0.0827173507422
-0.0359971137089
-0.0286837152309
-0.0706487065356
-0.0971967937675
-0.0865287260425
-0.0687458334711
-0.0787869010347
-0.00981400473818
-0.0914862232789
-0.0442467508582
-0.0074443204077
-0.0642653705599
-0.088872232249
-0.0365084908444
-0.0759242729623
-0.0937750846621
-0.00931649135119
0.0027422293848
-0.0139339382578
-0.0104378348399
-0.0229475745001
-0.0366655447911
-0.0133196543641
-0.104635776423
-0.0192652663124
-0.0477602502452
-0.103318427281
-0.001498265086
-0.0910949708092
-0.0409361877388
-0.0674746652439
-0.0675263775979
-0.00857438870738
-0.0327089098206
-0.0672601507703
-0.093778576632
-0.0371055815385
-0.0440689008034
-0.0169087117141
-0.00633028896167
-0.0232523819294
-0.036353772002
-0.0346178363556
-0.0792298853971
-0.0442060030809
-0.0324181316697
-0.0612364062676
-0.00324859133861
-0.0539891586447
-0.0167076973817
-0.00772425298865
-0.040140424308
-0.0193020138851
-0.0274213707158
-0.0427884751384
-0.0605562843107
-0.0947755515285
-0.0857351033028
-0.0480363526516
-0.0319315386944
-0.0894566398917
-0.0532399394929
-0.0833256013604
-0.062941774241
-0.0493684753364
-0.0929398337228
-0.0920387605922
-0.00802885203172
-0.054950286403
-0.043679030931
-0.0565721598301
-0.0095107793761
-0.0814017872297
-0.0385445304398
-0.0815422675379
-0.0671442230861
-0.0316167507378
-0.101580747428
-0.0924939434891
-0.0922085474542
-0.00195908670059
-0.0383517469643
-0.0615093507015
-0.0915645446982
0.00147344024324
-0.00393911957314
-0.0908854207994
-0.043238915277
-0.034857550681
-0.00607411133118
-0.0946937363065
-0.00211935966753
-0.0187077707936
-0.0670926757045
-0.0667247562487
-0.0925826758372
-0.0715786191174
-0.0923490848105
-0.0891308987256
-0.0827504531703
-0.105933275515
-0.0913922412353
-0.000941956699621
-0.101177475633
-0.038143508101
-0.0751091683671
-0.0376160480642
-0.047110368258
-0.0712284322549
-0.000254131999336
-0.0537903794969
-0.0859545981958
-0.0345484642224
-0.0651772218174
-0.0672788011951
-0.0236353040246
-0.0147652003057
-0.0690152584282
-0.0203970373012
-0.00973765980982
-0.0526062726688
-0.0868023694273
-0.0176792876807
-0.0716022181731
-0.0615312340901
-0.0386718144513
-0.0557636729426
-0.0540372031621
-0.0900452394862
-0.0388119488079
-0.0302469505137
-0.00299109448977
-0.0929054980156
-0.087382318417
-0.0441836586371
-0.00442152421287
-0.017223094057
-0.083646580787
-0.043866040891
-0.0723840505217
-0.090187298405
-0.0204734001165
0.00956156590019
-0.0243799476025
-0.0181824485094
-0.0755587137258
-0.00035437014704
0.00617882184494
-0.0225729081143
-0.0656672262844
-0.028434798865
-0.0944738162191
-0.0906543277922
-0.055360983225
-0.0719485882868
-0.0723421034981
-0.0632438536076
-0.0912074399498
-0.0887220906274
-0.028153534317
-0.0260365084008
-0.0693620398279
-0.0368370714292
-0.0899819796022
-0.0904061098556
-0.00481215809652
-0.0273086429899
-0.0703319868067
-0.0277503353485
-0.0120837579247
-0.0900781413611
-0.098120810172
-0.0887858554331
-0.099897789246
-0.0706195170668
-0.020993588305
-0.0234534174138
-0.0033379443736
-0.0753754591296
-0.0407067661866
-0.0667524926468
-0.0242507226733
-0.0546141013227
-0.00302796072292
-0.0906318699933
-0.0603240216667
-0.0724565526166
-0.0203121722955
-0.0854720967727
-0.0287387727723
-0.0733082778458
-0.0847001014607
-0.10208304465
-0.0426472416236
-0.0639301103645
-0.0626007578992
-0.0350778956806
-0.0838744890751
-0.0380720955121
-0.0662300196607
-0.0471150748231
-0.0694870270745
-0.0473358577719
-0.0650632792475
-0.0832378375281
-0.102388883908
-0.0695654669714
-0.0822451103067
-0.0503275121198
-0.0845532518306
-0.104920490904
-0.0863844406235
-0.033331573699
-0.0645696603375
-0.0819722828649
-0.0198896632558
-0.045905478603
-0.0666750893391
-0.0806043565785
-0.0841018490002
-0.0823344271951
-0.085382938066
-0.0434025381266
-0.0582316810526
-0.0892227830882
-0.0651679245362
-0.0848576547192
-0.0479419046498
-0.0695153189414
-0.023718529132
-0.0595627178421
-0.0876843468963
-0.0755132393452
-0.064531602654
-0.00320293410576
-0.06522592708
-0.0854425342729
-0.0353360229601
-0.0296431010651
-0.0804535462939
-0.0626828561575
0.00748047835808
-0.0786669974953
-0.0890715195118
-0.0474175851536
-0.00548644566928
-0.00164482844869
-0.093974223762
-0.0744840486438
-0.0489160604503
-0.0811808458695
-0.0458654517936
-0.0537462003128
-0.10305202476
-0.0508207393167
-0.0600106247123
-0.0625874662762
-0.0551572162615
-0.0805940697256
-0.0789079465376
-0.0592810618579
-0.0729028127332
-0.0830065936404
-0.091666533086
-0.0819535030538
-0.0852888289674
-0.0845257110404
-0.000140575554734
-0.000724368140728
-0.0261705459366
-0.0626053457466
-0.0572729533121
-0.0638546334688
-0.0514079301384
-0.0712455350256
-0.0917096122358
-0.0930813589557
-0.0979819740419
-0.00248691270837
-0.0263091544545
-0.105312130634
-0.0224484342227
-0.0590159727312
-0.0594987694589
-0.0748346484162
-0.0778120344279
-0.0748252060929
-0.0610468777154
-0.100146157439
-0.0696536398688
-0.0296935848382
-0.000823824426016
-0.0188165098793
-0.0942562548233
-0.0807934150829
-0.0409579356991
-0.0692627110328
-0.0682926265904
-0.0206566197313
-0.0785186413965
-0.0607273373934
-0.0856594508845
-0.0870596435533
-0.00637057413523
-0.00403254221373
-0.00922664723707
-0.0543598582959
-0.0927857834564
-0.0572877652098
-0.0589389183997
-0.0703124836213
-0.0800462794798
-0.0579960420296
-0.0837973309521
-0.072925595036
-0.0906167299523
-0.0797332927338
-0.0154673670568
-0.0761456038215
-0.0582447425471
-0.0918237013894
-0.0735493402936
-0.0814248214159
-0.000246111288189
-0.0449872402582
-0.0492905233286
-0.0962290003897
-0.064530873482
-0.040540289033
-0.0574952970949
-0.0869874713374
-0.0770429497893
-0.051624780481
-0.100081772364
-0.0750510741212
-0.000544527301704
-0.0602165631882
-0.0880128016497
-0.0964731889291
-0.040381572391
-0.0199794258244
-0.0598331543909
-0.0968028719771
-0.0257119526424
-0.068039162318
-0.0971376764709
-0.0745221203012
-0.0603059841408
-0.0441079526673
-0.0134990476588
-0.0349555297971
-0.0787154417096
-0.0850997429877
-0.0321277207184
-0.086990523524
-0.0811968855905
-0.0744896972725
-0.0265299539055
-0.0820652859453
-0.0100397783987
-0.0541482958855
-0.0515269015237
-0.0780808838416
-0.0880316631331
-0.0769483360458
-0.0877499022811
-0.0852319899411
-0.0831541162706
-0.0748386415663
-0.0892350821073
-0.083102661502
-0.0992333220546
-0.0579407763376
-0.00406257281159
-0.0506644757454
-0.0528643686124
-0.0994059048266
-0.0497356954358
-0.0956587548479
-0.103042047407
-0.0551331697977
-0.0866468335664
-0.0848777941
-0.0207818587123
-0.0842668698939
-0.0975204798702
-0.0432912259352
-0.0922243709893
-0.0935209050492
-0.0832337938903
-0.0827319186069
-0.081644785107
-0.0813482066144
-0.102674359504
-0.0119899224397
-0.10553997607
-0.0636912696006
-0.0709020646885
-0.0998816091291
-0.0496447688555
-0.0773628469167
-0.0970591760409
-0.0118040166
-0.10319886705
-0.0155192863725
-0.0423169159365
-0.0703291353366
-0.097558082736
-0.0916385341006
-0.0646616023899
-0.0914738203264
-0.0771336416184
-0.0757746193442
-0.0801867631812
-0.0485345100481
-0.0959515579445
-0.0791951029725
-0.0962185975909
-0.0509242969233
-0.0803949576531
-0.0951262668439
-0.0492823774971
-0.103320051662
-0.0962802669571
-0.0932461328582
-0.102119999234
-0.0827007643853
-0.0327867632589
-0.0835364110834
-0.088369053643
-0.0455233583666
-0.105549147383
-0.0724174570582
-0.0947912530379
-0.0795842195298
-0.00621136342571
-0.0775504893583
-0.095536466688
-0.0880780969495
-0.0974372692352
-0.0742045221271
-0.0271859927326
-0.0690808339388
-0.0832283623395
-0.0510389835983
-0.0608672700446
-0.0798254458256
-0.0573125932993
-0.0943471336881
-0.0551311068554
-0.0691776075535
-0.0465747385145
0.00560479609687
-0.0905309517715
-0.0429805071785
-0.0536833501338
-0.0999364625818
-0.0888338804723
-0.0944649914651
-0.0764816342052
-0.0788720104377
-0.0638802560564
-0.0636602082004
-0.0732778299542
-0.0629570199755
-0.0951015757351
-0.1012729209
-0.0644504221814
-0.0578096539857
-0.082001910489
-0.0882402115374
-0.0983206980915
-0.0891073012692
-0.0995538937937
-0.0749310817522
-0.0946599736699
-0.105871913678
-0.0798160342011
-0.100841767787
-0.0973552031964
-0.0857468092698
-0.105928513044
-0.0968751356887
-0.0704402158974
-0.0216090221611
-0.0247815807755
-0.0907375144831
-0.0689246129729
-0.0524546913661
-0.0998717422546
-0.0873960747118
-0.0718038333121
-0.0699651287248
-0.048709013334
-0.0741022538123
-0.0784299214844
-0.0880286075456
-0.0615659211707
-0.0886433825791
-0.0959255421642
-0.0711250115098
-0.0104290636553
-0.0969887556077
-0.0548247659774
-0.0612690323254
-0.091521266284
-0.0661265546125
-0.0647517046596
-0.0780545485053
-0.0976001952442
-0.0748253226907
-0.0949682246893
-0.0275381483021
-0.00446815279455
-0.0817083326875
-0.0975375762947
-0.0847384214566
-0.0529812337303
-0.0589070039025
-0.0432541145638
-0.0521623988637
-0.04165288247
-0.0673783634186
-0.0329952803991
-0.0750660318021
-0.031654335543
-0.0456852820615
-0.0973179633021
-0.0104090742987
-0.0869380000826
-0.0879925057884
-0.0530537464292
-0.0990934700809
-0.0964190585268
-0.0837774338548
-0.0517387668337
-0.0926047726851
-0.0845718624195
-0.078681920442
-0.0810118944596
-0.0180802491905
-0.0515504754498
-0.0846713547366
-0.051186598233
-0.0421326173743
-0.0762667122039
-0.100268054341
-0.0803866078643
-0.0534103785193
-0.0631696298028
-0.0809016443325
-0.100190818207
-0.0974043375239
-0.0935921546254
-0.0950489191439
-0.0851501236574
-0.0777389645812
-0.0822969443653
-0.0453408376354
-0.0981027411739
-0.0631296705689
-0.0830184251005
-0.0929847728982
-0.102121549531
-0.0908836923335
-0.0657549399922
-0.0257409472988
-0.0888091347945
-0.0485323548295
-0.0783246281118
-0.056840472373
-0.0927971160404
-0.0320526273228
-0.0273966184328
-0.0382755900808
-0.101397312942
-0.0441462129579
-0.044157905985
-0.065367899254
-0.0158833320683
-0.0166780213653
-0.0324144200475
-0.0563782157769
-0.0879673538679
-0.0836018686109
-0.0517511513016
-0.0804356674899
-0.074724784251
-0.101940190691
-0.0121380194912
-0.0614234132295
-0.0600675725703
-0.0729024719064
-0.0706453084847
-0.0922421673094
-0.101525736041
-0.0529904069863
-0.0242856072266
-0.0346376511941
-0.0764014148217
-0.0916681788311
-0.0781833917181
-0.0867369250995
-0.0885574163129
-0.0837790683971
-0.0552358059072
-0.0149623618624
-0.00668058082314
-0.0474823485304
-0.0962080361953
-0.05494292915
-0.0930548853679
-0.0241397428054
-0.014323765133
-0.031561886668
-0.0865473446728
-0.0830323555811
-0.0539086397061
-0.0483590675937
-0.0710911616319
-0.0763774812193
-0.0746142454565
-0.104696534137
-0.0370568170499
-0.0840719613428
-0.0399775374591
-0.0996153631095
-0.0508877693025
-0.0846241040189
-0.0713694213267
-0.0670890176708
-0.0640194773235
-0.0732591684399
-0.0801043150357
-0.0851796710783
-0.104520028538
0.000157652388672
-0.0864266381558
-0.0846366810104
-0.0689849754015
-0.10323400101
-0.0451615141339
-0.0994210835296
-0.0364269415939
-0.061424296853
-0.0988932222641
-0.0164825558281
-0.085155435799
-0.0862769467749
-0.0681993188078
-0.050889989559
-0.0737107344046
-0.0918091983142
-0.090883668497
-0.0636055521986
-0.0192965588991
-0.0421016378677
-0.0971526890251
-0.0807982520542
-0.100275950084
-0.0601487785009
-0.0285842509772
-0.064075289507
-0.0887397863597
-0.0226164665035
-0.0645698585197
-0.0971929111718
-0.0991905786379
-0.0954586398772
-0.0939804460567
-0.0356940886189
-0.0966125642089
-0.0939404904493
-0.0626700192353
-0.0450983792215
-0.098018675777
-0.0866194690864
-0.0893127724781
-0.0998289371586
-0.092458038667
-0.0851583447895
-0.0904754257359
0.000973101842689
-0.0850018345955
-0.0261959333762
-0.0902341192484
-0.0810519766458
-0.0871536278512
-0.0930367924345
-0.0251497512645
-0.00467889071292
-0.099639314651
-0.0895577111598
-0.0951251025529
-0.0807959463485
-0.0476546957799
-0.0694430575154
-0.060854911117
-0.0374865205816
-0.0876112832581
-0.0592764618177
-0.0894839731898
-0.0737824878942
-0.0673945557188
-0.0977725242577
-0.0500898157856
-0.10004504324
-0.0758615224207
-0.0503715399844
-0.0876738959446
-0.0313564451115
-0.0216325530824
-0.0173215089832
-0.0631439792173
-0.0115518610655
-0.0625320197596
-0.0623851524793
-0.0305787127499
-0.100622354109
-0.0823863126337
-0.0855534987268
-0.0858561870363
-0.0567655597607
-0.0272101206266
-0.0796145702778
-0.0136104011026
-0.0792026250832
-0.0895302841961
-0.0675806914561
-0.0960859879678
-0.0702910498645
-0.0775961655507
-0.0911640812947
-0.0593444891872
-0.0203673214317
-0.0841477500769
-0.0622106020767
-0.0671847799754
-0.0436526539594
-0.0849653190398
-0.0865957065948
-0.0678837002088
-0.0525792235297
-0.098961233407
-0.0456328689147
-0.100190718099
-0.0875034316394
-0.0753081310835
-0.101259857983
-0.0951908145214
-0.0796586671284
-0.0758592963615
-0.0704770941141
-0.0993114752194
-0.066223980536
-0.0974582419861
-0.0898246763437
-0.10155544351
-0.0964307038965
-0.0980511566514
-0.0800332928405
-0.100236909632
-0.0889560924153
-0.0689520742873
-0.0721961934843
-0.0271376771228
-0.0540838519687
-0.0878662900926
-0.0736565898315
-0.0840330217772
-0.0260703112364
-0.0816576778734
-0.0401942308926
-0.079085831247
-0.0792568854517
-0.0763937060612
-0.093269622722
-0.0851727533782
-0.0682694006428
-0.0709454657421
-0.0568929804894
-0.0536759744074
-0.0919702377417
-0.0731670975301
-0.067060531023
0.00892053533212
-0.104866188509
-0.0957551186507
-0.0730519356294
-0.0830755412645
-0.0373949049914
-0.051432368872
-0.0783509815642
-0.0579361162215
-0.0767809333414
-0.0925131943984
-0.0116194219242
-0.0598233880529
-0.102269959529
-0.0802396675064
-0.0243606697209
-0.0533031635021
-0.0732809833235
-0.00609997775368
-0.0731779806688
-0.0984452722911
-0.0957765553399
-0.0966745975545
-0.0787259788098
-0.076268269178
-0.0682108938351
-0.0977115531434
-0.00701546105896
-0.0800654836925
-0.0811951691476
-0.0743597430057
-0.0970696512688
-0.0864407666485
-0.0817948554094
-0.0868386708037
-0.0687214251109
-0.08985551474
-0.0807947932124
-0.0610632644907
-0.0943768523387
-0.0273635469909
-0.0360925962589
-0.0822405963151
-0.101132123395
-0.034057590911
-0.100227244484
-0.0740486411839
-0.102189124761
-0.0803044707335
-0.0949003979965
-0.0992491584575
-0.0718231134433
-0.0633014866672
-0.0943825157028
-0.0223930130897
-0.0515124797208
-0.103266411156
-0.0852655889438
-0.101485784021
-0.0765703912936
-0.051353703098
-0.0523684916862
-0.0543169642448
-0.0766756360718
-0.0240110316873
-0.104471079774
-0.0999387106368
-0.0713587038117
-0.100869131622
-0.0220583269913
-0.0613249121862
-0.1000077049
-0.102138069295
-0.0499365991761
-0.0718963485413
-0.0770712719857
-0.104433973001
-0.105260130297
-0.04619213628
-0.0908448175441
-0.00580631418629
-0.104230934925
-0.067207487623
-0.0952432650737
-0.0317143024078
-0.0883341549406
-0.0867541368937
-0.0922574562868
-0.0238701692355
-0.0492921075982
-0.0162300434639
-0.0566555810586
-0.0830316861576
-0.0936546553064
-0.0995494437484
-0.0297472794188
-0.0693946972248
-0.0313730251823
-0.076519556146
-0.00306465530323
-0.000689101982653
-0.0647275664632
-0.0962628946287
-0.102999261867
-0.071460654109
-0.0846827860524
-0.050074039865
-0.0500476993554
-0.0569163899805
-0.0977226515287
-0.0800644762605
-0.0277330133496
-0.0934083238752
-0.0351220858564
-0.083953516846
-0.0126078624813
-0.0973823599054
-0.0557632481143
-0.0837285953159
-0.0217040181823
-0.0221396830197
-0.0671684292829
-0.104520975247
-0.104017657279
-0.0659995366297
-0.0722795319067
-0.0878298831072
-0.0890157613385
-0.105212564812
-0.0313203134762
-0.0987326400515
-0.101540442365
-0.101543841673
-0.0705797329986
-0.0943409587592
-0.100208630977
-0.0416405186653
-0.045745394313
-0.0467762593267
-0.0976233464863
-0.104120074296
-0.028408529705
-0.103197474286
-0.104930974583
-0.0482077809994
-0.0583448011508
-0.0758422319393
-0.080247736692
-0.104555729401
-0.0489924713583
-0.0908573459419
-0.0717752016038
-0.0797287786703
-0.0783038585746
-0.0515505592575
-0.104733132997
-0.0911004280748
-0.0527402708462
-0.100269363101
-0.0992709751273
-0.0949325652994
-0.103092818145
-0.0931131305898
-0.0824691042482
-0.059325889989
-0.0433560207501
-0.092224582086
-0.0396389611884
-0.103274596247
-0.0368771431985
-0.0524944755145
-0.0555060690115
-0.0593017343248
-0.082147773394
-0.103381276485
-0.0683947903509
-0.0683924749847
-0.0524063668591
-0.0808177065376
-0.0727176158941
-0.00845401581744
-0.10157365119
-0.0775650176414
-0.048469978046
-0.0575614692625
-0.0873418798878
-0.0886964497144
-0.0923966090843
-0.0953898147481
-0.104094763319
-0.097051895156
-0.0816554323006
-0.0445767900782
-0.0847712688575
-0.097519186116
-0.097840091529
-0.105840285279
-0.0867529389671
-0.0878482571761
-0.0906685646037
-0.103091307932
-0.0734303104274
-0.0821181576801
-0.0949590613678
-0.0939160397164
-0.0825115658036
-0.103833149699
-0.087923377442
-0.075183579854
-0.0922353723977
-0.0967946908542
-0.0850281324274
-0.102696999348
-0.102569503521
-0.105580639829
-0.0965491424311
-0.0913764622826
-0.0913792892093
-0.0732922767633
-0.102404980837
-0.103908185567
-0.0956626580287
-0.103209617924
-0.104708986549
-0.0889651948798
-0.0605274190631
-0.0998432647564
-0.0737629782558
-0.0895263738496
-0.0823641424354
-0.0478339548937
-0.0769055026258
-0.0753158039085
-0.0396672573407
-0.0829862666948
-0.10546527412
-0.0479961592634
-0.0415113078954
-0.105312213807
-0.0589699520981
-0.0906616372293
-0.0605756482592
-0.0458072162261
-0.105177591642
-0.0594840849505
-0.0644367680345
-0.0795064738365
-0.0941854652657
-0.0907863853061
-0.0911397293494
-0.0729960521177
-0.0749711977068
-0.0763458695282
-0.101726705224
-0.0516314125048
-0.0860484736615
-0.0801671150723
-0.0955137660178
-0.0468890658654
-0.0979332260748
-0.0998818341896
-0.102667678631
-0.103639195885
-0.0987880304324
-0.0957650583127
-0.0724095418479
-0.0988460665872
-0.104340367763
-0.0666949801453
-0.0954496575824
-0.104965362047
-0.039573567076
-0.0309567606025
-0.0977735178494
-0.0257774639235
-0.10235003829
-0.0928825533371
-0.0993719916494
-0.0889190846936
-0.103834001579
-0.0785190417222
-0.09448751692
-0.0902348747516
-0.0963795349707
-0.0545359732467
-0.0594139410246
-0.00634524212125
-0.0849433019806
-0.0857753246341
-0.0341850067645
-0.0778572949796
-0.0990505153831
-0.0944155554491
-0.0817531633031
-0.0557584409868
-0.105401928253
-0.0896010637203
-0.0992459636178
-0.0798161581399
-0.0996082987661
-0.0548874847186
-0.0769822168524
-0.0788047437782
-0.0937877051474
-0.0780714378109
-0.0272125336463
-0.0950613363131
-0.0789435880338
-0.0578139951522
-0.0873284565947
-0.0890131164722
-0.0506280648911
0.00335011417291
-0.0458709519603
-0.0565144277735
-0.102282980356
-0.0635233397104
-0.0369346065538
-0.0302274837402
-0.0971464426969
-0.0341223533905
-0.0847586700545
-0.0390912766978
-0.0383636255652
-0.0809225404074
-0.0485233571692
-0.005475498531
-0.0435968052931
-0.0741930149551
-0.10272086273
-0.0975634230326
0.00413614472611
0.00555841920579
-0.021870371174
-0.0942077938772
-0.0941342340098
-0.105128169592
-0.0817956361549
-0.0425240590217
-0.096766578493
-0.0472779772916
-0.101323877806
-0.098015247732
-0.0711047687244
-0.104256350224
-0.0694334757515
-0.0785316560357
-0.0949857118633
-0.017390642527
-0.0627876407602
-0.0969230810182
-0.104216192338
-0.0737879071926
-0.10522568899
-0.0631370418345
-0.094256053913
-0.103519751301
-0.104004798749
-0.0696963748419
-0.0408369439408
-0.0719363164627
-0.0559989383005
-0.0715053433308
-0.0750393635702
-0.0987124127153
-0.0660833792023
-0.0733927768495
-0.0881366759377
-0.105343516041
-0.0975171235009
-0.0694388121088
-0.0663162989426
-0.0416356220491
-0.0960258613956
-0.0749918594446
-0.0763303051865
-0.0694445307617
-0.0791382019003
-0.00604830614047
-0.0659798709804
-0.0385326016188
-0.0875919291409
-0.094880308491
-0.102308096703
-0.0695472311606
-0.069511828026
-0.041519682627
-0.0810227088968
-0.095030919266
-0.0584953177442
-0.0526230863835
-0.0682514275767
-0.0922527599599
-0.0796773160492
-0.0678929530245
-0.0683974288949
-0.0828723810088
-0.0844962514322
-0.0975639715197
-0.0944905927266
-0.0784398027636
-0.0450591360177
-0.0573994843753
-0.0888302817586
-0.0577590905425
-0.0597584023188
-0.0627494105814
-0.0836962583966
-0.0615962223428
-0.0568961964376
-0.0720670043671
-0.0314469913372
-0.102163583389
0.000868422616928
-0.105327143569
-0.0840678470685
-0.0558410838423
-0.0990306661719
-0.0543707321977
-0.0973286151374
-0.0411646086755
-0.0683508471644
-0.0575942528256
-0.0629754478837
-0.0671507271823
-0.0777201019174
-0.00382308546349
-0.0798737436484
-0.0455591523883
-0.0920937202374
-0.0898493131223
-0.0472076892188
0.00478216379196
-0.0884803261185
-0.0807337795974
-0.0694589991503
-0.0574870678472
-0.0984656770993
-0.0743299196863
-0.0769822934944
-0.0522749346671
-0.0849740968543
-0.0555507192454
-0.0887372910656
-0.10343845146
-0.0778304297389
-0.0756114272817
-0.064913482964
-0.098862399034
-0.0671650456632
-0.0590862445697
-0.0394372009333
-0.0722718560705
-0.0846621580516
-0.0771103189873
-0.104451706923
-0.103737258077
-0.0617139287308
-0.0926742120325
-0.0797252144019
-0.0917849607901
-0.0822805387173
-0.0942128874994
-0.0778141116703
-0.0709693194022
-0.0508773419787
-0.0654215587737
-0.0768116843286
-0.0154564189358
-0.0302640150371
-0.0588990586919
-0.0828113666467
-0.0349762357195
-0.0653617894661
-0.0648890734565
-0.104526388316
-0.05849102499
-0.105375021121
-0.075583059734
-0.0872450483674
-0.066623707051
-0.0481076204297
-0.105474266693
-0.057566361967
-0.0841045232636
-0.0605999112751
-0.0570217460913
-0.0660891875234
-0.059343349879
-0.0538298840174
-0.0413146511112
-0.065617126746
-0.0950738238157
-0.0720567891907
-0.0835481348308
-0.0800167221891
-0.0938210971757
-0.0408268745589
-0.0314229429091
-0.0685693111784
-0.0709669863416
-0.0642167639728
-0.0977997820209
-0.0903219262184
-0.0931448364375
-0.0873946323529
-0.103966509023
-0.027623746472
-0.0824749518976
-0.0640384865489
-0.0687830846923
-0.0988602084716
-0.0509368392546
-0.103120030534
-0.0884725793037
0.00285950991648
-0.00225025201969
-0.00146530815734
-0.0582063482352
-0.104613707464
-0.0916990069222
-0.0566952913684
-0.0665870669585
-0.0814985650859
-0.0495842847227
-0.0715775787589
-0.0967933448178
-0.0502417791282
-0.0627209169189
-0.0712482672402
-0.0526223604745
-0.0328309936367
-0.0724476187247
-0.0873996406125
-0.0670455472519
-0.0311057869279
-0.104400514218
-0.055673937418
-0.0670867082945
-0.0735250559017
-0.0651974996664
-0.0779525969426
-0.0541207870026
-0.0609104638632
-0.0997656946356
-0.046855590121
-0.0842793772921
-0.0873019147538
-0.0886528282299
-0.0865400835335
-0.0692199648564
-0.104495287297
-0.0875728992499
-0.0736772417364
-0.0830801780942
-0.0784089512441
-0.0734494189393
-0.0727271100656
-0.0288308325367
-0.0943862429409
-0.0301782911259
-0.02899381016
-0.0327446205073
-0.0634695440687
-0.057354784181
-0.0632946614596
-0.0191032857275
-0.00389963294254
-0.0926161624328
-0.0905129280192
-0.0518593229734
-0.0802452659613
-0.0290249096374
-0.0311765718358
-0.0744947855703
-0.0921035774753
-0.0503395000869
0.000868457137016
-0.0903483144604
-0.0768506429692
-0.0836858595037
-0.0200848822503
-0.0547770187794
-0.0669492664717
-0.0910469290938
-0.0764064454848
-0.0779021286749
-0.0460508273148
-0.0754944360214
-0.091225472534
-0.104630925305
-0.0870008897435
-0.0131022726762
-0.0269572587623
-0.0926349196062
-0.0574284862351
-0.0812338781959
-0.0365791651545
-0.0135886802664
-0.0876688178734
-0.0535012316445
-0.0621736055689
-0.0934088065685
-0.0381078330843
-0.0757780686629
-0.0300817763561
-0.0807359378123
-0.0913347624153
-0.0550682112563
-0.082442119261
-0.0485014069964
-0.0986882826696
-0.0937785675432
-0.0659500113219
-0.0754517845969
-0.0644022405951
-0.0986210212194
-0.072811849541
-0.0609986271726
-0.0806588318788
-0.0362739923972
-0.0416077276704
-0.0778350065649
-0.0873418204359
-0.0605017036987
-0.0796664591019
-0.0829457329939
-0.0901322940201
-0.0546191416877
-0.0437562608686
-0.0264848886048
-0.074625871548
-0.0740701009922
-0.0753944597344
-0.0511988680327
-0.0940393466613
-0.0795660569322
-0.00207480329703
-0.0539856401077
-0.0871064596087
-0.0548762186874
-0.0547511726936
-0.0889321992177
-0.0804126969746
-0.0068302068254
-0.104783653351
-0.0934273255594
-0.0782251111848
-0.0686217035515
-0.0776928629774
-0.0862258840667
-0.0910106227696
-0.1029805594
-0.0554214576758
-0.00751987630934
-0.0173252508777
-0.0783888365092
-0.010298782118
-0.0564468854138
-0.0523345485896
-0.0836719527925
-0.0695795161456
-0.0652714357764
-0.0507078100992
-0.0945852677515
-0.0699174781526
-0.0507090729877
-0.0420842895257
-0.0371355732353
-0.0142744648584
-0.0457094382326
-0.0941357376825
-0.0259021784119
-0.052949696964
-0.0272731488451
-0.033457977323
-0.054687929763
-0.0485884396381
-0.0750291362914
-0.0908714875283
-0.084695851503
-0.0293636693296
-0.0866623509473
-0.0870399103896
-0.0623559234989
-0.0947268275448
-0.0301631304472
-0.0392116094672
-0.0254377656897
-0.0739451254727
-0.0748387823952
-0.0601746855309
-0.0564298405856
-0.0656906490104
-0.102382497438
-0.00199780594952
-0.0875937859681
-0.0460470187885
-0.0867508368161
-0.0142588945755
-0.0251060121179
-0.0627056675672
-0.0170584807158
-0.0617510030602
-0.0672879447735
-0.0234237698337
-0.0495309648845
-0.0882115781462
-0.0948877292338
-0.0399995796463
-0.0945312042726
-0.091234630785
-0.0853612465759
-0.0125174768686
-0.0875446643831
-0.0861937467253
-0.0778772317189
-0.0659331975068
-0.0718310896876
-0.0178205054374
-0.0577117875384
-0.101714728967
-0.0800511894367
-0.088252016927
-0.069736574736
-0.0324821222187
-0.0754052514265
-0.0915863258523
-0.0401667282977
-0.0349795054562
-0.103324285805
-0.0691087630017
-0.0612851474695
-0.0638539235371
-0.0947824047582
-0.0691215739009
-0.0395986280791
-0.10476024446
-0.0823529881681
-0.0620074429151
-0.0843501617294
-0.0889333370654
-0.0586811135517
-0.0891092351637
-0.0768259062202
-0.0844377006706
-0.0768604566699
-0.0615294080761
-0.0721379885667
-0.0554144546964
-0.10342376284
-0.0794731660877
-0.06448202046
-0.0152732315215
-0.0177171770096
-0.0813964548378
-0.0125124544653
-0.101086545455
-0.00245314746879
-0.00765261923852
-0.0550586364875
-0.0193109215724
-0.0628733917241
-0.0829841284845
-0.0866707617771
-0.0783267534556
-0.00851599022314
-0.0603142352944
-0.0673170291206
-0.103006222048
-0.0838335749361
-0.00744018517355
9.87621429641e-05
-0.0883250816167
-0.0704857016767
-0.0839640520644
-0.0736539284911
-0.0626217012269
-0.060001705493
0.000626508857161
-0.022059725268
-0.055839924199
-0.0885250483063
-0.0728483450213
-0.00702382188828
-0.0121220108504
-0.103482954276
-0.0706759734147
-0.00869693461107
-0.0642859943423
-0.10001160982
-0.0985470856902
-0.0881774996457
-0.0684373523056
-0.0834428642944
-0.0837790782908
-0.0686420355089
-0.0746365646854
-0.0180610243556
-0.0293532041452
-0.0860504683865
-0.0505818256424
-0.00233713864255
-0.0720747019881
-0.0729253161194
-0.105786634812
-0.00122737870203
-0.0644932052381
-0.0661335816974
-0.0786540276691
-0.101868424126
-0.101953252574
-0.0643719864563
-0.0979165757991
-0.104599226347
-0.0401570310948
-0.0208097455951
-0.0145406870494
-0.0796170086459
-0.0924295374793
-0.0800812395535
-0.0903221361789
-0.0918097189573
-0.0759597419187
-0.0804778879869
-0.0139608792762
-0.105888805301
-0.0670182090444
-0.0387543208022
-0.0847338138643
-0.0854356448844
-0.0676220714051
-0.0861275579944
-0.0529032146042
-0.0705566886857
-0.0126300260666
-0.0798485894532
-0.0841657197617
-0.0791285665128
-0.101132403126
-0.0917016990818
-0.0772993214532
-0.0813922131212
-0.0777533928801
-0.104393860085
-0.0749434124861
-0.101452662533
-0.0666799301031
-0.0886998729769
-0.0759016391706
-0.0830354652526
-0.0111479461416
-0.0917635470173
-0.0401558092763
-0.069252684098
-0.000609394770284
-0.0557597309445
-0.0964055450673
-0.0839982167002
-0.0843502914373
-0.0723191215415
-0.103656772742
-0.0878165216642
-0.00372433042706
-0.0736241927183
-0.0973978086279
-0.0135080613312
-0.0656725281491
-0.0467385105945
-0.0716846570001
-0.0462836531639
-0.0480250936103
-0.0709108557822
-0.0736288096462
-0.0781322156437
-0.0623002584682
-0.053824078278
-0.0489596338511
-0.0477273802331
-0.0796748520042
-0.0463717886119
-0.105392668663
-0.103697671185
-0.105752373045
-0.100642543757
-0.0607663301798
-0.105833164127
-0.0961840541485
-0.105280776187
-0.0843997512196
-0.0540589994985
-0.0902647662489
-0.0155106270965
-0.0750255948094
-0.103943436004
-0.105114388447
-0.0563556263143
-0.0228634730136
-0.0718372534974
-0.0828256487618
-0.0863684831922
-0.0190763216849
-0.00182657307455
-0.0820389832501
-0.0450393506566
-0.104368498297
-0.0460352008182
-0.0318943276634
-0.0810247357226
-0.0331889993978
-0.0389236169897
-0.0340608347897
-0.0681413286115
-0.0317176370021
0.000143292022252
-0.0347605364861
-0.0560267503379
-0.0285569907741
-0.0544909379729
-0.0478789545958
-0.0393514967186
-0.0496569760526
-0.0400407029916
-0.0426447699754
-0.0437026372654
-0.0411486988354
-0.0422565118559
-0.0440373639642
-0.0712262912775
-0.0373197670122
-0.0692981743821
-0.0331894650885
-0.0231689972967
-0.0408627548612
-0.0356074812064
-0.0286475298502
-0.0417061100477
-0.0274824926915
-0.0263255136161
-0.0225813931117
-0.0201388966985
-0.0137119152508
-0.0154707821173
-0.0173779454332
-0.0311649817652
-0.00826213229953
-0.0112113346561
-0.0548067246728
-0.039352849138
-0.00693200947258
-0.00116956005487
-0.0377332124018
-0.0736772861697
-0.06915911469
-0.0498994583344
-0.0446929460158
-0.067804573188
-0.0694241580745
-0.0407636652236
-0.0250313280809
0.0190334387627
0.00853666172816
-0.000708334604543
0.00351360811523
0.00567349177906
-0.00186378828919
-0.0770501844801
-0.0614600231826
-0.00575226570655
-0.0277156451217
-0.038608839003
-0.0631937189423
-0.0258410868443
-0.0364545721148
-0.00336038396313
-0.0448871776847
-0.0427397853914
-0.000913933834073
-0.0588176475154
-0.076613066241
-0.0545399184184
-0.0582137061364
-0.04358217093
-0.0478463120862
-0.0663572088039
-0.0463919088363
-0.0359044172773
-0.0541455466764
-0.0654118511991
-0.02359968149
-0.00973527971622
-0.0664748170446
-0.00549489960415
-0.0120363173483
-0.031796847299
0.00166512914156
0.00394514974125
-0.0575631237571
-0.0794953798287
-0.0782446919065
-0.0717079278092
-0.0508942601108
-0.0453268208453
-0.060254525033
-0.0539061228952
-0.0749574824645
-0.0185763391502
-0.0749072471987
-0.0399209702841
-0.0606466437927
-0.0720685494573
-0.0737063744801
-0.0774816568775
-0.022016927537
-0.017461838784
-0.0332507784692
-0.0206244266929
-0.0184741037287
-0.0161439564386
-0.0698682403005
-0.00965229521423
-0.0046664988149
-0.0606134852029
-0.0568907462406
-0.0627424101816
-0.0718167941542
-0.0696496828052
-0.0562194922576
-0.00972860380335
-0.0658762415363
-0.0269797950696
-0.0508970847834
-0.0461173964437
-0.025378150256
0.00401920166141
0.0050352509838
0.000794411753279
0.000533453895457
-0.0158322229505
-0.0768925140076
-0.00530747384666
-0.0474151775294
-0.0448585196543
-0.0291516734521
-0.0311382562626
-0.0117185745316
-0.0535017109495
-0.011250018407
-0.0406831306852
-0.0160027005723
-0.00466386833187
-0.00297943386032
-0.00168692944415
-0.0475751092468
-0.0171105933356
-0.0291881744895
-0.00440454715281
-0.0243309402478
-0.0179081012743
-0.0375548445296
-0.0573585700042
-0.0228428384602
-0.0529690035159
-0.0549051283426
-0.0530026298729
-0.0389059282053
-0.00127319010266
0.00292142641995
0.00396250983341
-0.00290266808593
0.0218156692534
0.0196707375989
-0.000139630386209
-0.000707830142013
-0.00607042367917
-0.0123980022601
-0.0367316594235
-0.0629963938531
-0.0161041403185
-0.0252943538717
-0.0716231789232
-0.0432580776461
-0.00726653800715
-0.0464158432604
-0.0609464969809
-0.0261533491595
-0.040805123607
-0.0399034063632
-0.0607328750309
-0.038466684529
-0.0490190111077
-0.0495807814676
-0.0523101061334
-0.0500611908217
-0.0700722590993
-0.0766843777076
-0.00581028570085
-0.0433542891226
-0.0149435579109
-0.0162569885252
-0.0369954230242
-0.0136991106386
0.00213489317087
-0.0677401812786
-0.0808070721203
-0.0672242655716
-0.0483172537005
-0.0395671883234
-0.0599050196909
-0.0269802310295
-0.0735255325772
-0.0423411895782
-0.0729251143292
-0.0634608004681
-0.00438564097245
-0.0738983267704
-0.0458109606792
-0.0761817558956
-0.000881705418835
-0.078115992017
-0.0731394518506
-0.0701324836687
-0.0730682822742
-0.0755489109786
-0.0571903325014
-0.0636477143204
-0.0226496897513
-0.0216398280782
-0.0225964570685
-0.0257802979908
-0.0212724597932
-0.0191161798742
-0.0665251705987
-0.00662550721027
-0.0348680194326
-0.0566171922184
-0.0529492270119
-0.0355756574984
-0.0161300162112
-0.00329310090344
-0.0631351544555
-0.0294176888879
-0.0726620063443
-0.0195417205814
-0.0444442395402
-0.0356525614933
-0.0278240559513
-0.063141053387
-0.0271596171553
-0.0211366533929
-0.0486949632316
-0.0733263479486
-0.00656357662117
-0.00853820042856
-0.0371215241563
-0.0463799598575
-0.0479754705715
-0.0277495603943
-0.0367028732743
-0.020014354783
-0.0466832380154
-0.00500440095265
-0.0400473935769
-0.0422617729246
-0.0265498201919
0.000482515773924
-0.0691944303303
-0.0678278955885
-0.0214503152003
-0.027900902329
-0.0385383922357
-0.00972954241685
-0.0372210487285
-0.00186251824112
-0.00293561066938
-0.00561378714498
-0.0503372608091
-0.0478982284941
-0.0244257618559
-0.0742895235051
-0.0601170551417
-0.00380522197336
-0.031717497717
-0.0443241587171
-0.0565147540692
-0.0457302829895
-0.0278362753603
0.0121899870307
-0.000272531915648
0.00203773397826
0.00633066496549
-0.0672530241174
-0.0501394602831
-0.0443507432518
-0.0576523078247
-0.0762162741817
-0.036579895346
-0.0360035062608
0.00632756283733
0.000555172964962
0.00879631989389
-0.000283435702128
-0.0135727665118
-0.0436093057332
-0.0651698878464
-0.0129346203339
-0.0668860755334
-0.069430216848
-0.029758364715
-0.0382308608666
-0.0157860180028
-0.0665682247183
-0.0632566878025
-0.0626885417854
-0.0442324701246
-0.0125195959271
-0.0165426349548
-0.0126929322024
-0.0205064861615
-0.0171263299282
-0.0692870750443
-0.0514384615672
-0.0714959418465
-0.0735341587621
-0.0734617039719
-0.0614950589327
-0.0411224844275
-0.019644912831
-0.00135442511742
-0.071117678777
-0.0690662698947
0.0054128685192
-0.0290546136992
-0.0212031000781
-0.035272303167
0.00431678816109
-0.000297662189019
0.00106226108746
0.00586598524672
-0.0275872164094
-0.0697643962149
-0.0641188041096
-0.0552147302188
-0.0481080718604
-0.030566660844
-0.0741140321326
-0.000497656065742
0.00186818976429
-0.0120278701959
-0.0406989243147
-0.0628997514341
-0.0601518313677
0.000868034780063
-0.00158019914779
-0.0573448564398
-0.0513406431978
0.00728881143573
0.00691441431343
-0.0305071605151
-0.0134326048559
-0.0379187177759
-0.0381557276086
-0.0341835780596
-0.0100773389286
0.024074271622
-0.00751722865431
-0.0624470530354
-0.057782632071
-0.00599036617572
-0.00372798699406
-0.0469465424778
-0.0454389180749
0.00768334839667
0.00384948500556
-0.0259449567498
-0.0292710762993
-0.042182164192
-0.0439846927524
-0.030923389094
-0.0206145624938
-0.0244376297076
-0.0166452606208
)
;

boundaryField
{
    bottomWall
    {
        type            zeroGradient;
    }
    leftWall
    {
        type            zeroGradient;
    }
    rightWall
    {
        type            zeroGradient;
    }
    movingTop
    {
        type            zeroGradient;
    }
    front
    {
        type            empty;
    }
    back
    {
        type            empty;
    }
}


// ************************************************************************* //
