/*--------------------------------*- C++ -*----------------------------------*\
  =========                 |
  \\      /  F ield         | OpenFOAM: The Open Source CFD Toolbox
   \\    /   O peration     | Website:  https://openfoam.org
    \\  /    A nd           | Version:  14
     \\/     M anipulation  |
\*---------------------------------------------------------------------------*/
FoamFile
{
    format      ascii;
    class       volScalarField;
    location    "70.999999999975";
    object      p;
}
// * * * * * * * * * * * * * * * * * * * * * * * * * * * * * * * * * * * * * //

dimensions      [0 2 -2 0 0 0 0];

internalField   nonuniform List<scalar> 
2646
(
6.8822147698e-10
0.000176030131469
0.000360004169387
0.000641101752664
-0.000112610276727
0.0161872288423
0.000983306041119
-0.0128870156684
-0.00738300132927
-0.0213154465137
-0.00314224406523
-0.0104365274758
-0.0301832837384
-0.0170384353283
-0.0201537737383
0.00746770452422
-0.0004718826914
-0.000204183403258
-0.00643876776648
-0.00306642882414
-0.00265783939763
-0.00115140716038
-0.00209467231165
-0.00420455353607
0.00974792260046
0.00343589017289
-0.00922829589555
-0.00829458238255
-0.0161994084053
-0.0046696986991
-0.00240997471126
-0.000574941967739
0.000500964261262
0.00689209671473
0.0105165721384
0.00107942584198
-0.0104376218906
-0.0194722824005
-0.0337201340603
0.00102513396561
0.0139808304793
0.0086576578436
0.00693388005243
0.00657628821389
0.00731869878147
0.00705512474018
0.00758622205569
-0.00562165318145
0.00339676678339
-0.00202994564246
-0.0138598060305
-0.0197626582422
-0.0217522738777
-0.0210015427209
-5.75550585021e-05
0.0015451287052
-0.0114781985001
-0.0304895028979
-0.0303857087715
-0.0257888633051
-0.0159648752771
-0.00468611603541
-0.032175700647
0.00121499116974
-0.0207680792676
0.00234576045266
-0.00711520599307
0.00160923132289
-0.00430766840941
-0.00252700312218
-0.0118240084782
-0.000181082041766
-0.00360312611915
0.00165680529358
-0.00552099901793
-0.0253065802333
0.000452659343973
0.00128423782114
0.00454286268263
-0.00408906880304
0.00115623095948
-0.00337733830903
-0.0206585386135
-0.021284802741
-0.00740990435751
-0.00776625959449
-0.00295730590432
0.00843091658139
-0.0337484467711
-0.0264219992432
-0.0594985092111
-0.000736368850607
-0.0560367443809
-0.0547011808413
-0.059242027857
-0.0391523645186
-0.0264731479367
-0.0575916308198
-0.00125526847083
-0.0450894221739
-0.00281880887208
-0.0414837976145
0.00285409217511
-0.0414509466215
-0.0684092508173
-0.0403004480368
0.0135530356072
-0.0514482216766
-0.0104548208457
-0.0410330885338
-0.0248133060091
-0.00357346708964
0.00677281276313
0.00725473850538
0.0142139660639
0.00815331487212
-0.019429859989
-0.0518484328567
-0.060508109445
-0.0365454308255
-0.00723327008067
-0.0341419463306
-0.0158721662849
-0.00346652742204
-0.0171856548483
-0.000994565328562
7.47154369015e-05
0.0253357076922
-0.0333480629261
0.00347422105964
-0.0532966655037
-0.0368245964933
-0.0566214318849
-0.0634413983817
-0.0285401847369
0.0048313808209
0.000200202109258
-0.0498880216012
-0.0411355952251
-0.0483154455422
-0.0588325786543
-0.0440064436272
-0.0238655383023
-0.0572485935835
-0.00376375242624
-0.0489679102464
0.00703135621773
-0.0606474126712
0.0175698409588
-0.0477040348006
-0.0234440709655
-0.0661664740777
-0.00693937703824
-0.0208724057845
-0.0112558081526
-0.000225995141888
-0.0360534514447
0.000957823021381
-0.0136510167259
0.0155072306539
0.0544164402316
0.00714787160662
-0.0197841083517
-0.0681345970973
-0.0509792886006
-0.0375897944262
-0.0272406844522
0.22777323766
0.0614474127068
0.0678533223441
0.0526683456692
0.0557936347678
-0.0226249496042
-0.0272814037308
-0.000347074908396
-0.00199474954522
-0.00840480158307
-0.013957817479
0.000467030619843
-0.000261619300234
-0.0181605641358
-0.000171490246901
-0.014093992448
-0.00828412052959
0.00497112952345
0.000215990999598
0.0100005293489
0.00739899806201
-0.0315604179504
-0.0213582630254
-0.00228489266991
-0.000792433015251
-0.0176230688155
-0.0177581815615
0.00011985303122
0.0007855414786
-0.00203084726971
-0.010534249686
-0.00960640177456
-0.0210231035753
-0.00824079605326
0.00341424238575
0.00432621907786
0.0046906942966
-0.0326839182954
-0.00988114779575
-0.000410290515177
-0.061707338895
-0.000183492690147
0.00319521412505
0.00712091983089
-0.0681270913523
-0.0437273890867
-0.0622665931213
-0.0655501246405
-0.0294326344288
-0.000259855944796
-0.00205465104877
-0.00660530372919
-0.0544882806663
-0.0586863310909
-0.0386798958474
-0.0254718352233
-0.0406179025214
-0.0347091833052
-0.0108884146302
-0.0068004408535
-0.0161845265419
-0.00420491653588
-0.040285954781
-0.032107362665
-0.0201106010032
-0.0690416329967
-0.0393725242845
-0.00171658948644
-0.0103603277085
-0.0435351593397
-0.017029875946
-0.0113760111823
-0.0702517722393
-0.00794557535753
-0.0611091693804
-0.0700581924323
-0.00446632162991
-0.00294096720466
-0.0525486366565
-0.0501770247345
-0.0226863206082
-0.0241957846959
-0.0614454186983
-0.0614537682696
-0.0548118551606
-0.0756202022141
-0.0697949725429
-0.05283470882
-0.0527126731633
-0.0441620378279
-0.0426747265477
-0.0686760938351
-0.0141513152913
-0.0134322825787
0.00038326537731
-0.0735653614345
-0.0724257837373
-0.0564292043665
-0.0481889380591
-0.0501772345091
-0.0692770070597
-0.0537166696016
-0.074517074099
-0.0679342415334
-0.0592248255507
-0.0273245565526
0.000644903703017
-0.00885416646478
-0.0452470592529
-0.0662533265215
-0.0638137377384
-0.0260424938693
-0.0021707507488
-0.0377002092881
-0.0614331337244
-0.0343919498112
-0.0662846117176
-0.0396204348836
-0.0205108002314
-0.0160653682467
-0.0137247505571
-0.0111276847781
-0.0297132328624
-0.0623362854434
-0.0392687894745
-0.0434225425712
-0.0181310959261
-0.0424438042318
-0.0126184914463
-0.0328974145892
-0.0498917189471
-0.0151882087495
-0.0659148050059
-0.0331472300743
0.000117229430957
0.00655427436302
-0.00520090649551
-0.00114352104074
-0.0342300547661
-0.0351213659941
0.00144469180351
-0.000356713370208
-0.0049175405436
-0.0391060188819
-0.0111839915288
-0.0269077238168
-0.0659545960766
-0.037733339023
-0.0353801240971
-0.018194035747
-0.0348140810801
-0.0169358024657
-0.0341385642587
-0.0162421361332
-0.0173843053891
-0.04975961821
-0.041904711706
-0.0257527891079
-0.00105527521221
-0.00250816721501
0.00102777812689
-0.0547276951044
-0.0640373402835
-0.0686752844627
-0.071503485414
-0.029053299985
-0.0573747687115
-0.00980959365735
-0.0636151677097
-0.00766509869169
-0.0114800921303
-0.00638292702256
-0.067346465724
-0.0906836602178
-0.0964891600761
-0.100726375318
-0.0237689538696
-0.0620379786045
-0.103467943107
-0.0322836565628
-0.0608929723101
-0.0976998294332
-0.0105023703176
-0.0775673572797
-0.06599005907
-0.0452946052642
-0.104791659297
-0.0488300504232
-0.096296738261
-0.0949822724162
-0.10035488637
-0.104757770911
-0.101475527116
-0.0969586260926
-0.0976999229913
-0.0353538327378
-0.0326146411171
-0.0366203221741
-0.0972786711003
-0.0897023803468
-0.065562683355
-0.066278948377
-0.0465729490193
-0.0415187060582
-0.0958370426648
-0.0376136408067
-0.0408909544758
-0.0619096256907
-0.100376212692
-0.092938513657
-0.0590033887452
-0.0667225632442
-0.0913266263517
-0.100626096186
-0.0574721505755
-0.0573988853536
-0.100241872974
-0.0929191287573
-0.0690713859625
-0.0668919799411
-0.101742474848
-0.038312725264
-0.0625173394038
-0.10176349097
0.00704784993334
-0.103408159299
-0.0413293424691
-0.065156078915
-0.0282721275471
-0.0786568082962
-0.0418641168729
-0.0921725699176
-0.0888871473772
-0.0999029840581
-0.0765538184801
-0.100998477724
-0.0482739781034
-0.0991727478262
-0.0916677069604
-0.0972516244532
-0.0896476449284
0.0036846310928
-0.10501147974
-0.10300992283
-0.100770811458
-0.100877172176
0.00360046671451
-0.0970650152296
-0.100106046732
-0.0339528281239
-0.101640529088
-0.101303809522
-0.0461753917258
-0.0370398808065
-0.0595194654738
-0.00518785500296
-0.0404700564776
-0.098720672417
-0.10157166932
-0.037378190911
-0.0983083398684
-0.103262443663
-0.0227748358759
-0.0967761875009
-0.0831640803298
-0.0339365745838
-0.0334905363156
-0.0362018531782
-0.059909254464
-0.0649882364426
-0.0985537214065
-0.0958051834239
-0.036166562372
-0.0395760275627
-0.00651855740505
-0.0165773984077
-0.0973469724581
-0.00290584199429
-0.0931223916888
-0.000645017419087
-0.0325159919003
-0.0983253461259
-0.0324041366882
-0.099626727097
-0.0305612566998
-0.0919287829928
-0.00209825485165
-0.0922506424895
-0.0966002229366
-0.0932582326643
0.00768782382653
-0.100399103703
-0.0996796904642
-0.100410362617
-0.0114506081636
-0.0892363838007
-0.0976563755846
-0.10240828967
-0.0924068325508
-0.0961419720948
-0.00174622373004
-0.0961342138326
-0.0664409136258
-0.100289125869
-0.0195132498144
-0.0258078783236
-0.0276950533166
-0.0637762465373
-0.0368469582659
-0.0726222568266
-0.0821699437328
-0.0920943578679
-0.0785151620542
-0.0367262394668
-0.0639865988074
-0.063704263124
-0.105243237353
-0.0434789813567
-0.0355995141551
-0.0465997304006
-0.0437578773333
-0.0796323601578
-0.0532939912098
-0.0765681188152
-0.050599033563
-0.0585855780472
-0.0526230937787
-0.0962035953373
-0.0570896666967
-0.0591822997374
-0.0579837747756
-0.048379072794
-0.0611810712512
-0.022309151992
-0.037274658844
-0.0324908373698
-0.0997283896846
-0.0694662152923
-0.0296813111647
-0.101987933868
-0.0367295770595
-0.0939430714658
-0.100095286219
-0.0871025512669
0.0105370728753
-0.0101999413231
-0.073528105249
-0.0633812426882
-0.0330652662973
-0.0658481832035
-0.0491195322529
-0.0427530603269
-0.0411913596767
-0.01847695805
-0.0302624944665
-0.100984435796
-0.0866061926551
-0.0999748690137
-0.101937424306
0.0030947784527
-0.0993764724214
-0.0596707348406
-0.0569078132497
-0.098565894134
-0.0549716175347
-0.0945224508724
-0.00383363003801
-0.0790885632284
-0.0887550175884
-0.0998000830306
-0.0845920507756
-0.0919809820154
-0.0286514416252
-0.0928501669089
-0.00790987564379
-0.00981561954767
-0.102825284832
-0.0908168251547
-0.101769578255
-0.102664861862
-0.0429820769594
-0.0667508483427
-0.0130361643296
-0.0989534235152
-0.029762360553
-0.0997713614633
-0.0955107950536
-0.0599863465921
-0.0679942451445
-0.0649116727906
-0.000604301063258
-0.0981885368204
-0.0988166071431
-0.0561765056067
-0.0942100031508
-0.0980335948348
-0.0699437341766
0.0056516579014
-0.0702807634057
-0.0337547567477
-0.101973804226
-0.0865687122227
-0.0611219627168
-0.0616721716728
-0.0885727659984
-0.0668927492913
-0.0912683099821
-0.0343341306652
-0.0347152760204
-0.0650686245476
-0.00227810482553
-0.0832682228604
-0.0359327672724
-0.028664765794
-0.0709992549713
-0.0973375529155
-0.0848981432365
-0.0677838606331
-0.0789359386742
-0.00984233162052
-0.0896534808564
-0.0442202912444
-0.00749763471255
-0.0635018705905
-0.088940590371
-0.0366489755764
-0.0760511815663
-0.091879831176
-0.00941100544573
0.00258011098924
-0.0139651790505
-0.0105094302889
-0.023064528149
-0.0367350926647
-0.0134466307875
-0.104290507714
-0.0193065510791
-0.0479949409117
-0.10197168887
-0.00164153300935
-0.0910444962816
-0.0411248159793
-0.0668938165404
-0.0668320558306
-0.00867492598038
-0.0326257979754
-0.0668233496695
-0.0933512636595
-0.0370257424882
-0.0438444885708
-0.0169369720675
-0.00638203120005
-0.023328816732
-0.0362756003317
-0.0346238035595
-0.0794289334275
-0.0440669474983
-0.0323879381081
-0.0616200280701
-0.00329861290409
-0.0542852231129
-0.0167618225734
-0.00788084373233
-0.0402608111898
-0.0194104438574
-0.0274593585747
-0.0429057266665
-0.0600137625025
-0.0947600444142
-0.0841113874815
-0.0482796583271
-0.0319145278777
-0.0876495455439
-0.0531616733657
-0.0819742011601
-0.0624129376412
-0.0491700485763
-0.0911182520109
-0.0902451695596
-0.00803149733787
-0.0544711358727
-0.0434458186373
-0.0568819177196
-0.00957869016113
-0.0798957746151
-0.0384602275422
-0.0816680941492
-0.0662698097613
-0.0317049268569
-0.100215950292
-0.0910114744025
-0.090316820721
-0.00194826012136
-0.0382833364881
-0.0611264555486
-0.0899446107343
0.00139115558664
-0.00451914952677
-0.0895309686777
-0.0433629383951
-0.0349605845016
-0.00657440230767
-0.0928364611728
-0.00227233486358
-0.0186983810373
-0.0672863031814
-0.0659173057835
-0.0911609893088
-0.0719324865483
-0.091714333838
-0.0890499057227
-0.0824303859047
-0.105202975531
-0.0895540891574
-0.000970101044601
-0.0999491882893
-0.0382757063096
-0.0757592995727
-0.0375077482436
-0.0467269728224
-0.0701351505473
-0.00028345751459
-0.0535154762029
-0.0859768110168
-0.0345295908205
-0.0645559667433
-0.066445461107
-0.0236257987419
-0.0148428580555
-0.0693142360063
-0.0205106286879
-0.00979950146424
-0.0524238991273
-0.0850617199865
-0.0176217053271
-0.070901642875
-0.0607787180371
-0.0385052677555
-0.0552334332379
-0.0542073338517
-0.0882006536337
-0.038720711186
-0.0302204143258
-0.00310317638252
-0.0929675020086
-0.0856353827508
-0.0440239934367
-0.00449414165603
-0.0171395340842
-0.082998457558
-0.0440496961849
-0.0715696420978
-0.0894745179521
-0.0204058855662
0.00949118654625
-0.024492480972
-0.0182020003436
-0.0754938681547
-0.000482507103452
0.00616390509688
-0.0225239714929
-0.0660063171133
-0.0285197068995
-0.0930681024596
-0.090071179089
-0.0553747000592
-0.0725455344153
-0.0715186457867
-0.0633765130483
-0.0895606190667
-0.0885722117155
-0.028119592567
-0.0261465256572
-0.0686727271064
-0.0368555963669
-0.0896858193129
-0.0903462142099
-0.00486506202869
-0.0274400206152
-0.0705838961878
-0.027676943365
-0.0121436150669
-0.0882319429494
-0.0974531111068
-0.0881913308666
-0.0983366818908
-0.0711687042379
-0.0210063141363
-0.0234859259031
-0.00333105369584
-0.0740459744849
-0.0408946538775
-0.0669595458236
-0.0241780510756
-0.0547938123074
-0.00308508290494
-0.0903997036205
-0.0605528736899
-0.0730086482471
-0.0204275115519
-0.0837456140793
-0.0286829752586
-0.0738441726341
-0.0846576947549
-0.100721943776
-0.0428328481017
-0.0643096549101
-0.0627958761481
-0.0350153917259
-0.0823300778324
-0.0379775498675
-0.0658585415264
-0.0469391450626
-0.0697687350674
-0.0469863380167
-0.0654283069885
-0.0818096896355
-0.100790709307
-0.0699880908145
-0.0816387332047
-0.0503489968357
-0.0848190082103
-0.104223706051
-0.0857193776906
-0.0334746126576
-0.0648367054426
-0.082176139847
-0.0199890759869
-0.0460909099609
-0.0669194250721
-0.0790518710322
-0.0826575151037
-0.0808005424056
-0.0846300350042
-0.0433030972263
-0.0575830236154
-0.0874576334526
-0.065431573905
-0.0832163368518
-0.0478925975994
-0.0687479353609
-0.0238152749863
-0.0597837388403
-0.0873694774163
-0.0758678020173
-0.0635758457353
-0.0031985870308
-0.0654889381536
-0.08587776386
-0.0354671345466
-0.0295663595256
-0.0789482577143
-0.0630662386147
0.00738931149857
-0.0773505051458
-0.0885979303897
-0.0475828812432
-0.00550173318118
-0.0016310849532
-0.0930332046254
-0.0751067028743
-0.049159301174
-0.0810677450397
-0.0456958184559
-0.0536322122707
-0.101422309214
-0.0507591989136
-0.0601424082523
-0.0628061357347
-0.0548876219578
-0.0792584132036
-0.0776494449313
-0.0594067302444
-0.0732133836227
-0.0813870965952
-0.0923631983128
-0.0804884205945
-0.0836805079699
-0.0830078763112
-0.000155974365173
-0.000698727832167
-0.0260780115209
-0.0622457413599
-0.0572452297149
-0.0630624183128
-0.0511456136299
-0.0717721956508
-0.090947206654
-0.0935051979916
-0.0974964088683
-0.0026458508377
-0.0262581571487
-0.104720447798
-0.0224948719688
-0.0589578955127
-0.0594706554722
-0.0754228396765
-0.0765186568403
-0.0751938171774
-0.0609329026808
-0.0990524544097
-0.0688362272972
-0.0296703900049
-0.00086894156262
-0.0187618619957
-0.0939553847842
-0.0811997756447
-0.0408277579839
-0.0695917597411
-0.0676321337691
-0.0205933301703
-0.078880220144
-0.0601110246173
-0.0839312053451
-0.0866192551453
-0.00643716454107
-0.00408733566229
-0.00974624317437
-0.0539803320426
-0.0919065384702
-0.057609973821
-0.0588729742127
-0.0705129829903
-0.0806244112625
-0.0572207002551
-0.0829798079014
-0.0720159994608
-0.0893470650627
-0.0797163802977
-0.0154418650767
-0.0748503755151
-0.058617521431
-0.0922142144772
-0.0737879372115
-0.0799852164176
-0.000251967906424
-0.0448982362559
-0.0490748037198
-0.0950057563676
-0.063828166984
-0.0404377578188
-0.0570751614225
-0.0854034976947
-0.075786727055
-0.0513607944356
-0.100111073709
-0.0742178747602
-0.000558957096919
-0.0599499458821
-0.0867485438825
-0.0970083689005
-0.040229553827
-0.0200049361322
-0.0599999859894
-0.0955052932755
-0.0256432600126
-0.067745945748
-0.0957509917835
-0.0746577019511
-0.0598299374496
-0.0440017207766
-0.0135650084538
-0.0349050003935
-0.0781152946197
-0.084765112361
-0.0320435474013
-0.0869724852908
-0.079830630282
-0.0733507824658
-0.0265999389164
-0.081338986986
-0.0100563683348
-0.0544274353775
-0.0509561572891
-0.0775432325491
-0.0862258991341
-0.0769766907031
-0.0868378018516
-0.0836914329373
-0.0826464528017
-0.0753669212787
-0.0884103691941
-0.0828598764577
-0.0992554107041
-0.0575299702347
-0.00411090847026
-0.0505046182164
-0.0523698258362
-0.0980578475965
-0.049930866101
-0.0945367238065
-0.101638353335
-0.0548290951247
-0.0858505343155
-0.0831886750024
-0.0208827643329
-0.0841637835904
-0.0958589665716
-0.0434619403018
-0.0925590554868
-0.0941912863978
-0.0815751186814
-0.0812483619075
-0.0815226151431
-0.0806749850781
-0.10236349803
-0.0120544302011
-0.104701953175
-0.0638797817512
-0.0710455521414
-0.0982377596789
-0.0491760076489
-0.0774325141731
-0.0952980313187
-0.0118460080885
-0.102886530897
-0.0155962476441
-0.0425303155525
-0.0700191328224
-0.0960232170628
-0.0923111976419
-0.065067205176
-0.0904815278666
-0.0757975809948
-0.075369497792
-0.0796735550549
-0.0487669751133
-0.0956768662571
-0.0791345296769
-0.0967571429594
-0.0510488344499
-0.0789212966575
-0.0954770915876
-0.0487975739317
-0.103104675281
-0.0960898232398
-0.0938796344726
-0.102037585093
-0.081092840114
-0.0329464146399
-0.083930641466
-0.0887256670388
-0.0457019699996
-0.104710170547
-0.0712675689172
-0.0937394991564
-0.0780666976992
-0.00665222432175
-0.0761226828847
-0.0958253839466
-0.0869683351788
-0.0959768290968
-0.0743022976761
-0.0272990766914
-0.0679814172778
-0.0822260986114
-0.0508461030401
-0.0604461297256
-0.0799800341595
-0.0574804039178
-0.0946170585951
-0.0551920199978
-0.0687425793292
-0.0462018395205
0.0054832471406
-0.089659719655
-0.0431693075267
-0.0535208831467
-0.100047558327
-0.0893101496864
-0.0946627077797
-0.0767320086548
-0.078002385213
-0.0642265117319
-0.0640301595521
-0.0729042062059
-0.0631274864875
-0.0957160028361
-0.101375261261
-0.064665615635
-0.0572080142011
-0.0821854192772
-0.0869452656903
-0.0985406759838
-0.0891917780874
-0.0977496898243
-0.0753861788263
-0.0945633270949
-0.104763297674
-0.0799142550451
-0.0991969545024
-0.0978119836556
-0.0855193349267
-0.104950020559
-0.0973210913031
-0.0707196360808
-0.0216641601987
-0.0248258959549
-0.091052398075
-0.0691479524233
-0.0525868760022
-0.0983656027829
-0.0880191869994
-0.0708942838165
-0.0697250825231
-0.0489003149026
-0.0744291319182
-0.0774125048301
-0.088662699423
-0.0617933806857
-0.0870440966183
-0.0950130893291
-0.0714595395829
-0.0104686100608
-0.0959950142759
-0.055136416736
-0.0616503662809
-0.0899158545069
-0.0666017907963
-0.064206198756
-0.0786671840411
-0.0959956876828
-0.0751013386665
-0.0941572699412
-0.0276629063912
-0.00450740542359
-0.0819545258625
-0.097661636953
-0.0841871204284
-0.0532980263905
-0.0589696729371
-0.0434864504643
-0.0523389184308
-0.0418205773201
-0.0668219486381
-0.0331573074342
-0.0740937376642
-0.0317793096619
-0.0459149906422
-0.095593182948
-0.0104532808028
-0.0863789580041
-0.0872883141751
-0.053158263269
-0.0990289867376
-0.0965380932818
-0.0843605000891
-0.0520012123163
-0.0923994936671
-0.0837063064395
-0.0789267903118
-0.0799871993682
-0.0181285953329
-0.0518407820066
-0.085267484701
-0.0507141571851
-0.0419133781757
-0.0752976586192
-0.100125127811
-0.0801628730243
-0.0536496549086
-0.0633055946933
-0.0807379354694
-0.0988704125287
-0.097604946832
-0.0928497066195
-0.0955443507323
-0.084704979603
-0.0768783283093
-0.0823040193069
-0.0454953295684
-0.0973276455181
-0.0633952500212
-0.0833579442965
-0.0928546258649
-0.101315074152
-0.089184649274
-0.066059078887
-0.0258621247475
-0.0878531115075
-0.048230672692
-0.0778538030316
-0.0571842073228
-0.0929359171281
-0.0321477095018
-0.027514694074
-0.0384720252166
-0.101215162706
-0.0439590623171
-0.0439713641933
-0.0658608719015
-0.0158225947935
-0.0167282466035
-0.032351019816
-0.0564920526036
-0.0883721912001
-0.0838785848173
-0.0520261353203
-0.0810459093903
-0.0751202666694
-0.101359368696
-0.0121715963967
-0.0618408572747
-0.0604488338646
-0.0731567447068
-0.0694976648254
-0.0910676461381
-0.101434493359
-0.053013374122
-0.0243567468009
-0.0345624516662
-0.0768104968237
-0.0912736127783
-0.0784839442995
-0.0850655075923
-0.0868171323485
-0.0842089602999
-0.055449585134
-0.0150336879637
-0.00669573123354
-0.0470814858263
-0.0943777346534
-0.0548373020619
-0.0932488866907
-0.0242499386466
-0.0143804162908
-0.0314825425504
-0.0868809458855
-0.0837202949358
-0.0542152607883
-0.0480326178326
-0.0715126959671
-0.0768407226842
-0.0751173862084
-0.1040059288
-0.0371835550483
-0.0829495302463
-0.0401571717474
-0.0988311403957
-0.0511052125479
-0.0844015579747
-0.0717527768257
-0.0672990547513
-0.0644761200196
-0.0735372422907
-0.0795890313335
-0.0835304384921
-0.104070970704
0.000154775139634
-0.0862547180512
-0.0850079173668
-0.069437597121
-0.101729194821
-0.0453942953457
-0.0988493330836
-0.0365563518405
-0.0618326292683
-0.0992893955404
-0.0165441303032
-0.0856149516616
-0.0865408734042
-0.0684723143412
-0.0509681539847
-0.0730125873782
-0.0923961199621
-0.0915304754914
-0.0639157279508
-0.0193721216123
-0.0423018420679
-0.0962980160835
-0.0813350895441
-0.0995901389174
-0.0603279884174
-0.0287158362967
-0.0645248300665
-0.0893134047073
-0.0227198379346
-0.0650085142017
-0.0965311187047
-0.0995847182743
-0.094796908462
-0.0928259901433
-0.0358298507903
-0.0947959595695
-0.0945051381288
-0.0630694900933
-0.0452671806033
-0.0985076958364
-0.0868143583128
-0.0900122050549
-0.100128680763
-0.0914126034287
-0.0856944001978
-0.0911183578938
0.000882971135684
-0.085716741818
-0.0263104757042
-0.0891000631981
-0.081530812058
-0.0872061565119
-0.0936772243777
-0.0252558375531
-0.00467555574678
-0.0982214928885
-0.0902477830568
-0.0957208767111
-0.0812030962107
-0.0479194671402
-0.0699289868982
-0.060620819478
-0.0376745816487
-0.0883140737007
-0.059645587361
-0.0901697929008
-0.0743188754078
-0.0678687609436
-0.0981354114411
-0.0497011144712
-0.098639602958
-0.0763652169359
-0.0506332839539
-0.0884080951485
-0.031501427925
-0.0217213951434
-0.0174029468151
-0.0625468144624
-0.012008035444
-0.0624078427691
-0.062764089024
-0.0306771986612
-0.100445027674
-0.0830431225456
-0.0862986764834
-0.0847824322531
-0.0571150043143
-0.0272752035447
-0.0801401870302
-0.0136622459211
-0.0795855210752
-0.0899714878674
-0.0680571615454
-0.0942679490366
-0.0707383558114
-0.0782235407301
-0.0917316648566
-0.059714303894
-0.0204372836181
-0.0825167524004
-0.062592355564
-0.0668853188043
-0.0435685936205
-0.0855926506346
-0.0872441837393
-0.0683512371734
-0.0525020702008
-0.0989197499287
-0.045841096687
-0.0993476132912
-0.0882431018244
-0.0758680837135
-0.101133797533
-0.0957025202057
-0.080118030958
-0.0762046508499
-0.0710362846865
-0.0996018280466
-0.0666906205105
-0.0979207465566
-0.0905550467898
-0.100863318657
-0.0947834567616
-0.0979951459847
-0.080360409105
-0.0993409126949
-0.0895608165628
-0.0694110014785
-0.0727608245378
-0.0272609181909
-0.053838963023
-0.0884158119048
-0.0742152982489
-0.0845455439343
-0.0261757151327
-0.0800675582543
-0.0403573294273
-0.0796635621267
-0.0781478077659
-0.0769385851037
-0.0938590200748
-0.0858645976656
-0.0687972378002
-0.0714286597273
-0.0572364834476
-0.0539797112876
-0.0925746906232
-0.0733750216137
-0.0675164555921
0.00825787475435
-0.103925007903
-0.0945595959321
-0.0726969536727
-0.0838032699034
-0.037332642806
-0.0511156044783
-0.0789488184003
-0.0581151637946
-0.0769469536104
-0.0920185950051
-0.0116634573304
-0.0601949715759
-0.10186359712
-0.0788503456966
-0.0244791142854
-0.05324602303
-0.0738325674225
-0.00608904153445
-0.0720596502941
-0.0988571243833
-0.0963309313571
-0.095639165127
-0.0777403134515
-0.0769068915614
-0.0687460921187
-0.0975502653692
-0.00704287822063
-0.0804895146356
-0.0817755801335
-0.0749896033866
-0.0974100725726
-0.0871200303358
-0.0806620145373
-0.0875125425826
-0.0692294224582
-0.0905195771056
-0.0798228608
-0.0611318687659
-0.0948495115127
-0.0274593418221
-0.0359762531618
-0.0828975459647
-0.100666465259
-0.0341843998957
-0.100558268949
-0.0729559339952
-0.102321331993
-0.0809604704218
-0.09389172065
-0.0990013321553
-0.0722896262968
-0.0627877421688
-0.0949563424843
-0.0224818475938
-0.0517609994024
-0.103270856516
-0.0859630948703
-0.101700865685
-0.0755096837556
-0.05164351115
-0.0518661147919
-0.0546222091345
-0.0768918274111
-0.0241119593683
-0.104121663992
-0.100242355771
-0.0702492758612
-0.0999648145992
-0.0221480565166
-0.0617465939374
-0.100201242237
-0.101319396093
-0.0501769867393
-0.0724971069989
-0.0776750072848
-0.103109158202
-0.104176997003
-0.0464038832782
-0.0910929021006
-0.00580229036304
-0.103780313726
-0.0672059319629
-0.095644403582
-0.0318003328286
-0.0881166783073
-0.0864381876443
-0.0927656667361
-0.0239741728677
-0.0495353287072
-0.0162970846348
-0.0569127659924
-0.0836696024944
-0.0932804066257
-0.0977354639385
-0.029865313504
-0.068612223442
-0.0315098028876
-0.0771475689751
-0.00310489399728
-0.000661846154498
-0.065176030818
-0.0962981844576
-0.102413900177
-0.0720015899717
-0.0848457449944
-0.0503190428198
-0.050293841973
-0.0572698983693
-0.0979788745622
-0.0807524772544
-0.027865233151
-0.0923608579572
-0.0352871441584
-0.0843082194256
-0.0129763398859
-0.0954875349156
-0.0560467952745
-0.0836143984547
-0.0218180471465
-0.0222494353089
-0.0669251062267
-0.10429278868
-0.103227978521
-0.0663977389693
-0.0713355323073
-0.0862434458283
-0.0891734502661
-0.104000561758
-0.0314547579092
-0.0968601138929
-0.100624141619
-0.101778229434
-0.0699039539099
-0.0947091016006
-0.0999391473839
-0.0418541426189
-0.0455601899705
-0.0465363290352
-0.0974768607416
-0.104010603259
-0.0285308614831
-0.103202872203
-0.104464448316
-0.0480355928238
-0.0584759490712
-0.0755259972268
-0.0795262163945
-0.104339693015
-0.0492373875759
-0.0892415156396
-0.0718377561694
-0.0784628409164
-0.0779149120283
-0.0517872997395
-0.103409156179
-0.0914759508069
-0.0526973041538
-0.100023279245
-0.0994458763361
-0.0949794681944
-0.102862609064
-0.0919521046919
-0.0824558696949
-0.059525028241
-0.0435490188935
-0.0926382847996
-0.0394486078719
-0.103294951617
-0.037029610244
-0.0527154938339
-0.055284272268
-0.05962345826
-0.0819331169819
-0.102842149465
-0.0688557784121
-0.0684894223883
-0.0526090061114
-0.0808933761635
-0.0728667686813
-0.00848370413349
-0.101183988678
-0.0761551641798
-0.0487463457238
-0.0578571355998
-0.0872491343122
-0.0890986446392
-0.0916706639382
-0.0945473474687
-0.103873557588
-0.0954454408759
-0.0808021863981
-0.0445371760465
-0.084138160321
-0.0957004347102
-0.0968747222452
-0.105106754067
-0.086392077607
-0.0883104046922
-0.0908642628288
-0.10148191108
-0.0726321408108
-0.0818422377355
-0.0952532961185
-0.0933267353556
-0.0825793422259
-0.103282280941
-0.0882233364961
-0.0743283040573
-0.0918874802189
-0.0970201060151
-0.0833730074181
-0.102062136162
-0.102684303004
-0.104985798129
-0.0948044283474
-0.0918536560049
-0.0903596047502
-0.0729884455651
-0.102531047659
-0.103809510974
-0.0954490908746
-0.102386182663
-0.103783856135
-0.0894603197208
-0.0608381391738
-0.0981180630795
-0.0742840271536
-0.088507339487
-0.0814513844071
-0.0480984865377
-0.0774209996261
-0.0742243422674
-0.0395775096752
-0.0825628101309
-0.104251076943
-0.0478614919695
-0.0412348042767
-0.104236706759
-0.058809614634
-0.0902191883638
-0.060701921096
-0.0454305261839
-0.103839770712
-0.0597478303837
-0.0635005490958
-0.0785883779735
-0.0943647479768
-0.0903349392249
-0.0905307785936
-0.0718911317827
-0.0750714935729
-0.0766449392303
-0.100707830624
-0.0516144396369
-0.0858566819801
-0.0786202909202
-0.0936369981341
-0.0469228305985
-0.0973557993071
-0.0994089808703
-0.101807450421
-0.102872068512
-0.0984266009932
-0.0938518507126
-0.0716971856644
-0.0973636733435
-0.103169208972
-0.06707473466
-0.094785506859
-0.104623678803
-0.0394037058456
-0.0310849724499
-0.0977032557595
-0.0256974762934
-0.102000001498
-0.0929959716082
-0.0983827251757
-0.0885732767292
-0.10348963099
-0.0770689850875
-0.0944450931463
-0.0899371915265
-0.0962592704354
-0.0548547460706
-0.0596449250846
-0.00635615962921
-0.0848695712594
-0.084805227714
-0.0340845005966
-0.0763975349765
-0.0987854227669
-0.0936878813909
-0.0820804797272
-0.0551136552866
-0.104924371342
-0.0885261329326
-0.0996408623155
-0.0797964863136
-0.0979959981819
-0.054987973671
-0.0761644635794
-0.0794053380119
-0.0920035640502
-0.0781329119407
-0.0273004215427
-0.0947276205382
-0.0792720967367
-0.0580907054235
-0.087693781381
-0.0872583033178
-0.0501452376568
0.00326360597741
-0.0460883296441
-0.056792022637
-0.102048096548
-0.0634320003043
-0.0368590300086
-0.0302821622825
-0.0960068915596
-0.0340378269763
-0.0848531956903
-0.0392642256701
-0.0385442383673
-0.0797518542034
-0.0480540814402
-0.00548672273966
-0.0437347771109
-0.0729219928293
-0.101111406837
-0.0958394481075
0.00402905441377
0.00556079534678
-0.0218975793997
-0.0940390103513
-0.0932382761663
-0.104528524294
-0.0824692860728
-0.0422531169376
-0.094901121383
-0.0472892501333
-0.100967093827
-0.096187353308
-0.071287328031
-0.103109439549
-0.0690598805144
-0.0790842896798
-0.0931198021706
-0.0174158628808
-0.0631465010554
-0.095039747305
-0.1027888109
-0.0731631397744
-0.104872589754
-0.0628146580828
-0.0937052968683
-0.102817457992
-0.102464517384
-0.0700758838946
-0.0409659987734
-0.0719960142918
-0.0557463965016
-0.0703083752079
-0.0737035523899
-0.0969548379228
-0.0653769922872
-0.0720983071625
-0.0881134496972
-0.10449122177
-0.096095609467
-0.0683548599188
-0.0661277389526
-0.0418317404297
-0.0947367435597
-0.0745901997402
-0.0762441056803
-0.0688963426104
-0.0788485130911
-0.0060727183499
-0.0653310590786
-0.0384916073579
-0.0858294922323
-0.0932761953211
-0.101039304391
-0.0687595583363
-0.0696123191186
-0.0414879589159
-0.0795683695828
-0.0931704319436
-0.0577895878922
-0.0520620538614
-0.0681525120194
-0.0916912943954
-0.0788421105656
-0.0679825219794
-0.0672879273666
-0.0824798288554
-0.0832462609511
-0.0962221916065
-0.0950719426697
-0.0776652592246
-0.044686359624
-0.057270229182
-0.0882161781995
-0.0579271361425
-0.0590135983681
-0.0623270751487
-0.0843331797872
-0.0607621061015
-0.0568865364866
-0.0708456341936
-0.0314458061616
-0.101091928935
0.000743970760339
-0.104609211883
-0.082939654591
-0.0551742399138
-0.0984909537149
-0.0537203226659
-0.0969486220058
-0.041315450038
-0.0673726043994
-0.0576826368898
-0.0620597095627
-0.0669085357006
-0.0764121713002
-0.00383207218699
-0.0794717533839
-0.045758672113
-0.0903801916926
-0.0881024706075
-0.0473090348685
0.00473406536159
-0.0880156770392
-0.0803144907698
-0.0692950524188
-0.0567612106123
-0.0969178077323
-0.074325421013
-0.0763545038861
-0.0523359808093
-0.0840268699164
-0.0556263197698
-0.0879808953267
-0.102451929674
-0.0763733010633
-0.0749370008272
-0.0649458446159
-0.0972002933709
-0.0673300682178
-0.0593742707536
-0.0393721652872
-0.0722706157693
-0.0841570701268
-0.0759012538403
-0.103864005334
-0.102717295087
-0.0609187113021
-0.0908480261912
-0.0782294183714
-0.0899355627519
-0.0806754122703
-0.0928889420064
-0.0775216680149
-0.0704463421751
-0.0509282608852
-0.0659111532722
-0.0772857125945
-0.0154921718286
-0.0302538916497
-0.0581394527326
-0.0822908386514
-0.0349267270816
-0.0644130382047
-0.0650446154503
-0.103098959298
-0.0585697100178
-0.104149579833
-0.0753544224462
-0.086251911297
-0.0669734363772
-0.0480244060055
-0.104379079404
-0.0579331644227
-0.0837318399613
-0.0605194609417
-0.0570159025058
-0.0650383294055
-0.0593057139466
-0.0538305101533
-0.0413653843416
-0.0650920146262
-0.0945925403386
-0.0724936271377
-0.0819126148853
-0.0787527228196
-0.0940763043949
-0.0407961984631
-0.031420436896
-0.0689986000974
-0.0710096923301
-0.0633216891262
-0.0982960955562
-0.0905891631547
-0.0913279840222
-0.0856364845092
-0.10349685644
-0.0277030351648
-0.0815491007509
-0.0631254839705
-0.0688985507825
-0.0975872453209
-0.0510089528249
-0.102654637856
-0.0867121050789
0.00277013635254
-0.0022672239579
-0.00150549350245
-0.0585099029424
-0.103318527183
-0.0920067724759
-0.0570034069689
-0.065641333121
-0.0802642221377
-0.0497633734186
-0.070367936812
-0.0963277437229
-0.0502461109552
-0.0630484221106
-0.0700152705379
-0.0527575121542
-0.0329800688771
-0.0717842674982
-0.0867675366804
-0.0659819852909
-0.0310774215978
-0.10368415352
-0.0559812965301
-0.0660571483032
-0.0722247820431
-0.0650632234514
-0.077770042329
-0.0539839496475
-0.0611987147829
-0.0986708957314
-0.046889838469
-0.0831192392184
-0.0868042271864
-0.0874358782392
-0.0855259656914
-0.0689144289237
-0.103186725685
-0.085934820395
-0.0741537288957
-0.0820860069891
-0.0780112815583
-0.0734266067131
-0.0724927390762
-0.0289220366688
-0.0930597292623
-0.0303021940599
-0.0291153478226
-0.0327437313475
-0.0630873794325
-0.0568267320733
-0.0630181361059
-0.01915464417
-0.00391039488541
-0.093271463719
-0.0896124288062
-0.051330515361
-0.0794574777886
-0.0291356872706
-0.0311536289331
-0.0741844618109
-0.0912223653288
-0.0503424830969
0.000785132818302
-0.0892292113479
-0.0766548948029
-0.0826490326885
-0.020069270549
-0.0548372021475
-0.0669099123606
-0.090285641557
-0.0750094741233
-0.0767781226162
-0.0460551623272
-0.0746450828749
-0.0893915123326
-0.103798165204
-0.087685995515
-0.013196584209
-0.0270174277712
-0.0913630309633
-0.0574219754874
-0.0804493609667
-0.0365596729228
-0.0136667426043
-0.086510164507
-0.0535380351043
-0.0622272496039
-0.0915420039065
-0.0379423814494
-0.0743866153909
-0.0301743929414
-0.0804128849051
-0.0900576686958
-0.0550732792291
-0.0831127117222
-0.0485401992895
-0.0975102680395
-0.0925604610859
-0.066074398274
-0.0741380413979
-0.0645186119342
-0.098938912938
-0.0725330944995
-0.0608039337021
-0.0813757825446
-0.0362650905791
-0.0416146573217
-0.0785149747042
-0.085838927768
-0.0596464310075
-0.0786833597814
-0.0836775335317
-0.088616471089
-0.0548442311839
-0.0437516740878
-0.0265353508231
-0.0737212006007
-0.072755151755
-0.0752904743299
-0.051179476881
-0.0921369499483
-0.0794367141586
-0.0020532384268
-0.0540062446061
-0.0859858528602
-0.0546153085837
-0.0548595047244
-0.0872424429727
-0.0810757551586
-0.0069224952948
-0.103581170656
-0.0939379357849
-0.0779106293793
-0.0691233009119
-0.0774649013048
-0.0853627619799
-0.0893147940156
-0.101926280835
-0.0555545279754
-0.00753893781033
-0.0174200651591
-0.0783471194337
-0.0103506800769
-0.0562222840884
-0.0524211564922
-0.0828221011028
-0.0687556826222
-0.0652799776697
-0.0508035349018
-0.0932037600771
-0.0691426349424
-0.0507502739992
-0.0421062407726
-0.037139163621
-0.0143741788816
-0.0456945551251
-0.0923854165888
-0.0258728780089
-0.0523802694873
-0.0271615392891
-0.0336162292796
-0.0543910420719
-0.0484313937595
-0.0745406217739
-0.0896380078333
-0.0854201831028
-0.0293006019977
-0.0869366218654
-0.0862837704348
-0.0624593683224
-0.0930738710625
-0.0300394482078
-0.0390828597295
-0.0253184595625
-0.0739489636916
-0.0746944226703
-0.059817321368
-0.0566846530914
-0.0657489908621
-0.10240700229
-0.00203093479769
-0.0861130839402
-0.0459726581613
-0.0873373106871
-0.0142639488743
-0.02516394326
-0.0623891509282
-0.0170198583344
-0.0608645389242
-0.0662363163669
-0.0233641296734
-0.04961528462
-0.087326360171
-0.0933593023718
-0.0399146905296
-0.0928219224551
-0.0913606675822
-0.0858861497864
-0.012537351146
-0.085964418298
-0.0850255659802
-0.0773151428963
-0.0655464272473
-0.0716644852436
-0.0178945487963
-0.0577530402283
-0.100069643853
-0.0794347891485
-0.0868366221417
-0.068589759892
-0.0323350148666
-0.074425444425
-0.0902046104585
-0.0401092051195
-0.0351223296125
-0.101946762343
-0.069061724746
-0.0613567489558
-0.0628808694722
-0.0933086079501
-0.0679693849983
-0.0395951805233
-0.104425142897
-0.0816431042191
-0.0611388032775
-0.0830789803665
-0.08910112844
-0.0587454388234
-0.0893524546395
-0.0766830593838
-0.0836874118742
-0.0768962731225
-0.0615472484673
-0.0716568440142
-0.0553142565442
-0.101935361628
-0.0787674591
-0.0645277206388
-0.0153018317885
-0.0177024717365
-0.0820824227639
-0.0125324560475
-0.0999578250613
-0.00243647384896
-0.00770350898967
-0.0547094494524
-0.0194052821635
-0.0626496227746
-0.0823684475236
-0.0854074432618
-0.0778457355191
-0.00852644724942
-0.0603276587844
-0.0668015287244
-0.101846725037
-0.0824003964677
-0.00747547372621
0.000125355265373
-0.0869329556765
-0.0705402734784
-0.0846220579247
-0.0735847439418
-0.0626002863662
-0.0598954516335
0.000654328983454
-0.0221037895964
-0.0551524706244
-0.08719839226
-0.0724243054241
-0.00707685412203
-0.0121343568356
-0.102546317442
-0.0705729552653
-0.00870056784576
-0.0642191133151
-0.0995631284188
-0.0982064181081
-0.0866784528036
-0.0684406392396
-0.0834765110106
-0.0825905425898
-0.06840668768
-0.074071554274
-0.018148718128
-0.0293995185821
-0.0847060919231
-0.0505288556129
-0.00233313620866
-0.0718751562848
-0.0733444970343
-0.105065503699
-0.00121176381506
-0.0640816817027
-0.0660347147742
-0.077477020924
-0.100842968211
-0.102064072736
-0.0643319710011
-0.0982939335527
-0.104370004784
-0.0402143209669
-0.0208567874583
-0.0145457626113
-0.078366444584
-0.0929691256409
-0.0789578011663
-0.0888475190743
-0.0902972184031
-0.0750239824408
-0.0793824629991
-0.0140259164106
-0.10528166139
-0.0670219537975
-0.0387824874021
-0.0851950467831
-0.0860172931734
-0.0674565147013
-0.0847334405456
-0.0526087576214
-0.0704945088189
-0.0126473089965
-0.0805439534212
-0.0842881783827
-0.0797523048661
-0.0993819898931
-0.0901548269958
-0.0779183794453
-0.0819290558693
-0.0784369242328
-0.103433336593
-0.0755391492503
-0.0997894375419
-0.0664978785866
-0.0873041106086
-0.0748787326391
-0.0817182848251
-0.0112196783139
-0.0903418475333
-0.0400853317793
-0.0691984376892
-0.000584869948096
-0.0556115950404
-0.09601211558
-0.0826369862663
-0.0830798986833
-0.0721821900181
-0.102364542256
-0.0863033664022
-0.00371717155954
-0.0726009242003
-0.0970974874346
-0.0135569293735
-0.0655511221646
-0.0468299918267
-0.0720823686507
-0.0462286375092
-0.0479196511075
-0.0707874269768
-0.073407896475
-0.0786269177126
-0.0621292413532
-0.0537464268509
-0.0488235182618
-0.0477820610014
-0.0786490718425
-0.0463385730045
-0.104926640759
-0.103605169961
-0.104903889305
-0.100875585479
-0.0606157373456
-0.104847530424
-0.0966569256478
-0.104314449637
-0.0830464340814
-0.0539517353098
-0.0908647321676
-0.0155584561957
-0.0739830382545
-0.102750729619
-0.10401748836
-0.0561657605286
-0.0228264589458
-0.0709713563556
-0.0834361862644
-0.0868822823321
-0.019113597978
-0.00181985362594
-0.082520448938
-0.0450974448106
-0.103297530049
-0.0460734437891
-0.0318904229049
-0.081508425109
-0.0332188411055
-0.0389336894856
-0.0340388592204
-0.0685250441744
-0.0317273732489
0.000155995176179
-0.0347859306396
-0.0562493831786
-0.0285021420892
-0.0546892839038
-0.0479997857175
-0.0394067819999
-0.0498225311999
-0.040018661088
-0.0426729248739
-0.0437635570061
-0.0412198371628
-0.0423498959731
-0.0440528759537
-0.0703053478373
-0.0373211466185
-0.0684003599861
-0.0332196836512
-0.0231927050537
-0.0408928864214
-0.0355716939624
-0.0286553020776
-0.0417087746133
-0.02747770537
-0.0262674638382
-0.0225855763325
-0.0201011417356
-0.0137439852915
-0.0154511274974
-0.0173970060532
-0.0311092530104
-0.00829411595617
-0.0111943436014
-0.0542264412255
-0.0394185781377
-0.00700738573849
-0.0012221203747
-0.0378712657974
-0.0725899563515
-0.0682643777234
-0.0494632016494
-0.0447636501035
-0.0668594424431
-0.0684791474443
-0.0405918507652
-0.0251486719027
0.0182120245332
0.00791166508008
-0.000684457335
0.00340287222496
0.00568301456745
-0.00185081792604
-0.0764464942422
-0.0607931372472
-0.0058074248289
-0.0277350384633
-0.0385772999184
-0.0626227793548
-0.0259395254355
-0.0365928755929
-0.00337695225609
-0.0448948828879
-0.0427800989418
-0.000968932959975
-0.0582115117963
-0.0754440792586
-0.054162899867
-0.057734475129
-0.0433039972859
-0.0475637759248
-0.0656209258934
-0.0460858363636
-0.0357771872205
-0.0535833470456
-0.0645959080566
-0.0235896903426
-0.00974540792768
-0.0656191597155
-0.00554257904185
-0.0120687857574
-0.0317558196047
0.00165471190056
0.00395397707567
-0.0570120999891
-0.0780800521753
-0.0768631571454
-0.0706333086708
-0.0504928133735
-0.0450322519827
-0.0594418197387
-0.0533058938041
-0.0738986133885
-0.0186754547367
-0.0744190222484
-0.0397524773104
-0.0604406981842
-0.0714748944069
-0.0729517197795
-0.0767286935391
-0.0222002394442
-0.0175567761208
-0.0331335905286
-0.0208276054123
-0.018564339302
-0.0162187414157
-0.068911423871
-0.00972599019165
-0.00471445756908
-0.0598390273603
-0.0566631127509
-0.0623994364427
-0.0708298036921
-0.068667143017
-0.0556237402807
-0.00971797092314
-0.0653138283407
-0.0270725314208
-0.0510393462256
-0.0459212585809
-0.0254991004721
0.00333251507505
0.00503647152821
0.000696686962085
0.000557179018394
-0.0159441523875
-0.0762356369973
-0.0053839026318
-0.0475892001626
-0.0449141783508
-0.0290141531515
-0.031153009383
-0.0117615345029
-0.0529413590084
-0.0112338394909
-0.0407807951793
-0.0163963716234
-0.00519893036766
-0.00305693466804
-0.00168294973316
-0.0476468273787
-0.0173900208134
-0.0292796574958
-0.00443437428394
-0.0242334650135
-0.0179856940344
-0.0375874629315
-0.0568374603806
-0.0229341149384
-0.0531184434691
-0.0550897283012
-0.053154765523
-0.038708096824
-0.00138806400081
0.00292620298944
0.00397083742631
-0.00299548789894
0.0210032798373
0.0188132484806
-0.000138950001889
-0.000701797615285
-0.00614850796799
-0.0125121485053
-0.0368175928033
-0.062296310683
-0.0165566300172
-0.0254705899036
-0.0704468062375
-0.0429836472694
-0.00724201395902
-0.0463727391605
-0.060347236404
-0.0262438539658
-0.040696024841
-0.0397402106607
-0.0602120995891
-0.0382662323007
-0.0485846554822
-0.0492199142135
-0.0519350736958
-0.0497878129756
-0.0691826756219
-0.0755138400477
-0.0058447833532
-0.0431785568782
-0.0149961093938
-0.0162913973792
-0.0368887948448
-0.013722761774
0.0021324069601
-0.0669933372061
-0.0792973641169
-0.0662325549987
-0.0479152811929
-0.0394174900411
-0.0591274745766
-0.0271519206311
-0.0731023056152
-0.0420841847611
-0.0723298125124
-0.0632767456742
-0.0045162291736
-0.0733438390966
-0.045938585438
-0.0755375100187
-0.000919397853132
-0.0773045178954
-0.0720395678154
-0.0692711440319
-0.0720151584019
-0.074312512558
-0.0564931170805
-0.0628743016428
-0.0228997040497
-0.0218919454039
-0.0227778475006
-0.0259439831809
-0.0213062957762
-0.0194230619026
-0.065562826337
-0.0066779692177
-0.0350252379742
-0.0563231536327
-0.0527631929425
-0.0357340590198
-0.0160574166329
-0.00333912295556
-0.0624220417726
-0.0296764809486
-0.0714865635083
-0.0197980218307
-0.0441486610539
-0.0355341423048
-0.0278715341322
-0.0625947295792
-0.0272379400287
-0.0211874366926
-0.0483167012032
-0.0727769298955
-0.00660088594852
-0.00861857311817
-0.0371679533935
-0.0464309348546
-0.047835595807
-0.0278742159094
-0.0366078663617
-0.0201063901954
-0.0467731942802
-0.00503055251493
-0.0400214532901
-0.0420933209872
-0.0266787687719
0.000412188421422
-0.0683347721473
-0.0668320464392
-0.0217399640038
-0.0279981390515
-0.0383972533944
-0.009727152452
-0.0373340883681
-0.00232169293593
-0.00294550617234
-0.00564299737091
-0.0498588610143
-0.0479911947587
-0.024567477777
-0.0738124503661
-0.0594449832281
-0.00384620595304
-0.0317425911343
-0.0444674778621
-0.0563695750521
-0.0455931746796
-0.0279605610308
0.0113647294918
-0.000250243899561
0.00192611318688
0.00634384011835
-0.0664848291309
-0.0503462989917
-0.0444249173183
-0.0577755122332
-0.0754956425965
-0.0364646419161
-0.0360525665853
0.00631197647358
0.000415716978314
0.00808816350824
-0.000281976503058
-0.0136337087287
-0.0433094849367
-0.0643430393748
-0.0133749916993
-0.0660374453709
-0.0683337217491
-0.0298261050847
-0.0381132767823
-0.016190912822
-0.0655960493418
-0.0624699150872
-0.0620285435212
-0.0443878109363
-0.0129617891078
-0.0169169029101
-0.0130711354224
-0.0207574394807
-0.0174123468602
-0.0683613992363
-0.0509562828101
-0.0704497662756
-0.0723941184192
-0.0724478930666
-0.0607123122128
-0.0409535937039
-0.0197584260811
-0.00143528242705
-0.0704988220206
-0.068589714031
0.0053776563961
-0.0291157610929
-0.0213015082031
-0.0353595345778
0.00366597734175
-0.000291524448334
0.000947248578908
0.00585184333837
-0.0276580316843
-0.0693052576371
-0.0633556473562
-0.0550072132427
-0.0479239586419
-0.0306854597891
-0.0734126197797
-0.000538693241806
0.00183605501932
-0.0121059786458
-0.0407867434813
-0.0622495447997
-0.0593950561194
0.000880455235817
-0.00158881295206
-0.0569217929187
-0.0509134634758
0.00730145361884
0.0069451453919
-0.0303204305813
-0.0134814123335
-0.0377094122077
-0.0380561923985
-0.0344655167304
-0.0103608120256
0.0232180997857
-0.00811777059147
-0.0620301547683
-0.0573585711843
-0.0059671940187
-0.0037004132324
-0.0466360787978
-0.0451657719876
0.00756907246203
0.00375085194006
-0.0257717742401
-0.029114441815
-0.041959630146
-0.0438136286027
-0.0309948712038
-0.0209817730619
-0.0250274811146
-0.0171406931365
)
;

boundaryField
{
    bottomWall
    {
        type            zeroGradient;
    }
    leftWall
    {
        type            zeroGradient;
    }
    rightWall
    {
        type            zeroGradient;
    }
    movingTop
    {
        type            zeroGradient;
    }
    front
    {
        type            empty;
    }
    back
    {
        type            empty;
    }
}


// ************************************************************************* //
