/*--------------------------------*- C++ -*----------------------------------*\
  =========                 |
  \\      /  F ield         | OpenFOAM: The Open Source CFD Toolbox
   \\    /   O peration     | Website:  https://openfoam.org
    \\  /    A nd           | Version:  14
     \\/     M anipulation  |
\*---------------------------------------------------------------------------*/
FoamFile
{
    format      ascii;
    class       volScalarField;
    location    "6.2831853071795862";
    object      phi;
}
// * * * * * * * * * * * * * * * * * * * * * * * * * * * * * * * * * * * * * //

dimensions      [];

internalField   nonuniform List<scalar> 
1600
(
1.5321221858e-06
8.00842366338e-06
2.29120296041e-05
4.78378248571e-05
8.15502993373e-05
0.000120487027369
0.00015999317706
0.000195542765992
0.0002235595608
0.000241788223513
0.000249331019821
0.000246489412112
0.000234511667646
0.00021530339097
0.00019113051946
0.000164334683791
0.000137080837863
0.000111158069444
8.78511689015e-05
6.78915573446e-05
5.14499983209e-05
3.85105912158e-05
2.87663950193e-05
2.16508921585e-05
1.65289084252e-05
1.28226241718e-05
1.00741461899e-05
7.95914877567e-06
6.27024694618e-06
4.88695535802e-06
3.74437655081e-06
2.807513289e-06
2.05372721917e-06
1.46294549713e-06
1.0137370496e-06
6.83010266324e-07
4.47392855897e-07
2.84974607684e-07
1.78373400775e-07
2.52775532644e-07
1.94292005335e-06
9.33278948587e-06
2.46209578004e-05
4.77190384051e-05
7.61505773055e-05
0.000106310822454
0.000134700009067
0.000158617556484
0.000176344955809
0.000187048213409
0.000190600190207
0.00018742222036
0.000178363548033
0.000164598863052
0.000147519394019
0.000128605666007
0.000109287089782
9.08067335263e-05
7.41150414672e-05
5.98226527009e-05
4.87707399491e-05
4.08427509812e-05
3.52163075654e-05
3.12661365176e-05
2.84565222029e-05
2.63020285211e-05
2.43867242936e-05
2.24056868395e-05
2.01941330339e-05
1.77262524739e-05
1.50844056294e-05
1.24114175252e-05
9.86189334531e-06
7.56483945773e-06
5.60320482348e-06
4.00968869206e-06
2.77422939143e-06
1.85754840111e-06
1.2195631532e-06
1.87724264408e-06
4.20595487706e-06
1.90749275835e-05
4.77189146601e-05
8.82374159149e-05
0.000135249417035
0.000182608232414
0.000225245224581
0.000259774353282
0.000284329905229
0.000298174264738
0.00030137422373
0.000294619260486
0.000279135962874
0.000256621892182
0.000229139657209
0.000198947444222
0.000168277906325
0.000139103310914
0.000112936135038
9.07178539912e-05
7.32382779444e-05
6.06262030843e-05
5.22552648018e-05
4.73478287203e-05
4.50127591335e-05
4.4292647559e-05
4.42360085883e-05
4.39974217066e-05
4.29435097547e-05
4.07289302605e-05
3.73139723212e-05
3.29176947003e-05
2.79240686578e-05
2.2771935608e-05
1.78590768017e-05
1.34798552605e-05
9.80160020545e-06
6.87417210112e-06
4.72460246795e-06
7.90320188229e-06
8.92993476791e-06
3.81014847638e-05
9.01956475789e-05
0.000159019385176
0.000234312979102
0.000306620944649
0.000369394572502
0.000418912183994
0.000453395039282
0.000472220516213
0.000475520357324
0.000464099050739
0.000439495318441
0.000404024075695
0.000360696239098
0.000312981942105
0.000264444124641
0.000218315705922
0.000177117239756
0.000142420501485
0.00011542860552
9.62400083572e-05
8.38404928746e-05
7.70532016858e-05
7.45938499653e-05
7.50985853957e-05
7.7155825446e-05
7.93787003563e-05
8.0532016562e-05
7.96885385979e-05
7.63600919757e-05
7.05491845372e-05
6.26960756222e-05
5.3536779924e-05
4.39179893338e-05
3.46230054721e-05
2.624960047e-05
1.91600340399e-05
1.37198171838e-05
2.47952429598e-05
1.85277698112e-05
7.40250350988e-05
0.000165315406615
0.000277516182157
0.000393205123106
0.000499554329934
0.000589407368683
0.000659459737735
0.000708260228926
0.000735091398707
0.000739719886334
0.000722646861306
0.00068549040794
0.000631239413546
0.000564232108428
0.000489814051873
0.000413722821745
0.000341326443068
0.000276895471681
0.00022311816279
0.000182012250975
0.000153724905983
0.000136492666975
0.000128247165979
0.000126783701907
0.000129881689716
0.000135375745718
0.000141207557848
0.000145506249422
0.000146726552848
0.000143825988362
0.000136416657914
0.000124816834645
0.000109960556399
9.31800102843e-05
7.5923818186e-05
5.94918771481e-05
4.48619556254e-05
3.32730623646e-05
6.4377558384e-05
3.75440566457e-05
0.000139744128842
0.000293513184067
0.000468703821032
0.000639229714201
0.000790502589797
0.000916702286331
0.00101588390797
0.00108678786759
0.00112780919294
0.00113735053491
0.00111474062522
0.00106116255949
0.000980258793485
0.000878224605588
0.000763318445197
0.00064484399739
0.000531798189029
0.000431502162591
0.000348625213306
0.000286617642139
0.000245780181293
0.000223125184685
0.000215033186008
0.000217581750274
0.000226849070937
0.00023915499507
0.000251217287191
0.000260242986569
0.000264009445209
0.000260981001447
0.000250454102351
0.000232664304771
0.000208769108412
0.000180658123607
0.000150613901831
0.000120910520429
9.34881555531e-05
7.13720085451e-05
0.000146222444112
7.42579978977e-05
0.000256059899008
0.000504312785404
0.000765809196173
0.00100733071968
0.00121694509291
0.00139308370266
0.00153570869153
0.00164269011083
0.0017097839749
0.00173221126129
0.0017066164252
0.0016327948641
0.00151484728922
0.00136151504373
0.00118553774625
0.00100203545549
0.000826163938347
0.000670573298996
0.000543464758736
0.000450801796207
0.000393213775669
0.000365659889082
0.000361833625669
0.000374757862754
0.000397396468222
0.000423220291382
0.000446641255725
0.000463257818759
0.000469929639255
0.000464764535946
0.000447102477627
0.000417516011025
0.000377766867856
0.000330628610389
0.000279529184453
0.000228056012002
0.000179510843018
0.000140198855917
0.000300516129082
0.000143268483745
0.000454884871185
0.000837773624238
0.00121040944656
0.00154050057707
0.00182658695237
0.00207428351859
0.00228459072633
0.00245191559517
0.00256636495237
0.00261713006923
0.00259577419483
0.00249903612867
0.00233086341276
0.00210329474504
0.00183579894171
0.00155286340226
0.00128004585295
0.00103931590527
0.0008452082278
0.00070812408269
0.000629351146473
0.000600342500365
0.000610055708617
0.00064605321527
0.000695693057681
0.000747298237309
0.00079112796569
0.00081998038475
0.000829357005836
0.000817268091685
0.000783862201178
0.000731053137842
0.000662208218121
0.000581840453607
0.000495202824739
0.000407742336286
0.000324636515777
0.000257888847281
0.000571294428067
0.000269440479731
0.000782484017532
0.00134448843905
0.00185141955116
0.00229031843462
0.00268028355554
0.00303498328003
0.00335299962917
0.00362080850242
0.00381852266484
0.00392525314985
0.00392382636888
0.00380502037703
0.0035710795808
0.00323781828687
0.00283441597021
0.00240016299255
0.00197805756518
0.00160638378731
0.00131111655306
0.00111056804035
0.00100730808099
0.000986717852443
0.00102928758161
0.00111271946521
0.0012142774964
0.0013131284773
0.00139231225344
0.00143999143173
0.0014497893221
0.00142028416108
0.00135396930795
0.00125608311456
0.00113361105128
0.00099454420386
0.000847290248496
0.000700091704479
0.00056072742339
0.000450757855104
0.00101967951653
0.000493576066508
0.00130163912226
0.00208322334722
0.00274325543526
0.0033183781949
0.00385646185169
0.00437521276813
0.00486412463752
0.00529568009637
0.005634520503
0.0058442067873
0.00589328553261
0.00576152699689
0.005445996042
0.004965697826
0.004363001311
0.00369998267277
0.00304858128382
0.0024756563176
0.00202802525621
0.00173827096315
0.00161141158847
0.00162214957122
0.00173564095335
0.00191164266243
0.00210923362412
0.00229147033808
0.00242919988545
0.00250336836987
0.00250550204382
0.00243649832189
0.00230428722996
0.00212113979345
0.00190131159191
0.00165937404433
0.00140919688939
0.00116332598973
0.000933162889061
0.000755823032567
0.00172636123239
0.000879974840536
0.00209095674631
0.0031157563326
0.00394422947393
0.00469942949954
0.00545689597618
0.00622734424286
0.00698211114499
0.00767308954809
0.00824318538257
0.00863312078169
0.00878875291177
0.00867024325443
0.00826241394857
0.00758423791073
0.00669432632651
0.0056885382693
0.00468610313194
0.00380387504908
0.00312699704032
0.00271415862473
0.00257496694494
0.00266499071514
0.00292126804591
0.00327073427892
0.00363982585909
0.00396367146604
0.00419320613578
0.00429902467946
0.00427160313336
0.00411837314669
0.00385879502425
0.00351886850957
0.00312636412445
0.00270752222408
0.0022852928415
0.00187871428579
0.0015041281365
0.0012232114107
0.00279210108606
0.00152554402045
0.00323908601608
0.00449964755599
0.00551686782663
0.00652644070168
0.0076126880377
0.00876215720066
0.00991928529406
0.0110097619818
0.0119479197056
0.0126418963501
0.0130023066541
0.0129556400655
0.0124613181978
0.0115296074435
0.0102356520949
0.00872262852778
0.00718518737268
0.00582724396351
0.00480506914904
0.00422589471748
0.00410775106678
0.00437115281822
0.00490096942319
0.00556402560479
0.00622872376032
0.00678288830251
0.00714643902755
0.00727700940956
0.00716850013713
0.00684411935096
0.0063463603835
0.00572654181182
0.00503606301838
0.0043205912983
0.00361730386698
0.00295450941728
0.00235491347952
0.00191777055698
0.00433460633835
0.00256917684408
0.00483192944585
0.00628144841359
0.00753166224225
0.00891637625844
0.010488240727
0.0121920222607
0.0139407836569
0.0156306041598
0.017139742834
0.0183308827057
0.0190614350165
0.0192025137997
0.0186655122294
0.0174333403701
0.0155903417865
0.0133400327176
0.0109927291587
0.00890221550968
0.00735785909796
0.00655889217886
0.00653842427673
0.00715111185683
0.0081840745567
0.00939444831825
0.0105492403876
0.0114589184588
0.0119984512297
0.0121135463965
0.0118137593492
0.0111566969338
0.0102283984827
0.00912448685073
0.00793536587619
0.00673703984271
0.00558744278748
0.00452702418705
0.00358587470266
0.00291892991406
0.00647991168254
0.00419867491379
0.006932733539
0.00849447203313
0.0100741326907
0.0120137224167
0.014280557872
0.0167693841888
0.0193648554241
0.0219325094276
0.0243062383428
0.0262871211619
0.0276553346328
0.028195386003
0.0277346831186
0.026193775562
0.0236425961117
0.0203490153257
0.0167895606364
0.0135698749046
0.0112296561933
0.0101466007588
0.0103800750094
0.0116576986983
0.0135822557086
0.0157127769028
0.0176439483172
0.0190661874446
0.0197966710438
0.0197809515506
0.0190719297117
0.0177961993966
0.0161175215401
0.0142048326058
0.0122091231524
0.0102505684509
0.00841487443253
0.00675644141837
0.00531242069069
0.00431774103069
0.00934665566076
0.0066506707423
0.0095587736749
0.0111652304264
0.0132520266182
0.0159878282125
0.0192118943539
0.0227792470519
0.0265567711837
0.0303804897584
0.0340313924741
0.0372306050677
0.0396516928928
0.0409511948311
0.0408200775245
0.0390578715319
0.0356673648192
0.0309581514113
0.0256198989665
0.0206621333452
0.0170939899864
0.0156496615396
0.0164333298558
0.0189211172516
0.0223674974618
0.0259803522401
0.0290734690931
0.0311653364552
0.0320149967827
0.0316040255054
0.0300838039861
0.0277088970813
0.0247732662483
0.0215597345121
0.0183071146463
0.0151948172175
0.0123417171294
0.00981489567827
0.00765551219709
0.00621022294747
0.0130225592008
0.0101972763352
0.0126639114471
0.0143293328488
0.0171964365111
0.0210211905969
0.0255153910871
0.0305247490668
0.0359136467718
0.0414914390723
0.0469794260993
0.0520010643447
0.056091483702
0.0587298760724
0.0594016287942
0.0576977793523
0.053457744037
0.0469552739346
0.0390977249449
0.0314870183027
0.0259933657933
0.0240899729659
0.0259588297015
0.0305644221047
0.03650454195
0.042383257176
0.0470852162612
0.0499145477814
0.0506096457392
0.0492711072431
0.0462466145702
0.042009819172
0.037057556957
0.0318369027555
0.0267038444253
0.0219093545656
0.0176056367361
0.0138652267144
0.0107259284872
0.00868681021212
0.0175340585944
0.0151124685308
0.0161416835357
0.0180506142972
0.0220502738653
0.0272890691633
0.0334148062433
0.0403047871874
0.0478369892044
0.0558002731748
0.0638547196759
0.0715135914648
0.0781448728384
0.0829993512817
0.0852770418459
0.0842470065442
0.079438512982
0.0709264877026
0.0597265516646
0.0481703346585
0.039609239244
0.0371109167598
0.0410066287073
0.0491826552132
0.0590091948282
0.0681063959214
0.0747747459508
0.0781233885381
0.0779905213418
0.074753709722
0.0691092982335
0.061873738543
0.0538338756166
0.0456531817806
0.0378284006877
0.0306850622717
0.0243986936043
0.0190308308212
0.0146030906587
0.0118188881698
0.022812175598
0.0216128744316
0.019864781697
0.0224292527574
0.0279421935552
0.0349344790305
0.0430996690849
0.0523824136226
0.0626902884777
0.0738042286605
0.0853308967881
0.0966715407045
0.107009309619
0.115325028481
0.120457838119
0.121233287808
0.116689333465
0.106450276423
0.0913420126983
0.0742978883849
0.0608556167836
0.0575773788594
0.0651449666172
0.0790678936795
0.0944999748833
0.107634149157
0.116152804782
0.119152364172
0.116826804384
0.110077520676
0.100148196494
0.0883369983841
0.075803722809
0.0634661208318
0.0519673682212
0.0416929309408
0.0328163978556
0.0253600412248
0.0193113324767
0.0156449601926
0.0286597244933
0.0297730700259
0.0237684962714
0.0275823967276
0.0349527176754
0.0440437334174
0.0546962841078
0.0669434959561
0.0807412888427
0.0958843810597
0.111946145099
0.128229604779
0.14373489602
0.157155051619
0.166920177749
0.171318915686
0.168736863264
0.158079048857
0.139534265272
0.116018441242
0.095334463967
0.0911060208977
0.105075611817
0.127418899535
0.14978272811
0.166798421853
0.17585789672
0.176473274261
0.169579276913
0.156895330227
0.140409962586
0.122016119235
0.103294363893
0.0854192527211
0.0691551238862
0.0549080289816
0.0428060265795
0.0327917629265
0.024798783335
0.020160860988
0.0347258535624
0.0394254798608
0.0279641153411
0.0335926038469
0.0430859755047
0.0546249954561
0.0682347606771
0.0840477139669
0.102092662795
0.122209037932
0.143969633626
0.166610714124
0.18897629156
0.209489428767
0.226173821754
0.236760548426
0.238927248077
0.230742332165
0.211479284538
0.183278522406
0.154800670014
0.149757407089
0.173201401223
0.205035003156
0.233267839219
0.251664928088
0.257974245637
0.252629043503
0.237667645596
0.215858828722
0.190057508898
0.162790653191
0.136043668246
0.111199838146
0.0890819461444
0.0700514035897
0.0541307339704
0.041134688834
0.0309310817774
0.0253322892776
0.0404857729939
0.0500683617419
0.0328358484693
0.0404475400313
0.0522574371
0.0665885637165
0.0836143010324
0.103577785861
0.12660979097
0.152630956976
0.181255126846
0.21169775068
0.242696838416
0.272460488886
0.29866843086
0.318571517772
0.329251773996
0.328137766343
0.313965485122
0.288712770966
0.261980290511
0.259352550886
0.287073902394
0.32167865473
0.349664270386
0.363946418647
0.362524240011
0.346764823365
0.319860601875
0.285657902612
0.247866093246
0.209599063577
0.173177574957
0.14011472051
0.111213563768
0.0867203803946
0.0664948114777
0.0501960995719
0.0377207979083
0.0316796219749
0.0448760051657
0.0612511763525
0.0383876235758
0.0479085864873
0.0622203288902
0.0796431775237
0.100473983032
0.125085792862
0.15374304522
0.186488443743
0.223026960434
0.26261378752
0.303954903237
0.345136104578
0.383613529537
0.41632241122
0.439990595546
0.451789841654
0.450541084652
0.438771006552
0.425541000483
0.427426181254
0.449292147143
0.476360287987
0.495587726378
0.499090101409
0.484723783905
0.45443343218
0.412322987711
0.363152429923
0.311362913155
0.260553248859
0.213290245475
0.171138534689
0.134815015011
0.104398622015
0.0795581126757
0.0598383921761
0.0453768876008
0.0393253126006
0.0470021680088
0.0727095596192
0.0440416977906
0.0556122059148
0.0725779753469
0.0932898321906
0.118177929381
0.147763552061
0.182473527126
0.222512723283
0.267729811684
0.317487142684
0.370545341999
0.42497994566
0.478166981769
0.526902224458
0.567748019512
0.597722851941
0.615426987812
0.622508850429
0.624746907936
0.630777259322
0.644070762092
0.657716786981
0.661678340193
0.648816534596
0.617218625343
0.569264197633
0.509708593201
0.443989761772
0.377097851305
0.31298103037
0.254352832217
0.202757730874
0.158777776342
0.122300949229
0.0928242030876
0.0698746630487
0.0538660036213
0.0472437287685
0.0467088922695
0.0838151630836
0.0495174423387
0.0632092577369
0.0828789102959
0.106941792645
0.135960525755
0.170610151374
0.211495102385
0.259008576339
0.313180509253
0.373530447254
0.438938424105
0.507550662001
0.576754962869
0.643286040265
0.703538409577
0.754151813099
0.792853397212
0.819331812091
0.835553740501
0.844620353961
0.849316023602
0.847754180689
0.833425037245
0.801214083466
0.750136110603
0.683119426937
0.605412372003
0.522912315972
0.440969148066
0.363743026848
0.294005427614
0.233231313428
0.181851931507
0.139583940947
0.105814618943
0.0801035449181
0.062780368969
0.0541049269735
0.0441957303061
0.0938257577599
0.0544941712001
0.0702880428971
0.0925876913553
0.119902274433
0.152911034237
0.192430261629
0.23923715018
0.293917371027
0.356694281552
0.427263009261
0.504645930611
0.58708378988
0.67198928762
0.756010451233
0.835260433755
0.905746560185
0.963955246099
1.00741478125
1.03490865551
1.04600023424
1.04307577657
1.02715939469
0.994732216375
0.943130201579
0.872786969487
0.787361032424
0.692525932695
0.594473588793
0.498752635848
0.409619444769
0.329839975044
0.260802818442
0.202811162056
0.155464345034
0.118087276106
0.0901481663073
0.0712299705712
0.0586746799966
0.0399361387811
0.101943553367
0.0586256860963
0.0763986538849
0.101120565341
0.131416433465
0.168049660481
0.211944381208
0.264022090315
0.325039696888
0.395398145925
0.47495344289
0.562852469709
0.657405702889
0.756013413996
0.855178533826
0.950649661363
1.03772165607
1.11167081184
1.16822806783
1.2039353863
1.21625546309
1.20718801143
1.17927215487
1.13122631806
1.06263775268
0.975466379825
0.874179314892
0.764827862256
0.653777435803
0.546651872254
0.447719139373
0.359706409988
0.283929762423
0.220610935858
0.169277360781
0.129147551596
0.0992947630918
0.0779899688995
0.0601575800092
0.0345530076392
0.107390437927
0.0615666465908
0.0810864218807
0.107891273457
0.140736731398
0.180422660174
0.227926943274
0.284263339427
0.350315205205
0.426622959442
0.513167024847
0.609179069775
0.712995831433
0.821963628248
0.932413987356
1.03974680617
1.13865577483
1.22350266753
1.28880291775
1.32974816629
1.34268865036
1.32917010756
1.29232924485
1.23244021653
1.15085804994
1.05086772347
0.937664739392
0.817595176422
0.697094477963
0.581767544555
0.475836643672
0.381978883405
0.301463473699
0.234465015558
0.180425514664
0.138308914945
0.106483955012
0.0818480232386
0.0583697407855
0.028689424027
0.109497560565
0.0630027792929
0.0839286069007
0.112358614506
0.147188301742
0.189196001343
0.239342020391
0.298659524909
0.368094615075
0.44827656154
0.539269132785
0.640351958522
0.749856566437
0.865061934845
0.98215776115
1.09630348492
1.20182340905
1.292565846
1.36242024964
1.40594690551
1.4190437315
1.40275319088
1.3602254203
1.29273739116
1.2028665848
1.0948600472
0.974435861033
0.848100905252
0.722254995165
0.602404777265
0.492682687739
0.395706266489
0.312705460222
0.243796149557
0.188256307588
0.144636009518
0.110522800613
0.0819872409112
0.0537128724135
0.0229051671371
0.107800708795
0.0626824039548
0.0845702455638
0.114068294734
0.150221321357
0.193726731455
0.245445445473
0.306340380988
0.377341297523
0.459110334994
0.551762822682
0.654612318676
0.765985989917
0.883121647322
1.00214350502
1.11812905095
1.22530233743
1.31739069639
1.38815365088
1.43204756558
1.44494452012
1.42738355764
1.38218661205
1.31120638046
1.21774613245
1.1066131486
0.983781595167
0.855749092902
0.728764846985
0.608158605696
0.497923879883
0.400589121788
0.317315137135
0.2481043295
0.191988247233
0.147074889281
0.110444135959
0.0782358029363
0.0469976270732
0.0176147815524
0.102130592055
0.0604476645712
0.0827569719583
0.112684550559
0.149441204929
0.193595817852
0.245828478875
0.306930487682
0.377720323477
0.458830058204
0.550406967651
0.651816241854
0.761423339193
0.876490008598
0.993177278026
1.10664447856
1.21125861175
1.30094642637
1.3697053298
1.41224368208
1.42466955603
1.4070666373
1.36176230612
1.29086920269
1.19801221661
1.08819344176
0.967374025322
0.841861552709
0.717632593504
0.599753472476
0.49201338412
0.396795821739
0.31513666073
0.246874426513
0.190798049288
0.144755736705
0.105846380531
0.0710957953465
0.0392025435301
0.0130684184391
0.0926852142875
0.056265065497
0.0783658539128
0.108012810091
0.144615741479
0.188596673799
0.240390928273
0.300514273958
0.369559716803
0.448046041336
0.536130779449
0.633273529992
0.737963586832
0.847590128491
0.958465734851
1.06597098749
1.16479617687
1.24928852604
1.31392178928
1.35387172326
1.36562848503
1.34890313269
1.30548390161
1.23752146267
1.14865934114
1.04380005788
0.928657217784
0.809179775314
0.69095113996
0.578682139274
0.47588160599
0.384724501582
0.306080180654
0.239637081195
0.184078177157
0.137333597687
0.0970582200265
0.0615702098707
0.0312518429344
0.00936628717997
0.0800694693928
0.0502554087429
0.0714384591823
0.10002191666
0.135670052646
0.178688766019
0.229248189151
0.287502511455
0.353687692683
0.42808434994
0.510801196374
0.601429525075
0.698699190186
0.800273924367
0.902752290781
1.00184785699
1.09268003754
1.17013215097
1.22927505898
1.26585625342
1.27681210843
1.2615813223
1.22144683238
1.15845091666
1.07604543512
0.978818525658
0.872054530565
0.761204816977
0.651354709892
0.546777065829
0.450636217249
0.364860999535
0.29016680375
0.226193745794
0.171749874511
0.125198341101
0.0850667777186
0.0508810782552
0.0238650650064
0.00649300155178
0.0652848226149
0.0427214244821
0.0622209707343
0.0888803224927
0.122693374834
0.163945165959
0.212597695074
0.268416034318
0.331154755651
0.4006772988
0.476895437363
0.559497293034
0.647556314064
0.739200214158
0.831499768995
0.920621381391
1.00216435051
1.0715658548
1.12450847009
1.15732622067
1.16740648921
1.1540161937
1.11800976754
1.06123277351
0.986812913163
0.898884436901
0.802180321873
0.701558471119
0.601534185671
0.505891128866
0.417422681636
0.337824375206
0.267732163236
0.206893036611
0.154464676001
0.109452053236
0.0712580669319
0.0401888510425
0.0174940637727
0.00435852796984
0.0496507877494
0.0341658045686
0.0512107617412
0.0750201545737
0.10599156834
0.14454582812
0.190601312009
0.243627524886
0.302850707304
0.367518379444
0.437071457604
0.511084928367
0.588950130368
0.669433199339
0.750346299615
0.828522826212
0.900115783095
0.961071956785
1.0076010108
1.0365540886
1.04572574133
1.03429566419
1.00278073094
0.952784945213
0.887042081046
0.809159689859
0.723257814551
0.633557054653
0.543977635318
0.457809300797
0.37749649135
0.304560782685
0.239662677436
0.182793369365
0.133579928533
0.0916675642087
0.0570849358343
0.0303932653193
0.0123336274216
0.00283588692285
0.03464374298
0.0252830011786
0.0391941962309
0.0592285393496
0.0862155322822
0.120887601492
0.163386537722
0.213160823124
0.269061327809
0.329635735405
0.393515429851
0.459698284984
0.527537475842
0.59638712276
0.665072089291
0.731495939365
0.792645914278
0.845010431647
0.8851783209
0.910342317794
0.918592562742
0.909068739182
0.882032939979
0.838834851265
0.781794013223
0.713975051602
0.638879883849
0.560100893955
0.480987330882
0.404375000138
0.332417175639
0.266536657085
0.207500326927
0.155600573592
0.110908560207
0.0735338681131
0.0437798206883
0.0220463721738
0.0083775294192
0.00179016731272
0.0216539281471
0.0168989400384
0.0272370570667
0.0427292409046
0.0645592773202
0.0938721107224
0.131316602963
0.176761284219
0.229150759494
0.286612729782
0.346848997571
0.407702321959
0.467650797104
0.525946354845
0.582261183032
0.635998574418
0.685682868864
0.728844861301
0.762502605485
0.783925731115
0.791224351378
0.783432628398
0.760605914783
0.723849117639
0.675084155749
0.616860589877
0.552102589402
0.48382625988
0.414870629018
0.347683287876
0.284191292657
0.225771986134
0.17331989183
0.127386148801
0.088345298647
0.056520820222
0.0321847017794
0.0153649145129
0.00549097007904
0.00109729379489
0.0116944306249
0.00983402594637
0.0165680518724
0.0271617112683
0.0429311371312
0.0653398741723
0.0956549523933
0.13457980867
0.181871510485
0.236083564846
0.294600228508
0.354069687435
0.411184033546
0.463538798699
0.510155560569
0.551316647391
0.587701225659
0.619281999746
0.644702821183
0.661605145947
0.667675678416
0.661323380254
0.642261276826
0.61136500622
0.570196343846
0.520844175276
0.465722384334
0.407345618408
0.348117339895
0.290162186328
0.235225359477
0.184647400421
0.139405569825
0.100195266311
0.067508887317
0.0416603537621
0.0227122293323
0.0103054636548
0.00347785360538
0.000653609883987
0.00514442483649
0.00469207623538
0.00830616105374
0.0143225436774
0.0238676038752
0.0383844849316
0.059489936266
0.0887237590606
0.127150481718
0.174860195431
0.230499443025
0.291041440095
0.352023337248
0.408375943683
0.455724637402
0.491715767868
0.516700709844
0.533223036211
0.544325728988
0.551539120003
0.553973306375
0.54803153128
0.531704775764
0.505601988302
0.470947563175
0.429417262077
0.382977100885
0.333706830616
0.283633209913
0.234596528932
0.188165801879
0.145605950226
0.10788645499
0.0757082697481
0.0495180910949
0.0294818639797
0.0154094091759
0.00666280012843
0.00213155222629
0.000378633105293
0.00164998967375
0.00163996348617
0.00306435053763
0.00559015100021
0.00989228725909
0.0169601789356
0.0281360560241
0.0451003995569
0.0697442472487
0.103874810109
0.148724852123
0.204298139128
0.268685127568
0.337603672254
0.40450481934
0.461552164227
0.501557470748
0.520521687223
0.519905032827
0.507400627386
0.495155003098
0.483677645811
0.464244745499
0.437184332738
0.403489581808
0.364550106917
0.322012907053
0.277635323194
0.233146409287
0.190133321156
0.149962672818
0.113737463838
0.0822804962004
0.0561281325193
0.0355172081734
0.0203562216894
0.0101910291404
0.00420074974112
0.00127618542861
0.00021491355389
0.000290188190632
0.000314643931475
0.000622274351028
0.00120578556999
0.00227788577873
0.00419251096319
0.00751264069268
0.0130966140859
0.022193089265
0.0365242568821
0.0583211202639
0.0902577980523
0.135220489398
0.195851408076
0.273841097829
0.369013604796
0.478356477889
0.595269833025
0.709398978093
0.8074078252
0.87488481409
0.908773788338
0.914876167445
0.893785891439
0.847679377488
0.780260017108
0.696429026897
0.60184425619
0.50242641845
0.403871178625
0.311216513542
0.228499466336
0.158520177739
0.102719456698
0.061172752772
0.0327075220072
0.0151556972107
0.00574508343778
0.00159863397648
0.000246769039274
)
;

boundaryField
{
    xMin
    {
        type            fixedValue;
        value           uniform 0;
    }
    xMax
    {
        type            fixedValue;
        value           uniform 0;
    }
    yMin
    {
        type            fixedValue;
        value           uniform 0;
    }
    yMax
    {
        type            fixedValue;
        value           uniform 0;
    }
    zMin
    {
        type            empty;
    }
    zMax
    {
        type            empty;
    }
}


// ************************************************************************* //
