/*--------------------------------*- C++ -*----------------------------------*\
  =========                 |
  \\      /  F ield         | OpenFOAM: The Open Source CFD Toolbox
   \\    /   O peration     | Website:  https://openfoam.org
    \\  /    A nd           | Version:  14
     \\/     M anipulation  |
\*---------------------------------------------------------------------------*/
FoamFile
{
    format      ascii;
    class       volScalarField;
    location    "33.000000000014";
    object      p;
}
// * * * * * * * * * * * * * * * * * * * * * * * * * * * * * * * * * * * * * //

dimensions      [0 2 -2 0 0 0 0];

internalField   nonuniform List<scalar> 
2646
(
-2.07261594705e-09
8.31854420014e-05
0.000296437207589
0.000414398323284
-4.71429164036e-05
0.0144746333729
6.80426083585e-05
-0.00959815447656
-0.00521707059321
-0.0166373908
-0.00278393966937
-0.00826129206225
-0.0231494964391
-0.0133180220938
-0.0152662626951
0.00789231944208
-0.00023596790055
-0.000317821106961
-0.00496429162436
-0.00273994677424
-0.00144247807446
-0.00110023281926
-0.0017805385442
-0.00342611896262
0.00919235499418
0.00197226205137
-0.00751485235212
-0.00650352332447
-0.0116477800785
-0.00391034732005
-0.00242931242072
-0.000702073139746
0.000167808508852
0.00816108397219
0.0120423585997
0.000427178148396
-0.00845868462286
-0.0139794816058
-0.026273428945
0.00155615637176
0.0152730166719
0.00825230309173
0.00823406709187
0.00796680587861
0.00856011687469
0.00824449845912
0.0088635901105
-0.00558990287575
0.00360384258174
-0.00109961716808
-0.00993298803701
-0.0151053150431
-0.017304393547
-0.0159005255113
0.000637550161234
0.00218063776559
-0.00992474841918
-0.0228335008981
-0.0225335683707
-0.0201643729804
-0.01138665545
-0.00485437394192
-0.0260546761909
0.00188034169144
-0.0162037098968
0.00240021947074
-0.00557906087577
0.00167475287652
-0.00489522712393
-0.000728806162601
-0.00901978434796
-0.00158964919294
-0.00186755720414
0.00234853772663
-0.00613963485936
-0.0191286193096
0.000488068034759
0.00129982163413
0.00133256867401
-0.0052811795657
0.00110498816453
-0.00130739546437
-0.0154734681729
-0.0150277931599
-0.00690973092168
-0.00748363660305
-0.00163323449477
0.00872823588775
-0.0276855020199
-0.0220383673914
-0.0478648431793
0.000817959330263
-0.0455537117541
-0.0429068927715
-0.0476157699456
-0.0311666488521
-0.0213469034906
-0.047649262483
-2.63313780651e-06
-0.0359361715301
-0.00128239500693
-0.0330166177471
0.00399502384491
-0.0328766089145
-0.0569455638108
-0.0352649100728
0.01297465774
-0.0412721736248
-0.00695282017151
-0.0334060229093
-0.0215675324132
-0.00210040113201
0.00817108890931
0.00819154285907
0.00582614944829
0.00885274009028
-0.0157211635954
-0.0425186993679
-0.047641552522
-0.0303191397694
-0.00880843374304
-0.0364511355
-0.0110869703973
-0.00575068334464
-0.0198158272079
-0.00343772869146
-0.00185978886691
0.0230592539021
-0.0283165313428
0.00441913148074
-0.0456735029869
-0.028864116369
-0.0452504217183
-0.0516823039335
-0.0199950514561
0.00346614911074
0.000290624763895
-0.0424867828492
-0.0296978530203
-0.0360437401111
-0.0470236759924
-0.0340577337686
-0.0204070980578
-0.0455741806248
-0.00200284663961
-0.0389372741581
0.00558260064084
-0.0510881313098
0.0137657068544
-0.0442613816784
-0.0155539680503
-0.0552775792881
-0.00530602048931
-0.0177627767477
-0.00773187767467
-0.00250784140577
-0.0251023041774
-0.000938598107525
-0.0213964265711
0.0115593811461
0.048345952238
0.00453712314164
-0.0142445150195
-0.0570678041761
-0.0393664341595
-0.0317421961672
-0.0249679617209
0.215397070467
0.0496232005844
0.0552342286202
0.0452217755378
0.0450780289892
-0.0176657186687
-0.0210280869687
-0.000630475271522
-0.00182093482255
-0.00609063773803
-0.0112441944182
0.00011191198354
-0.000557797047656
-0.0136692426024
0.000250382941585
-0.00996988253149
-0.00617284871567
0.00641997505818
0.00205325354304
0.0113962490651
0.00893646826183
-0.0240985692666
-0.0152090500664
-0.00102293554865
0.000269485517676
-0.0135467619421
-0.0139369990342
0.000181982144136
0.000845864516409
-2.27809275488e-05
-0.00717382532902
-0.00593421011567
-0.0154221459914
-0.00776761384424
0.00084178864899
0.00158017404859
0.00168042908067
-0.025773060679
-0.00721544515057
-0.000432066754273
-0.0484181863673
-0.000756271497765
0.00458453650663
0.00790612263897
-0.0547692818554
-0.0342872991201
-0.0496975981154
-0.051672660081
-0.0230036204676
-0.000355884958974
-0.00228352492147
-0.00472150664345
-0.0429796042412
-0.0472691512911
-0.0320726505731
-0.0199772658979
-0.0334759363631
-0.0278410001481
-0.00858519935357
-0.00463070775832
-0.012143804165
-0.00211362595661
-0.0318451127107
-0.0260821439581
-0.0146312476746
-0.0547010942235
-0.0303841060818
-0.00392910399096
-0.00742194181809
-0.0339861058223
-0.0124487511717
-0.00866754029671
-0.0556716528892
-0.00600197874031
-0.0487019846152
-0.0562929904817
-0.00262718067144
-0.00143465813781
-0.042510865597
-0.0409728235602
-0.0187473172543
-0.0198175297577
-0.0491788246803
-0.0489035112557
-0.0429053156116
-0.0595404795939
-0.0551001845713
-0.0424594301673
-0.0419944968471
-0.0351738763011
-0.0344095028046
-0.0546679957753
-0.0111096220479
-0.0101163247929
0.00194161493506
-0.0579701693808
-0.0572290907094
-0.0445208494927
-0.0378941315188
-0.0392802080512
-0.0544790802028
-0.0421160830073
-0.0585710166697
-0.0537030761129
-0.04686336246
-0.0222742809062
0.00237818205443
-0.00643397207901
-0.0329958515422
-0.0521913247393
-0.0510661346918
-0.0195233528179
-0.00420959231673
-0.0286052854603
-0.0485576998178
-0.0266801645634
-0.0522917337047
-0.0306861133896
-0.0148936738007
-0.0142429419685
-0.010464347833
-0.00753779278723
-0.0231502581545
-0.0490634231873
-0.0306249991414
-0.0326283178709
-0.0153878325478
-0.0308397056552
-0.00942656690119
-0.0258575190436
-0.0366945937135
-0.0110274675398
-0.0516533071815
-0.0256028778026
-0.00105618649059
0.00783918355684
-0.00427167997119
-0.000965795226761
-0.0272450378946
-0.0279913207623
-0.00203833703059
-0.00040785950566
-0.00374071250564
-0.0286422581561
-0.00789645324204
-0.021095922813
-0.0520412791535
-0.0280539667163
-0.0268992513892
-0.013555080311
-0.0277348837387
-0.0130995093896
-0.0259567101761
-0.0119641400113
-0.0135139230868
-0.0366314995527
-0.0309376659201
-0.020951752591
-0.000985798107677
-0.00213449577495
0.000460503043928
-0.0431451693714
-0.05017277044
-0.0548842179239
-0.0568348829988
-0.0232668473253
-0.0447433077166
-0.00880789909657
-0.0497674596809
-0.00699616337496
-0.00861936717573
-0.0057021268054
-0.0562861120502
-0.0771741449934
-0.0822097441089
-0.085486475499
-0.0176739426561
-0.0510530434324
-0.0871347660442
-0.0253064898654
-0.0501820662693
-0.079703482164
-0.00815854113849
-0.0660669796277
-0.0521490016005
-0.0361354426407
-0.0873397704689
-0.038818008933
-0.0779103720934
-0.0810794947591
-0.0830706509471
-0.0862805135572
-0.0868875147792
-0.0819213988862
-0.0829075305062
-0.0272968337961
-0.0249182173529
-0.0275332566385
-0.0811581944452
-0.0758048042907
-0.0520819587271
-0.0552395159268
-0.0371417955572
-0.0311920514841
-0.0810878726813
-0.0281694153381
-0.0323670579033
-0.046997551704
-0.084675707654
-0.0803871321602
-0.045858263843
-0.052573856156
-0.0784831258215
-0.0818669915995
-0.044480043273
-0.0450289390744
-0.0829341611431
-0.0806055773133
-0.0551063684467
-0.0526876647905
-0.0854290636393
-0.0292681807357
-0.0469585048785
-0.0817393903332
0.0083579602543
-0.0866680743253
-0.0321051311563
-0.0512818441319
-0.0209873685416
-0.0622464583591
-0.0324445553287
-0.0737576927652
-0.0726195562245
-0.0838907744283
-0.0648392421187
-0.0803926329035
-0.038807641652
-0.0781826534315
-0.0741727498064
-0.0776713808172
-0.0724624605806
0.00518791655678
-0.0872061040661
-0.0835590088446
-0.0801430213984
-0.0811655397033
0.00530565112213
-0.0784035757209
-0.0810240256586
-0.0264496956509
-0.0807468053591
-0.0795407579561
-0.0362124567377
-0.028920624927
-0.0457844780841
-0.00346907836446
-0.0308783100855
-0.0791628785578
-0.08531077455
-0.0283194292028
-0.0795870554779
-0.0815641511032
-0.0162726712748
-0.0784285271462
-0.0650154062758
-0.0260867370872
-0.0253568339636
-0.0277773282942
-0.0463952006613
-0.0516450668806
-0.0829760058817
-0.0815494519012
-0.0275153326087
-0.0298580103757
-0.00532798636287
-0.0128467050165
-0.0793687557022
-0.00172922154982
-0.0731600759948
-0.0019295340947
-0.0242945870924
-0.0841176227718
-0.0242564857864
-0.0834880985173
-0.0231942794509
-0.0715632873072
-0.00279890913156
-0.0723056779103
-0.0812346004168
-0.0736942387309
0.00918898484894
-0.0864902953996
-0.0852607836378
-0.0860586452305
-0.0100021609111
-0.0771010034451
-0.0817676444802
-0.0823773446301
-0.0720987223266
-0.0710913886194
-0.00224358212774
-0.0824986183123
-0.0503485902221
-0.0836258688641
-0.015670046026
-0.0201773471683
-0.0212730900135
-0.0501273331652
-0.0287549945873
-0.0549335616167
-0.0712522118416
-0.0800469932638
-0.0598430961962
-0.0276168332393
-0.0506530373318
-0.0507230158904
-0.0864486625699
-0.0325358744729
-0.0267644047447
-0.0370147512505
-0.03432084374
-0.0685814495991
-0.0402272461959
-0.0655930761042
-0.0380819671897
-0.0442688328753
-0.0415571873078
-0.0711391462845
-0.0440352921042
-0.0468613638134
-0.0449719511583
-0.0384421346584
-0.0491072546332
-0.0164228701978
-0.0277762806603
-0.0239493692136
-0.078632318453
-0.0525133480258
-0.0230720225294
-0.0827877699543
-0.0278681022323
-0.0751843766059
-0.0796739583014
-0.0755274765757
0.011915895984
-0.00886547622691
-0.0629483969399
-0.0524267664286
-0.0251026002845
-0.0495257693119
-0.0387647108201
-0.0339099169167
-0.0323003993592
-0.014749559614
-0.0235459295957
-0.0773630455669
-0.0705919368046
-0.0802021155528
-0.079954921454
0.00444185649819
-0.0801786805849
-0.0467965120404
-0.0453704752882
-0.0786579757906
-0.0430679633485
-0.0735293099933
-0.00430550625784
-0.0629344906445
-0.0699271668148
-0.0758258660109
-0.0735580000323
-0.0725251557126
-0.0211290976671
-0.079092991091
-0.00632981157113
-0.0106593034591
-0.0813006798482
-0.0791600635413
-0.0788378304721
-0.080149372065
-0.0313640115246
-0.056358527262
-0.0101567696461
-0.0804860576546
-0.0231238622113
-0.0803589087239
-0.0771795198736
-0.048089660145
-0.0513454067187
-0.0517821461039
-0.00365424055029
-0.0835728100968
-0.0743246079265
-0.0439648833884
-0.073158417192
-0.0805345875409
-0.0555352287944
0.00721855097716
-0.0595861548948
-0.0246920020655
-0.0863642376076
-0.075290902657
-0.0483751512989
-0.0506175519686
-0.070894847163
-0.052832258525
-0.0661384350817
-0.0261571246207
-0.02633163581
-0.0516235846917
-0.000861996582492
-0.0703641305164
-0.0294316470939
-0.0228750433034
-0.0598159636887
-0.0726013047579
-0.067829482256
-0.0538818973828
-0.0676815126403
-0.00672062977154
-0.0712243769955
-0.035061010547
-0.00643902569557
-0.0508634192881
-0.077041915131
-0.0265970535117
-0.0652573053705
-0.0731231556058
-0.00851212033245
0.00291270086735
-0.0111952436441
-0.00896878961951
-0.0179336655336
-0.0291952217798
-0.0105027878065
-0.0875935014585
-0.0155036333993
-0.0351098069726
-0.0850403402551
-0.00276366843935
-0.0660595652715
-0.0295669867696
-0.0533478021318
-0.0541229401209
-0.00790664781783
-0.0248010883998
-0.0532322968637
-0.0802131142439
-0.0299606620583
-0.035840565656
-0.0124311996038
-0.00467691816829
-0.0182110996868
-0.0297947544251
-0.0288748629502
-0.0686562611691
-0.036891038113
-0.0258353101605
-0.0447907603443
-0.00269612466874
-0.0396528311183
-0.0136895980034
-0.00581703453583
-0.0316219635228
-0.015373677762
-0.021529255171
-0.0328990325209
-0.0465509547552
-0.0695284353663
-0.0667763741159
-0.0347247123075
-0.0254650149315
-0.0697051405697
-0.042711778398
-0.0636721762642
-0.0495373207286
-0.0390892316988
-0.0721759703986
-0.0712761757561
-0.00567197458197
-0.0429336601371
-0.0346690031515
-0.0408030439576
-0.00825442367933
-0.0632807361423
-0.0309602914646
-0.0706690755235
-0.0528250901706
-0.023705236781
-0.0835038453914
-0.0703344922383
-0.0719470278325
-0.000845648680094
-0.0300062093973
-0.0468024070877
-0.0728413589261
0.00294990551338
-0.00537227682946
-0.0686872782059
-0.0335566324273
-0.0254886363336
-0.00701594271276
-0.0736830711883
-0.00104516341957
-0.0146160446073
-0.0568176777275
-0.0528986482969
-0.0705965595317
-0.0608990233378
-0.0770852423303
-0.06433783417
-0.0693313006039
-0.0874160972021
-0.0709384061195
-0.00100579329836
-0.0777486233212
-0.0284080027143
-0.0577288683866
-0.0302172990905
-0.0370063147195
-0.0553596475097
-0.000490804699891
-0.0416799215092
-0.0740258121373
-0.0274510970333
-0.0497373743242
-0.0525259843088
-0.0187211331935
-0.0103235175732
-0.0585300503884
-0.0154717874741
-0.00625180155565
-0.0409986776098
-0.067590353298
-0.0131173548933
-0.054899294219
-0.0482761927867
-0.0293932295704
-0.0436876783119
-0.0443558060533
-0.0699626905195
-0.0311038189094
-0.0243214942544
-0.00135982883332
-0.0677522166833
-0.0677840079067
-0.0352318562875
-0.00337296574682
-0.0122106368955
-0.0678516555566
-0.0315892938845
-0.0548020341306
-0.0749156697271
-0.0149597794741
0.0105419083259
-0.0182259407012
-0.0146167559896
-0.0637887498194
-0.00175178260153
0.00772043048278
-0.0172816045219
-0.0467783848317
-0.0228844864621
-0.0716551674043
-0.0761122873453
-0.0449757676612
-0.0544045704869
-0.0557980630325
-0.0531587809697
-0.071995364119
-0.0641276010632
-0.0229045563473
-0.0195887828643
-0.0537479687457
-0.0291304220539
-0.0654407491625
-0.0780191397368
-0.00383683395359
-0.0200835009025
-0.0599596141785
-0.0208835493267
-0.00913834014963
-0.0702287829588
-0.0830266687918
-0.0734810372802
-0.0813604756046
-0.0522776397599
-0.0168335585672
-0.0185936736534
-0.00199123513804
-0.0581625831673
-0.0299939243981
-0.0565952391598
-0.0183051991359
-0.0444592297352
-0.00255368227621
-0.0657268558474
-0.050016642751
-0.0532214118447
-0.0147476971605
-0.0662880618023
-0.0222329154725
-0.0539458813155
-0.0608793256809
-0.0792966983833
-0.0335312474821
-0.0460629115158
-0.0525079344298
-0.0270669452577
-0.0646729180495
-0.0304334360399
-0.0526396952888
-0.0370713682232
-0.0591471302006
-0.0372808020027
-0.0465753885424
-0.0648714276483
-0.0809838917662
-0.0503028658139
-0.0670208165146
-0.0407381464461
-0.0734581927743
-0.0877827186553
-0.0710789747412
-0.0241401018567
-0.0542058064411
-0.0709220990673
-0.0144694622411
-0.0354010413783
-0.0564365951158
-0.0623258806003
-0.0644653467256
-0.0635725222528
-0.069547418687
-0.0343012609768
-0.0449233149076
-0.0691231614058
-0.0548216892873
-0.0656026037961
-0.0383466723035
-0.0529604022424
-0.0177255292477
-0.049446699365
-0.0634843140465
-0.0649043948562
-0.0494321387534
-0.00164838516063
-0.0463060239789
-0.073996250559
-0.0265495056469
-0.0223149678771
-0.0621382919847
-0.0456490432641
0.00870515398405
-0.0611535447575
-0.0744493342082
-0.0379860033616
-0.00335890857639
-0.000613800997602
-0.0773657600177
-0.0558327768566
-0.0384780801567
-0.069068617486
-0.0363256550841
-0.0425975431735
-0.0820879163725
-0.0407352464489
-0.0500655636947
-0.0525109130608
-0.0425841546651
-0.0620061139733
-0.0612661263664
-0.0493584943305
-0.0623540059592
-0.0642112306225
-0.0715482865692
-0.0636094037851
-0.0658428876826
-0.0649901147951
-0.000400141787373
-0.000431521801071
-0.0195588952295
-0.0474890781614
-0.0429405845713
-0.0503061494217
-0.039789972794
-0.0529337914341
-0.0757540689143
-0.0801787156097
-0.0836687606929
-0.00135999674796
-0.0202130527156
-0.0879748619127
-0.0162348826829
-0.044487209175
-0.0488058559799
-0.0564837446443
-0.0601960073403
-0.0639802070992
-0.0461048060703
-0.0836709920762
-0.0534576895898
-0.0241334914444
0.000739386018443
-0.0138925737465
-0.0690323605692
-0.0698282836235
-0.0329334612641
-0.0499580770153
-0.0517867382391
-0.0151383306313
-0.0676669061734
-0.0469809500584
-0.0663628183814
-0.0730960158185
-0.00513349919315
-0.00198300582291
-0.00932661069849
-0.0432863553409
-0.0769068311304
-0.0455858407452
-0.04415773019
-0.0600656137011
-0.0586213501574
-0.0443932048221
-0.0675862365268
-0.0555783929523
-0.0686706854898
-0.0574424366121
-0.0117753350886
-0.0587161988508
-0.0436022668305
-0.0793942342796
-0.0630150065306
-0.0628709223781
-0.000436600152466
-0.0353827371532
-0.0381296458882
-0.0791226565633
-0.0507001115245
-0.032138392887
-0.0446428863686
-0.0680552604295
-0.059658053521
-0.0402045329162
-0.0859650382756
-0.0565024252198
-0.000689576788169
-0.046160817084
-0.0703132888665
-0.0757819507287
-0.0307155371198
-0.0156689219347
-0.04998293233
-0.0789220080482
-0.019363832862
-0.0546972677189
-0.0794185726809
-0.0538447005817
-0.0462717876515
-0.0341890606954
-0.0102857092621
-0.0273720846026
-0.0632034941483
-0.071081024305
-0.0242445370159
-0.0625148076786
-0.0626050726687
-0.0577208000626
-0.0198741734679
-0.065894393446
-0.00735846874513
-0.0423632200853
-0.0394108502909
-0.0630322705498
-0.0683784941227
-0.0548760779172
-0.0713303144005
-0.0656757203829
-0.0609329855222
-0.0545662654339
-0.0733217776022
-0.0600497578702
-0.0855796460038
-0.0457965574205
-0.00334533394228
-0.0395911076906
-0.0409828524398
-0.081438020964
-0.0390585843114
-0.078404034766
-0.0808507328547
-0.0433776903509
-0.0702233840753
-0.0658300109368
-0.0150260426319
-0.0605086776724
-0.0786461757183
-0.0330887226657
-0.080145358396
-0.0745308276249
-0.0644121667081
-0.0645836019421
-0.0588616676173
-0.0656904669217
-0.0876198801269
-0.00933411044047
-0.0878209970956
-0.0536216542214
-0.0504176508565
-0.0806610114009
-0.038075259459
-0.0557830945661
-0.0776907266027
-0.00828826995094
-0.0876254529359
-0.0120798427758
-0.0323924990186
-0.0566410765561
-0.0792425117947
-0.0723254636097
-0.0520256818832
-0.0749678954055
-0.0597217022557
-0.0612559956653
-0.0587000237932
-0.0371224865754
-0.0708518981672
-0.0566945224028
-0.074735783089
-0.0376227682885
-0.0621811479028
-0.0818305537425
-0.0379216102029
-0.0874934613616
-0.0710185265743
-0.0726742129031
-0.0868352847923
-0.0639620269114
-0.023939084632
-0.0723079936447
-0.0769526326578
-0.0361516156696
-0.0872371135834
-0.0558662839015
-0.0782999408444
-0.0614915435796
-0.00620734995801
-0.0598711538689
-0.0826113809053
-0.0663639552817
-0.0789655694309
-0.0527949422372
-0.0205487094991
-0.0534330963315
-0.0627937711909
-0.0400792431238
-0.0476729829106
-0.0572924598474
-0.0413208099947
-0.0818125154191
-0.0453831049545
-0.0516830434562
-0.0358310787004
0.00633865972084
-0.0739824793113
-0.0310083411281
-0.0415804266368
-0.0854947113998
-0.0764024474453
-0.0822542851485
-0.0660772380418
-0.0624213033438
-0.0462629599087
-0.0462125962822
-0.0593326446014
-0.0450884237189
-0.0748388017249
-0.0786005052707
-0.0459043396511
-0.0449510225195
-0.058380355188
-0.0700461970401
-0.084375413671
-0.0642425016187
-0.0788251857966
-0.0540490908072
-0.0694626520305
-0.0860132878268
-0.0567931357472
-0.0789363480827
-0.0754652653054
-0.0619244024264
-0.0871098166679
-0.0742700696272
-0.0499092040385
-0.0157953245632
-0.0196397576212
-0.0789017260408
-0.0489004301533
-0.0430399553678
-0.0812560906544
-0.0649001494798
-0.0556687967173
-0.0565381589575
-0.0378789519063
-0.0533024685223
-0.0599225921682
-0.0659304521894
-0.0446471296242
-0.0681964475451
-0.0801415746397
-0.0504676279877
-0.00691375386494
-0.0803750688789
-0.0430373939069
-0.0486628636102
-0.0703163240589
-0.0525260449967
-0.0503836487138
-0.0574529301314
-0.0785856869364
-0.0530139564511
-0.0790356439005
-0.0199421222324
-0.0036066019595
-0.0585741970287
-0.0844561981602
-0.0694492200728
-0.0394393980881
-0.0488769715752
-0.0320068294132
-0.0375476793215
-0.0312287258895
-0.0518987138048
-0.024423710282
-0.0577578374206
-0.0237501589614
-0.0354505045183
-0.0778278923814
-0.00764457636585
-0.0722656538544
-0.0720702179483
-0.038859878277
-0.0857102561936
-0.0836450910646
-0.0613204130083
-0.0400229729631
-0.0675706331595
-0.067847591853
-0.05584273412
-0.0614904535894
-0.0135124131308
-0.0399034559936
-0.0623347400433
-0.0398257447409
-0.0335385217019
-0.0578123484636
-0.075862720196
-0.0669376043122
-0.0429806501958
-0.0529516265377
-0.0582008136455
-0.0771294767174
-0.0839964915208
-0.0784444500768
-0.0722051342212
-0.0704808113361
-0.0589729608759
-0.0587977402195
-0.032929413647
-0.0734287726903
-0.0457341010064
-0.0596238579073
-0.0677398033119
-0.0781718115821
-0.071890883363
-0.0467059975093
-0.0191566025951
-0.0717990899586
-0.0392148068452
-0.0637594157219
-0.0439317187749
-0.0677133023395
-0.0240526586132
-0.0208829117071
-0.0283818915965
-0.0869767915467
-0.0340703006479
-0.0338735416268
-0.0501274883055
-0.0113807827643
-0.0137443349474
-0.024959523921
-0.0467254300462
-0.0762243643771
-0.0596937290698
-0.0381948351696
-0.0659842261909
-0.0537587466418
-0.0777923217222
-0.00903337252539
-0.0456949630357
-0.0469273517757
-0.0525611845108
-0.0543087959808
-0.0696129129862
-0.086843938807
-0.0430072413963
-0.0181963318425
-0.0286862475388
-0.0544871844873
-0.0668236148272
-0.0561067138171
-0.0669599745408
-0.0685101948019
-0.060434325949
-0.0401162166646
-0.0112260581631
-0.00466301518554
-0.0368258511552
-0.0764291849114
-0.0420444438695
-0.0809953260229
-0.0174213019111
-0.0102679146999
-0.0242486078184
-0.0752409758605
-0.0643742263705
-0.0401007923692
-0.0387469156955
-0.0509070986831
-0.0548034649276
-0.0540729891373
-0.0880840687955
-0.0278573524347
-0.0632027668775
-0.0310405922155
-0.075348103291
-0.0371380424262
-0.0712874319024
-0.0508268193205
-0.0487114361216
-0.0500718993911
-0.0629179623254
-0.0649433685754
-0.0664621079751
-0.0877232214872
-9.32958036619e-05
-0.0623111126691
-0.0607411612389
-0.0500807813629
-0.0839249284922
-0.032803931115
-0.074839631744
-0.0272974023339
-0.0458874977277
-0.077348076115
-0.0115707164681
-0.0615443960256
-0.0620678600996
-0.0492921016123
-0.0379312453491
-0.0559927382338
-0.0692434326724
-0.0693936121194
-0.0460278075497
-0.0137604826594
-0.0306394035305
-0.0729660007497
-0.0586303482634
-0.0757131730869
-0.043886029449
-0.0216006665529
-0.0473538018129
-0.0657179144846
-0.0160796898081
-0.0477904241136
-0.0726182155767
-0.0784788674975
-0.0802761662687
-0.0704933233195
-0.0260428327724
-0.0767387321585
-0.0715154655898
-0.0496951086692
-0.0326235103825
-0.0777093122545
-0.0621223910848
-0.0683118923709
-0.0779168344577
-0.0752895079682
-0.0620799538723
-0.0683848692099
0.00259048918526
-0.0645262562232
-0.019095941236
-0.0674943809475
-0.0583412040099
-0.0626756818171
-0.0717188463166
-0.0180141313011
-0.00322126948118
-0.0817898471843
-0.0715266761622
-0.0757043871716
-0.0577723258536
-0.0350886767155
-0.0556554103788
-0.0463033122658
-0.0274076056858
-0.068541664355
-0.0464384652458
-0.0691741671529
-0.0538037316459
-0.0531397918705
-0.0748011655138
-0.0396709059703
-0.0769494396158
-0.0548419580215
-0.0376829772683
-0.067853634264
-0.0226698082124
-0.0153357111626
-0.012634641438
-0.0499482447116
-0.0113413756298
-0.050428784679
-0.0502165513936
-0.0229257113207
-0.0865809334629
-0.0681076915098
-0.0669613695519
-0.0642032206906
-0.0419150334669
-0.020341027944
-0.0576953778735
-0.0101701946568
-0.0568878182897
-0.0774453064621
-0.0545020014309
-0.0748202942168
-0.0506859142113
-0.0633517530598
-0.0681147513821
-0.0436388448558
-0.0152425194969
-0.0652918141473
-0.0451671124728
-0.0502600818346
-0.0339521619356
-0.0704761365482
-0.0723980277546
-0.0495388871679
-0.0417142796726
-0.0743842319021
-0.0340475159142
-0.0843515896033
-0.0698875442311
-0.0610561309196
-0.0774421117278
-0.0796663156554
-0.0574092084964
-0.0538641838087
-0.0558356655459
-0.0766365182254
-0.0486209984877
-0.0806809560032
-0.0709556274415
-0.0775229588028
-0.0742145006293
-0.0848908369638
-0.0569517103588
-0.0759481717433
-0.0745123434695
-0.0501211499128
-0.058156606453
-0.0195123494651
-0.0423886408471
-0.064593397142
-0.0586817177858
-0.0610104608751
-0.0190637390105
-0.0632386786314
-0.0299953867033
-0.0577267449971
-0.0602069619733
-0.062950763728
-0.0781123776188
-0.0652993719622
-0.050933750869
-0.0577523772264
-0.0420746783173
-0.0409818809154
-0.0763848391846
-0.0518546957165
-0.0491773823978
0.00339206014181
-0.0873197199954
-0.0725457029572
-0.0539311574299
-0.0637634149368
-0.0289008902111
-0.0402211740325
-0.0649889816
-0.0481127751223
-0.0544823933546
-0.0779890915739
-0.0089955531197
-0.0437952833851
-0.0874206701484
-0.0619215537528
-0.0180878931119
-0.0407088035803
-0.05996682643
-0.00395368432708
-0.0564555062475
-0.0821325344409
-0.0794050878179
-0.072945070058
-0.0593360502869
-0.0612025818163
-0.053142863645
-0.0727217929923
-0.00524933690843
-0.0688246406862
-0.0677022676318
-0.0586167365767
-0.0734856446267
-0.0648902749812
-0.0618103817438
-0.0658048574171
-0.0528744078603
-0.0745966271412
-0.0605502485031
-0.0505561553529
-0.0709804187241
-0.020482894159
-0.0275216048045
-0.0618661735606
-0.076857493433
-0.0254595721663
-0.0825982513271
-0.0572846263899
-0.084559101943
-0.0610680248708
-0.0708896782053
-0.0855605932737
-0.0592919217392
-0.048219842925
-0.072618631283
-0.0167431197016
-0.0410330802014
-0.0852110419087
-0.0674541945785
-0.0834370422601
-0.0585017661388
-0.0375626531496
-0.0405417999723
-0.0394453120973
-0.055128219115
-0.0174170609022
-0.082731033237
-0.0832000536399
-0.0548940449633
-0.085109802283
-0.0159046093124
-0.0472504083658
-0.0770170047727
-0.0862399174616
-0.0363699456083
-0.05568677213
-0.0575852944666
-0.0828406835533
-0.0866259387566
-0.0347279942827
-0.0793250286505
-0.0037931135864
-0.0880644860005
-0.0561792246612
-0.0714757722523
-0.0238064284881
-0.0751388207955
-0.0735212482345
-0.0687673531138
-0.0178026554062
-0.0361139085047
-0.0117985433406
-0.0410766973359
-0.0613426735442
-0.0687686761911
-0.0782406726013
-0.0221843081712
-0.0540708437784
-0.0232777084659
-0.05683472743
-0.00260812941812
-6.23043167036e-05
-0.0502213480439
-0.0837662514937
-0.0794921135271
-0.0559298235582
-0.0607524633376
-0.0360219713907
-0.0365429257539
-0.0438259422596
-0.0738326763074
-0.0603668561952
-0.0201246512413
-0.0701691544269
-0.0254331934939
-0.0730278760948
-0.0114339531169
-0.0768814251816
-0.0441281980985
-0.0710485650301
-0.0162517363961
-0.0164964951696
-0.0542653326745
-0.0839232779657
-0.0875696076284
-0.0538156056767
-0.0555859345414
-0.0674026040867
-0.0642443670363
-0.0855362693692
-0.0226631258136
-0.0778470206855
-0.0777910581147
-0.082575384169
-0.0531860467415
-0.0701511360389
-0.0863821829915
-0.0303756941376
-0.0359658821317
-0.0378105268294
-0.0846872174238
-0.0847674063911
-0.0204735223691
-0.0825667197621
-0.0834787568929
-0.0377901594057
-0.0429365524886
-0.0618224878291
-0.0642340555608
-0.0855460594322
-0.0363551501765
-0.069615980187
-0.0522815966198
-0.0622532201054
-0.0572952207392
-0.0369676271336
-0.0841052691763
-0.0666889792194
-0.0403493353554
-0.0758072445833
-0.0756173539112
-0.0825035931248
-0.0802495116221
-0.0760371748291
-0.070395446123
-0.0424517100516
-0.0321886736234
-0.0680030027172
-0.0309372678697
-0.0843070739748
-0.0274373273589
-0.0376003984877
-0.0436308398201
-0.0477851902369
-0.0693951682883
-0.0878334433818
-0.055932156778
-0.0575108810262
-0.0375472841653
-0.0692756758257
-0.0619000640743
-0.00607533246287
-0.0870106653792
-0.0600359020487
-0.0363207873976
-0.0418874447831
-0.0748166822134
-0.0644218860732
-0.0680826927345
-0.0709375000146
-0.0826159500884
-0.074867516154
-0.0652210081515
-0.035534442676
-0.0620861487651
-0.0760779133954
-0.0735225266265
-0.0852066717764
-0.0630396775483
-0.0640052555135
-0.065728335507
-0.0832690246154
-0.0574710039965
-0.0594120969609
-0.0704707121517
-0.079557029117
-0.0592138117473
-0.0878644771885
-0.0633935648196
-0.0574881991078
-0.0784657792923
-0.072416943457
-0.0657525426133
-0.0873147524345
-0.0832073368663
-0.085255498955
-0.0747854831354
-0.0675401678896
-0.0680240465239
-0.0598184598351
-0.0821250030729
-0.083642649493
-0.082898227463
-0.0799024976965
-0.0875708125836
-0.0652047981013
-0.0493227300425
-0.0780791232515
-0.0612109880071
-0.0671085460605
-0.0654653455644
-0.036516408068
-0.0642722569586
-0.0586114338186
-0.0316291297498
-0.0689087976609
-0.0863087527942
-0.0375022934909
-0.0319633919833
-0.0871514970605
-0.0470946050372
-0.0768927137235
-0.0437051835641
-0.035225918962
-0.0850954708806
-0.0423730543197
-0.0497996918188
-0.0626508709672
-0.0692230298614
-0.066446938764
-0.0671303110368
-0.056726894708
-0.0637659259597
-0.0657147435225
-0.0850973824165
-0.039523732144
-0.0735278331386
-0.0619136575121
-0.0753693862059
-0.035509350823
-0.0729768470289
-0.0751043987189
-0.0866769347699
-0.0875017055317
-0.0739596750152
-0.0751033600765
-0.0566979809711
-0.0761954414902
-0.0863456973121
-0.0550164932681
-0.0706408465218
-0.0846877603158
-0.03067744051
-0.0223014335192
-0.0727854553885
-0.0196853290912
-0.0786682785895
-0.0811031877489
-0.0754755373067
-0.0750125440543
-0.081273006673
-0.0605690503726
-0.0822887702036
-0.0772313975949
-0.0834372013318
-0.0410590768529
-0.0423638410868
-0.00462757095502
-0.0730760935268
-0.0690055007255
-0.0261233307534
-0.0600919559546
-0.0741263400549
-0.0701749823434
-0.0708325411083
-0.0426891337643
-0.084805629463
-0.0726222089714
-0.081161631502
-0.0682835911834
-0.077383916808
-0.0405855136818
-0.0576126637208
-0.0582849147008
-0.0744076784833
-0.0670267870426
-0.0202790545366
-0.0814225216232
-0.0683644297083
-0.0420214262453
-0.0631596177322
-0.0695525948095
-0.0389447599263
0.00219876038542
-0.0338797272645
-0.0452173523378
-0.0787114919087
-0.0519865747427
-0.0289823417591
-0.0242595599108
-0.0732548974881
-0.0265014277831
-0.0605996105958
-0.0289386658717
-0.0277585351999
-0.0618704878652
-0.0371530481848
-0.00329912555998
-0.0324655445373
-0.0570680545481
-0.0826246187131
-0.0757336306011
0.00247012378851
0.00662193207793
-0.0175443482215
-0.0812743882719
-0.0703552732465
-0.0834452482105
-0.0610392262693
-0.0328002642013
-0.0762016709981
-0.0381027543966
-0.0770212210014
-0.0769266396926
-0.0515136773748
-0.0865486827943
-0.0517420735747
-0.0660367359277
-0.0749061054599
-0.0126217469878
-0.0511219396794
-0.0758754284072
-0.0843131556417
-0.0549849742101
-0.085830997406
-0.0477904096972
-0.0696416984994
-0.0801850514659
-0.0837085034679
-0.0502857373728
-0.0304359672253
-0.0610867894012
-0.0431165941681
-0.0551626543741
-0.0579691105195
-0.0770749298287
-0.0507223519206
-0.0564948501374
-0.0764634701768
-0.0836992195532
-0.0744022062099
-0.0532824903332
-0.0538256314222
-0.0305530948583
-0.0726316828737
-0.0551748389595
-0.0554127173315
-0.0529654990261
-0.0575316923662
-0.00453556900284
-0.0516453840002
-0.0302867198713
-0.0678435899508
-0.0762589438871
-0.0794717930703
-0.0543064520442
-0.0589948950665
-0.0327958162325
-0.0626276986309
-0.0742779712886
-0.0449275239952
-0.0402732451345
-0.0559219511212
-0.0676128844452
-0.0599944362219
-0.0486345543727
-0.0524590289049
-0.0603312282563
-0.0668381644311
-0.0745674930475
-0.0776639320508
-0.0583549663817
-0.0345220257815
-0.0459665246522
-0.0649836492897
-0.047773364836
-0.0458246231536
-0.048619310943
-0.0622756288977
-0.0471231371972
-0.0465966454243
-0.0553478186066
-0.0249988314469
-0.085527242228
0.0021234942847
-0.0838854155353
-0.0667570088639
-0.0427594750805
-0.0848357113928
-0.0415168834665
-0.072171303275
-0.0297095967108
-0.0526303078599
-0.0420771756713
-0.0481667824215
-0.0499089120823
-0.0601523196737
-0.00280837302223
-0.0582327655516
-0.0345686274699
-0.0710726719172
-0.0706734855604
-0.0377748929085
0.00635571148031
-0.0643790148336
-0.0660853116751
-0.0565877985641
-0.0439396044686
-0.075768953851
-0.0540300496426
-0.0575432564249
-0.0428111307146
-0.0637278048582
-0.0457480863375
-0.0652767752263
-0.086652160375
-0.060112681218
-0.0569645339947
-0.0542638271778
-0.0766747332055
-0.047850049589
-0.0421821780981
-0.0305418410507
-0.0604760071798
-0.0616807406364
-0.0595443126445
-0.0819647284326
-0.0867512122991
-0.0479124995917
-0.0730506606894
-0.0617523742155
-0.071895506674
-0.0636598075224
-0.0765875160277
-0.0565789382518
-0.0536327813671
-0.0414271356846
-0.0491680388676
-0.0649167686066
-0.0108991787047
-0.0240994184606
-0.0450354534307
-0.0681216146747
-0.0273193091032
-0.0501175180989
-0.047401100015
-0.0850227229372
-0.048344076987
-0.0845748006965
-0.062075573303
-0.0648924821526
-0.0554503828892
-0.0372401871792
-0.0849619127374
-0.0433859762612
-0.0609930081525
-0.0489411255702
-0.0428439841859
-0.0506496258589
-0.0480951399415
-0.0439186034841
-0.032542724948
-0.0496885194999
-0.0700024995497
-0.060176880262
-0.0649192152554
-0.0613776324291
-0.069055422928
-0.0323992677001
-0.0247131280059
-0.0567435398312
-0.0508173070928
-0.0492317100032
-0.0801330230921
-0.0655854822431
-0.0733565191178
-0.0680022780811
-0.0812394535612
-0.0220390911121
-0.0614552749877
-0.0494400846293
-0.0501933276944
-0.0752898541723
-0.0378827493687
-0.0796538831992
-0.0692210816657
0.00195977024786
-0.000821114403382
-0.000433849472154
-0.0417437651006
-0.0859847193896
-0.0669823590998
-0.0413179757635
-0.0511705872343
-0.0620791554282
-0.0391918324416
-0.055182274539
-0.0719082419151
-0.0407436214261
-0.0515609952206
-0.0547835223414
-0.0428415723997
-0.0242760172178
-0.0542821083456
-0.0643342175261
-0.0517006369324
-0.0244265184107
-0.0817975307965
-0.0407178505799
-0.0513931600792
-0.0566833617955
-0.053181130004
-0.0565888681707
-0.0416956887557
-0.0500781265039
-0.0758067770732
-0.0359580876427
-0.0665332752346
-0.0638476290897
-0.0666185899732
-0.0692519015905
-0.0515103474313
-0.0855155417517
-0.06743919131
-0.0618532961302
-0.0661930887937
-0.0643245472458
-0.0526842681387
-0.0597502524738
-0.0227941193789
-0.0717581057093
-0.022520650061
-0.0222868910654
-0.0257055281461
-0.0504463046891
-0.0455826860226
-0.0478556406352
-0.0149846584677
-0.00291148034393
-0.0761740967889
-0.0674743315552
-0.0398324223036
-0.0639351181473
-0.0213749829585
-0.0250022593657
-0.0546955706046
-0.0682212834099
-0.0385826977619
3.40852859274e-05
-0.0727851094557
-0.0555643024023
-0.0663207410573
-0.015731090961
-0.0407097228172
-0.0551119218706
-0.0674754425162
-0.058847135186
-0.0599027410617
-0.0370508428388
-0.059338437059
-0.0714715557315
-0.0822221031894
-0.0702324411809
-0.00974647076878
-0.0213715039366
-0.0697525553254
-0.0466249410943
-0.0607445905436
-0.0289037344271
-0.00916424285293
-0.0698950256242
-0.0399214887861
-0.0518491010624
-0.0731607985376
-0.0287417532298
-0.0584287750391
-0.0226652232396
-0.0666552607133
-0.073251625926
-0.0414229088349
-0.0658704315648
-0.039424025227
-0.0752162259995
-0.076021532053
-0.0554287778464
-0.0582554741971
-0.0462392257891
-0.0835766001377
-0.0534076500989
-0.0461266402363
-0.0625530159037
-0.0287843878129
-0.0319563401457
-0.0592781973168
-0.0667600433735
-0.0462429292775
-0.0629116998521
-0.0655834916032
-0.0687128650475
-0.0443668048183
-0.0350433613616
-0.0210066443249
-0.0582871833153
-0.0570397408986
-0.0542592620184
-0.0388061316424
-0.0737598832979
-0.0667507402143
-0.00146897197798
-0.0407164720942
-0.0698524374375
-0.043055683449
-0.0450250610882
-0.0686366360089
-0.0629908466502
-0.00492879127855
-0.0833319481314
-0.0794776213829
-0.0647195876359
-0.0514828056993
-0.0647744915746
-0.0642750728003
-0.0700508078618
-0.07989549591
-0.045868378285
-0.00494075676653
-0.0132722927739
-0.066168432067
-0.00672783807697
-0.0434007176787
-0.0430175951439
-0.0619837167956
-0.053934076167
-0.0539231621304
-0.0415365364854
-0.0762776637847
-0.0545822033046
-0.0383747011645
-0.0319661025049
-0.0294409745784
-0.0102847181193
-0.0356811619016
-0.0745741500296
-0.0202327513378
-0.0407715174678
-0.0215282604605
-0.0246125337608
-0.0425585223992
-0.0379713796817
-0.0553876182379
-0.0733769969577
-0.0682914621904
-0.0225340891687
-0.0756583585621
-0.064480564473
-0.0459095217944
-0.075500051661
-0.0226656837707
-0.0320191677574
-0.0186740380599
-0.0626742424156
-0.0619381130935
-0.0470131053818
-0.0455365956985
-0.0483560570341
-0.0860066899148
-0.00147385823073
-0.0671304260226
-0.0360832379907
-0.073621001607
-0.011248350077
-0.0185709355641
-0.0501376031692
-0.0127612998169
-0.0475579349385
-0.0517202171068
-0.0176915273738
-0.0400988319699
-0.0652524216316
-0.0760846257807
-0.0317268067204
-0.0754916375106
-0.0793878823199
-0.0728590414379
-0.00945579760462
-0.0689630491077
-0.0652640480097
-0.0577799960877
-0.0501301367887
-0.0593681247264
-0.0124157232387
-0.0427597679768
-0.0822422769033
-0.0588895340878
-0.069717699653
-0.0535334537058
-0.0240260501734
-0.0587284294074
-0.0736265932891
-0.0316531457089
-0.025405030264
-0.084876757994
-0.0576439506939
-0.0445926738139
-0.0490098383106
-0.0766386755368
-0.0531599717731
-0.0315411745739
-0.0869303693777
-0.061165093671
-0.0475708443825
-0.0639601749928
-0.0777021533764
-0.0434866591543
-0.0776021601486
-0.0644958367483
-0.0621897601506
-0.0651842529334
-0.0457517609856
-0.054062719981
-0.0444349291351
-0.0843420328475
-0.0587845606575
-0.0467591899178
-0.0113122656044
-0.0137115399308
-0.0661228647408
-0.00866348172649
-0.0776608008885
-0.00157892859326
-0.00644664815937
-0.0426696288884
-0.0138113339194
-0.0475121481722
-0.0612172438587
-0.0654227805605
-0.0577011721313
-0.00556674046344
-0.0444608533158
-0.0507027951982
-0.0800060985605
-0.0657368880936
-0.00461010221919
0.000506217464887
-0.0702550042256
-0.0591800480549
-0.0683991210438
-0.0613243775185
-0.046074295228
-0.0450234004355
0.000664475612757
-0.0163815722692
-0.0429207745261
-0.0673378814908
-0.0541710099732
-0.00417031885559
-0.00876937439554
-0.0803034635814
-0.0587245108833
-0.00595217226528
-0.0472746654393
-0.0856749897129
-0.0850347967362
-0.0698093618365
-0.0503708251605
-0.0721339840569
-0.0637425376281
-0.0510674388143
-0.0553371510222
-0.0125869015946
-0.0229123233005
-0.065693735123
-0.040170583958
-0.00162064608913
-0.05257546765
-0.0617411784829
-0.0865311020277
-0.000644725526874
-0.0494820155621
-0.0492518154727
-0.0601866104218
-0.0781581751878
-0.0852007049425
-0.0479250325088
-0.0824374403986
-0.0864698488057
-0.0313059209168
-0.0155244804605
-0.0114121054056
-0.061269089886
-0.0780593275546
-0.0626674434569
-0.0690538559405
-0.0734368265311
-0.0595508239729
-0.0633608417694
-0.00946617719365
-0.0863919391415
-0.0485334156134
-0.0307463244636
-0.0729807960857
-0.071996672085
-0.0503359480132
-0.0655600001755
-0.0419972274107
-0.0518560292368
-0.00897516118769
-0.0636730843617
-0.0727338560909
-0.0637496704336
-0.0810657835411
-0.072782421012
-0.0611100738254
-0.0687998870212
-0.0608496988884
-0.0819161033813
-0.0581466786716
-0.0818707344712
-0.0492995219809
-0.0672764259993
-0.0593023192974
-0.0636338823626
-0.00969811357533
-0.0732242004308
-0.0317534406071
-0.0501737945585
-0.000225817154566
-0.0427478891597
-0.0829576079863
-0.0657511501758
-0.0663128525682
-0.053090597398
-0.0814325600856
-0.0690354358935
-0.00263500445057
-0.0570147069958
-0.0838165758765
-0.0092751754923
-0.0483749944863
-0.0378851331
-0.0603861409055
-0.0361512069729
-0.0373292527865
-0.0515060199692
-0.0540243689103
-0.0664176042429
-0.0470669830714
-0.041219669674
-0.038176551799
-0.038831112275
-0.0625355639196
-0.0361619962681
-0.0862873162381
-0.0860045310677
-0.0853466902518
-0.0843374000868
-0.0457341467879
-0.0851261159301
-0.0811132433593
-0.0838372935609
-0.0664790288674
-0.0414875118698
-0.0761978124568
-0.0128226988498
-0.0582325782324
-0.0815998734125
-0.0834958847456
-0.0432680641914
-0.0176463760913
-0.0560936695916
-0.0695476454331
-0.0741745532458
-0.0154742401351
-0.0014269957379
-0.0704731811289
-0.0364087515204
-0.082044943721
-0.0370019817965
-0.0251532465648
-0.0692009910592
-0.0260106238725
-0.0309605194621
-0.0266860326752
-0.0569061333351
-0.0247673007674
0.000184140564092
-0.0271553703687
-0.0455089395337
-0.0219881487103
-0.0445162373042
-0.0387762725023
-0.0310370507755
-0.0395786896358
-0.0317927508192
-0.0343069493309
-0.0347720061889
-0.0330614929319
-0.0331452872293
-0.0354677781708
-0.0553355340896
-0.0294392887272
-0.0536112603613
-0.0253036773037
-0.0184581662702
-0.032413754507
-0.0279522200769
-0.0225563218564
-0.0332399339377
-0.0216737978002
-0.0201614788251
-0.0179443779708
-0.015364097527
-0.0112237823136
-0.0117697882113
-0.0139909070174
-0.0241433762159
-0.00669588010605
-0.00817150704057
-0.0421532070791
-0.0296391645174
-0.00472846522433
-0.00101314819848
-0.0272944168612
-0.0572866553428
-0.0543306437713
-0.0391374962837
-0.0342702217593
-0.0522248437613
-0.0535803894172
-0.0310977753271
-0.0189965310425
0.00947751472563
0.00432181736748
-0.000576218953818
0.00180409274316
0.00698968862338
-0.00146756640201
-0.0616417104878
-0.0475513195321
-0.00334479556886
-0.0218495461559
-0.030198614
-0.049648034917
-0.0208360542499
-0.0271507956431
-0.00220246918859
-0.0350006265343
-0.0333503227487
0.000983506525148
-0.0455416783559
-0.0590333298746
-0.0429238834203
-0.045497295382
-0.0345398693836
-0.0376804363335
-0.0515136714422
-0.0374323734355
-0.0293208802749
-0.0425191244592
-0.051403173453
-0.0191246606815
-0.00735722622802
-0.0523455115268
-0.00377493243423
-0.00936308052529
-0.0259662796433
0.00289943427377
0.00546295853853
-0.0457457347331
-0.0614436423383
-0.0605048066473
-0.0557516564125
-0.0402849674829
-0.0355970053842
-0.0466160499723
-0.0417344685769
-0.0577789231365
-0.0139462345496
-0.0601037234842
-0.0319441775858
-0.048317681969
-0.0568492682759
-0.0578923617638
-0.061444072098
-0.0179844883812
-0.0131814173726
-0.0250883145693
-0.0175300057654
-0.0143383621031
-0.0124105047147
-0.0540784910054
-0.00727727259273
-0.00361434427726
-0.0466301755768
-0.0450299260723
-0.0493125031365
-0.0556982722714
-0.0543876651396
-0.0439957398292
-0.0068887927517
-0.0518059331436
-0.0208319122306
-0.0371239349322
-0.0353596873381
-0.0184605342717
0.000195722316128
0.0063254013918
-0.000274757731571
0.000469078831279
-0.0124018524586
-0.0612400856261
-0.00331923764305
-0.0342419273285
-0.0347570775746
-0.0213029097674
-0.0247104412684
-0.00881311228457
-0.0412955665448
-0.00814972886672
-0.0307818533206
-0.0160059030241
-0.00721266254366
-0.002992696512
-0.00135547597634
-0.0359240059545
-0.0151313209805
-0.0246257758102
-0.00354260594771
-0.0177653346168
-0.0138599482437
-0.0297339801063
-0.0446007256715
-0.0179942579125
-0.0385475360698
-0.0398267244235
-0.0388769741019
-0.030055631835
-0.00249238160976
0.00445570227584
0.00538386584167
-0.00371869785474
0.011941476161
0.00797783633428
-0.000275392537883
-0.000711463064369
-0.00376876996152
-0.00975780004396
-0.0283952810711
-0.0493214727933
-0.0153096747486
-0.0209211618847
-0.0555093076183
-0.0334607569594
-0.00495937309636
-0.0358725647411
-0.0474156199196
-0.0210604882328
-0.0334518214896
-0.03169783078
-0.0481221507965
-0.030935031535
-0.0389856956938
-0.0395216936766
-0.0422601585378
-0.0400691239376
-0.0547037873279
-0.0593440568079
-0.00399177769784
-0.0348236250541
-0.0122809412893
-0.0127802280172
-0.0297214359963
-0.0104015270236
0.00322921733569
-0.0539073157344
-0.0624458439475
-0.0522411194128
-0.0381989648524
-0.0312663071728
-0.0460239811048
-0.0218068859564
-0.0591458773461
-0.0333087417313
-0.0578410410305
-0.0508073466174
-0.00292715262005
-0.0588266682868
-0.0338822657386
-0.0604475309018
0.00057155081023
-0.0617625078396
-0.0568630107654
-0.0550787684991
-0.0568519240632
-0.0586904130347
-0.0446040350784
-0.0498836604136
-0.0186268127383
-0.0181376779436
-0.0181625846308
-0.0208689542386
-0.0169866483919
-0.0157845876099
-0.0516632524284
-0.00520950705852
-0.0252960185047
-0.0443409866798
-0.0413310169151
-0.0260927353918
-0.0114636848679
-0.00150605178951
-0.0495909682355
-0.0253287861399
-0.0561569741176
-0.0158924277919
-0.0346034218713
-0.0280013560233
-0.0219311093516
-0.0492993883183
-0.021017129412
-0.0166627291598
-0.0380687432004
-0.0581203761964
-0.00499275440822
-0.00618817805272
-0.0294363748426
-0.0345915674069
-0.0374174913881
-0.020315609715
-0.0280535304898
-0.014896977375
-0.0347555890219
-0.00387856129407
-0.0312285423955
-0.0320594602256
-0.0195052509086
0.00199428767497
-0.0537974615176
-0.0529928016552
-0.0184131349454
-0.0225658677978
-0.030487301656
-0.00733236435174
-0.0274080678384
-0.00335849311461
-0.00230333084673
-0.00440779634165
-0.0391373774033
-0.0355894525767
-0.0207992264605
-0.0594365965145
-0.0465182321866
-0.00302182875348
-0.0250762526167
-0.0326793651845
-0.0448629739078
-0.0355609742734
-0.020730829856
0.00394397972069
-0.000229947415846
0.000649851043796
0.00771868167969
-0.0522973183611
-0.0363595001484
-0.033173268446
-0.041959964093
-0.060383168847
-0.0284716541478
-0.0283140545743
0.00774346553915
-0.00121323968401
0.00232019380577
-0.000460955814125
-0.0106383550643
-0.033693496199
-0.0502648632206
-0.0118467235009
-0.0524320270993
-0.0537143555547
-0.0237093307727
-0.030318496316
-0.0147155282502
-0.0517241317619
-0.04878219857
-0.0486874403589
-0.0323398741546
-0.0114235787306
-0.0145875280721
-0.0111683695839
-0.0169276370572
-0.0143496255666
-0.054431461914
-0.0402740527689
-0.0556515596548
-0.0572336470706
-0.0571651342837
-0.0478408221505
-0.0312914742927
-0.0143041344708
0.000426254575815
-0.0559063875766
-0.0544502307428
0.00657427326274
-0.0229731976503
-0.0169735970399
-0.0268043167023
-0.000691805913266
-0.000346223647821
-0.000329589294825
0.00713557271682
-0.021870987735
-0.0553954669067
-0.0495388289348
-0.0434893800173
-0.0370652646175
-0.0227531649197
-0.0582983429529
0.00113731327155
0.00339863731743
-0.00876789675231
-0.0308786825596
-0.0504444465586
-0.0472588664739
0.00200497921854
-0.000338592932037
-0.0466190531947
-0.0407370961772
0.00852793268368
0.00831217536934
-0.0238857419891
-0.0109707458035
-0.0306840003809
-0.0320280834999
-0.0298817351499
-0.00708670955309
0.0152105730158
-0.00824177904677
-0.0496867191201
-0.0449081960134
-0.00394892436111
-0.00172557452422
-0.0370222852193
-0.0357091006154
0.00552730688688
0.00233094136549
-0.0179766855031
-0.0215912252333
-0.0323661167301
-0.0347189047854
-0.0268335477033
-0.0202364371316
-0.0283667209337
-0.0191981144762
)
;

boundaryField
{
    bottomWall
    {
        type            zeroGradient;
    }
    leftWall
    {
        type            zeroGradient;
    }
    rightWall
    {
        type            zeroGradient;
    }
    movingTop
    {
        type            zeroGradient;
    }
    front
    {
        type            empty;
    }
    back
    {
        type            empty;
    }
}


// ************************************************************************* //
