/*--------------------------------*- C++ -*----------------------------------*\
  =========                 |
  \\      /  F ield         | OpenFOAM: The Open Source CFD Toolbox
   \\    /   O peration     | Website:  https://openfoam.org
    \\  /    A nd           | Version:  14
     \\/     M anipulation  |
\*---------------------------------------------------------------------------*/
FoamFile
{
    format      ascii;
    class       surfaceScalarField;
    location    "9";
    object      phi;
}
// * * * * * * * * * * * * * * * * * * * * * * * * * * * * * * * * * * * * * //

dimensions      [0 3 -1 0 0 0 0];

internalField   nonuniform List<scalar> 
4035
(
8.89094905289e-06
1.36764110811e-05
-2.25673600176e-05
9.28374989821e-06
-8.64601518658e-05
8.60673510208e-05
2.296016098e-05
-0.000109027511881
0.000109027511999
0.000182929884889
-1.43692003357e-05
-0.000168560684547
6.57194206209e-05
4.42387518252e-05
-0.000109958172444
-0.000128668213515
-1.10162881062e-05
0.000139684501628
-0.000112042120996
7.65013081342e-05
0.000103523723395
-6.79829105323e-05
5.98549081827e-05
-0.000184546606365
-5.58979829681e-05
0.000180589681164
6.04735412585e-05
-6.16400287599e-06
-0.00011743905233
6.31295139504e-05
-2.93117098619e-05
-0.000111818620672
9.76307647309e-05
4.34995658173e-05
0.00015265185136
-0.000107456229972
1.46592868046e-05
1.58900072737e-06
-0.000128742504757
0.000124657750891
2.49575315009e-06
1.92960257918e-05
-0.000144665628417
0.000108471502134
1.68981004933e-05
0.000125480674209
7.01469678667e-05
-0.000151740115809
-4.38875262571e-05
7.77263929809e-05
-9.61608693868e-05
-1.08772334509e-05
-3.71320019047e-05
-9.63760911324e-05
0.000105540290588
2.79678024497e-05
7.23758889611e-05
-9.75556205651e-05
5.30121074309e-05
-2.78323758138e-05
8.22084991346e-05
-4.76685586802e-05
2.59336008042e-05
8.69631524907e-05
-0.000126405884193
5.95554177467e-05
8.53268409066e-05
0.000184566196483
-6.41483129281e-05
-7.66267715983e-05
-0.000110332302409
-0.000161908802721
6.91627075205e-05
7.66459033901e-06
-9.88890367041e-05
6.50580424321e-05
-0.000114113648084
-1.72518293858e-05
2.23379655924e-05
8.57128361374e-06
0.000115315543103
-7.86405444046e-05
-2.55446106986e-06
-3.41205376213e-05
-5.97249451732e-05
0.000175040488279
6.87038381213e-05
2.20759446287e-05
-5.56259951964e-05
2.43079464961e-05
1.56508132841e-05
-7.5165459532e-06
-3.62232592823e-05
6.08666991849e-05
-7.92388590504e-05
-4.13527852983e-05
-5.52264675461e-06
5.52264675496e-06
8.97293052038e-06
1.12298005669e-05
-2.57253778454e-05
1.44955772784e-05
-5.29151665622e-05
-7.86405444016e-05
2.31539746869e-05
-0.000232776147025
0.000209622172336
-4.2925845078e-05
-7.57368908219e-05
0.000118662735897
2.84748319599e-05
-0.000180213295174
0.000151738463202
0.000117790178357
-7.10149006178e-05
-0.000109816953387
6.3041675645e-05
-9.61629220737e-05
0.000155965242557
1.00545749213e-05
-6.98568954047e-05
-0.000193841654868
-1.46068177222e-05
0.000112285550507
0.000196129030388
4.62102022107e-05
-8.63739900437e-05
0.000120321649313
-5.78049929688e-05
6.33650547277e-07
-6.31503068906e-05
-3.40280762578e-05
0.000111423880493
0.000155614758618
6.36682464537e-05
-6.0503199526e-05
-0.000188464578714
5.51261233655e-05
-0.000155236702339
0.000111193095369
-1.64595925574e-05
0.000142321441497
-0.000142261170925
-1.46670882964e-05
-1.25364093631e-05
0.000143256069356
-0.00011135972238
-1.93599376194e-05
0.000105371684666
-0.000263132449803
0.000166900410136
-9.13964499819e-06
-8.67335179753e-05
0.000106365218259
-9.57712536109e-06
9.93534946357e-05
-0.000105514656622
-2.78669142655e-05
0.000190215610159
-0.000131530004278
-1.24754036726e-05
-8.0190924925e-05
4.87946311964e-05
-2.64086992358e-05
-0.000206864586568
-7.51032402749e-05
-0.000164096375259
3.10566439825e-05
0.000238411415941
0.000157613208717
-5.23594397296e-05
-2.37653803822e-06
0.000201140555696
0.000113909999006
-7.3501019134e-05
0.000232197199677
0.000124048792523
1.11475974792e-05
-2.61688780028e-05
-1.4204754642e-05
-0.000524437141241
0.000781844877768
-0.000230273894266
-2.7133842265e-05
-5.38285256215e-05
-6.92833760945e-05
-2.51123034705e-05
5.47566784506e-05
-2.89042029482e-05
-1.43571710245e-05
-1.42689718823e-05
-9.24859319289e-06
-0.000193158589208
0.000160417214925
-2.10871513387e-05
0.0023330852446
1.94892911869e-06
-0.00233503417389
-6.23633925141e-05
-6.84540225641e-05
0.000130817415105
-0.000579451929837
0.000422921884503
0.000156530045348
-0.000595208330646
6.4383396982e-05
0.000549246648197
-1.84217145133e-05
0.0010969429614
-0.00120177840515
-0.000964597130509
0.00106943257422
-2.63162069655e-06
2.94948266168e-05
-8.29399610336e-05
5.60767551309e-05
0.000144126600827
-0.00123224072668
0.000449035847783
0.00063907827798
0.00087200114509
0.000477532929601
-0.000252591113186
-0.000550517005273
-0.000922664701879
0.000332671867116
0.00114050984008
-0.00035657110536
-0.000996121669599
0.000501534494972
0.000851158280039
0.00123404852403
0.000254060635686
-0.000166669755339
-0.00132143940445
0.000525430603325
0.000195420387817
-0.000576724390342
3.31624499425e-05
-0.000140071264171
3.71226437114e-05
6.97861705294e-05
0.000328128819886
-0.000982685143861
-4.63839357422e-05
0.000700940259175
7.28950075415e-05
-2.25688920019e-06
-7.32697390314e-05
0.000514223378463
-0.00141833528543
-3.28685658872e-05
0.00130325956264
0.00154404906035
-0.000392161268566
-0.00102422508782
-0.000118231533646
-0.000807548728269
-0.00014423070771
0.000684805730474
-0.000143116752743
8.9268616094e-05
-4.83926199708e-05
9.44355378464e-06
-3.96914782016e-05
-2.51844307246e-05
0.00282467907908
-0.00340965442067
-0.00025085781427
0.00083583315578
6.78734776765e-07
4.70318420476e-05
5.3734075913e-05
-0.000104536723997
0.000560685205975
0.000241844179484
-0.000140797888427
0.000280519546983
-0.00021800697434
0.000882728756284
-0.000945241328962
0.00310519862603
-0.000369265857788
0.000369265857782
0.000201437665022
-0.000396897444337
-0.000173806078477
0.000570703522802
0.00038494743343
0.000781844877748
9.6858727899e-05
-0.0018801174493
0.00178325872131
-9.24451237805e-05
-0.00124930693097
0.00134175205473
-0.00022375221819
-0.00144741018862
0.00167116240677
0.000191000603785
2.90723233014e-05
-0.000165889174948
-5.41837521537e-05
-6.64151986037e-05
0.000286994968998
-6.99946448486e-05
-0.00015058512555
-0.000300053313426
-0.000105423664435
0.000339061779208
0.00046748364245
0.000118345914665
-0.000298834588194
0.000169559848873
-0.000180456250803
0.000143197540563
-0.000132301138643
-4.47252747047e-05
0.000121839999792
0.000489144008216
7.51983620822e-05
-0.000105866615903
-0.000362914549115
0.000168727851544
-0.000144948264494
-5.48524141454e-05
9.39340627104e-05
0.000186356902881
-8.65587685482e-05
-0.000205221798779
-1.89864806909e-05
0.000217167496789
-4.45469176578e-05
-0.000153634098467
0.000319455125609
-0.000600219823219
-9.57534291398e-05
0.000376518126678
-0.000120205657547
-9.08146107829e-05
0.000141025623494
6.72385175639e-05
-5.08800334624e-05
-6.10837588112e-05
0.000440494606605
-4.26515420109e-05
-0.000279497149996
-3.6471107274e-06
-9.28903495589e-05
-8.39187905205e-05
-0.00183989025832
-0.00110610939041
-0.000690472050415
0.000196723372983
0.000813203802961
0.000389142311421
-0.000217128188347
-0.000197524455895
0.0015819306791
0.000322786322232
-0.000171873999153
0.00177865405201
0.00104968022734
-0.000175714680542
-9.2120669062e-05
-0.00252318664142
0.00340965442088
-7.29504075856e-05
-0.00081351737201
-0.000188730301711
6.86712135591e-05
-0.000102961518358
-8.94158940859e-05
-9.85886710681e-05
-6.04681052264e-06
-0.000125305223604
-8.44338802206e-05
-8.45268545408e-05
-7.69025153596e-06
-0.000575443496255
0.000651804961326
-0.0010263277575
0.00102632775743
0.00057942591067
0.000188662438753
-0.00179441610699
0.00160575366806
-0.00161523831388
-0.000118442928366
1.09866984027e-05
6.21482252717e-06
-7.62940606294e-05
2.86255019506e-05
2.924622996e-05
-7.72248038881e-05
-1.89360654989e-05
-2.42126964563e-05
-4.37207613889e-05
2.64689320046e-05
2.49830767318e-05
8.08607743809e-05
2.26629490162e-05
2.52347791861e-05
8.9530832221e-05
1.89406699115e-05
2.15479216889e-05
-0.000106126909297
-4.56132065027e-05
-4.52602101083e-05
3.53650950336e-05
-3.79195560956e-05
-4.38737640149e-05
0.000126727444373
-1.55343490088e-05
-1.55337265532e-05
7.6904071584e-05
-2.81094403813e-05
-2.86105850374e-05
0.000117591579835
-1.12263615706e-05
-1.39384244405e-05
4.0150348253e-05
-2.90027507714e-05
-2.91330278407e-05
-8.31892664327e-05
-2.66276869522e-05
-2.84325879813e-05
-8.86369161548e-05
-2.2722806225e-05
-2.55952405091e-05
0.000176993128585
-1.00927184495e-05
-1.61654606258e-05
-0.000192522026962
-3.77518673092e-05
-3.21048120386e-05
0.00014238547497
-4.98279588125e-05
-9.25575161452e-05
-8.85152761524e-05
7.98271289267e-05
8.68814722981e-06
-1.983503273e-05
5.14516860844e-05
-3.16166533514e-05
-0.000207645631116
-8.9726907932e-05
0.000297372539026
-9.63583631395e-05
-2.20323782109e-06
9.85616009462e-05
-4.79999745114e-05
6.21776321494e-05
-1.4177657628e-05
-7.21919425001e-05
2.41919679946e-05
0.000112707506079
4.72449903648e-05
-0.000159952496454
0.000449545737334
-0.000535013718299
8.54679809094e-05
-0.000100549578591
0.000164972786978
-6.44232083978e-05
-0.000322618250493
0.0001149726194
0.000127759094546
1.46263804302e-05
-4.50641217725e-05
2.52290890442e-05
1.89905676568e-05
-0.000115348930803
-5.00200821318e-05
-4.14455863803e-05
9.14656685034e-05
0.00105967925436
-0.000657684798232
-0.000401994456091
0.000323317348165
0.000736361906233
0.000287624851975
-0.000195757245389
-9.18676065734e-05
0.000189726871809
9.78979801743e-05
0.000406755580509
-0.000186218428857
-0.000220537151645
0.000210998335125
9.8558157811e-05
-9.34072044011e-05
-5.15095339713e-06
9.74811803098e-05
1.07697750868e-06
-8.67626094669e-05
1.21220313861e-05
7.46405780839e-05
-0.000115992598855
6.32566937335e-05
5.273590513e-05
4.49924794864e-05
0.000404553257819
0.00031611838399
-0.000454543463459
0.000138425079419
-1.96500432883e-05
-5.8241606588e-05
7.7891649869e-05
-0.000275737313782
0.000195165251252
8.05720625184e-05
0.000130171677769
-0.000139701377205
9.52969945224e-06
-0.000214992097401
0.000362766743224
-0.000147774645832
4.67390984535e-05
-9.67591805903e-05
-0.000342840089577
-0.000192173628726
1.50138655226e-06
-8.82639960174e-05
-6.86414059366e-05
-1.98738702135e-05
-0.000155978127218
-0.000119759186563
6.92558984067e-05
1.05712305201e-05
3.99598979116e-05
-0.000140509476507
0.000175817865704
-6.31103596339e-05
5.7283459592e-05
4.01977207249e-05
7.68934247617e-05
-1.96099651616e-05
-8.65981405233e-05
-0.000478226544816
0.000564824685379
0.000379592156184
-0.000466190296714
-7.1377225598e-05
0.000137726164163
-6.63489385475e-05
0.000118349646216
7.45188374417e-05
-0.000732203635653
0.000686527952219
-0.000612009114739
-0.000442509701242
0.000489010223513
-4.65005223419e-05
-0.000430343008913
6.72162771979e-05
0.000363126731779
-3.95766615903e-05
0.000638669791036
-0.000599093129389
-0.000893203582063
0.000414977037272
-0.000569886233885
0.000579178342682
-0.000199586186507
0.000392959913827
0.00091223890844
-0.000319202757269
-0.000593036151049
0.000130107089216
7.61907495683e-06
3.66998848201e-05
7.28366734182e-05
4.056751353e-06
-0.000517717502311
8.73744934336e-05
-3.48246544876e-05
-0.000482892847786
0.000486844552644
0.000102117090879
-0.000588961643497
0.000121201245383
0.000311667665056
-0.000432868910566
-0.000321308455882
0.000525469682607
-0.000565046344165
0.000498676300948
-9.66607749028e-06
0.00042611268279
-0.000358896405535
0.000675259904509
0.00023697900396
0.000605725442045
-0.000118880889317
0.000354840407349
-3.87220233861e-05
6.44730920287e-07
-2.77852475853e-05
-8.82073512618e-05
3.26573073488e-05
8.69914420773e-05
-0.000119648749418
-0.00035249274065
0.000262765832684
-8.44820836245e-05
0.000131727073983
-8.33062388762e-05
6.36561955823e-05
-0.000322524688043
0.000107532590617
3.67114183795e-05
9.34602593919e-05
8.04907033504e-05
7.61183119159e-05
-0.000125946270718
0.000240598856052
-4.54336047961e-05
-9.35876051792e-05
-4.61137720131e-05
3.8530796533e-05
-9.67724031259e-05
-0.000449893756274
0.000242267010849
0.000207626745408
-3.37124541002e-05
9.69691478397e-05
-8.83878089252e-05
4.25134407395e-05
4.58743681766e-05
-1.03052713395e-05
-0.000100495775145
0.000110801046505
-0.000115619081007
0.000250972379441
-0.000135353298427
0.000305291039586
0.000175310611922
-0.000480601651559
-0.000103182635034
0.000140670242237
-3.74876071927e-05
-0.000244286647727
-0.000205607108561
1.4061135376e-05
8.65171307864e-05
-0.000100578266159
-5.65193745491e-05
0.000421224612335
-0.000115933572798
0.000103626070283
-7.0968762929e-05
4.98570123923e-05
-9.13025987782e-05
-0.000124979775045
-0.000197638475458
0.000103892876519
2.38662180382e-05
-0.000109347073078
0.000107143835247
4.0791281546e-05
2.13863506092e-05
-1.84625758654e-05
9.23441947105e-05
-7.38816188561e-05
-5.24542076042e-05
7.05445203249e-06
4.53997555751e-05
0.000666908620443
-0.000357646640812
-0.000309261979632
0.000390015093188
0.00027689352722
0.000184630154306
0.000178136588899
4.90923487807e-05
2.35933730643e-06
6.6340239651e-05
-8.48028155225e-05
-6.5866930514e-05
7.99280658917e-05
1.05188047264e-05
-0.000113701439754
-5.52329743215e-05
0.000106212043227
-5.09790689143e-05
9.2273732061e-05
-7.9772068061e-05
-1.25016639924e-05
-0.000409550983958
-0.000114896314143
9.47388576167e-05
2.01574565314e-05
3.49492574077e-05
-9.01822317353e-05
3.15521625456e-05
6.07215695186e-05
-3.2514393454e-05
-8.23819206838e-05
-3.3552199245e-05
-9.76557560149e-05
0.000131207955268
6.83157454466e-05
7.23544967951e-05
-0.0004270447644
0.000182758116637
-5.9246615898e-05
6.79240829492e-06
-3.80096697397e-05
0.000111334762364
0.000135065065031
-9.51051671241e-05
-3.96359745583e-05
-0.000394697129428
0.000434333103956
9.79653791734e-05
7.78524865208e-05
5.71035203421e-05
-0.000213081647571
-0.000288619685022
0.000515826407087
-0.000256811665234
-0.000259014741894
-8.02576772201e-05
0.000278112253773
-0.000317748228356
-1.75713519551e-05
0.000124989876543
-0.000107418524599
1.65368650229e-05
-0.000113619956193
9.70830911544e-05
-0.000102213306811
0.000118750171829
-0.000118434325969
-2.12368658727e-05
0.000139671191836
-0.000132116976599
-4.25544489715e-05
0.000174671425588
-0.000146395664581
-4.98569104481e-05
0.00019625257504
-0.000165738067881
-5.96299044034e-05
0.000225367972295
-8.46832505729e-05
-1.20891525587e-05
-0.000114120540645
-2.2298999898e-05
0.00013641954053
-0.000192186619502
-7.40984580588e-05
0.000266285077585
0.000128567325043
-1.17806266926e-05
-0.000116786698341
-0.000136634397595
2.25138569535e-05
-0.000374554573081
-0.000136415989013
0.000510970562098
-0.000119784658771
-0.000125755311092
0.000148812939466
-2.30576283792e-05
0.000154912134505
-6.30150144628e-05
-9.18971200646e-05
-0.000332185702772
0.000235041723477
9.7143979312e-05
-0.000231293627061
-9.60195134029e-05
0.000327313140472
0.000121499081175
-1.80575447985e-05
-0.000103441536393
-0.000406073963911
0.000367536861924
3.85371020134e-05
-0.000179127147025
-6.20054579335e-05
0.000241132604965
-0.000375128560858
-0.000104065642366
0.000479194203206
-0.00028787244219
-0.000125114417996
0.000412986860201
-1.57149295329e-05
0.000270166591019
-0.000254451661486
-0.000202785555121
-9.41124754431e-05
0.000296898030563
0.000101935286284
-0.000304720841423
-1.75184235568e-05
-0.000107340904417
0.000124859327977
9.78920711476e-05
-0.000115309953164
1.74178820213e-05
-4.10623613497e-05
0.000108842068186
-6.77797068303e-05
-0.000140624594382
-0.000236349891284
0.000376974485654
4.43078687275e-05
-0.00017642484533
-9.60254872043e-05
-0.000129748397477
0.000225773884683
-0.000140733325868
-9.10037350896e-05
-0.000241181967672
0.00011095601071
-4.77232713942e-05
-6.32327393109e-05
5.24857055386e-05
-0.000198881370121
6.98936493592e-05
-0.000126439049649
0.000108920626089
-0.000128093055211
5.73324324062e-05
7.07606228143e-05
6.31141556885e-05
-0.000228852223569
0.000163188912142
4.18427620523e-05
-0.000205031674214
-0.000302592338166
0.000265531049295
3.70612888845e-05
-0.000215784673762
-3.97289376395e-05
0.00020291784977
-0.00046093316235
0.000418235830559
4.26973317854e-05
0.000351470343859
-0.000331830926619
-1.96394172273e-05
0.000300468171059
5.10021728078e-05
8.53714568867e-05
-0.000460500017755
0.00018936534138
-1.15030042799e-05
-0.000177862337108
0.000181231877952
-7.43667264004e-05
-0.000106865151552
9.73544098408e-05
8.38774681252e-05
0.000323478126577
5.81894807725e-05
-0.000381667607351
-0.000113463167333
8.6040235412e-05
2.74229319106e-05
-6.54912751493e-05
-6.26017800506e-05
-0.000511083016019
0.000225773336952
0.000285309679066
-5.07594313869e-05
5.10766268292e-05
-3.17195434488e-07
7.81809102914e-05
-0.000270367529787
-9.39449339549e-05
-1.95182333868e-05
8.05454081e-05
1.90724819387e-05
-0.000103755732519
-0.000392888012605
-5.93032298556e-05
0.00045219124242
-2.08595358574e-05
-0.000105579513788
0.000183438262868
-8.62446350372e-05
-9.71936278336e-05
-0.000174703815151
6.22820160504e-05
0.000112421799107
-0.000391030064509
0.000281002392998
0.000110027671505
2.52744327581e-05
-0.00015102974385
-0.000298234153721
-0.000212848862278
-0.000128551678917
0.000107692143062
-0.000112995444063
0.00048634491497
-0.000373349470855
7.33937743373e-05
0.000110044488534
0.000207875857667
-0.000107403470129
-0.000100472387535
-0.000101310040812
9.96814984089e-06
6.09352664179e-05
-7.09034162495e-05
0.000101140527644
-0.000332434154704
-0.000511781578368
0.000351308590563
0.000160472987797
0.000238977779429
-0.000136305263858
-0.00010267251557
0.000113855047052
0.000125122732386
9.06371126604e-05
0.000117238745006
-0.000106023266091
-0.000354909896237
-1.37378972269e-05
-0.000111677704641
0.000125415601865
-0.000252235733062
0.000115930469221
-0.000162080033701
-9.01556993627e-05
2.75541472135e-05
-0.00011720283871
2.00927977062e-05
9.71100410051e-05
-2.12416710287e-06
4.04401501031e-05
2.98548243381e-05
-7.02949744388e-05
-9.07212378333e-05
-2.64816008829e-05
-0.000264189501425
0.000444068577636
-0.000179879076176
-6.75519379337e-05
0.000113368503434
-8.40657812755e-05
-2.93027221544e-05
3.40953995008e-06
-0.000409483503852
0.000177870577281
-0.000298638471801
0.000120767894523
3.839560237e-05
6.14807316385e-05
-9.98763340093e-05
-9.69188658418e-05
0.00046445572777
-1.58804856573e-05
-0.000514521003793
0.000530401489477
2.26472655971e-05
0.000108432167828
-9.74454694178e-05
-0.000119661337903
0.000104126988898
-0.000157158665423
0.000106066710623
5.10919547949e-05
0.00109646393538
-0.000622973568942
-0.000473490366312
0.000339807219755
-0.000237871933476
-0.000269811296967
0.000175698821519
-0.000112751066405
3.23421165852e-05
8.04089498237e-05
-7.40601706923e-05
-3.86908957179e-05
3.93608795362e-05
7.93892922795e-05
3.40555135199e-05
7.72399965213e-05
-0.000111295510027
-0.000471473438931
6.99690476511e-05
-2.95288975457e-05
-0.00029171683288
-0.000141354344765
0.000433071177681
-3.13905016172e-05
-0.000102633173701
0.000134023675306
0.000109998312228
-7.7656195643e-05
-0.000272969614159
0.000203621161391
6.93484527547e-05
3.47818974941e-05
0.000389065022122
-0.000108062629126
2.59325309508e-05
0.000207774273103
-0.000499491105962
0.000140737574695
-0.000101376695171
0.000269104947499
-0.000410459292252
0.000199182625368
-6.73853666461e-05
0.000336490314173
7.20286281673e-06
-0.000239494934758
0.000223780005216
-0.000230355022138
-4.26145920202e-05
3.98115688737e-05
-0.000117152977653
0.00012752717111
-1.03741934501e-05
-0.000189202392233
0.000149473454582
0.000152715130831
-0.000286008241407
0.000512913509846
-0.000305139236723
-0.000222776963762
0.000225785969565
-3.00900579324e-06
6.61901355754e-05
-0.000245317282606
-0.000264985455793
-1.33695187054e-05
0.000278354974516
-0.000433243413426
0.000329177771057
0.00011216512982
-7.81096162953e-05
-1.2375210743e-05
-0.000115390326669
0.000127765537411
0.000104106893681
-0.000189944178748
6.01957812766e-05
-0.000122874630971
7.10154427397e-05
6.89416182357e-05
-0.000139957060959
0.000150079168084
-5.09859289611e-06
-0.000144980575201
0.000164236101644
2.51292397256e-05
7.66907531658e-05
7.30847249911e-05
-0.000149775478157
0.00011895097256
-7.66132573324e-05
0.000436259018147
0.000660204917288
0.000134681025359
-0.000422553467557
6.53013816244e-05
-0.000113024653013
0.000116206721757
-9.61139240539e-05
0.00011957336356
-1.00884177195e-05
-0.00010948494585
0.000101515818759
0.000146733128117
3.34603995259e-06
5.25131799336e-05
6.77845852977e-05
-0.000120297765229
-3.96776162477e-06
0.000146808505371
-0.00014284074376
0.000117814561559
0.000125117017708
-9.97090079711e-05
-0.000234141643892
0.000333850651829
-0.000222174120945
-6.02842802222e-07
-0.000131465671484
0.000913791947748
-9.24295625352e-05
-3.9036108963e-05
-1.90731904246e-05
0.000130237670587
-0.000111164480167
0.000384603088918
0.000529188858876
-6.00626511308e-05
9.8458253501e-05
0.00013361025937
9.5034598956e-05
3.85756604204e-05
0.000379996210505
-0.000492991654567
-6.5487447927e-05
0.000136502890673
0.000116192114302
-0.00013614070284
0.000487449293405
-9.97471291995e-05
-1.99142087013e-05
0.000106228891545
-0.000192473526574
0.000188110761255
-2.82895858438e-06
0.0001648575279
-0.000162028569319
2.15686160784e-05
-6.2921401373e-05
-0.000132211955713
0.000111124804369
0.000135818903659
-0.0001397866653
0.000137440337233
-2.08330492982e-05
-0.000116607287949
-0.000130978723072
0.000302915403185
-6.78736797002e-05
1.87476420736e-05
-0.000124327155865
-0.000118339251371
0.000108250833651
-0.000115682693664
9.67466281659e-05
0.000117049425991
-0.000128275787558
-5.26191854107e-05
0.000275922381526
-0.000223303196108
0.000166495409491
-0.000104213393429
0.000205740920004
-0.000469930421423
0.000102551942009
-0.000264631975698
-5.6235296371e-05
7.78039124568e-05
0.00033804531155
0.000194748868179
-0.000275130388068
8.03815198972e-05
0.000861888700638
-0.000757615370544
-0.000104273330123
0.000111491504564
-0.000218894974691
0.000236860472809
-0.00033656948084
-0.000134267004962
-0.000384049670062
0.000518316675062
-0.000134737985741
5.55409843489e-05
-0.000448428996961
0.000148759063155
0.000121505852984
-0.000270264916124
-0.000251031982489
0.000198412797088
-0.000154343387054
0.000151514428469
-0.000305449897644
0.000238064531005
-1.12255529233e-05
9.09991615684e-05
-7.97736086362e-05
0.000143485998534
-0.000186040447516
0.000356085738612
-0.000363775990202
-0.00042981084778
0.000211803873419
0.000280422519291
0.000163734867833
-0.000175237872115
8.47984411606e-05
0.000191123940382
-0.000213840030645
3.3376062744e-06
9.66619668084e-05
-9.99995730733e-05
3.22911893267e-06
-0.000133548981646
0.000130319862697
8.79524333643e-05
0.000421645370501
-0.000129328751104
0.000225346551619
0.000196866004205
0.000207384602196
0.000654504098583
-0.000326244746471
6.12592906866e-05
0.000759377495933
-0.000243141475879
-0.000516236019897
0.000165692754467
-0.000280523100089
0.000114830345596
0.000161718180568
-0.000211575091017
-2.52547697567e-05
-0.000225777212716
-0.000292231650537
5.80900066197e-05
0.000378646504897
0.000357728010535
-0.000494143999555
-0.000118430263919
-7.39769060773e-05
1.77416097107e-05
0.000139048022586
8.8990877861e-05
-0.000100216430778
0.000186774155975
-0.000246404060372
1.27589757029e-05
0.000152098552196
0.00069474988921
-0.000487365286917
0.000106904763513
3.05355737073e-05
0.000519734840846
-0.000323637275871
-0.000196097565001
-0.000501598896724
-0.000307167429653
0.000808766326477
-0.000230924763305
0.000193775534467
3.71492288371e-05
6.66142426616e-06
9.81477448463e-05
-4.54118397092e-05
-3.66253561417e-05
-0.000121728936393
0.000158354292533
0.000182475664602
-8.57278947047e-05
-9.67477698835e-05
8.86410828132e-05
9.38345817987e-05
0.000123577773825
-0.000144814639705
0.000200531199808
0.000374062678219
0.000145672162635
0.000257778599253
-1.20793354842e-05
-0.000142522870253
0.000154602205731
4.70473884814e-05
-7.72134446826e-05
3.01660562038e-05
-9.02223047297e-05
0.000169419214071
-7.91969093596e-05
-3.66927909573e-06
-0.000114669972279
2.36131813719e-05
-0.0008499244864
0.000606783010648
0.000176493843532
9.23284841392e-05
0.000134729169881
-0.000203844608407
0.000113622303696
-0.000113768777661
-1.84431780577e-05
5.42602185933e-05
-0.000126292622658
0.000117434452655
-0.000112814200009
0.000110192239681
-8.24917137047e-05
0.000105941992109
-2.34502783928e-05
0.000222604944047
-0.000296703402107
0.000125962178769
-0.000115290133739
-1.06720450364e-05
-1.79225402479e-05
0.000105248986534
-8.73264462809e-05
-0.00037505393266
-0.000181909975124
-4.90147881664e-05
-9.79901334532e-05
8.00675932134e-05
0.000139215116132
-0.000541459760554
0.000874131627779
0.000129934238287
-1.24997856317e-05
0.000105112717346
-0.000155444577002
0.000160269124456
-0.000222274582394
0.000176710968016
-8.80698851938e-05
0.000406444065041
-0.000104531111152
-0.000301912953874
-4.27701483608e-05
-4.61611179951e-05
8.89312663586e-05
7.06470001135e-05
-7.9300948446e-05
8.6539483411e-06
2.77302602997e-05
-0.00012028777644
0.000452190084474
-0.000310690635901
-0.000141499448562
0.00036514359982
8.70464846299e-05
3.89238435566e-06
0.000462227001707
-0.000628896757109
-2.55775399669e-05
-9.51052545263e-05
0.000120682794493
-4.18429695653e-05
7.0468471518e-05
-2.5278771444e-05
-8.72848122227e-05
0.000112563583678
-0.000116713585576
-9.57903708367e-06
0.000118714972987
-6.44547543857e-05
-0.000121562110653
0.000101647901949
-1.22793251104e-05
-2.44520696508e-05
0.000662701020055
-7.78803878095e-05
-0.000584820632224
2.19462683337e-05
-0.00024412038927
0.000486460841009
-0.00011239816279
7.99702150933e-05
9.4528100121e-05
8.21828679039e-05
-0.000173087502109
0.000134009284085
3.90782180184e-05
-0.000127993071756
2.45515353558e-05
-0.000571960019111
0.000556079533499
0.000597510700395
6.51903196715e-05
8.33953318683e-05
0.000219520071326
-9.80876889553e-06
-0.00019403583951
-0.00015669083448
7.69022128214e-05
-9.74827823733e-05
-0.000503319911431
-0.000125511885211
0.000628831796416
-0.000112862352188
6.87345872987e-05
0.000417726253692
0.000644117799858
-0.000181890798247
-0.000155406812825
1.28839425714e-05
0.000178513869337
0.000104472939095
-4.29922074519e-05
0.000439205442558
0.000264554958005
-0.000569694194713
-3.6682880316e-06
4.17712309022e-05
-6.98806712804e-05
0.000113816959045
-0.000117486238153
0.000258071005382
7.46004392093e-06
0.000330039198984
-0.000537138622471
0.000207099423483
-5.21672786413e-06
-6.87601782097e-05
-0.000264118093332
0.000312317001419
0.000313580007109
-0.000625897008515
-2.2679253916e-05
-0.000117887516526
9.01969629659e-05
2.76905535636e-05
-0.000340378303487
7.62602101365e-05
0.000228255762123
2.6144966575e-06
-0.000136163478306
-0.000848627190132
0.000576871959434
0.00014273652968
-1.9158755859e-05
0.000249420218561
-0.000101604346377
-0.000147815872204
-0.000242925886944
6.10159118244e-05
8.01653486074e-05
0.000110249990873
-0.000190415339493
0.000276543861892
-0.000372563375296
-7.25299865271e-05
-3.96528671576e-05
6.17288117873e-05
-0.000447352836936
0.000517177576098
-6.98247391561e-05
-1.90628601355e-05
-9.88246563857e-05
0.000145632371404
-0.000642681341721
0.000517169456377
-0.000490782726038
0.000748561325375
-6.44830295741e-05
2.48301624181e-05
0.000238224122
-0.000201162833112
0.000175352976381
-0.000151527552939
-2.38254234477e-05
-0.000167415783049
6.52940936756e-05
0.000102121689385
-5.96278306975e-06
0.000603473483468
-0.000227949259321
0.000888154176652
0.000108019066176
-0.00019374696087
6.99733654047e-05
-9.66010523565e-05
0.000126481447615
1.62550820616e-05
-7.29613639929e-05
9.5624313012e-05
5.45130271807e-05
3.36811211558e-05
-8.81941483311e-05
5.42319364392e-05
0.000183992185571
-0.000255145512806
0.000158681889549
9.64636232786e-05
-9.79047022324e-05
9.24494427091e-06
8.86597579503e-05
-0.000602824508135
-5.26420792094e-05
0.000655466587368
1.97423732862e-05
-0.000104362003721
8.46196304284e-05
-0.000157836095454
0.000394696568264
0.000114000891675
-0.000133074082105
9.58892024132e-06
-8.87858295923e-05
-7.28876829263e-05
-7.40942331117e-05
0.000139388326793
8.62665914337e-05
-6.85249817146e-05
0.000215721802814
-4.69165079672e-05
5.65054281975e-05
-0.000144105103022
0.000227500434901
4.60325435917e-05
-7.97041110659e-05
3.3671567477e-05
-0.000103391751339
-0.000143699062393
-8.08411812912e-05
0.000224540243663
2.93622247286e-06
9.37257443415e-05
-0.00067786726857
7.50427604378e-05
0.000120940893574
0.000128479324975
-0.000102533291951
4.62858971292e-06
-5.57185385538e-05
0.000104696675755
-8.5756005844e-05
0.000118291749655
-8.28089165816e-05
-3.54828330609e-05
0.000117542254069
4.16764117509e-05
-0.000159218665833
9.62718079945e-05
-3.82367515264e-05
-2.33592670187e-06
0.000110176063151
-0.00010784013646
7.82542257846e-06
-0.00011937793251
0.000111552509946
-4.30477799142e-05
0.000192822289381
0.000131494110358
-0.00023309845674
-1.57074353956e-05
-0.000112285636371
-8.04809951699e-05
-5.94760657822e-05
1.63769617086e-06
-0.000692716475018
0.00069107877886
0.000131352665615
-0.000128738168954
-0.000212014844368
0.000542054043325
-7.73900933445e-05
-0.000165535793596
0.000143803316464
-4.99687346556e-05
-2.81826486889e-05
-6.97558263986e-05
9.79384750904e-05
-0.000683830051642
7.16478388958e-06
0.000125574694769
-0.000132739478653
0.000279213750898
-0.000183455635852
-9.57581150241e-05
-2.49662905932e-05
-7.52787735518e-05
3.34358039893e-05
3.66932322652e-05
7.70412671516e-06
0.000133584453085
-0.000141288579806
0.000106102674835
-0.000108438601544
4.96545727152e-05
6.86371769463e-05
-0.00012113622873
0.000234126947747
-0.000113186054191
0.000156185091336
0.000323009111869
-9.29614871916e-05
0.000135990721699
-4.30292345001e-05
-6.90830346833e-05
0.000118737607405
-0.000143177267791
3.38047951545e-05
3.61642524997e-05
-1.45207515294e-05
-0.000437938026776
0.000452458778306
-1.09552583087e-05
-8.70348751459e-05
-0.000128203162245
0.000135907288958
3.5693828812e-06
-1.89634980982e-05
0.00013296438977
0.000201823657557
-1.80978924615e-05
-0.000117456042432
0.000135553934879
0.000137797135504
-0.000102825401196
-3.49717343047e-05
-0.000101144012682
-2.15565312348e-05
0.000180238420768
-1.293619786e-06
0.000114347582294
-0.000113053962519
4.48356483163e-05
0.00015517476164
-0.000222720044882
6.75452832507e-05
0.000520294481053
-0.000140298270534
-0.00011977492345
9.32933225749e-05
-0.000120969782429
2.58645279083e-05
-1.15455482627e-05
-0.00012362176767
0.000135167315932
0.000112523339255
-8.08277582016e-05
0.00039204250561
-0.000311214747416
-0.000240852872899
-5.74791978313e-05
-0.000135902277821
0.000190134214263
0.000139748710507
-1.32672628999e-05
-0.000416082401388
0.000311551290258
0.000103450734721
-0.000120561848338
1.71111136258e-05
0.000519268240588
-9.67110393742e-05
-0.000422557201263
0.000491050599077
0.000129022878104
-0.000121197455523
-0.0002165506954
7.28516329918e-05
0.000122934378148
-2.2682873478e-06
-0.000120666090807
-0.000159441979951
-0.000261078407838
-5.26383998639e-05
0.000313716807728
9.58622225321e-05
0.0001382647252
7.97721955518e-05
-9.07274538564e-05
0.000121573299374
2.51005847638e-05
7.95960909927e-05
-3.28433324022e-05
-8.6931591046e-05
0.000151791690784
1.21492064151e-05
-0.000163940897172
-0.000499792544785
-1.47284589979e-05
0.000317394373127
-0.000111721111009
-0.000205673262061
0.000165542258704
-0.00024638344001
-0.000208789960742
0.000274234164409
-0.000432070259885
-0.000161315816118
0.000137828381435
0.000236566614936
8.26440586851e-06
-0.000682192355464
-0.000103974042385
8.12512361586e-05
0.000105895110997
-0.000289350746839
0.000145545308468
-0.000129654183607
-1.58911248835e-05
0.000167654226966
-0.000421314487198
0.000253660260156
-3.44980654753e-05
7.62692963815e-05
-1.19343454112e-05
-0.000113770377758
0.000125704723183
0.000161170408922
-2.45652876931e-05
-0.000136605121233
-2.27646467579e-05
0.000112961609724
0.00010496981016
-0.000101400427287
0.000242205295265
-9.04136045215e-05
-1.75190477072e-05
3.25437023535e-05
5.14225826226e-05
0.000467845657972
-9.04377583662e-05
0.000221931868706
-0.000126428695536
0.00010374944162
-7.66939859645e-05
4.21959204927e-05
-3.60758761244e-05
-0.000145691676009
0.000306995509693
-0.000161303833695
-5.26210579459e-05
0.000143167646297
-9.05465883477e-05
8.99349673392e-05
-0.000122778299737
4.70861304163e-05
-0.000171977731348
0.000124891600917
-0.000139430549707
-6.93594110257e-05
-4.64644401326e-05
-8.78662841808e-05
0.000134330724303
-0.000125192381247
3.28256123116e-06
0.000128070104379
1.42066137581e-05
-2.49527774299e-05
0.000208944963007
-0.00013604026898
-0.00045690889473
0.000592949163715
0.000488812552654
-0.000437389970066
-0.000124594666922
-7.1691200044e-06
0.000131763786931
0.000132278045564
0.000130484184253
0.000186165704625
-0.000109318978548
-7.68467260771e-05
-0.00043367113119
0.000502405718487
4.8451309906e-05
0.000343591195725
-0.000414450853262
0.000462902163159
4.87022187799e-05
-2.37191420476e-05
2.03269301047e-05
-4.94599579443e-05
9.41468070684e-05
1.08230030881e-05
-0.000233118227952
0.000219748709252
0.00016375379517
-0.000101552163837
-6.22016313096e-05
-0.000117316709057
1.99443681274e-05
9.73723409164e-05
8.3369663756e-05
-0.000137989425401
0.000266468750366
0.000182834552302
-3.93485537572e-05
-0.000202339650665
-4.29776319452e-05
6.62347326339e-05
-2.9152897992e-05
-7.4821144393e-05
8.78852460138e-05
7.58685491624e-05
-0.000133118685672
6.26866511268e-05
-2.81728316528e-05
0.000496018489609
-0.000170087196604
6.85350327644e-05
-0.000345934562611
-0.000654947825709
-0.000104092753485
0.000759040579201
-6.09943998821e-05
3.29145691167e-05
-0.00010054208153
6.76275124217e-05
0.000101031814699
9.1442484439e-06
0.000246960743063
6.16365118035e-05
-0.000308597254863
0.00015265530032
-1.95912095186e-05
-0.000133064090819
-0.00014370889358
-0.000136373528529
0.000124439183125
-0.000581116715422
0.000528474636221
0.000136764175429
-0.000172898247144
0.000909260153384
-7.47022428838e-05
2.77857349199e-05
0.000119372330908
-0.000209810089285
-5.1736308617e-05
-8.17356654504e-05
5.38687511884e-05
-0.00035487246863
1.44941651117e-05
0.000501271149345
-0.000626258013585
0.000124986864261
-0.000283681101418
3.62562799218e-05
9.32651439143e-05
-0.000129521423829
-5.21922583075e-05
-0.00011789493829
-2.57902522951e-06
0.000112007658991
-0.000149299679308
3.72920203235e-05
0.000426599425815
-0.00025894519889
6.41855311511e-05
-0.000258682126206
0.000194496595032
-1.57654088143e-05
-0.000676951066206
-0.000310681518127
0.000624261525247
7.03497558934e-05
-0.000204005149817
0.000133655393931
0.000105660404407
-0.000474232886835
0.000459712135279
-5.45550923911e-05
-6.81457846432e-05
0.000122700877043
0.000151783512843
3.10510394594e-05
-0.000142365690537
-0.0005504911222
1.70855654285e-05
0.000135018109448
5.51161048203e-05
-0.000106498880523
-1.0817828538e-05
0.000185126974572
0.00019184751105
-0.000827846072825
0.000566461469022
0.000530382170564
-0.000384710007943
-0.000638488923669
0.000181580028981
0.000270522244138
0.000218372779728
-0.000180043186661
-3.83295930668e-05
0.000136426770799
0.000519039816574
0.000300714808532
0.000113068743591
-0.000413783552138
-0.000209927469304
0.000117714386902
9.22130824031e-05
4.55824960895e-05
-0.000113958249369
6.83757532691e-05
1.05726490071e-05
-0.000228782832038
0.000413909806611
6.50744582952e-06
9.41927303642e-05
-0.000158615938773
-0.000432234719351
0.000203451887303
4.6977809172e-05
-0.000172219981623
0.000125242172463
-0.000489141230757
0.000511497998819
-2.23567680465e-05
-8.18485022375e-05
0.000127430998318
5.74507778578e-05
6.1286829553e-05
0.000118259225792
-0.000116924181525
-1.33504427355e-06
-0.000138167268568
-5.84842705994e-05
0.000196651539152
0.000199537679507
-9.29327294343e-05
0.000216190673471
9.31566189666e-05
0.000474654488578
1.41580640683e-05
9.55099097871e-05
-5.20750756256e-05
-4.34348341567e-05
-0.000166055973064
0.000230241504202
-5.364476023e-05
-2.35686844498e-05
0.000126191247261
0.000483069116545
-0.000255136254939
-0.000227932861627
-0.000196250828423
5.80835598442e-05
9.55836462228e-05
0.000186917026869
-0.000116567270959
9.31398675013e-05
-0.000284001224844
0.000190861357319
0.000448173704181
-0.000147481139267
-0.000201313949781
0.000348795089059
3.60635072878e-05
-0.000138888908471
0.000158350035542
0.00010811871481
0.000144528521818
0.000107487869616
-0.000252016391422
2.6985415087e-05
0.000191387364638
7.73202382668e-05
3.19190427499e-05
3.85494287699e-05
-0.000128312942372
9.52406986381e-05
0.000299455869605
-0.000279519588524
-9.89718815737e-05
-2.74568139702e-05
-0.000164905040687
0.000356752551726
0.000307445618773
-0.000399704606314
7.40271150345e-05
3.04430194967e-05
7.20271961401e-05
-0.000102470215634
-0.00013783220565
-8.48878392213e-05
-0.000513913101872
0.000301924596688
0.000211988505199
-3.58253633706e-05
0.0001162343132
-2.58664707634e-05
0.000177649983606
-9.14818315307e-05
-0.000100991695034
6.25530364687e-05
1.147407851e-05
8.68730492707e-05
-0.000224705254914
-0.000256771491652
2.81130473038e-05
0.000228658444328
9.17860047331e-05
-5.81144372523e-05
-0.000360559478311
0.000307921078453
0.000159085666204
-0.000112107857025
0.000337671171102
0.000145397945383
5.72492541439e-05
0.000129667772732
0.000321473316428
0.000189497245678
2.39468204752e-05
-7.75915807028e-05
-0.000212667835145
-4.41036564979e-05
-7.34263200194e-05
9.77342665172e-05
7.6601852253e-05
-0.000115292747964
-6.57597660955e-05
0.00026802394504
-0.000482694965898
0.000214671020857
9.46838730908e-05
3.92127298688e-05
-0.000136414419558
9.72016896948e-05
0.000125651189303
0.00018134432037
-0.000108350970082
-6.95423306033e-05
0.00017789330067
0.00019062215356
-0.00033810329282
0.000119165559403
-4.25637071519e-05
0.000282200556267
-3.52398131848e-05
-0.000117132100537
-0.000136355110525
-7.35723587856e-05
9.0736403088e-05
-0.000129963906215
3.92275031357e-05
-2.02117730657e-05
0.000156904021279
0.000418613877888
-8.09427067999e-05
5.36172424453e-05
2.96750080715e-05
0.000252525548204
8.37496956576e-05
-0.000193068674205
0.000240391398418
5.11912244759e-05
5.10685984607e-05
-0.000102259822932
0.000141579199398
-1.94410726149e-05
-0.000146624015644
0.000166065088256
-0.000123423951222
-8.40156164161e-05
-7.55792597046e-06
0.000503576415571
-0.000326208874387
-9.54569440069e-05
0.000106931022523
-0.00027572363391
-7.91488347234e-05
-0.000185624200965
2.16833037527e-05
0.000191221542087
-3.43175208116e-05
0.000646018845182
-0.000293631381207
-0.000352387463959
0.000471475832339
-0.000114970727469
0.000108520652602
-9.16225521066e-05
-0.0003465044532
-5.58349478855e-05
0.000402339401115
-0.000452981143111
0.000669499985966
-0.000216518842836
0.00046466481322
4.68331856094e-05
0.00014056739734
-0.000183335003526
4.27676061938e-05
-2.23586213841e-05
0.000133178510535
-0.000110819889141
0.000165355071316
-0.000124536431485
0.000127818992722
0.000220411044404
5.79439301176e-05
0.00043490257859
-1.62887007693e-05
-9.10250462069e-05
1.05606224061e-05
-9.75954975456e-05
3.71615444395e-05
0.000171783418573
4.53247856344e-05
0.000140138263874
3.45331617202e-05
-1.85882520128e-05
0.000183943323332
-0.000139019650594
-0.000274354204008
0.000248108471575
2.62457324103e-05
-0.000119147960414
-2.29972091096e-07
-9.0093383877e-06
-0.00017411073618
0.000131586659313
-3.244597822e-05
-9.91406810843e-05
0.000201464082569
-7.35080353153e-05
-0.000109228037929
0.000131825841503
-2.25978035648e-05
0.000444228091229
-0.000169993926834
0.000176984325429
-3.64169280807e-05
0.000435046756393
-0.000134331947859
0.000207042966202
-0.000168860955044
0.000206010183892
-7.14381922848e-05
-0.000131991217088
0.000138121615861
-6.1303987659e-06
-0.000214445381196
0.000339281519443
-0.000464395937441
-5.36672307861e-05
-0.000281819660153
-0.000217264766417
8.09096559104e-05
0.000250423632817
0.000328971243778
-6.05863679716e-05
-0.000156678398459
-1.61036386534e-05
-0.000120269889866
0.000100416384902
5.46766231534e-05
8.47117036459e-05
0.000158208910995
-2.75638242105e-05
-0.000115303869209
0.000142867693431
1.62778813679e-05
0.000116686508388
-0.000159685854034
0.00017228255022
-3.86938151262e-05
-0.000133588735091
0.000654188073782
-0.000758280827227
-8.06647587301e-05
-7.79511800512e-05
-3.01306286472e-05
-0.000148348013674
0.000132244375028
-7.48971509135e-05
-0.000613126730146
0.000688023881074
5.24952261619e-05
0.000119787324065
-0.000375805567778
0.000477585809862
-0.000101780242045
0.000127026249019
0.000169871781531
-4.79622322333e-06
0.000129235406357
-8.30759206791e-05
4.03057723213e-05
3.94381037052e-05
-0.000126021101893
8.65829981888e-05
0.000132477873786
-0.000289650817196
-0.000209840288732
-9.02962311899e-05
-4.61181883739e-05
0.000148071166281
0.000516595617551
-0.000127067341414
-2.1280672255e-05
-0.000113809319891
-0.000106810073538
3.70542471409e-05
-4.88285639625e-05
8.07476067148e-05
2.7904960709e-05
0.000149079364719
0.000199710860475
-0.000172725445391
-0.000120688472872
-0.000116867494012
6.23124016294e-05
1.82914608837e-06
0.000126240958283
5.66392059967e-05
5.26977296723e-05
-0.000109336935668
0.000112243190451
-1.27833345647e-05
-9.94598558747e-05
0.000107830430473
-1.86014662765e-05
0.000547076102506
-0.000106224946762
0.000675946995062
-0.000691712403864
-8.17094887736e-05
8.33401960317e-05
0.000533461821627
8.16457077723e-06
6.10913276313e-05
0.000108745814512
-4.97784658699e-05
0.000140514868964
-1.67445792982e-05
0.000208131943935
0.000181122608458
0.000160876909897
-2.63643558915e-05
-0.000134512554007
0.000263460169363
0.000270923333262
-7.64267382486e-05
0.000161654327635
-0.000133749366922
0.000687128767507
-0.000154162508751
-0.000532966258728
8.39382617068e-05
-5.99914412315e-05
7.95600680541e-05
-0.000122123775198
0.000122183094771
0.000291199109798
0.000582447860653
0.000616181627952
-2.76406586745e-05
0.000286034765378
-0.000258394106673
0.000180836836058
-7.05868451906e-05
-0.000129092765461
0.00010163595149
0.000132149008782
-0.000117217385288
4.13749816366e-05
-0.000488727818559
-0.000261625192101
0.000142887010748
-0.000203473378709
-9.95709503304e-05
0.00020831676483
-0.000537061879645
0.000673488650458
0.00020120067719
-1.04267600265e-05
9.69438908189e-05
0.000421067907043
-0.000463429019734
4.23611127064e-05
1.80554637503e-05
-0.000168381550941
0.000155190924622
1.3190626327e-05
-6.89102892372e-05
-0.00039496172837
0.000463872017623
-0.000535652120245
-0.000117240408338
-1.90755207072e-06
8.28924182729e-05
8.10674329888e-06
0.000301512924152
-0.000110651566846
-0.000386439808436
0.000123399195432
-0.000192941526047
-4.64610338431e-05
1.42793849844e-05
0.000201442417836
-5.00255450214e-05
0.000101094143484
-0.000107183767109
8.78238294848e-05
4.96172405306e-05
5.82131899465e-05
-0.000202061805351
0.000230174852647
-0.000101520964961
0.000121263338247
5.63911812422e-06
-0.000107160083088
-6.21964736162e-05
0.000132957096436
8.0169352237e-06
-5.88969686893e-05
-9.57377884638e-05
0.000132860432186
5.20526326583e-06
7.22735544525e-06
-0.000171189303333
-1.9302186212e-05
-3.2377432272e-05
0.000111801779504
-7.94243472245e-05
0.000106226188194
5.10919487226e-05
-0.000157318136905
0.000135895521194
-0.000140691744409
-0.000348893475297
-5.14044870757e-05
0.000400297962393
-6.01265591308e-05
-1.7465021571e-05
0.00012494017468
-7.6607784977e-05
-4.83323896925e-05
8.29727222996e-05
-0.000129433756137
-0.000154631165625
-4.47223951663e-05
0.000504434530437
0.000607029738567
-0.00036379883215
-0.000243230906395
-0.000116927975385
-3.05996223146e-05
-5.95910520432e-05
9.01906743608e-05
-0.000133871319119
0.000187605395037
3.90430410642e-06
0.000234898178022
-0.000330656293035
0.000140373655384
0.000233520717999
3.04589694241e-06
-3.67441981096e-05
-0.000158077957971
0.000159040027067
-9.62069088195e-07
0.000102692347462
3.04861630826e-05
-7.24688446714e-05
8.11569919051e-05
4.71380121115e-05
-7.0706696558e-05
8.05018242594e-05
0.000354400754311
0.000319474542045
0.000144981185733
-0.00015743560514
0.000105243346834
1.24317970464e-05
0.000171511526288
-7.7810980794e-05
1.76844216649e-05
4.08473770742e-06
1.46673852395e-05
0.000151397703011
7.80767291776e-05
-0.000160601900462
8.25251712782e-05
-4.66914019818e-05
-7.01760920263e-05
1.64772790302e-05
0.000112545599084
0.000122586649534
1.55349663332e-05
0.000139063928569
0.000284018358116
2.96984496201e-05
-5.66077062311e-05
0.000234147624397
0.000407248876995
1.38190300568e-05
0.000101816430427
-0.000127783295158
-6.26320443439e-05
-0.000127327854286
-0.000147749847427
0.00013323465683
-5.02619345389e-05
-9.0105342511e-06
0.000335836073282
-0.000448234236063
0.000288839676686
4.35544974344e-05
-2.88703334764e-06
0.000129656712711
5.97591546075e-06
-0.000427555142907
0.000421579227418
7.2555856673e-05
-0.000104933288943
1.05548875372e-05
-0.000359522845257
0.000348967957738
-5.79965158804e-05
-4.4263307049e-05
5.67943900419e-05
0.000229354407861
-0.000148444751943
5.33386393926e-05
0.000146622459978
1.24175670888e-05
-0.000185627550755
0.000166325364538
-4.89367740434e-05
-8.10271321671e-05
-9.55563262675e-05
0.000614596142853
5.61411469202e-05
0.00013067813908
-0.000186819285992
0.000115560489941
-0.000183173365242
6.76128753118e-05
8.46431484759e-06
-8.42694196038e-05
2.42779783747e-05
1.73922796833e-06
9.52046628566e-05
-0.000407153756384
-5.62752633409e-05
-0.000149377296989
0.0001230129411
0.000417803764535
-0.000134444149909
3.5303468829e-05
-0.000106809093634
0.000126898520022
-8.54091062885e-05
-4.1489413727e-05
4.03195005082e-05
-0.000173908235601
4.5484364765e-05
5.02907350478e-05
0.000397530006507
-0.000355168893784
0.000126681892287
-8.5926370588e-05
0.000423827507373
0.000183202231204
-9.84772028073e-05
0.000508971787705
0.000199028157673
4.29384256398e-05
-4.79491021136e-06
-0.000158446236767
-2.71813139814e-05
0.000178297646515
-6.27371565701e-05
-0.0002386004513
-0.000149465103084
0.000330809423442
2.63267226733e-05
-0.000160839276684
5.84813438534e-05
0.00016525486744
-0.000106529265515
-5.87256019228e-05
8.47831513051e-05
-1.89073302836e-06
0.000282220013037
0.000133842330655
-0.000148059147363
1.42168167063e-05
4.73297184321e-05
-0.000125455798888
-9.06994622111e-05
3.11084101725e-05
-2.31569623258e-05
8.1612934902e-05
-0.000178806562738
-0.000145116912339
0.000144154843257
6.3998251792e-05
-0.000110689653773
-0.000140799716936
9.46815285608e-05
0.00020832357514
1.14251341195e-05
4.53386838763e-05
-0.000103335199751
-0.000172645701791
8.85230121332e-05
8.41226896474e-05
0.000101450920435
-0.000112777190363
-2.61117181014e-05
8.69641160439e-05
-0.000137226050582
6.61214491078e-05
-0.000222799847549
-0.000116626531789
-0.000451616672915
2.62867382085e-05
0.000115010131299
-7.11947813563e-05
5.89424061818e-05
3.81409216557e-05
-9.70833278263e-05
3.73959764906e-05
5.2794697873e-05
2.17173341316e-06
0.000677983230265
0.000231276923133
-0.000423498279735
-5.04889404772e-05
-8.65515582744e-05
0.00013704049874
-3.52345622498e-05
-9.94457269432e-05
0.000134680289195
9.63383826746e-05
0.000213430273343
-5.27258945231e-05
0.000158952082731
0.000166599741309
0.000375868604757
-0.000118508481714
-4.44864372532e-05
-5.53898967562e-05
-6.96464100146e-05
8.44736938122e-06
-0.000153564281711
-4.16104751645e-05
0.000138812164855
-8.41953654187e-05
0.000312451127564
0.000103544994612
-9.99301374878e-05
0.000151022086204
-0.000146499785481
-8.66822419363e-05
0.000119821478395
-3.31392364532e-05
-6.65849979385e-05
0.000393699396312
-5.78633230059e-05
3.40005525593e-05
0.000241113756515
-2.07027121029e-05
-8.65353174654e-05
0.000113769514964
-5.36340122295e-05
0.000167403527195
0.000129409522526
-3.79288979562e-05
-9.03840444265e-05
-0.000253417871388
-0.000235372388668
-8.97604635563e-05
0.000171373398459
4.88600466637e-05
-0.000148790184149
6.2731569274e-05
6.48996812618e-05
-0.000199062577357
0.000134162896092
-5.38356008927e-05
-0.000172479002191
-9.44377882214e-05
0.000128438340789
0.000133441592232
7.84442037844e-05
-0.00021188579602
6.77038097296e-05
0.000365367367984
8.73135146499e-06
0.000199400592462
0.000472946932766
-0.000459127902707
-0.000176422844347
0.000122788832121
0.000143541575219
-0.000140704183155
3.42053026268e-05
-0.000147581512926
9.17049221492e-05
-0.000145540523036
-8.62845378573e-05
8.21250819172e-05
4.15945594232e-06
0.000193645383214
-1.34069624402e-05
-6.51942780954e-05
6.2820264908e-05
0.000107610003449
4.34120827557e-05
-0.000122291073924
0.000187190755182
9.40600860837e-05
0.000133660398808
0.000101931100053
-7.83320646676e-05
-4.01764170422e-05
-4.97083122403e-05
-7.24154629526e-05
6.40010452402e-05
-0.000186292119164
-3.42604117371e-05
-0.000120370753884
-0.000357351256778
0.000221648241321
0.000135703015419
0.000339113082477
-3.11920040261e-05
0.000555922047697
-0.000132094540306
-5.67802594223e-05
0.000265663268402
-0.000208883008967
-6.654181438e-05
0.000112335571354
0.00044387515579
-0.000366554917514
-4.45458234377e-05
0.00015215582689
0.000119808005183
1.57459296834e-05
0.000168009778659
-0.000155206234377
-7.7892222374e-05
0.000101551746065
-1.3658610172e-05
0.000242317054506
-0.00018758586504
-0.000362905257147
-0.000153758420878
9.15567895728e-05
0.0001453431828
6.54960467201e-05
0.00046709656259
-7.97378171174e-05
0.000213179409356
-0.000120618373574
-0.000433094392546
0.000518864586338
-8.57701937763e-05
-0.00069122438839
-5.70852619969e-05
-7.89320457748e-05
-5.82940047995e-05
0.000254020714191
-1.49516598094e-06
7.11866278494e-05
-1.00953002169e-05
-0.000156121719197
0.000114406259295
-8.3104206979e-05
-6.24363160527e-05
-4.45355448113e-05
-0.000178264302737
0.000169266422085
-4.94790980154e-05
0.000155057622354
7.43064170604e-05
0.000456969807625
-1.24431462599e-05
-0.000120675539422
-0.000161241833853
-4.22315448516e-05
-6.64214838368e-05
-0.000112450962824
9.82314087082e-05
-0.000156957010632
-0.000351794373631
0.000300389886566
-6.59749176559e-05
-9.80862600136e-05
0.000228785760628
-0.000130699500603
-0.000431274094279
0.000445432158321
-0.000100704593717
-0.000147322836409
0.000248027430134
-0.000153630641412
8.708882703e-05
-0.00056995638886
0.000136861996327
-0.000216252393086
-4.30293250569e-06
0.000220555325578
3.67657054965e-05
0.000108577477306
0.000446063346948
-7.29561287075e-05
8.44667106019e-05
-1.15105818905e-05
9.60606186154e-05
-0.000269016883625
0.000168312289919
7.68392777528e-05
-0.00024540909642
-3.75243300832e-05
7.16253624635e-05
0.000327601559433
-8.42968153304e-05
1.13406866259e-05
0.000148490562557
0.000196207654965
-0.000344698217509
0.000149047943513
0.000458854020385
-0.00030578492399
7.04125353055e-05
1.78817126671e-05
-5.4025050661e-05
-7.54087054675e-05
-0.000245987037508
-0.000265973355121
0.000103277090377
-0.000108072000583
0.000141398211778
-6.7091794713e-05
-0.000145945821049
5.53992327035e-05
0.00023838780758
-0.000524396048984
-6.29347541804e-05
0.000391905997952
-5.48114630689e-05
0.000170640708041
-4.0529733463e-05
0.000244736020198
-0.000142063804086
2.54565161268e-05
-0.000205777378653
0.000197912189677
-5.22986326304e-05
-0.000145613557064
7.01288945128e-05
-0.000188731330329
0.000105096114201
-9.45354917876e-05
-0.000120747811212
0.000107964476655
0.000159475115096
-7.36990768335e-05
0.000223328484712
-0.000403207560863
-7.3167835575e-05
9.1049548243e-05
8.20895130017e-05
9.11128821789e-05
-0.00010111017273
-6.24845753596e-05
0.000189853959928
0.000107888954642
0.000292409007768
-0.000194863164842
1.77696679217e-05
0.00010443917228
-0.000101502949799
4.75742404198e-05
-0.000225838543159
-0.000386754157644
3.1702712731e-05
-9.76776303861e-05
0.000156246584633
-0.000215871534325
-0.000334372676058
0.00037290977811
-3.30321468427e-05
0.000181166309818
-0.000134080179411
-0.000153048931446
7.23841727098e-05
-0.000316975549488
0.000158224576583
0.000158750972899
-8.70837201053e-06
0.00029272673012
0.000103577602604
-0.000133841688482
-0.000624439138699
7.23681364126e-05
0.000178828869911
0.000445030245018
-0.000105748725599
1.79450466067e-05
0.000300520270684
-0.000371958462928
7.79852044036e-05
-0.000120286364032
0.000451519776241
-2.57902835706e-05
-0.000179987095082
-2.8221197486e-06
3.90642913091e-05
-0.000104258569404
0.000110445509706
0.000575475029851
-0.000194282872678
-0.000381192157166
0.00019509765995
0.00016527431744
0.000126601371825
-0.000291875689266
2.46280644078e-05
0.000146771406608
0.000133651112683
0.000364265284898
-0.000215774722327
0.000172179653888
9.33904816349e-05
-0.000143168947501
-9.20573710668e-05
-8.20533651269e-05
0.000172709382669
5.75321215189e-05
-0.000132343796881
0.000297618114323
0.000187934992675
5.89690196006e-05
-0.000173939747067
-0.000496693199931
-9.31024801689e-05
0.000283724633736
9.9036804951e-06
0.000488206466291
-0.000327733478494
0.00018837705601
-1.00134120115e-05
-0.000178363643989
-3.48497201455e-05
-0.000122585884987
-0.000294285654525
3.58915478619e-05
3.15848404793e-06
0.000186695475878
0.000103705012276
-0.000317545042913
0.000207287448636
-0.000138447618911
-3.3530112444e-05
0.000162586772443
-0.000404478496099
0.000388189795305
-0.000142415511798
-7.30495659758e-05
1.77414058461e-06
0.00011853426547
-0.000274434469818
0.000260775859656
0.000140343308098
-0.000125924370207
-1.61394338875e-05
-6.25557015271e-06
0.000163051434396
-2.189436308e-05
-0.000141157071321
0.000145229208025
-1.05000381548e-05
5.37216062798e-05
-0.000344386253709
0.000253972649215
6.0198668231e-05
-0.000109943249265
0.000111717389858
0.000186378812042
-3.69053574704e-05
0.00016130850372
-0.000171321915728
0.000140742098786
0.000336161217392
-0.000476903316156
0.000105529484338
-0.000512683240708
0.000446350314647
0.000216489221507
5.44341117377e-05
-0.000121089569777
0.000118821282426
0.00022126574071
-0.000422579690482
-0.00034269557835
0.000258500212952
0.000462589322996
0.000179644043699
-0.000419196791094
0.000239552747406
-0.000130552355223
-0.000158798391607
0.00017372607081
0.000193108254898
-0.000452624695694
0.000458600611123
0.000289327073746
-4.20586171754e-06
-0.000285121212039
-0.000119262989624
-0.000132753401788
2.53073433502e-05
-0.000205294438429
0.00014753344641
0.000174208949076
-7.8835845332e-06
0.000217573417152
-5.7304292706e-05
0.000158269919175
6.32419816896e-06
-0.00026270187583
-0.000194246762268
0.000373890805979
-6.20526415878e-06
-2.6144557884e-05
-0.000608864728285
0.00022211057065
-0.000170008551121
-0.000203930798715
0.000179902434488
2.40283642068e-05
0.000330411687789
0.000133460329849
0.000330404710462
2.96232751631e-05
0.000105057014032
0.000144707347911
-0.000426527008029
-3.75760826381e-05
0.000146153559941
-0.000326644715244
-5.78649825126e-05
4.53990986051e-05
0.000114579744256
2.09171481218e-05
0.000157237794207
9.99667291721e-05
0.000382095490831
-0.000124464215428
0.000459011034346
-0.000313613089
0.000360713993927
-0.000138355224662
0.000139681194772
-4.10536682698e-05
-0.000489207446892
0.000222587354767
0.000266620092099
0.000382457740685
-0.000110173221353
0.000138608250335
-0.000485112703519
0.00028414351099
-3.60350394255e-05
0.000198433412046
-0.000115996174798
-0.000214660118225
0.00039901333197
-0.00025827123317
0.000331601203544
-0.000708098463489
0.000376497259991
-0.000132707842651
-1.93048378178e-05
0.000152012680452
-0.000148030184853
-0.000275522027307
-4.85150740423e-05
9.8188439188e-05
-0.000292041549896
0.000437022735629
-0.00016813358331
6.91767225185e-05
9.89568608029e-05
3.80071612555e-05
-2.82641589269e-06
-0.000299050928289
3.30775731587e-05
0.000295780820506
-0.000298607236393
3.38524053741e-05
-0.000277443453075
0.000243591047753
0.00024389346894
-0.000445980733225
-5.63593965132e-06
0.000361259288988
-5.4529506999e-07
3.10278114568e-05
0.000109315496643
-0.000441690701731
8.65218079591e-05
-0.00017001852263
0.000328769495538
5.45325382456e-05
3.1252120952e-05
-0.000106622388211
8.03371713816e-06
0.000254813473639
-0.000336281434428
8.14679608049e-05
0.000174670010337
3.46142029288e-06
-0.000240993205223
0.000327116949094
4.63706741485e-05
-0.000373487623247
8.83313876455e-06
-6.00990969927e-05
0.000116428791506
-1.6985090278e-05
0.000225086185893
1.09351440649e-05
-7.86931784663e-05
1.12660094238e-05
0.000346400624469
0.000183580004282
-0.000529980628768
0.000220157856584
9.46470510139e-05
0.000129521321948
-0.000440714374996
6.73649041823e-05
9.13377164814e-05
-0.000140274490519
0.000178773167313
0.000435822975548
4.69609935508e-05
0.000242049485405
0.000266922302287
-0.000180431820347
-0.000291503410405
-0.000156730825658
0.000142806822423
-0.000537940493086
0.00039513367065
-2.89269205651e-05
-7.40345977984e-05
-2.49630738469e-05
0.000131259226654
0.000100726923473
4.1370288488e-05
-0.000142097211974
-0.000122429722442
0.000510619517742
-0.000431646198096
0.000309216475665
0.000470151853927
-0.000177300555577
0.000427279499943
-0.000249978944409
9.80126398227e-05
-0.000589597808242
0.00065241807318
-4.76587113441e-05
-3.40769541024e-05
0.000114681995643
7.55737438369e-05
0.000376885034455
-0.000409927363913
0.000359162103846
-8.24078417988e-05
-1.31650698869e-05
9.55729116766e-05
-4.83646785001e-05
4.89892114073e-05
-6.24532896212e-07
0.000112127401014
-0.000375821244373
0.000186779518241
-0.000402554240542
-0.00010999601708
-0.000490913644589
2.40194283189e-06
-0.00012349151261
-0.000148629978201
3.87149123222e-05
-2.0408318368e-05
0.00018433349709
0.000152155338396
-3.75755941369e-05
8.08682282159e-05
9.37693519366e-05
-3.92563247554e-05
0.000136084825492
0.000163821149378
-7.75219294912e-05
0.000459979670165
0.000126115390589
-0.000436826960258
0.000310711569687
0.000196425698658
0.00018762086304
-0.000283017157172
0.000369538965143
0.000438300642448
-8.11297963979e-05
0.000112381917353
0.000183208552693
0.000248152235928
-0.000303987183825
0.00026983553969
0.000760072743274
0.000402690692927
0.000232417272853
-0.000462150854327
0.000229733581497
7.23359418427e-05
9.91245115895e-05
0.000405310018814
-0.00015140227043
6.48507121488e-05
-3.86975320171e-06
0.000441758367947
-0.000573852908237
0.000172560788238
8.57446883551e-05
-0.000202876788884
-4.6133137267e-05
0.000497652913518
-0.000246557009355
0.000127294019737
5.35994918361e-05
-6.36947920518e-05
-0.000121978910598
5.05472907064e-06
0.000272406618802
0.000244188998748
0.000376879305562
4.62549934597e-05
0.000128547984427
-0.000498800612421
-0.000592411894287
0.00012338650713
0.000469025387135
0.000268326289823
-0.000523462544783
-5.33761574588e-05
-9.80261129788e-05
0.000635742974942
0.000161611031905
-0.000102642012295
0.00047600954601
-0.000128126755061
-0.000163425038325
0.000291551793395
8.68636677283e-05
0.000348183088657
0.000514094309798
7.62476306302e-05
0.000358168219296
-0.000556030851641
0.000197862632362
4.48891096743e-05
-0.000135273154106
-0.00041811365586
0.000159842422702
0.000134014618939
-0.000427478773673
-0.000164933120634
0.000426423929726
0.000339882540501
-0.000521010460205
0.000181127919646
-0.000129371121648
0.000251055082148
0.000151635610706
0.000113867094642
-0.00010670231075
-0.000343073965248
0.000302626265111
7.13678724096e-05
-0.000373994137536
0.000345656719014
-0.000244954242689
-0.000333847049571
0.000490919316378
-2.38227538139e-05
-5.18312310149e-05
-0.000115700441407
0.00021640609032
-3.20725932217e-05
0.000306887720125
-0.000669792977226
-6.18948635575e-05
4.49097732819e-05
0.000155597878676
-0.000222524299567
-0.000487600975414
-0.000114042253549
0.000130320134906
-0.000345212473442
-8.76282919575e-05
-0.000105313234102
-8.81982192981e-05
-0.000406594121655
7.08498955574e-05
-0.000187417166509
0.000484283609889
0.00012340574689
4.41324582909e-06
0.00063203364074
-0.000256165035975
0.000126155192566
8.57657197037e-08
0.000196847915149
0.000301967945902
-0.000498815861035
-0.000309996392094
-0.000259588516984
0.000305959191142
-0.000120207876089
-0.000136814973314
-0.000109034935101
0.000102708051473
-3.62102144062e-05
0.000153752468465
0.00018537005074
-0.000132883763356
-0.00026967047716
-0.000364110155407
0.000502718405783
0.000191471245616
0.000245551490009
0.000391126004817
-0.000199654759211
-0.000272995479417
0.000179483388416
0.000234426418177
-9.09591306712e-05
-0.000377445037429
-5.93819228211e-05
0.000128734644525
-0.000121507289079
-7.41843330257e-05
3.14739769169e-05
0.000120681361477
-6.39197822248e-05
-3.26812701315e-05
0.000122506622668
-9.61867967709e-05
-2.63198258929e-05
-0.000486878060545
0.000116543438867
-0.000124226287224
7.68284835131e-06
0.000522294563062
-6.34405427055e-05
-0.000150088603367
3.2424527251e-05
-5.48910175885e-06
-0.000123882019892
0.000176759385707
-0.000504492864198
-7.65715851339e-05
-9.34369659925e-05
0.000305388925497
-0.000140976962991
2.66695006837e-05
0.000114307462309
-0.000136823560679
0.000101973840532
-0.000287636551727
-9.34661149905e-05
-0.000155890260021
7.57375231815e-05
8.01527368493e-05
-0.000170259405084
-3.45462306405e-05
-0.000106931671754
0.000130797889805
0.000380290792464
0.000295839888316
3.16614663481e-05
0.000114492093589
-0.000330858802435
0.00063091512819
-0.000537758509163
-6.86102637937e-06
-0.000119576967769
0.000381267616825
-0.000326735078581
-0.000103089851504
0.000185224670369
-0.000234395179159
-0.000373876968572
0.000119648380609
-5.78128596133e-06
0.000379577938971
-0.000156124181633
-0.000328988521919
4.95031748833e-05
2.53664912456e-05
8.14956842737e-05
-0.000127993454361
4.64977700969e-05
-3.90447403031e-05
-5.38456092604e-05
6.3239157524e-05
-0.000112611731968
9.50926842659e-05
-0.000414520018081
0.000413974722997
-0.000631774181352
4.21763731243e-05
-2.48022372968e-05
-0.000169504329742
-0.000134482854098
-0.000109964896908
-0.000179972382286
0.000331607992964
0.00013243243807
-8.65679979116e-05
-0.000325628511395
0.000121598167938
0.000168630165297
0.000305750140899
-0.000213176032596
-0.000146842272452
-0.000221522837899
0.000104305452619
0.000165602540278
1.76060124225e-05
2.61199285836e-05
-0.000495518345173
0.000498979765478
-8.34494655082e-05
-8.46841177916e-05
0.000389489932832
-0.000663068982085
0.000318012384113
-9.29261982406e-05
6.15208859706e-05
0.00015488520436
0.000306846997625
0.000145966070507
0.000260147401597
-0.000187366599233
-0.000101672478146
-0.000164769804435
-5.03785812473e-05
-0.000381030618852
0.000110685412242
-0.000110471095082
0.000100544421377
-0.000164341332571
0.000945288294898
-0.000192731936118
0.000160659342903
-1.58043119186e-05
-0.000106071348816
0.000121875660744
-8.29537171961e-06
0.000550756614618
-0.000328646043957
-6.89151059658e-05
0.0002271434944
-4.65121813449e-05
0.000131223884995
-0.000234081674208
0.000143122543545
0.000174935370254
-5.98976899287e-05
0.000151454479511
0.000353851592195
-0.000133693735629
-9.42288181576e-05
0.000331515274
0.000116326830149
-0.000109819384324
-5.87788062432e-05
-0.000105471983968
0.000125986808837
-0.000669298511403
-0.000121065260554
0.00012547850638
0.000279937649256
-0.000320790987939
-0.000293520689019
7.00633576493e-05
-9.12050656002e-05
1.77787455858e-05
0.000131456298862
0.000577440571334
-5.90153861127e-06
-0.000118324748617
3.37067008065e-05
-0.000260925393954
-0.0001449142457
6.05040184898e-05
8.44102272156e-05
8.26698888626e-06
0.000239922759723
-1.02787671096e-05
-9.40832366137e-05
0.000224175247994
-8.7399870065e-05
-0.000253077101414
-0.000160706450736
-6.80050140031e-05
-0.000160464247564
9.40822149712e-05
6.63820325992e-05
7.66938397325e-06
0.000386770837043
-7.45507140005e-05
-0.000100585428479
-0.000148460935329
-5.11107307448e-06
0.000155609896268
0.000110725612862
-0.000166829361677
0.000428621247433
0.000295480234564
-8.36249698126e-05
-0.000554048062555
0.000344207773829
0.000106456989357
3.50370882268e-05
0.000293096434989
-1.31587857642e-05
1.09992153654e-05
-9.85713362575e-05
0.000173814718983
-5.52804535197e-05
3.40294739067e-05
2.25876409352e-05
-5.66171148398e-05
0.000116408931889
-9.64645637713e-05
-0.00012110843278
0.000131681081785
0.000379215134047
7.19849264571e-05
4.59979579019e-05
-0.00026610505661
-0.000133554741977
0.000103227873789
-0.000268305550867
0.000573694476368
0.000146741321624
0.00036039890912
-0.000507140230733
1.29061861547e-05
3.6372479359e-05
-6.59702864123e-05
0.000166568012663
-9.23523702055e-05
0.000160491467207
1.01737927024e-05
0.000309135020468
-0.000339351428449
-1.31413122399e-05
-0.000111561638273
0.000118273984328
1.41584537384e-05
0.000447472210582
-0.000213045792412
-6.74894358681e-05
-0.000145624510739
0.000119304684849
2.96540266022e-05
-0.000121147547692
-1.56760129821e-05
-0.000268729817958
-0.000113791605345
0.000118996868607
-0.000354563937751
0.000435065761984
-0.000354408470776
9.04377511133e-05
7.18620142272e-05
-0.000137280756012
0.000154886768436
0.000103415553653
-0.000312298562609
0.000164145572623
7.80656258995e-06
-8.0442769407e-06
-0.000245048432411
-0.000253767428621
-0.000152416659489
-0.000264732003669
-9.75951221574e-05
8.73163550436e-05
-0.000178841727149
-0.000175566743652
-9.86054529901e-05
2.96973438851e-05
0.000122315336558
-6.154193065e-05
9.24793183438e-05
-0.000149958516182
0.000132576917942
5.94590962068e-05
-0.000162101108495
-0.00016822315008
-0.000113079338105
-0.000125426815114
3.4898897877e-05
0.00016681312469
-0.000122505255964
-0.00010447570775
-6.57769833694e-05
1.18511223942e-05
7.65026659667e-05
-0.00033823440422
0.000261731738203
-0.000249125845461
9.1774842811e-06
0.000131180170483
-0.000258430039926
0.000502619038676
-5.67861780822e-07
0.000130187768551
0.000157344035368
-0.000428921357679
0.000407963326571
-0.000290347098672
-0.000117616227889
-0.000318784702545
-0.000159568043632
-8.95959521511e-05
0.000151736369523
-6.73261423002e-05
-0.000408772542681
0.000173275587412
0.000234687739167
-0.000339886032945
-0.000151437244245
0.000491323277202
9.34813628045e-05
0.000238126630096
-8.95614050213e-05
-0.000328723045331
-1.75252736135e-05
0.000346248318889
0.000286765759851
3.45125426819e-06
0.000122123440507
3.89207903363e-05
-0.000147771852685
-9.29575632798e-05
0.000347141622958
0.000117532902772
-0.000129313529463
-0.00019556287446
0.000503071531688
-0.000193936511217
8.90721873677e-06
0.000508810674909
0.000143607398272
-0.0001625964311
0.00011128755914
0.00024930410307
9.24756976165e-05
-0.000159801839914
0.000371970860377
9.69100682147e-05
-6.96254108728e-05
8.3504695597e-05
0.000114641890288
-0.000125016083741
-5.99321791937e-05
-9.73859577058e-05
-5.86456693975e-05
0.000429155026329
3.32404748179e-05
-6.27693723623e-05
-0.000125861702658
-0.000352871420701
0.000137615646858
4.57520635798e-05
-0.000183367710427
0.000234946939594
-0.000663868297263
8.75498723457e-05
-7.96491030592e-05
-0.000378166625361
0.000523620627192
0.000105615831027
-0.000528173032313
-8.25016928141e-05
4.84247387166e-05
-2.92441005414e-05
-0.000474217980798
-4.82804844963e-05
-9.35451113183e-05
0.000169413660492
-3.89528959384e-05
0.000176568542798
5.43564040118e-05
9.46462215116e-05
-4.91618567466e-05
-0.00039095006892
-0.000254354632488
-4.67034413195e-05
0.000493859238979
0.000179001105567
-0.000110466072788
-2.11742374762e-05
0.000199381088093
-0.000522266241211
0.000370828996946
-0.000172715262375
-0.000164982494767
7.01215816585e-05
-0.000200637267939
0.000130515686294
-1.24373110524e-05
-0.000115838476504
-0.000472829091524
0.000616436489804
6.33386937515e-05
-1.8428920468e-05
0.000213244125207
-0.000119540206947
-0.000237882349935
-4.01817314257e-05
8.54559942505e-05
-5.89551090785e-05
-0.000610343402276
7.98042800561e-05
8.97645574344e-05
6.4718474029e-05
0.000102055239868
0.00012790596197
-1.61954170376e-05
-0.000111710544943
-3.68012542775e-05
0.000112505914779
-0.000125005700415
5.36360132083e-05
-0.000343088336281
0.000398629320599
-0.000225486420884
0.000315166817728
0.000187452220947
-0.000341881831105
4.6401596541e-05
3.97694096145e-05
0.000136008456045
-8.29507049325e-05
0.000114168064742
-0.000164720930271
2.81158090416e-05
4.48982712328e-05
-0.000189189290802
7.87232180207e-05
-0.000598255906623
-0.000184623183077
0.000154471219703
-8.80891870986e-05
-4.9828068442e-05
-0.00015052550315
-0.000159304530528
-7.85405766906e-05
0.000200338549968
0.000381104046967
-1.33557878807e-05
-1.34347938043e-05
-9.91671888189e-05
-0.000161538780923
-0.0002234094523
-0.000391077368901
-0.000100245908301
-0.000197738525074
-0.000216950430206
-0.000744185090728
-5.86736045071e-05
2.64258635588e-05
0.000141451974637
2.15801863701e-05
-0.000142727734055
-0.000119015307049
-3.03483823757e-05
-0.000139958594549
0.000139276479787
2.17549485794e-06
0.000119009959897
1.2170210584e-05
-0.000183000720143
-2.27083675201e-05
-0.000470637271865
-0.00024090369036
0.000162666962069
-1.03638101284e-05
0.000402021195072
0.000306670196993
-0.000507008746961
0.000115762308363
-0.000125341345448
0.000333107006625
-9.25377537765e-06
4.39045524357e-05
-6.23334729011e-05
-0.000128005910158
1.42659726382e-05
0.000116054162266
0.000129183752605
-8.43298831432e-06
-0.000117263860952
0.000125696849263
-0.000125946676523
0.000115996726326
-0.00012843403738
-0.000129066023453
-1.27125624026e-05
-1.30692971266e-05
-0.000110560225149
0.000115884510743
-0.000126556555776
2.20166927941e-05
-0.000129708835856
1.85443556934e-05
-0.00012675773693
-0.000130212616005
0.000117143318879
-0.000127464981782
1.57544368423e-05
1.00953996506e-05
0.000119088352957
1.25131194228e-05
0.000389508075612
0.000127628302424
0.000345620126031
-9.45683470864e-06
1.03644414739e-05
0.000123922862903
-0.000116240014554
0.000114669087522
0.000122475650111
0.00011211183998
-0.000107933536379
-0.000121289324261
-1.27581662375e-05
0.000109841257383
9.29022381658e-05
0.000411755195543
0.000104071211526
3.49409927691e-05
-0.000110878141413
7.59371486493e-05
-7.920117668e-07
-8.74153394888e-05
7.4037913684e-05
3.83440036722e-05
0.000461693779813
0.000151782484186
-0.000613476263951
-0.0003463836624
0.000827374893304
-0.000480991230812
5.31078807757e-05
0.000454395497959
-0.000507503378887
-6.81788433173e-05
0.000103119836091
-0.000440243104494
0.00041642035066
-5.18905382694e-06
4.94459273616e-06
-9.90278293529e-05
-6.11686393339e-05
9.08226659399e-05
8.13987806745e-05
-7.59766083195e-05
-5.42217237714e-06
0.000199124319415
1.30801715654e-05
-4.20829223348e-05
-8.53965310592e-05
-5.67120424204e-07
8.59636514752e-05
-3.48115537793e-05
4.15273847423e-05
-6.71583095512e-06
3.63797863789e-05
0.000160583657314
3.60678818303e-05
-0.000153958006125
4.765864557e-05
5.38931004997e-05
1.93526743655e-05
0.000100295706242
-0.000141476114872
0.000125800101892
0.000160157768668
-0.000111373008596
0.000111092160825
-3.76200592431e-05
8.01334999796e-05
0.000139226123802
-3.72522832633e-05
-9.07110497593e-05
6.69371739739e-06
-7.5453895602e-05
-0.000199889756653
-0.00013667972422
0.000643273808823
-6.14333281943e-05
0.000646253960418
0.000109284733133
0.000517946778094
-0.000141318120589
-0.000764169106544
-0.000378427913659
0.000213084659256
-0.00094217632614
0.000144718951001
-7.16818734869e-05
0.000527747965441
-6.03443608014e-05
6.65114936402e-05
-7.53973146492e-05
4.36291923663e-05
-4.43079271431e-05
-0.000655498279769
-0.000135673880614
0.000341347142676
-0.000525607380505
0.000635555741338
-0.000331013676705
-0.000375489044284
0.000113757306081
-0.00010551529966
-1.94356831966e-05
-6.88283128175e-05
-0.000114782941036
0.000172866500874
-0.000551050432492
6.8125303797e-05
6.89151949394e-05
8.80245975804e-05
-0.000194889749138
-0.000228017691703
0.000201771959292
2.53715350954e-05
-0.000202887492989
0.000385645609608
-6.1993322473e-05
1.66506382046e-05
0.000149233298761
-0.000106863360581
7.18262723539e-05
4.03011286663e-05
3.52666301854e-05
-6.87024341746e-05
-0.000421744785874
0.000114696005974
-1.82314422025e-05
-0.000447310645188
0.000234338742267
-0.00013456614554
-1.89946811797e-05
6.48690493537e-05
-0.00021978717865
0.000103284500557
5.97031427196e-06
-0.000102215490354
3.67698357573e-05
8.81632066452e-05
0.000218115778826
-6.94389830407e-05
7.6132700444e-05
6.98685584543e-05
6.13393968198e-05
0.000135668279185
2.18064784662e-05
0.000218337119333
0.000108945475126
-8.09942264336e-06
0.000106891405869
0.000275828061398
-0.000249818666154
-3.59596385271e-05
-3.71043838555e-05
0.00011851473936
-7.20169692584e-05
-0.000214542691454
0.00032642157642
-3.44164534791e-05
7.75501204489e-05
0.000100354721539
-0.000104849574866
6.95461060373e-05
0.000441930704006
9.09546191111e-05
-0.000118088461379
-3.53812932494e-05
1.26075563304e-06
-2.59377394631e-05
-8.47600614324e-05
0.000154641297219
-0.000227591704825
-9.62165170528e-05
3.92639691539e-05
-1.69260035601e-05
1.30950911519e-05
3.95064920878e-05
7.12885792293e-05
0.000852296691394
-0.000323107832487
0.000170436050753
-0.000380304435514
0.000209868384746
-0.000580845493316
0.000352003229889
0.000228842263433
0.000292620328362
-0.000367171042321
0.000555758292377
-0.000201357538109
0.000120453162778
-0.000121208228043
0.00021910620823
-0.00036239019571
-0.00026914318054
0.000714619154247
-0.000312624698156
-0.000451544408361
0.000151391860584
-0.000765757259273
-5.17037984286e-06
-9.47502163454e-05
9.58271938624e-05
-0.00041442836064
-0.000347093511149
-1.99425385879e-05
-0.000512904474978
-0.000160742499993
0.000469958975675
-0.000239499142227
-8.364860379e-05
0.000171673201365
0.000159040815274
-0.000122972933451
-0.000111581999931
-8.06674948305e-06
0.000134467175033
6.82722433445e-05
0.000473759721223
0.000243680294436
-0.000717440015571
0.000118360155147
0.000372064728792
-0.000380260096573
8.19536782438e-06
0.000321686147547
-0.000279715675193
0.000130573203715
-0.000410288878916
0.000458839607678
-0.000137153460136
0.000537366030556
-0.000419005875332
4.52252303116e-05
9.0494629701e-05
4.38360945973e-05
-1.85491369145e-05
8.24298205698e-05
-2.85367200654e-05
0.000240287576666
-0.000468533158441
-0.000112312334863
-0.000190272519408
-0.000298097107684
0.00012288938179
8.0446231987e-05
4.00069307979e-05
-0.000431672770959
-3.58489338687e-05
5.69023837569e-05
-4.63311532357e-05
0.000108361204704
1.74388971931e-05
5.92526174901e-06
8.45693679461e-05
6.34459291575e-05
-8.19950660689e-05
7.11089214462e-05
7.64519294006e-05
-9.22752726266e-05
6.97592497002e-06
2.60093952528e-05
0.000111878884959
4.98935674172e-05
-0.000429008668736
9.78851291832e-05
9.96834004937e-05
0.000112751289534
8.23771911483e-05
-2.88293434669e-05
-0.000172193125383
-2.89878311817e-05
-8.53271818596e-05
1.55896452817e-05
2.78718976681e-05
8.94865665605e-07
3.11028668358e-05
0.000159838710127
0.000191951759584
-5.4837349269e-05
-3.69759958908e-05
-2.18166533872e-05
-5.94346351628e-06
2.66284938753e-05
7.98076207568e-05
-5.32443521982e-06
-0.000168500562102
3.51683588345e-05
-0.000305654022242
-0.000383837516466
-0.000290637730352
-0.000229393812103
0.000221198444278
-0.000300347278998
0.000169774075283
0.000327775095698
-0.00038966491984
7.607718732e-06
5.32429374446e-05
-0.000127746053938
-6.39274912762e-05
8.25985729184e-05
1.76461224082e-05
3.97355232817e-05
-0.000726081479438
-6.46157906865e-05
-0.000680997720587
-4.64073091514e-05
0.000280103467649
0.000399613871679
-0.00109259714103
0.000830410983366
0.000145026017502
-3.78529054246e-06
0.000221407143376
-6.15701759074e-06
-8.1269544521e-05
-5.62617575526e-05
0.000463564611296
-0.000677814356579
)
;

boundaryField
{
    bottomWall
    {
        type            calculated;
        value           uniform 0;
    }
    leftWall
    {
        type            calculated;
        value           uniform 0;
    }
    rightWall
    {
        type            calculated;
        value           uniform 0;
    }
    movingTop
    {
        type            calculated;
        value           uniform 0;
    }
    front
    {
        type            empty;
    }
    back
    {
        type            empty;
    }
}


// ************************************************************************* //
