/*--------------------------------*- C++ -*----------------------------------*\
  =========                 |
  \\      /  F ield         | OpenFOAM: The Open Source CFD Toolbox
   \\    /   O peration     | Website:  https://openfoam.org
    \\  /    A nd           | Version:  14
     \\/     M anipulation  |
\*---------------------------------------------------------------------------*/
FoamFile
{
    format      ascii;
    class       volVectorField;
    location    "constant";
    object      C;
}
// * * * * * * * * * * * * * * * * * * * * * * * * * * * * * * * * * * * * * //

dimensions      [0 1 0 0 0 0 0];

internalField   nonuniform List<vector> 
200
(
(-4.66666666667 -4.66666666667 0.05)
(-4.33333333333 -4.33333333333 0.05)
(-4.33333333333 -3.66666666667 0.05)
(-4.66666666667 -3.33333333333 0.05)
(-4.66666666667 -2.66666666666 0.05)
(-4.33333333333 -2.33333333333 0.05)
(-4.33333333333 -1.66666666666 0.05)
(-4.66666666667 -1.33333333333 0.05)
(-4.66666666667 -0.666666666662 0.05)
(-4.33333333333 -0.333333333328 0.05)
(-4.33333333333 0.333333333339 0.05)
(-4.66666666667 0.666666666673 0.05)
(-4.66666666667 1.33333333334 0.05)
(-4.33333333333 1.66666666667 0.05)
(-4.33333333333 2.33333333334 0.05)
(-4.66666666667 2.66666666667 0.05)
(-4.66666666667 3.33333333333 0.05)
(-4.33333333333 3.66666666667 0.05)
(-4.33333333333 4.33333333333 0.05)
(-4.66666666667 4.66666666667 0.05)
(-3.33333333333 -4.66666666667 0.05)
(-3.66666666667 -4.33333333333 0.05)
(-3.66666666667 -3.66666666667 0.05)
(-3.33333333333 -3.33333333333 0.05)
(-3.33333333333 -2.66666666666 0.05)
(-3.66666666667 -2.33333333333 0.05)
(-3.66666666667 -1.66666666666 0.05)
(-3.33333333333 -1.33333333333 0.05)
(-3.33333333333 -0.666666666663 0.05)
(-3.66666666667 -0.333333333329 0.05)
(-3.66666666667 0.333333333338 0.05)
(-3.33333333333 0.666666666672 0.05)
(-3.33333333333 1.33333333334 0.05)
(-3.66666666667 1.66666666667 0.05)
(-3.66666666667 2.33333333334 0.05)
(-3.33333333333 2.66666666667 0.05)
(-3.33333333333 3.33333333333 0.05)
(-3.66666666667 3.66666666667 0.05)
(-3.66666666667 4.33333333333 0.05)
(-3.33333333333 4.66666666667 0.05)
(-2.66666666667 -4.66666666667 0.05)
(-2.33333333334 -4.33333333333 0.05)
(-2.33333333334 -3.66666666667 0.05)
(-2.66666666667 -3.33333333333 0.05)
(-2.66666666667 -2.66666666666 0.05)
(-2.33333333333 -2.33333333333 0.05)
(-2.33333333333 -1.66666666667 0.05)
(-2.66666666667 -1.33333333333 0.05)
(-2.66666666667 -0.666666666664 0.05)
(-2.33333333333 -0.333333333331 0.05)
(-2.33333333333 0.333333333337 0.05)
(-2.66666666667 0.666666666671 0.05)
(-2.66666666667 1.33333333334 0.05)
(-2.33333333333 1.66666666667 0.05)
(-2.33333333333 2.33333333333 0.05)
(-2.66666666666 2.66666666667 0.05)
(-2.66666666666 3.33333333333 0.05)
(-2.33333333333 3.66666666667 0.05)
(-2.33333333333 4.33333333333 0.05)
(-2.66666666666 4.66666666667 0.05)
(-1.33333333334 -4.66666666667 0.05)
(-1.66666666667 -4.33333333333 0.05)
(-1.66666666667 -3.66666666667 0.05)
(-1.33333333334 -3.33333333333 0.05)
(-1.33333333334 -2.66666666667 0.05)
(-1.66666666667 -2.33333333333 0.05)
(-1.66666666667 -1.66666666667 0.05)
(-1.33333333334 -1.33333333333 0.05)
(-1.33333333333 -0.666666666666 0.05)
(-1.66666666667 -0.333333333332 0.05)
(-1.66666666667 0.333333333336 0.05)
(-1.33333333333 0.666666666669 0.05)
(-1.33333333333 1.33333333334 0.05)
(-1.66666666667 1.66666666667 0.05)
(-1.66666666667 2.33333333333 0.05)
(-1.33333333333 2.66666666667 0.05)
(-1.33333333333 3.33333333333 0.05)
(-1.66666666666 3.66666666667 0.05)
(-1.66666666666 4.33333333333 0.05)
(-1.33333333333 4.66666666667 0.05)
(-0.666666666673 -4.66666666667 0.05)
(-0.333333333339 -4.33333333333 0.05)
(-0.333333333338 -3.66666666667 0.05)
(-0.666666666672 -3.33333333333 0.05)
(-0.666666666671 -2.66666666667 0.05)
(-0.333333333337 -2.33333333333 0.05)
(-0.333333333336 -1.66666666667 0.05)
(-0.666666666669 -1.33333333333 0.05)
(-0.666666666668 -0.666666666667 0.05)
(-0.333333333334 -0.333333333333 0.05)
(-0.333333333333 0.333333333334 0.05)
(-0.666666666667 0.666666666668 0.05)
(-0.666666666666 1.33333333333 0.05)
(-0.333333333332 1.66666666667 0.05)
(-0.333333333331 2.33333333333 0.05)
(-0.666666666664 2.66666666667 0.05)
(-0.666666666663 3.33333333333 0.05)
(-0.333333333329 3.66666666667 0.05)
(-0.333333333328 4.33333333333 0.05)
(-0.666666666662 4.66666666667 0.05)
(0.666666666662 -4.66666666667 0.05)
(0.333333333328 -4.33333333333 0.05)
(0.333333333329 -3.66666666667 0.05)
(0.666666666663 -3.33333333333 0.05)
(0.666666666664 -2.66666666667 0.05)
(0.333333333331 -2.33333333333 0.05)
(0.333333333332 -1.66666666667 0.05)
(0.666666666666 -1.33333333333 0.05)
(0.666666666667 -0.666666666668 0.05)
(0.333333333333 -0.333333333334 0.05)
(0.333333333334 0.333333333333 0.05)
(0.666666666668 0.666666666667 0.05)
(0.666666666669 1.33333333333 0.05)
(0.333333333336 1.66666666667 0.05)
(0.333333333337 2.33333333333 0.05)
(0.666666666671 2.66666666667 0.05)
(0.666666666672 3.33333333333 0.05)
(0.333333333338 3.66666666667 0.05)
(0.333333333339 4.33333333333 0.05)
(0.666666666673 4.66666666667 0.05)
(1.33333333333 -4.66666666667 0.05)
(1.66666666666 -4.33333333333 0.05)
(1.66666666666 -3.66666666667 0.05)
(1.33333333333 -3.33333333333 0.05)
(1.33333333333 -2.66666666667 0.05)
(1.66666666667 -2.33333333333 0.05)
(1.66666666667 -1.66666666667 0.05)
(1.33333333333 -1.33333333334 0.05)
(1.33333333333 -0.666666666669 0.05)
(1.66666666667 -0.333333333336 0.05)
(1.66666666667 0.333333333332 0.05)
(1.33333333333 0.666666666666 0.05)
(1.33333333334 1.33333333333 0.05)
(1.66666666667 1.66666666667 0.05)
(1.66666666667 2.33333333333 0.05)
(1.33333333334 2.66666666667 0.05)
(1.33333333334 3.33333333333 0.05)
(1.66666666667 3.66666666667 0.05)
(1.66666666667 4.33333333333 0.05)
(1.33333333334 4.66666666667 0.05)
(2.66666666666 -4.66666666667 0.05)
(2.33333333333 -4.33333333333 0.05)
(2.33333333333 -3.66666666667 0.05)
(2.66666666666 -3.33333333333 0.05)
(2.66666666666 -2.66666666667 0.05)
(2.33333333333 -2.33333333333 0.05)
(2.33333333333 -1.66666666667 0.05)
(2.66666666667 -1.33333333334 0.05)
(2.66666666667 -0.666666666671 0.05)
(2.33333333333 -0.333333333337 0.05)
(2.33333333333 0.333333333331 0.05)
(2.66666666667 0.666666666664 0.05)
(2.66666666667 1.33333333333 0.05)
(2.33333333333 1.66666666667 0.05)
(2.33333333333 2.33333333333 0.05)
(2.66666666667 2.66666666666 0.05)
(2.66666666667 3.33333333333 0.05)
(2.33333333334 3.66666666667 0.05)
(2.33333333334 4.33333333333 0.05)
(2.66666666667 4.66666666667 0.05)
(3.33333333333 -4.66666666667 0.05)
(3.66666666667 -4.33333333333 0.05)
(3.66666666667 -3.66666666667 0.05)
(3.33333333333 -3.33333333333 0.05)
(3.33333333333 -2.66666666667 0.05)
(3.66666666667 -2.33333333334 0.05)
(3.66666666667 -1.66666666667 0.05)
(3.33333333333 -1.33333333334 0.05)
(3.33333333333 -0.666666666672 0.05)
(3.66666666667 -0.333333333338 0.05)
(3.66666666667 0.333333333329 0.05)
(3.33333333333 0.666666666663 0.05)
(3.33333333333 1.33333333333 0.05)
(3.66666666667 1.66666666666 0.05)
(3.66666666667 2.33333333333 0.05)
(3.33333333333 2.66666666666 0.05)
(3.33333333333 3.33333333333 0.05)
(3.66666666667 3.66666666667 0.05)
(3.66666666667 4.33333333333 0.05)
(3.33333333333 4.66666666667 0.05)
(4.66666666667 -4.66666666667 0.05)
(4.33333333333 -4.33333333333 0.05)
(4.33333333333 -3.66666666667 0.05)
(4.66666666667 -3.33333333333 0.05)
(4.66666666667 -2.66666666667 0.05)
(4.33333333333 -2.33333333334 0.05)
(4.33333333333 -1.66666666667 0.05)
(4.66666666667 -1.33333333334 0.05)
(4.66666666667 -0.666666666673 0.05)
(4.33333333333 -0.333333333339 0.05)
(4.33333333333 0.333333333328 0.05)
(4.66666666667 0.666666666662 0.05)
(4.66666666667 1.33333333333 0.05)
(4.33333333333 1.66666666666 0.05)
(4.33333333333 2.33333333333 0.05)
(4.66666666667 2.66666666666 0.05)
(4.66666666667 3.33333333333 0.05)
(4.33333333333 3.66666666667 0.05)
(4.33333333333 4.33333333333 0.05)
(4.66666666667 4.66666666667 0.05)
)
;

boundaryField
{
    zMin
    {
        type            empty;
    }
    zMax
    {
        type            empty;
    }
    xMin
    {
        type            calculated;
        value           nonuniform List<vector> 10((-5 -4.5 0.05) (-5 -3.5 0.05) (-5 -2.5 0.05) (-5 -1.5 0.05) (-5 -0.499999999994 0.05) (-5 0.500000000007 0.05) (-5 1.50000000001 0.05) (-5 2.5 0.05) (-5 3.5 0.05) (-5 4.5 0.05));
    }
    xMax
    {
        type            calculated;
        value           nonuniform List<vector> 10((5 -4.5 0.05) (5 -3.5 0.05) (5 -2.5 0.05) (5 -1.50000000001 0.05) (5 -0.500000000007 0.05) (5 0.499999999994 0.05) (5 1.5 0.05) (5 2.5 0.05) (5 3.5 0.05) (5 4.5 0.05));
    }
    yMin
    {
        type            calculated;
        value           nonuniform List<vector> 10((-4.5 -5 0.05) (-3.5 -5 0.05) (-2.5 -5 0.05) (-1.50000000001 -5 0.05) (-0.500000000007 -5 0.05) (0.499999999994 -5 0.05) (1.5 -5 0.05) (2.5 -5 0.05) (3.5 -5 0.05) (4.5 -5 0.05));
    }
    yMax
    {
        type            calculated;
        value           nonuniform List<vector> 10((-4.5 5 0.05) (-3.5 5 0.05) (-2.5 5 0.05) (-1.5 5 0.05) (-0.499999999994 5 0.05) (0.500000000007 5 0.05) (1.50000000001 5 0.05) (2.5 5 0.05) (3.5 5 0.05) (4.5 5 0.05));
    }
}


// ************************************************************************* //
