/*--------------------------------*- C++ -*----------------------------------*\
  =========                 |
  \\      /  F ield         | OpenFOAM: The Open Source CFD Toolbox
   \\    /   O peration     | Website:  https://openfoam.org
    \\  /    A nd           | Version:  14
     \\/     M anipulation  |
\*---------------------------------------------------------------------------*/
FoamFile
{
    format      ascii;
    class       volScalarField;
    location    "6.2831853071795862";
    object      phi;
}
// * * * * * * * * * * * * * * * * * * * * * * * * * * * * * * * * * * * * * //

dimensions      [];

internalField   nonuniform List<scalar> 
3200
(
2.47092682232e-11
1.73133054906e-10
2.18826829173e-10
2.41103801438e-10
5.29586017198e-10
4.46389251132e-09
5.54338415008e-09
6.02776411815e-09
1.25982111253e-08
6.49631335919e-08
7.95391845936e-08
8.62170910478e-08
1.71043563335e-07
6.33074355609e-07
7.6757024179e-07
8.339570116e-07
1.56601626023e-06
4.50708053797e-06
5.42557267846e-06
5.92967780169e-06
1.05060088762e-05
2.46715611471e-05
2.95349065255e-05
3.25492255399e-05
5.42161649081e-05
0.000107274349405
0.00012781662034
0.000142266308603
0.000221857438248
0.000378436790529
0.000448818808651
0.000504944397706
0.000733709339028
0.00109752145735
0.00129462740727
0.00147219681731
0.00198212111291
0.00263448919771
0.00308547382265
0.00354309321834
0.00439093359263
0.00523939662084
0.00605337367786
0.00694813473257
0.00786481483319
0.00849897752008
0.00965777935182
0.0110990994776
0.0113822413503
0.0112251366137
0.0125456867356
0.0144053384774
0.0132488063384
0.0119993853393
0.0130978811842
0.0147762379893
0.0120222985281
0.0100501158259
0.010584958283
0.0112547819609
0.0079433733174
0.00615254099025
0.00618612575216
0.00579234681927
0.00344200717271
0.00247634535342
0.00236555826374
0.00181119705386
0.000863889623496
0.000577480670337
0.000518124327522
0.000305044781207
0.000107242900126
6.62744417239e-05
5.28676501146e-05
2.24386504594e-05
4.74958205099e-06
2.63999785031e-06
1.39810560458e-06
2.96741178905e-07
4.67106139442e-10
3.01937582836e-10
4.98646000631e-10
7.03305142329e-09
9.12213800612e-09
1.02307017003e-08
1.80885798946e-08
1.1286657972e-07
1.44081091204e-07
1.61026338998e-07
2.78376802349e-07
1.11007220469e-06
1.39938695216e-06
1.56507755019e-06
2.59486558528e-06
7.56808041873e-06
9.43512760791e-06
1.05834911632e-05
1.66650439992e-05
3.81658646812e-05
4.7075368603e-05
5.30238491304e-05
7.8797013154e-05
0.000148213122539
0.000180798003263
0.00020455743465
0.000285796993486
0.000456406585442
0.000550000580248
0.000624767408556
0.000820392546865
0.00114561871702
0.00136157670326
0.00155090702723
0.0019248481484
0.00242598011819
0.00283952951336
0.00323834236922
0.00385154560254
0.00453957326485
0.00523380894779
0.00592354047668
0.00689000484745
0.00787707377948
0.00863698325564
0.00917249379867
0.0105400416295
0.0118263339502
0.0123272960534
0.0119939143176
0.0136188132966
0.0150606887871
0.015059049
0.013025389172
0.0146000232637
0.0159628632834
0.0154264317622
0.0112791981908
0.0124316602063
0.0134669132974
0.0126599010106
0.00715648727148
0.00767220014377
0.00824393923397
0.00760385823293
0.00296122351092
0.00301264731657
0.00321202207438
0.00291665555736
0.000710526443307
0.000651692358258
0.000689205534307
0.000603119399537
8.64517692042e-05
6.35549875295e-05
6.65480481106e-05
5.10503104702e-05
4.05115783101e-06
1.55630774031e-06
1.59139515635e-06
1.62276994144e-09
5.4422303576e-09
7.52979452812e-09
8.48806594168e-09
1.22239109552e-08
1.08482151539e-07
1.42461517806e-07
1.61249771622e-07
2.47118278615e-07
1.13258786458e-06
1.46507511638e-06
1.65749238581e-06
2.51189648353e-06
7.74420824843e-06
9.88032876171e-06
1.11960763242e-05
1.64084524504e-05
3.81375430769e-05
4.79926353456e-05
5.45146742359e-05
7.66275485426e-05
0.00014386079507
0.000178443237148
0.000203154974421
0.000273775796197
0.00043745146912
0.000534330535921
0.000609241905475
0.000791411896831
0.00112507649622
0.00135244789206
0.00154304380837
0.00194618652928
0.00254779274513
0.00301477402685
0.0034413607582
0.0042227202923
0.00518721679339
0.00604614562114
0.00691124449991
0.00819468467372
0.00955125715385
0.0107987390502
0.0118884830396
0.0138705295139
0.0158275835887
0.016953696877
0.017327536696
0.0199724159856
0.0224055262729
0.0229891639006
0.0213607696173
0.0243069291824
0.0268912557749
0.0267186068416
0.0219658621704
0.0246312450032
0.0269354521974
0.0261110916255
0.0180229782135
0.0198108290156
0.0214468372861
0.0204032410202
0.0107194549415
0.0113910731459
0.012218050434
0.0114848739211
0.00407594830743
0.00406092569591
0.00431684469196
0.00399817093766
0.000873642242586
0.000764909087829
0.000805553830234
0.000709039426964
8.94897901743e-05
5.83857919184e-05
6.07350302507e-05
2.45839723962e-05
3.26481268895e-06
9.06132399441e-09
6.37146919831e-09
9.01358140273e-09
6.96739923599e-08
1.00258191698e-07
1.13979201112e-07
1.51061984718e-07
8.69707243856e-07
1.15345568017e-06
1.31529022277e-06
1.83346272637e-06
6.21242358811e-06
8.10544308445e-06
9.24846567736e-06
1.28228885974e-05
3.11387905831e-05
3.99692248395e-05
4.56656153976e-05
6.1996468973e-05
0.00011977259033
0.000151164136912
0.000172879174309
0.000229513166033
0.000378939104774
0.000470042106566
0.000537696095905
0.000700714319359
0.00103898809781
0.00126680699513
0.00144886387874
0.00185542272108
0.00253919940321
0.00304477107849
0.00348275348992
0.004359400725
0.00556609823105
0.00656661148498
0.00751854237822
0.00911774495546
0.0109181841494
0.0126754139086
0.0144182933696
0.0169754815926
0.0196004238901
0.0216313260129
0.0231174182816
0.0268745094207
0.0304111996594
0.0319991430906
0.0314924982525
0.0361378620374
0.0402380864663
0.0408946935352
0.0363886824169
0.0411878441316
0.0452617041949
0.0449427972832
0.0352669481574
0.0392955791191
0.042710839897
0.0417299808243
0.0272829730737
0.0297308933898
0.0320051765375
0.0309368898256
0.0151193392948
0.0158321308549
0.0168896632039
0.0162241132903
0.00524564938483
0.00507876434659
0.00536942732176
0.00507082874942
0.000992344940236
0.000816768325149
0.000855027249102
0.000553927396451
9.99145465097e-05
2.68411683567e-05
2.68638716865e-05
1.98604221533e-08
4.37998511636e-08
6.47012024091e-08
7.38025224448e-08
1.00639141158e-07
5.12192807222e-07
7.43430815574e-07
8.51285390269e-07
1.07792929819e-06
4.22094493148e-06
5.64193347092e-06
6.47610854395e-06
8.51280302546e-06
2.21807859928e-05
2.9094764146e-05
3.34140800362e-05
4.40386270522e-05
8.94589575517e-05
0.000115131773286
0.000132245586136
0.000173569809126
0.000301439125612
0.000380672132176
0.000437051371022
0.000571012773925
0.00089255963069
0.00110663847342
0.00126974129942
0.00164485830408
0.00236494332004
0.0028803600445
0.00330439704205
0.0042076990466
0.00560864178168
0.00671250717072
0.00770617611521
0.00954928868304
0.0118641875563
0.0139562010172
0.0160519355245
0.0191681759262
0.0224527643428
0.0255814037116
0.0283960830483
0.0333092116515
0.0380842136357
0.0411377185299
0.0424835587052
0.0491630743291
0.0551529440382
0.0572164458559
0.0539721161049
0.0615945316036
0.0680579734047
0.0687886743218
0.058386295822
0.0656633112002
0.0716636413034
0.0713867342538
0.0533007533752
0.0589388014277
0.0636634890615
0.0629182714223
0.0388087373675
0.0418471738792
0.0447869824387
0.0441395050985
0.0199646072901
0.0205257984074
0.0217728501929
0.0214177287423
0.00628147935181
0.00586407971824
0.00616357672025
0.00492054123774
0.0012145688211
0.00062074487627
0.000639424401211
0.000239958440678
5.21977870284e-05
6.11616609553e-08
4.60665639271e-08
6.23620637975e-08
2.81169945852e-07
4.46033043466e-07
5.12738877877e-07
6.7470037275e-07
2.36120875484e-06
3.44348877417e-06
3.96918747996e-06
4.9067853967e-06
1.41045093101e-05
1.89607147834e-05
2.18888299716e-05
2.79126699506e-05
6.05904156642e-05
7.97443916349e-05
9.20234599341e-05
0.000118906896944
0.000219556938502
0.000283081847677
0.000326362954032
0.00042496557006
0.000704400750903
0.000890368563514
0.00102546659229
0.00133531974653
0.00202374923784
0.00250885975183
0.00288783230257
0.00372075902399
0.00519213630549
0.00631409714345
0.00726850372984
0.00916613623685
0.0118498828516
0.0141381998386
0.0162923778627
0.0199047911773
0.024001453207
0.0281024492539
0.0321987966504
0.0381465856948
0.0441788328484
0.0491396836244
0.0529851704971
0.0618815946628
0.0700580328861
0.0743214878701
0.0737984787397
0.0849406549382
0.0944658327418
0.0970403942257
0.0873321245713
0.0990178296313
0.108567455264
0.109614215454
0.0884228590862
0.0986859297845
0.106959386593
0.107314451833
0.0759987573491
0.083274502723
0.0893813303119
0.089685717222
0.0519490906851
0.0552923876616
0.0588216439358
0.05930373158
0.0246889235962
0.0248004517152
0.0261500687291
0.023371182801
0.00791021834306
0.00556131234051
0.00578560690101
0.00360556778441
0.00102182918948
0.000257264826578
0.000255048570632
1.02982235959e-07
1.62542173778e-07
2.4983422922e-07
2.87925572375e-07
3.95911243905e-07
1.24248883761e-06
1.97295756131e-06
2.2832055309e-06
2.94677517509e-06
7.65813368667e-06
1.1186049246e-05
1.296896899e-05
1.58679576823e-05
3.73047047494e-05
5.03827174073e-05
5.84363531201e-05
7.37662432196e-05
0.000145941854367
0.000192746945033
0.000223275977883
0.000287568127453
0.000508384790936
0.000657151334747
0.000760236215639
0.000989071238892
0.0015895752811
0.00201174196787
0.00232507753285
0.00301989638402
0.00444206609114
0.00550512378059
0.00636040020632
0.00814951294137
0.0110386215692
0.0133994088914
0.0154906859425
0.0193492243714
0.0242863758427
0.0288834722982
0.033459403909
0.0402611804669
0.0474013762841
0.0544794957976
0.0610319871502
0.0720136930246
0.0824623317559
0.0897984771251
0.0935893942829
0.108738720027
0.121896444491
0.127551170441
0.121171281719
0.138570649975
0.152776508893
0.156177995447
0.133543040351
0.150238405248
0.16345604802
0.165638113337
0.126605210298
0.140016582253
0.150694581566
0.152913725452
0.102397385786
0.11096918398
0.118336789152
0.121017989824
0.0654892304597
0.0685769391997
0.0724976836619
0.0689803216724
0.0313341936817
0.0264914598367
0.0277114073693
0.0217527919845
0.00805355812083
0.00397628087299
0.0040759428408
0.00154114442779
0.000468030847658
2.01786221313e-07
1.62451002362e-07
2.18260430703e-07
6.14913765307e-07
1.06105216426e-06
1.23257968923e-06
1.66812046286e-06
3.93301948849e-06
6.22552845965e-06
7.2476891945e-06
9.27120923063e-06
1.98874627178e-05
2.91111320939e-05
3.39170430615e-05
4.14267668304e-05
8.8279136839e-05
0.000119890831164
0.000139628530226
0.000176230282734
0.000333698649726
0.000442736388372
0.000514828885193
0.000663610964664
0.00113586294038
0.00147261097497
0.00171017760946
0.00222274774437
0.0034601565194
0.00438377882655
0.00508675005396
0.0065792546876
0.00936838192351
0.0115996454781
0.0134585190045
0.0170991506505
0.0224152514806
0.0271283332029
0.0315095582692
0.038830785667
0.0472038893743
0.0558584161538
0.0645781866442
0.0770802463238
0.0895540057486
0.100548510336
0.109621417909
0.128723145733
0.145733701942
0.155966866035
0.156284828901
0.180461499352
0.200308426108
0.207811984645
0.187984146192
0.213323247494
0.23315213297
0.238477964308
0.19308931829
0.215211939295
0.232323775231
0.237450488047
0.171590386136
0.187703056837
0.200584809044
0.206716592177
0.130495112898
0.139521119955
0.147793398098
0.145105183016
0.0832450020532
0.0781158430455
0.0819980075049
0.0725646188229
0.0349126732459
0.0241700718853
0.0250491364364
0.0159371791801
0.00620180079612
0.00163147198309
0.00161251301672
2.82140689428e-07
3.45368242072e-07
5.3613972034e-07
6.23961732829e-07
8.89059677992e-07
1.90802310892e-06
3.26502774776e-06
3.8164374658e-06
5.12307356384e-06
1.00478547155e-05
1.58911433749e-05
1.85966006765e-05
2.37582856854e-05
4.62773594162e-05
6.81917198292e-05
7.98075162287e-05
9.77360347427e-05
0.000198606706203
0.000271648630549
0.000317736501459
0.000401982592463
0.000735261075043
0.000980636411652
0.00114524962173
0.00147768836454
0.00244669244145
0.00318172448082
0.00371132224964
0.00481838325858
0.00726042005678
0.00920605386341
0.0107320718724
0.0138265673227
0.0190692693276
0.0235806215882
0.0275032752948
0.0346596903205
0.0440221403324
0.0531051500952
0.0620811750323
0.0753954320633
0.0892878024674
0.103781511095
0.11771299596
0.139893032625
0.160389693099
0.176431601586
0.186207898574
0.217390331453
0.243331168589
0.25718783884
0.246430543794
0.282427384412
0.310399660649
0.321143389519
0.275470169165
0.30969192162
0.335522919016
0.34532677651
0.264108071186
0.291073720859
0.311741353361
0.32292382764
0.220315591613
0.23784418287
0.252326081263
0.251140241936
0.165986833051
0.163754042369
0.172244446053
0.161328718535
0.096747720103
0.0806704451922
0.0840546674283
0.0671860304178
0.0333459504
0.0173331253818
0.0177244774616
0.00711701164406
0.00278538857254
3.85551405656e-07
3.32053724284e-07
4.46980739885e-07
8.73273277452e-07
1.61093688468e-06
1.89044318494e-06
2.6727594035e-06
4.80289867915e-06
8.18181732083e-06
9.61677413864e-06
1.28966396095e-05
2.29631851074e-05
3.65750476623e-05
4.30130544556e-05
5.51789552412e-05
0.000102044606909
0.000151994906341
0.000178745845275
0.000219826194426
0.000429593207174
0.00059243000638
0.000696338548426
0.000883314995942
0.0015583233615
0.00209022254805
0.00245324482016
0.00316766167274
0.00506453611651
0.00660620424368
0.00774541879466
0.0100339060792
0.0146010390988
0.0185205118936
0.0217088625044
0.0277853559108
0.0369997443687
0.0456420937885
0.0535615551884
0.0666787130357
0.0818285036594
0.0981986398971
0.114903274779
0.138426491802
0.16135386116
0.18340579325
0.203141957283
0.240157761152
0.271699765741
0.294013460736
0.298602405444
0.346147638045
0.383059855005
0.402205742792
0.366577502606
0.416278480662
0.452976590055
0.470288008631
0.381251871753
0.423741488723
0.455028651563
0.473885797639
0.341886818979
0.371680380351
0.394875719636
0.396143437222
0.280755301536
0.282490275528
0.297442782945
0.284637273842
0.196219681392
0.178720738342
0.186685056435
0.165290678353
0.10200906669
0.073429693688
0.0758697183001
0.050990899802
0.0253970223361
0.00746539348211
0.0073863243652
4.66878268237e-07
4.85444038898e-07
7.48303984694e-07
8.79338390429e-07
1.31371070643e-06
2.16770284461e-06
3.96529214832e-06
4.68115951352e-06
6.61249336564e-06
1.07691119504e-05
1.84633868965e-05
2.18187804949e-05
2.94302798106e-05
4.94889302689e-05
7.989390083e-05
9.44606638264e-05
0.000122025176311
0.000215620051002
0.00032531888269
0.000384691404279
0.000475389298977
0.000891205127646
0.00124037912122
0.00146619763063
0.00186498750178
0.00316678540485
0.00427397420662
0.00504543079967
0.00651950658152
0.0100546274694
0.0131552415328
0.0155179455999
0.0200662686812
0.0282084255628
0.0357788879802
0.0422232234358
0.0537191526058
0.0691525018542
0.085049607566
0.100639609617
0.123637394899
0.147406998166
0.173958692487
0.200835915807
0.240873790322
0.276344452197
0.308001311772
0.331206612662
0.389056643937
0.434320260123
0.464852928244
0.451402924443
0.518691416443
0.567473647415
0.595851445159
0.514170039233
0.577239182113
0.621840446747
0.651949861176
0.498409271446
0.546191196917
0.581240234166
0.588006430995
0.437147320647
0.444972318886
0.468848551348
0.453180325268
0.333984857241
0.313937246438
0.328151040649
0.300905507341
0.21510110073
0.180182197314
0.186903373994
0.15350485677
0.0955453847563
0.0547418628658
0.0559033014383
0.0248915349978
0.0119645967517
4.88164737e-07
4.50778924688e-07
6.10045907009e-07
9.23091887483e-07
1.80487994202e-06
2.1400720622e-06
3.1950880599e-06
4.76588845539e-06
8.75483407697e-06
1.03965762109e-05
1.47952039391e-05
2.26254384615e-05
3.93705691085e-05
4.68003788139e-05
6.37664240836e-05
0.000101792484324
0.000167035568902
0.000198708074192
0.0002588295226
0.000435449574826
0.000666516414983
0.000793234500015
0.000985500180623
0.00176618910142
0.00248385408753
0.00295559836242
0.00377010846009
0.00614843077494
0.00835409182345
0.00993034238919
0.0128347708607
0.0190537401951
0.025001889045
0.0297112100568
0.0382740633398
0.0518200517109
0.0656560324035
0.0781337954005
0.0984416818838
0.12214891378
0.149465555698
0.177883886469
0.216899940235
0.253605250954
0.293080064107
0.332357207141
0.396462528891
0.447655116739
0.491263973868
0.509212396572
0.593356295292
0.653600611016
0.696559263038
0.642669813213
0.730261906124
0.789778829371
0.835132876404
0.679910622203
0.75237939713
0.802255767398
0.820032359795
0.640070872503
0.660066540043
0.696016980154
0.679732979157
0.522502174476
0.498375225387
0.520922567871
0.483366779426
0.370236420199
0.326283633811
0.338671548023
0.296683322273
0.217847344642
0.164961098282
0.169845766937
0.122611301355
0.0748249643731
0.0259334880685
0.0257524715993
5.25017873879e-07
5.00242714746e-07
7.72761076391e-07
9.17483864072e-07
1.45129476267e-06
1.987301641e-06
3.891740898e-06
4.64457411128e-06
6.99463180717e-06
9.74129767899e-06
1.81538701724e-05
2.16981598666e-05
3.12913195148e-05
4.51515169417e-05
8.00165085501e-05
9.5765273735e-05
0.000132093645547
0.000199334968374
0.000333052561592
0.000399062387808
0.00052471878637
0.000836491622925
0.00130124513561
0.0015604279529
0.00195025221842
0.00332857845617
0.00473694856565
0.0056815149277
0.00726923787967
0.0113647646292
0.015555664892
0.018646635367
0.0241206430039
0.034474617448
0.0453579747028
0.0544038494382
0.0699005691201
0.0912867684834
0.115430495188
0.138933800162
0.173245010936
0.208135229446
0.250943671112
0.297523378079
0.361328215488
0.414307414812
0.469729431986
0.519646038607
0.615689246001
0.684220875593
0.743811888369
0.737106139197
0.849975240759
0.923797311508
0.987828921249
0.861261484506
0.964588169849
1.03104530145
1.06770040955
0.877655725812
0.91960327656
0.970571805117
0.960042326233
0.769610153169
0.745854714587
0.779507325818
0.731547613114
0.582144407074
0.521883645056
0.541311083489
0.481285577324
0.38239558952
0.317053555538
0.326885200067
0.272185163917
0.201775509807
0.129926778106
0.132496946078
0.0681140903882
0.0389461686859
4.54417557572e-07
4.51513819515e-07
6.2236365496e-07
7.81815637576e-07
1.61882816815e-06
1.9417770815e-06
3.102970806e-06
3.94706652692e-06
7.82004706597e-06
9.39936484451e-06
1.43866095509e-05
1.8806413252e-05
3.56936785442e-05
4.29826846712e-05
6.30162087379e-05
8.54223894006e-05
0.00015439584188
0.000186265001159
0.000260578085884
0.000369580239191
0.000629834790516
0.000761137142779
0.00101166897101
0.00151973720686
0.00240778931768
0.00291386115161
0.00366657430396
0.00593484916535
0.00856262696581
0.0103702138527
0.0133116064616
0.0199128744065
0.0274778451206
0.033287415066
0.0430659031903
0.0591286235087
0.0779591599593
0.0946525226451
0.120995896487
0.152027642407
0.19145453418
0.233733281719
0.289829610604
0.339643592641
0.401527194677
0.472224161442
0.570778491642
0.641867199441
0.716806113236
0.766006823306
0.89947342631
0.983845421704
1.0678827495
1.00351454502
1.14106728645
1.22343411118
1.28827235625
1.11858228564
1.19532900795
1.2629646887
1.269379054
1.06310036698
1.05052038989
1.09774009808
1.0447839127
0.862775370816
0.787080361121
0.815585352768
0.733169161435
0.603984616299
0.511415592327
0.526589548003
0.448458317253
0.368300640755
0.287346779055
0.294329089635
0.227237904799
0.164633805286
0.0705840618632
0.0704372991009
4.40840966897e-07
4.00035069698e-07
6.3235965596e-07
7.59862712537e-07
1.2891273264e-06
1.5046272978e-06
3.14349112889e-06
3.80026747192e-06
6.18556722303e-06
7.35629036185e-06
1.48075357863e-05
1.79448025243e-05
2.80353599589e-05
3.42682293586e-05
6.6280875869e-05
8.05232195121e-05
0.000120324234875
0.000152292408681
0.000280976361993
0.000342216933153
0.000486649993086
0.000644369631129
0.00112205429227
0.00137004455675
0.00184410752167
0.00259367055252
0.00419604589285
0.00513534376577
0.00651294403531
0.00995422044926
0.0145951124378
0.0178934303485
0.0230676968475
0.0330183648453
0.0459698148697
0.0564570807994
0.0732386796611
0.0968314041501
0.127808195815
0.157804555991
0.200883940333
0.243332740935
0.30285215867
0.374601301532
0.463724952757
0.530191737642
0.614407925046
0.709627348193
0.852405116897
0.940314421874
1.04181551765
1.06262544169
1.23207930796
1.32628448129
1.42739236769
1.31316636719
1.4384868447
1.52195818954
1.56105313248
1.36761727352
1.38399147646
1.44584617773
1.40050111304
1.20132417068
1.1194813818
1.15863827783
1.05741961923
0.900200149459
0.775522137694
0.797080232967
0.685829172377
0.584234232057
0.470037239543
0.480676933476
0.394550059218
0.331643019202
0.237436626984
0.241463662119
0.148764787947
0.0989300221846
3.27692233583e-07
3.52126850322e-07
5.04884101723e-07
5.42082132704e-07
1.17869837227e-06
1.43343910328e-06
2.48380408191e-06
2.70464041213e-06
5.71115625203e-06
6.96668673029e-06
1.16129169443e-05
1.28823555437e-05
2.63300381223e-05
3.22188981566e-05
5.15410305904e-05
5.85862230298e-05
0.000115365583259
0.000141637706511
0.000216355793488
0.000253958981083
0.000478311550504
0.000589310884079
0.000854329812206
0.00104805638471
0.0018677002183
0.00230965354225
0.00315601148502
0.00412537147707
0.00683614472266
0.00848575612786
0.0108644750846
0.0156200735123
0.0233503104155
0.02908708822
0.0377093369468
0.0516490288475
0.0726342686269
0.090924370365
0.118407758454
0.150668226135
0.198784111079
0.252998410427
0.32217372576
0.377535663975
0.460485866492
0.573586787102
0.709112598742
0.791502471296
0.902905618444
1.0068573311
1.19792334353
1.29643799423
1.43692499561
1.40390612393
1.58748994458
1.68254302599
1.77226069761
1.62525152976
1.69399919647
1.7690646089
1.75176014582
1.5613386866
1.49302203496
1.5428593841
1.43281496307
1.26227641929
1.1128404612
1.14132301927
0.99548983748
0.873699297993
0.714871244364
0.729117171925
0.598959261667
0.527679193267
0.408924192366
0.415638248934
0.332278818344
0.277738768633
0.15336740606
0.153771029519
2.89676913323e-07
2.52884623833e-07
4.15190199531e-07
5.06262806888e-07
9.31017208265e-07
9.36197361811e-07
2.05013197321e-06
2.51767104422e-06
4.47648562988e-06
4.54863504613e-06
9.68886317603e-06
1.19430189068e-05
2.0458590436e-05
2.10965329286e-05
4.36236855791e-05
5.3991755914e-05
8.87224417993e-05
9.33177903054e-05
0.000186501600037
0.000231859815764
0.000363350414105
0.000392972058283
0.000754270789092
0.000942357859461
0.00139802168964
0.00157642886322
0.00287676860985
0.00361400439703
0.00503087189234
0.00606624616969
0.0103337922485
0.0130631512609
0.016929300502
0.0228671982606
0.0350025774406
0.0445556040693
0.0584268729585
0.077071245742
0.109532508673
0.140992004272
0.18547677155
0.226265633388
0.296017574686
0.393053612676
0.504178124313
0.572497227881
0.681924287315
0.836255657785
1.03065174383
1.1238579751
1.29662379596
1.34721226197
1.58869362753
1.68773123069
1.84008691838
1.76608290518
1.91148725463
1.99513911867
2.03237152786
1.88092498358
1.85581768766
1.91386565986
1.81915721301
1.65669091985
1.49858590067
1.5326599076
1.36356654622
1.23365427646
1.03158879087
1.04888412746
0.876482173405
0.791367622202
0.61633673923
0.624040067783
0.494231506775
0.449718227744
0.341714409054
0.345571394808
0.262087905799
0.199314085249
1.8478599323e-07
2.16083150107e-07
3.29109365518e-07
3.0792511597e-07
6.86884212659e-07
8.49094586663e-07
1.60745324138e-06
1.51391137868e-06
3.31429618728e-06
4.11452511503e-06
7.53249566814e-06
7.14384982883e-06
1.52529281203e-05
1.90221147389e-05
3.35762961963e-05
3.21583544913e-05
6.68053879532e-05
8.37382041101e-05
0.000141811803024
0.000137768942707
0.000277555749436
0.000349933293259
0.000564931170332
0.000561084861732
0.00109144545735
0.00138547346333
0.00211394417577
0.00218027425499
0.00406523389677
0.00520322723497
0.00741900122471
0.00821768863726
0.0144386659432
0.0186764984598
0.0246190474345
0.0313967332931
0.0494975903125
0.0649930222228
0.0871028628288
0.111384168088
0.160086602672
0.219524444121
0.295075845966
0.34413625203
0.43861419878
0.59206666493
0.76749036394
0.846459302876
1.03674507442
1.14003818154
1.42108338931
1.51440108566
1.73500525136
1.73563050697
1.96872507844
2.05297552584
2.17238721125
2.08335844091
2.13645334098
2.19710938004
2.14743413188
2.02054560991
1.88873751694
1.92476856193
1.74658963469
1.62945337158
1.40341541259
1.42153471914
1.20503176475
1.12004098824
0.896454157486
0.90424011963
0.71846416822
0.667556741151
0.50312390351
0.506174671192
0.397153631537
0.369840151538
0.268540284331
0.27003248448
1.50060564265e-07
1.26132337189e-07
2.17646220764e-07
2.69860554921e-07
5.39363750221e-07
4.77204594793e-07
1.06087875129e-06
1.3250371835e-06
2.58243453805e-06
2.28999839796e-06
4.97485239375e-06
6.23985979725e-06
1.17805528169e-05
1.04890841593e-05
2.22399138004e-05
2.80207972341e-05
5.10563352863e-05
4.57498348396e-05
9.44755662987e-05
0.000119638603429
0.000209360535117
0.00018950634515
0.000380374237616
0.000484669876409
0.000809389568897
0.000745449437775
0.00145235367702
0.00186567637379
0.00294685906466
0.00280873490082
0.00530626318258
0.00689527121329
0.0101628969425
0.0104689577374
0.0189847979362
0.0251352982154
0.0341825331922
0.0425335265162
0.0694203651791
0.0952807175904
0.134684583758
0.164373311198
0.234279578823
0.343350992764
0.480893929803
0.540440325934
0.718830682036
0.830298755241
1.12296313924
1.202422911
1.46389682684
1.5181301384
1.83787359839
1.91393696971
2.12121849489
2.09962769853
2.2620813947
2.31719439094
2.34974652689
2.27702970094
2.20972169183
2.24083663159
2.09625729076
2.01102651058
1.78275327181
1.79643985426
1.56334805385
1.49246920545
1.22316387524
1.22756648079
1.00026865239
0.952387512907
0.726311945692
0.726903478387
0.555751743457
0.531254082998
0.401274339224
0.401931384727
0.373897813
0.320749473299
8.10487011492e-08
1.0359822108e-07
1.71920729899e-07
1.44742037565e-07
3.2072988405e-07
4.0204856665e-07
8.30639148864e-07
7.00891444285e-07
1.53426246279e-06
1.927180202e-06
3.87237823778e-06
3.27922839606e-06
7.02130394072e-06
8.82587532847e-06
1.72035899167e-05
1.46630356276e-05
3.06606407985e-05
3.85233546196e-05
7.25625355212e-05
6.24773617134e-05
0.000127343381723
0.000159800686802
0.000289537834539
0.000253087258025
0.000502263156745
0.000629675278412
0.00109183156078
0.000976888885259
0.00189168276479
0.00237524151493
0.00391752253928
0.00365423920208
0.0069609708393
0.00882130409943
0.0136940892423
0.0140428195482
0.02651854601
0.0347241957139
0.050333753162
0.0636876771
0.106290674114
0.155042959289
0.245339244083
0.285850939795
0.444873544794
0.512554817307
0.765187306021
0.82404762195
1.1229202463
1.17827144139
1.52965415276
1.58683163281
1.89763810517
1.91798917655
2.18223138373
2.22080914376
2.36903819529
2.35368368055
2.39210048723
2.40890673091
2.32994263447
2.29464574587
2.11948189572
2.12156301072
1.8862891149
1.84871491301
1.57364082431
1.56968769785
1.29690493891
1.26732719337
1.00390381875
0.999314562845
0.771396417093
0.752217047932
0.556410592116
0.553098927299
0.413024184894
0.408425170153
0.379951996973
0.381908559841
6.12155523081e-08
5.08607830289e-08
9.38944678469e-08
1.18906892732e-07
2.51920270844e-07
2.12756310191e-07
4.54861932998e-07
5.77179433521e-07
1.20459042371e-06
1.028822017e-06
2.15446487863e-06
2.71548870841e-06
5.52661398007e-06
4.80600444753e-06
9.84872925858e-06
1.2265230295e-05
2.42751370243e-05
2.16686383444e-05
4.33704289642e-05
5.30766379198e-05
0.000101765286158
9.40932263905e-05
0.000183504592932
0.000219716743063
0.000406391378092
0.000393133845549
0.000746083129547
0.000872878975622
0.00155342322212
0.00159168000789
0.00294655407274
0.00339060235127
0.00581707640131
0.00644044854617
0.0117175680474
0.0136634292701
0.0228323546693
0.0282413466876
0.0485079434228
0.0642143810815
0.108922454298
0.152325424865
0.224323630948
0.264132359281
0.470925981623
0.536155163864
0.740876456139
0.790998658433
1.15941493176
1.21978001425
1.51379498761
1.55935252561
1.92640498088
1.95814486611
2.18150263513
2.21101626631
2.38132921045
2.37955439713
2.40547938184
2.41685858685
2.32870837956
2.30583858401
2.14031224349
2.13901413802
1.87912332403
1.85136000691
1.59455626268
1.58787327057
1.28962025239
1.2670850783
1.02046126336
1.01344174924
0.7662203172
0.751551732963
0.566046760816
0.561385946875
0.410273712242
0.403039848402
0.430948259314
0.412462969243
3.01960136322e-08
4.16880629203e-08
7.39273988145e-08
6.41462491018e-08
1.39786278046e-07
1.78410797115e-07
3.59008878341e-07
3.19782043793e-07
7.02355885329e-07
8.79513078644e-07
1.72800355544e-06
1.5976792847e-06
3.48387129676e-06
4.23443560078e-06
8.10109410836e-06
7.87280970238e-06
1.70213788922e-05
1.99182516007e-05
3.69378811073e-05
3.81353407057e-05
8.13469598281e-05
9.1339616592e-05
0.000163236189166
0.000180310325649
0.00037659742669
0.000407430438549
0.000697935490278
0.000827469463636
0.00167731359159
0.00177653544597
0.00291060960575
0.00370266714383
0.00720345090976
0.00777670705792
0.012233462072
0.0165826807295
0.0296214779008
0.0363650612272
0.0548622115811
0.0769377953236
0.122058256284
0.151363220421
0.239582035927
0.346190707604
0.448355760176
0.505323069874
0.77118595106
0.88527230333
1.09655207105
1.16921382985
1.53369595802
1.60604313713
1.83634794175
1.90545983384
2.1739638245
2.17899687895
2.28883946601
2.33964281158
2.37379512505
2.32457570005
2.25458079864
2.28350797686
2.09985690508
2.02950744484
1.8308652053
1.84296988291
1.55906620407
1.49542743204
1.26360860405
1.2663242388
0.995709054063
0.950679723366
0.754558559904
0.753522374592
0.551302788925
0.524299158318
0.397970644545
0.400824055767
0.433826801223
0.436106117983
2.19603981992e-08
1.96383074772e-08
4.38103624922e-08
5.55098807651e-08
1.12443436889e-07
1.05284329848e-07
2.36034075834e-07
2.88127263179e-07
5.83638643338e-07
5.77734427722e-07
1.30690312293e-06
1.52218906453e-06
3.02842921324e-06
3.19937382135e-06
7.25824660988e-06
8.04324171837e-06
1.55974276528e-05
1.76234458353e-05
3.97032186632e-05
4.21317378498e-05
7.87497810557e-05
9.47450534579e-05
0.000209280494623
0.000215876482523
0.000384132075927
0.000488021416537
0.00104142304445
0.00107005964833
0.00179222406924
0.00237853567048
0.00479939474285
0.00512454420885
0.00801086492238
0.010935248183
0.0198024895727
0.0240649638766
0.0347844108375
0.04766047025
0.0764349616154
0.09875374004
0.144819508965
0.199979127596
0.275099396508
0.323923441975
0.455778839849
0.620101312508
0.742307792697
0.821380815875
1.10828804723
1.23700615476
1.42556339756
1.51815310573
1.82125252838
1.85927770214
2.00903369844
2.09278494556
2.2372760919
2.18167834047
2.19824600226
2.25880980296
2.18214918347
2.07442481621
1.95340587193
1.9890456872
1.76056518325
1.64913706058
1.45805308779
1.47510486438
1.20994991062
1.12349527393
0.936234153106
0.942543043355
0.720128228814
0.664463572901
0.520018143159
0.521701694116
0.379576732461
0.350311101658
0.400451034659
0.424146214415
1.25713837716e-08
1.75786409972e-08
3.62685308384e-08
3.58900766088e-08
8.55137461214e-08
1.01153701038e-07
2.05508115551e-07
2.17522225719e-07
5.3204503383e-07
5.98154006819e-07
1.20249564774e-06
1.35923001851e-06
3.33375157475e-06
3.58840317286e-06
7.04539862829e-06
8.43206744659e-06
2.03756568845e-05
2.13309536778e-05
4.03373186483e-05
5.05147385934e-05
0.000118140217071
0.000122680011123
0.000220385177942
0.000285445524252
0.000633998390551
0.000669266271064
0.00112713035332
0.00149306594482
0.00306768745963
0.00341665609683
0.00532057686683
0.00711318468723
0.01281367032
0.0162142595715
0.0230042532968
0.0306410199894
0.0492151364068
0.0642924566229
0.0898504218657
0.118519089608
0.168195554971
0.208379662463
0.288615015689
0.385635736436
0.485562939215
0.556797696552
0.724237164562
0.905479489521
1.03139000572
1.12952265553
1.39827676287
1.48575974821
1.63171758695
1.73519724148
1.94692607581
1.90971485998
1.98454287609
2.07148190333
2.10557242204
1.97771660469
1.93528786587
1.99515977134
1.85446784186
1.69911274172
1.56714103517
1.6015730968
1.37542434893
1.24191859577
1.08267563166
1.09930600964
0.879020757836
0.786383168271
0.647561349241
0.654095097422
0.485629644551
0.430252748108
0.335983352483
0.342327006527
0.403260549097
0.411622450301
9.51319173971e-09
9.99761109232e-09
3.1181950236e-08
3.68307329102e-08
7.74903906033e-08
8.62337316669e-08
2.20195026051e-07
2.42500723022e-07
5.07056432298e-07
5.96220058104e-07
1.5221736301e-06
1.63042671931e-06
3.31034265576e-06
4.05782486655e-06
1.01302530549e-05
1.07479761475e-05
2.08440576755e-05
2.63174907288e-05
6.30876734385e-05
6.75946692451e-05
0.000123421834505
0.000158972907899
0.000358689337969
0.000397050331121
0.000673377348259
0.000877255764038
0.00180877942522
0.00214004453449
0.0033229944229
0.00433429508884
0.00771089522947
0.0104020354514
0.0145745607358
0.0189249513611
0.0303416725039
0.0409527135367
0.0561019696444
0.0722630339615
0.104080634664
0.135619048344
0.18524306784
0.238628802037
0.308632304169
0.366771721209
0.478793435211
0.596436218298
0.70314075041
0.792686299082
0.978532255603
1.11706682227
1.23065836427
1.33829579784
1.56086549565
1.5622036156
1.66002028053
1.76254128776
1.8833682055
1.75972114571
1.77954548342
1.85928559217
1.81944712012
1.63542757564
1.5678192182
1.61967286935
1.46176532068
1.28454589504
1.16782619838
1.1964872259
1.00370911579
0.870125403625
0.750508272239
0.763983622895
0.596783090497
0.511574410845
0.415332078239
0.420657584097
0.308054666467
0.262269890059
0.305956125258
0.356374852532
8.0659703498e-09
1.08747062804e-08
2.83469766117e-08
3.26701423999e-08
9.10447726654e-08
1.01074924782e-07
2.13589268076e-07
2.56208387029e-07
6.79857840982e-07
7.4132384278e-07
1.51690229118e-06
1.87198313054e-06
4.81074659329e-06
5.27519918236e-06
1.02732942096e-05
1.29174780906e-05
3.15610290959e-05
3.54026526988e-05
6.47413443851e-05
8.23578310748e-05
0.000187474722985
0.000219695268339
0.000372215944198
0.000476020479786
0.000978999233126
0.00123777525702
0.00191298105307
0.0024406393604
0.00427740543809
0.0061987342724
0.00859484280123
0.0109250857632
0.0174526985934
0.0247140612841
0.0336143356737
0.0424559164711
0.061671514371
0.0832264720255
0.112281677776
0.141393548922
0.187014984555
0.231846763565
0.304214586638
0.376867155977
0.456433163575
0.529319406091
0.662501234732
0.767434131763
0.864098469553
0.962306819124
1.14612169755
1.19609073466
1.28704395753
1.39199024346
1.55740792396
1.4621026883
1.51794970346
1.60901657861
1.65965896309
1.47055758097
1.45873125381
1.52452115069
1.4505931447
1.24315827272
1.17470124315
1.21507309375
1.07278874278
0.901481986017
0.811160028877
0.832459144772
0.684962188477
0.567872898441
0.484329603675
0.493852293289
0.375539976825
0.305493206071
0.245143792615
0.251859052863
0.308440173847
0.321912147905
6.45136199981e-09
7.82159409483e-09
3.30593056074e-08
3.94365324333e-08
8.78178078654e-08
1.06024389213e-07
2.88672741769e-07
3.240697491e-07
6.70682629565e-07
8.25127794254e-07
2.1457466737e-06
2.44549628779e-06
4.79367782611e-06
5.96988900465e-06
1.4687482923e-05
1.72929688583e-05
3.1690823788e-05
3.97465176788e-05
9.05763203105e-05
0.000112418229408
0.000190126538203
0.000238991219572
0.000488405036535
0.000659577985977
0.00101384234654
0.00126950845154
0.00219081757986
0.00341379162716
0.00468757186148
0.00585380642749
0.00930421684116
0.0139339844575
0.018888998078
0.0234749131881
0.0342722420583
0.0483007650943
0.0648072581305
0.080268502758
0.107951490807
0.140011705678
0.184452782766
0.2273093316
0.281338493184
0.336342653259
0.425510159175
0.498176845774
0.572151875094
0.652031754488
0.790353464045
0.849807950727
0.924467387988
1.01984024833
1.18408130515
1.13473280693
1.20006636677
1.29201007305
1.40359781288
1.23526368684
1.26102222036
1.33435955471
1.34171670782
1.12552661124
1.10112456632
1.15058856706
1.07267796555
0.875031579469
0.81840585977
0.847093526244
0.735516093845
0.589689230228
0.525653452284
0.53997923589
0.435286523142
0.342370911324
0.287090684479
0.293070122847
0.217570677846
0.166826194571
0.191835171145
0.244432691996
6.84804084926e-09
9.78195355195e-09
3.01732236471e-08
3.66804099344e-08
1.1300091533e-07
1.34571362635e-07
2.80538261074e-07
3.42939215382e-07
9.02505706428e-07
1.07400789782e-06
2.10076853102e-06
2.58853627537e-06
6.39598391733e-06
7.91553835592e-06
1.44597117972e-05
1.78932666051e-05
4.07167144411e-05
5.34915267603e-05
9.00633299144e-05
0.000111502881877
0.000226033515492
0.000325368620014
0.000497003318078
0.000612592091901
0.00104117172086
0.00174047614936
0.00236784738127
0.00291321737155
0.00460217330076
0.00731352661692
0.00988665215688
0.0121212139654
0.017747350436
0.0263049642782
0.0352819546325
0.0431178799314
0.0586147263483
0.0795880087978
0.105108517033
0.128606379491
0.162768871489
0.200917370778
0.256478316534
0.303665058774
0.356082628702
0.415723643817
0.511069832201
0.563982246232
0.622151251137
0.699770746907
0.827884160708
0.828617201872
0.878094544273
0.961280683068
1.09528211991
0.969163445417
1.01157575278
1.08475897744
1.15369076278
0.953114732983
0.960897730563
1.01498555523
1.00197579332
0.795865180969
0.770808640802
0.805044437642
0.739467809986
0.573869162672
0.532232771345
0.550981867864
0.470944175546
0.358205312773
0.315023841827
0.323708848299
0.253376935682
0.185375686156
0.152228822823
0.15728435996
0.192208077227
0.204344584554
5.3390044979e-09
6.78730536191e-09
3.45694248892e-08
4.65557184228e-08
1.06065053848e-07
1.28877136944e-07
3.5283721845e-07
4.43149736124e-07
8.675557161e-07
1.05767732526e-06
2.61400749256e-06
3.39584547284e-06
6.18344488153e-06
7.55803464557e-06
1.71238500197e-05
2.37533302526e-05
3.97983076256e-05
4.86218506399e-05
9.76595366365e-05
0.00014938294769
0.000226682457399
0.000275677703153
0.000461703538799
0.000825167597072
0.00111263978933
0.00135160161533
0.00212059398769
0.0035775662046
0.0048204611384
0.00584141670219
0.00856189917572
0.01339834487
0.0179841753952
0.021734575278
0.0297776828305
0.042502500859
0.0563535853913
0.0680807540045
0.0875624408398
0.112419857509
0.144527888813
0.173135419441
0.20777668299
0.248653390518
0.309143284631
0.349163118414
0.391887325782
0.449622491242
0.54005528026
0.561173877022
0.599533769499
0.667340272198
0.774699677014
0.724216290614
0.751845341925
0.817807563417
0.91851747423
0.754701196413
0.779690588605
0.833141639989
0.872398926014
0.678204634021
0.677314556795
0.714173615742
0.695718908061
0.52389534893
0.503403216431
0.525369529174
0.476560530187
0.35074130826
0.321763164089
0.332983585205
0.278268763101
0.19701984745
0.169477640188
0.174122883399
0.131458645075
0.0871403364004
0.0961897182398
0.133487138853
5.36243561674e-09
8.84877294912e-09
2.98668459897e-08
3.64192978167e-08
1.19383584208e-07
1.64933365264e-07
3.31085725593e-07
3.99913395768e-07
1.00106316129e-06
1.37204469944e-06
2.48725888394e-06
3.00682162987e-06
6.77659203096e-06
9.90470959992e-06
1.64973934756e-05
1.99220734033e-05
3.9624903069e-05
6.42032171278e-05
9.67585312586e-05
0.000116320132185
0.000192087345585
0.000365629869107
0.000488808556935
0.00058728418741
0.000914666459026
0.00163634989738
0.00219614133148
0.00263426105366
0.0038594011029
0.00638531981759
0.00857273478868
0.01026149318
0.0141388156637
0.0212848384615
0.0283515425589
0.0339017994328
0.0440563345476
0.0595485081468
0.077352662407
0.0927713719979
0.113945720462
0.139654532701
0.174993826861
0.201624752457
0.230879720025
0.270222320027
0.328505080757
0.352695679092
0.381887352061
0.432290606538
0.509551241897
0.499343457035
0.519974418788
0.573860941743
0.656205184304
0.575208407526
0.587428730066
0.635469110631
0.705708841413
0.541367546726
0.554747239313
0.590881882899
0.611628533056
0.448855491446
0.444944599669
0.468322732682
0.451459480876
0.322080084304
0.306687174704
0.3197268032
0.285100132481
0.195500159693
0.176072587705
0.182055463639
0.146716856595
0.0926033974093
0.077513906643
0.0803714165093
0.0945062174261
0.100392769333
3.92474489246e-09
5.02180249959e-09
2.87612012733e-08
4.63953952018e-08
1.06477157487e-07
1.27935069786e-07
3.45188818169e-07
5.12640806134e-07
9.35396795567e-07
1.11986198422e-06
2.52344431084e-06
3.89300960714e-06
6.44700693899e-06
7.70604085298e-06
1.51752312105e-05
2.59663481314e-05
3.88614442908e-05
4.62501367657e-05
7.53571880697e-05
0.000152176614592
0.000201784654665
0.000240105332635
0.000371101685514
0.000702628692223
0.000938722426839
0.0011158601284
0.0016321328545
0.00285433741407
0.00382913835068
0.00454477761707
0.00628637900482
0.0099971858928
0.0133661996081
0.0158462921876
0.0207626409204
0.029618298928
0.0388942279087
0.0461667146739
0.0575554922215
0.0730456332978
0.0921520680096
0.108249267617
0.127040773484
0.151680597978
0.186192936749
0.205869290805
0.227034637805
0.261347488453
0.31190197448
0.318414680376
0.334843133794
0.374957118949
0.435177639783
0.403070431574
0.411039465123
0.45039133908
0.508733273696
0.419771028159
0.423015170805
0.455429660511
0.501198118294
0.360943116114
0.367416458269
0.390199426811
0.400261145654
0.277727820489
0.273212680254
0.287024159323
0.273069364116
0.181548452035
0.17029589576
0.177274899696
0.15351242394
0.0935142750697
0.082041101265
0.0847309059768
0.0653915278971
0.0348439045795
0.0364495797391
0.0549287848666
3.28586975983e-09
6.58463723323e-09
2.32917785817e-08
2.81492335079e-08
9.56526866571e-08
1.62166809385e-07
3.12080104808e-07
3.70809051399e-07
8.62207451074e-07
1.43224991769e-06
2.3692898457e-06
2.80642710364e-06
5.4880063969e-06
9.9247850797e-06
1.47533415501e-05
1.74032649269e-05
2.79974541141e-05
5.97732056677e-05
7.86417722743e-05
9.27786804375e-05
0.000142282196248
0.000284410240954
0.000378088648947
0.00044581227737
0.000650388037375
0.00120082530093
0.00160801392296
0.00189408506837
0.00262613001138
0.00441230144999
0.00591295903438
0.00695798729804
0.00917586683541
0.0138352592703
0.0183274027877
0.0215718461452
0.0271417388289
0.0363672222621
0.0465797764265
0.0550244349081
0.0661218423038
0.080385851815
0.0992703007003
0.112375501057
0.126474757353
0.147963549428
0.178280598849
0.188453565081
0.201121923305
0.228470358363
0.268409437399
0.260640243465
0.267465691126
0.296836689455
0.340086259509
0.298489125873
0.299187377249
0.325820295332
0.36431190535
0.284161034666
0.283252589738
0.303672870618
0.331663534521
0.225019001412
0.227639382692
0.241076508725
0.244764598528
0.158053724724
0.153664771831
0.161089028377
0.149799717088
0.0880750126314
0.0807795438945
0.0839427085897
0.069888510281
0.0351339702302
0.0299427836079
0.0311173523773
0.0345708182065
0.0354296208751
2.24600165088e-09
2.85470409771e-09
1.74782858576e-08
3.55602656334e-08
8.10668216764e-08
9.60213608903e-08
2.49807113694e-07
4.68228099568e-07
7.91558752868e-07
9.3026080173e-07
1.83628125215e-06
3.57169151449e-06
5.28709056764e-06
6.18717962462e-06
9.84491921658e-06
2.22416077775e-05
2.90499108537e-05
3.40098030223e-05
5.17513882275e-05
0.000108962085194
0.000144094211546
0.000168667849214
0.000245252810583
0.000477200182283
0.000637302510558
0.000745518745039
0.00103480017676
0.00183521876101
0.00246151900772
0.00287730816581
0.00381328456297
0.00607907871125
0.00810480784659
0.00947244722665
0.0120107645703
0.0170218324899
0.0221543626304
0.0259439531406
0.0316057002843
0.0396560954314
0.0492594710451
0.0570282540184
0.065816729888
0.0782564165216
0.0950418592672
0.103677712472
0.112850798495
0.130013638018
0.154267768815
0.156103341381
0.162189924968
0.182275201184
0.211317159127
0.195549737341
0.196630846863
0.216576594443
0.245446862921
0.204802126407
0.20238137707
0.21921727574
0.243010700413
0.179686968774
0.177375904074
0.189437928834
0.205309204121
0.129106078733
0.12950585803
0.13676181862
0.136565779694
0.0774723446004
0.0739354285672
0.0773298837194
0.0697120266586
0.0333976201212
0.0297897372751
0.0309032965965
0.0248086115766
0.00962321981754
0.00953926466777
0.0156011681898
1.45085068413e-09
3.72028035016e-09
1.33207509911e-08
1.58909978957e-08
5.37384611347e-08
1.1995320711e-07
2.19278018156e-07
2.56167036736e-07
5.33222014068e-07
1.16867237556e-06
1.74224638004e-06
2.02380557852e-06
3.20622706285e-06
7.81862909191e-06
1.01527453377e-05
1.18025412679e-05
1.78363909793e-05
3.96233712981e-05
5.21334293256e-05
6.06180227374e-05
8.78083828268e-05
0.000179763210178
0.000239281925994
0.000278148942293
0.000386106482482
0.000721735469236
0.000967635055128
0.00112424445614
0.00149536869204
0.00251881508492
0.00337248766486
0.00391733332541
0.00499891730915
0.00749779841448
0.00987809706369
0.0114850400269
0.0141032093979
0.0187050311663
0.0236622561283
0.0276147417763
0.0326316092334
0.0393457858829
0.0479978112485
0.0536659469683
0.0596260040108
0.0696033541088
0.0832003584972
0.0871422238564
0.0920067492519
0.104662483052
0.122509891256
0.118625613331
0.12041263682
0.134108010693
0.153716349933
0.135881085237
0.134334710231
0.146996227177
0.165034148472
0.131186868825
0.128004967832
0.137992361913
0.151655490784
0.10466574233
0.101944373526
0.108487989749
0.116397994908
0.0636764718945
0.0629491376391
0.0662879715625
0.064749540127
0.0295077104489
0.0274449451141
0.0286427649685
0.0250668195403
0.00903486265753
0.0078009847728
0.00812373790743
0.00861344919391
0.00820740675476
9.28198666835e-10
1.1621002534e-09
7.16697467227e-09
1.98077045991e-08
4.36819218508e-08
5.09095725009e-08
1.20904851334e-07
3.17590174347e-07
4.90423781715e-07
5.65745160083e-07
9.08046595537e-07
2.5248570306e-06
3.27453541646e-06
3.78095840671e-06
5.70215638263e-06
1.36181475892e-05
1.78556588042e-05
2.0631376725e-05
2.97835959283e-05
6.43116500691e-05
8.5324558011e-05
9.86019895543e-05
0.000136777688081
0.000269188381171
0.000360416894089
0.000416410464582
0.000555250935301
0.000987017217434
0.00132471640656
0.00153021384602
0.00196284512568
0.00311478894277
0.00414025784224
0.00478473077212
0.00591654192826
0.00830814299044
0.0107214321134
0.0124190219277
0.0148603657483
0.0184455672004
0.0226129384604
0.0258822525914
0.0294840606974
0.0348806084497
0.041963747877
0.0453559621823
0.048883899706
0.0562712100842
0.0663930637107
0.0669067139487
0.0689168312131
0.0775879077038
0.0897785307569
0.0834415080892
0.0831092188782
0.0918490772458
0.104236661119
0.0881306861555
0.0858068475147
0.0933549242868
0.103820859192
0.0772527887584
0.0740097194884
0.0794473626355
0.0863875052851
0.0525018966155
0.049827292681
0.0528481910037
0.0560197191206
0.0242259101803
0.0233838408703
0.0245608529791
0.023497642189
0.00791983205138
0.00711698317247
0.00741470490091
0.00635505638583
0.00163519634411
0.00153205586168
0.00273106965718
4.19718849828e-10
1.49376759652e-09
5.18725587657e-09
6.08120094762e-09
1.88614567555e-08
6.24582117845e-08
1.05188238956e-07
1.20613765458e-07
2.02597117691e-07
6.95723537946e-07
9.10470876718e-07
1.04439182222e-06
1.59308448021e-06
4.30194725962e-06
5.64776244597e-06
6.48528962156e-06
9.36347638283e-06
2.17165131895e-05
2.87706559447e-05
3.3059204458e-05
4.58290421767e-05
9.52797489631e-05
0.000127394950168
0.000146409022718
0.000195538860233
0.000366644005161
0.000492633473985
0.000566142781746
0.000729175825097
0.00122328849445
0.00163616053314
0.00188079342158
0.00233958195438
0.00347937752899
0.00455822935183
0.00524690855773
0.0063213289811
0.00829663587145
0.0103796103288
0.0119912782743
0.0139803876955
0.0167232564248
0.0201847475307
0.022359204949
0.0245966168989
0.0286201731606
0.0339615313232
0.0353839068394
0.0370798260546
0.0421740265041
0.0491744657158
0.0477351659305
0.0481470202931
0.0537199887821
0.0615141180929
0.0548229135426
0.0536220278111
0.0588623264878
0.0661108445904
0.0522385160229
0.0496162925242
0.0537224733615
0.0590708833767
0.0387708713727
0.0357718947114
0.0382723767977
0.0411233716268
0.0202954480779
0.0183948120952
0.0194530378435
0.0203887242897
0.00640850545044
0.00596261433137
0.00625028688371
0.00589097491814
0.00138690972961
0.0011878786074
0.00124061751177
0.00129070458085
0.00112237323014
2.52113126281e-10
3.07571933122e-10
1.72503933861e-09
7.44123421561e-09
1.50422411907e-08
1.71775583743e-08
3.18997977506e-08
1.46243973489e-07
1.96661359837e-07
2.24237395948e-07
3.54859310056e-07
1.16725949045e-06
1.54817687109e-06
1.76673941645e-06
2.57788246553e-06
6.72717641831e-06
8.94385434772e-06
1.02179412665e-05
1.41935036494e-05
3.17363392722e-05
4.24634279362e-05
4.85463962101e-05
6.49325157995e-05
0.000128982785773
0.000173481233854
0.000198392149233
0.000256344287388
0.000454783899615
0.000610970753323
0.000698901241939
0.000873746509206
0.00137613206179
0.00182333485742
0.00208758136034
0.00253054266165
0.00351801348179
0.00450337133927
0.00516866881458
0.00609584250355
0.00749158048587
0.0090800247785
0.0102970238911
0.0116091623426
0.0136601343309
0.0162963211499
0.0175239403973
0.0187731320903
0.0215661473558
0.0253096615533
0.0255736622993
0.0262601313678
0.0295667999375
0.0341036894032
0.0317722188958
0.0313507436027
0.0347128236491
0.0392971111621
0.0324567020741
0.030646593526
0.0334718868909
0.0371454202608
0.0256825772758
0.0231295057851
0.0249719541818
0.0271451869967
0.0146095323735
0.0126113643689
0.0134691884797
0.0143287208302
0.00541053963865
0.00456866303855
0.0048211317956
0.00500995999624
0.00108183667548
0.000951443668016
0.000996390637923
0.000931333070677
0.000148282078247
0.000127914708416
0.000253075390786
6.66020879993e-11
3.86248191832e-10
1.20727787158e-09
1.37939964251e-09
3.15278579415e-09
2.05873381887e-08
2.93716847246e-08
3.3334793933e-08
5.70680704376e-08
2.46155640046e-07
3.34482515877e-07
3.79475927612e-07
5.70905903547e-07
1.79548204211e-06
2.41494885732e-06
2.74292896316e-06
3.84923137295e-06
9.65988815121e-06
1.30002576351e-05
1.47841783336e-05
1.98463740273e-05
4.25082684203e-05
5.73591266376e-05
6.52870085847e-05
8.46285440795e-05
0.000159592843218
0.000215290300829
0.000245201119878
0.00030793052127
0.00051411209944
0.000687180184678
0.000783320687121
0.000955058632077
0.00140727319097
0.00183365685271
0.00209401488194
0.00248555267735
0.00322911677735
0.00399977686736
0.00458498402291
0.00529371181322
0.00628379749229
0.00751580838121
0.00831252106974
0.0091285737039
0.0105752305273
0.012463697508
0.0130450934399
0.0136769403416
0.0155235922764
0.0179928101388
0.0172877603527
0.0171748977582
0.0191767761233
0.0218345453782
0.0184429916398
0.0172087821102
0.0189705044045
0.0212167283115
0.0150437051983
0.0131466824118
0.0143419572598
0.0157576462242
0.00891856369888
0.00733097788879
0.00792056772259
0.00854544698245
0.00361053154155
0.00282419759456
0.00301927821417
0.00319400012532
0.000898683827123
0.000685724533001
0.000723114526517
0.000747584659353
0.000106672634433
8.5707140332e-05
9.0036974601e-05
9.45793807604e-05
7.58414414654e-05
3.76716194019e-11
4.41022771276e-11
1.67788110038e-10
1.64313952484e-09
2.66416568537e-09
3.0551065227e-09
6.11007997742e-09
3.60858059306e-08
5.14037984743e-08
5.87073713861e-08
9.46826223793e-08
3.78172519485e-07
5.2016590606e-07
5.95107927086e-07
8.64819901568e-07
2.54345847008e-06
3.46516446667e-06
3.97676252709e-06
5.4528072921e-06
1.28167383593e-05
1.74029315321e-05
2.00236794175e-05
2.6417185146e-05
5.27228355361e-05
7.13330081762e-05
8.21804797471e-05
0.000105059775567
0.000183359529036
0.000245957054576
0.000283420967174
0.000351970579355
0.000541870698302
0.000712496513848
0.000820874549549
0.000991995019139
0.0013506466381
0.00170855517316
0.00196864785236
0.00232008148348
0.0028138200378
0.0033729254329
0.00385388497442
0.00439267101093
0.00512241996068
0.00604584756223
0.00648187535579
0.00690681139866
0.00789461325043
0.00916366934084
0.00880274053996
0.00862584165055
0.00972217041583
0.0111149934502
0.00925957953522
0.00832748809108
0.00929315408543
0.0104792362911
0.00736455947164
0.0061070737765
0.00676206389881
0.00752409537909
0.00432257482095
0.00332913183938
0.00365877407345
0.00401453541468
0.00180425073424
0.001301831154
0.00141837231874
0.00153194714276
0.000501759472868
0.000343010139059
0.000369348028323
0.000391410940322
8.15508343522e-05
5.38780638033e-05
5.69731052018e-05
5.8877744906e-05
5.37406081285e-06
3.87003931428e-06
9.20612432214e-06
1.69026389523e-10
6.45741936462e-11
1.44738218867e-10
6.64392900871e-10
1.18099561355e-08
5.31023941556e-09
6.66292558549e-09
1.70538141303e-08
1.2980221314e-07
9.22867843043e-08
1.08678116359e-07
2.33564211256e-07
1.05951235231e-06
9.08889315865e-07
1.03608831689e-06
1.99301493188e-06
6.30700948154e-06
5.99068989657e-06
6.73352429127e-06
1.1801175718e-05
2.84804192789e-05
2.92353836789e-05
3.29006004259e-05
5.27821092952e-05
0.000102597719929
0.000112506955037
0.00012818549913
0.000188176217935
0.000305350510698
0.000352091169064
0.00040794750453
0.000546453761895
0.000759026896384
0.000900193659615
0.00105720019971
0.00128658453976
0.00155851938756
0.00185079179118
0.00217500197126
0.00239127573218
0.00256485845623
0.00297961504
0.00346356628091
0.00341445864171
0.0032900188378
0.00379182987737
0.00438741659544
0.00383827038641
0.00335771614478
0.0038601990808
0.00445455943673
0.00341279185167
0.0027337225198
0.00314322541692
0.00361776369281
0.00238591914211
0.00176235749259
0.00202728237391
0.00232407195066
0.00128938162395
0.000883454083911
0.0010151313603
0.00115619732321
0.000522500769453
0.000333769630907
0.00038183647586
0.000430543633554
0.000151025243366
9.03350051948e-05
0.000102354998437
0.000113701390057
2.85751336999e-05
1.60645774305e-05
1.78781011528e-05
1.94225346181e-05
2.98057057205e-06
1.57987808462e-06
1.70085316401e-06
1.83164865992e-06
8.66136624943e-07
)
;

boundaryField
{
    zMin
    {
        type            empty;
    }
    zMax
    {
        type            empty;
    }
    xMin
    {
        type            codedFixedValue;
        value           nonuniform List<scalar> 
40
(
1.27581626524e-43
1.28905494033e-41
1.11079676717e-39
8.16352398439e-38
5.11682572394e-36
2.73529054474e-34
1.24705666976e-32
4.84896222906e-31
1.60801945683e-29
4.54792908248e-28
1.09702356075e-26
2.25682618704e-25
3.95968060582e-24
5.9251873483e-23
7.56177766153e-22
8.23048839635e-21
7.64024344073e-20
6.04879230942e-19
4.08422853741e-18
2.35196732841e-17
1.15513414129e-16
4.83853004404e-16
1.72851976731e-15
5.26641580386e-15
1.36847171901e-14
3.03274848478e-14
5.73214078793e-14
9.2401110195e-14
1.27033252113e-13
1.48948978769e-13
1.48948978768e-13
1.27033252111e-13
9.24011101929e-14
5.73214078775e-14
3.03274848466e-14
1.36847171894e-14
5.26641580356e-15
1.72851976719e-15
4.83853004367e-16
1.15513414119e-16
)
;
        name            rotatingPeak_xMin;
        code            #{
            const scalar epsilon = 1.0000000000000000e-03;
            const scalar t0 = 1.5707963267948966e+00;
            const scalar x0 = 0.0000000000000000e+00;
            const scalar y0 = 5.0000000000000000e-01;
            const scalar tau = this->db().time().value();
            const scalar physicalTime = t0 + tau;
            const scalar xhat = x0*cos(tau) - y0*sin(tau);
            const scalar yhat = x0*sin(tau) + y0*cos(tau);
            const vectorField& faceCentres = this->patch().Cf();
            scalarField values(faceCentres.size(), Zero);
            forAll(faceCentres, faceI)
            {
                const scalar dx = faceCentres[faceI].x() - xhat;
                const scalar dy = faceCentres[faceI].y() - yhat;
                const scalar radius2 = dx*dx + dy*dy;
                values[faceI] =
                    exp(-radius2/(4.0*epsilon*physicalTime))
                   /(4.0*constant::mathematical::pi*epsilon*physicalTime);
            }
            operator==(values);
        #};
    }
    xMax
    {
        type            codedFixedValue;
        value           nonuniform List<scalar> 
40
(
1.27581626523e-43
1.28905494028e-41
1.1107967671e-39
8.16352398372e-38
5.11682572342e-36
2.73529054441e-34
1.24705666959e-32
4.84896222834e-31
1.60801945657e-29
4.5479290817e-28
1.09702356055e-26
2.25682618662e-25
3.95968060505e-24
5.92518734713e-23
7.56177766003e-22
8.23048839472e-21
7.64024343923e-20
6.04879230826e-19
4.08422853664e-18
2.35196732799e-17
1.1551341411e-16
4.83853004337e-16
1.72851976711e-15
5.26641580336e-15
1.36847171891e-14
3.03274848461e-14
5.73214078769e-14
9.24011101924e-14
1.27033252111e-13
1.48948978768e-13
1.48948978769e-13
1.27033252113e-13
9.24011101945e-14
5.73214078786e-14
3.03274848473e-14
1.36847171897e-14
5.26641580366e-15
1.72851976722e-15
4.83853004373e-16
1.1551341412e-16
)
;
        name            rotatingPeak_xMax;
        code            #{
            const scalar epsilon = 1.0000000000000000e-03;
            const scalar t0 = 1.5707963267948966e+00;
            const scalar x0 = 0.0000000000000000e+00;
            const scalar y0 = 5.0000000000000000e-01;
            const scalar tau = this->db().time().value();
            const scalar physicalTime = t0 + tau;
            const scalar xhat = x0*cos(tau) - y0*sin(tau);
            const scalar yhat = x0*sin(tau) + y0*cos(tau);
            const vectorField& faceCentres = this->patch().Cf();
            scalarField values(faceCentres.size(), Zero);
            forAll(faceCentres, faceI)
            {
                const scalar dx = faceCentres[faceI].x() - xhat;
                const scalar dy = faceCentres[faceI].y() - yhat;
                const scalar radius2 = dx*dx + dy*dy;
                values[faceI] =
                    exp(-radius2/(4.0*epsilon*physicalTime))
                   /(4.0*constant::mathematical::pi*epsilon*physicalTime);
            }
            operator==(values);
        #};
    }
    yMin
    {
        type            codedFixedValue;
        value           nonuniform List<scalar> 
40
(
5.75688516989e-44
1.18432180237e-42
2.07793409114e-41
3.10937926894e-40
3.96821793385e-39
4.31913937707e-38
4.00939466846e-37
3.17424383453e-36
2.14329350232e-35
1.23424931943e-34
6.06183389761e-34
2.53913068513e-33
9.07080774769e-33
2.76367364611e-32
7.18137223906e-32
1.59150499601e-31
3.00807361629e-31
4.84896222861e-31
6.6663640727e-31
7.81644257884e-31
7.81644257891e-31
6.66636407287e-31
4.84896222879e-31
3.00807361644e-31
1.5915049961e-31
7.18137223957e-32
2.76367364632e-32
9.07080774844e-33
2.53913068535e-33
6.06183389814e-34
1.23424931953e-34
2.14329350251e-35
3.17424383479e-36
4.00939466877e-37
4.31913937738e-38
3.96821793409e-39
3.1093792691e-40
2.07793409122e-41
1.1843218024e-42
5.75688516994e-44
)
;
        name            rotatingPeak_yMin;
        code            #{
            const scalar epsilon = 1.0000000000000000e-03;
            const scalar t0 = 1.5707963267948966e+00;
            const scalar x0 = 0.0000000000000000e+00;
            const scalar y0 = 5.0000000000000000e-01;
            const scalar tau = this->db().time().value();
            const scalar physicalTime = t0 + tau;
            const scalar xhat = x0*cos(tau) - y0*sin(tau);
            const scalar yhat = x0*sin(tau) + y0*cos(tau);
            const vectorField& faceCentres = this->patch().Cf();
            scalarField values(faceCentres.size(), Zero);
            forAll(faceCentres, faceI)
            {
                const scalar dx = faceCentres[faceI].x() - xhat;
                const scalar dy = faceCentres[faceI].y() - yhat;
                const scalar radius2 = dx*dx + dy*dy;
                values[faceI] =
                    exp(-radius2/(4.0*epsilon*physicalTime))
                   /(4.0*constant::mathematical::pi*epsilon*physicalTime);
            }
            operator==(values);
        #};
    }
    yMax
    {
        type            codedFixedValue;
        value           nonuniform List<scalar> 
40
(
2.55995887077e-16
5.26641580368e-15
9.24011101955e-14
1.38267184554e-12
1.76457830956e-11
1.9206252751e-10
1.7828886882e-09
1.4115156761e-08
9.5307497934e-08
5.48843237447e-07
2.69556279179e-06
1.12909497586e-05
4.03358657941e-05
0.000122894423946
0.000319339660707
0.000707706895723
0.00133762347364
0.00215622572019
0.00296438392296
0.0034757982706
0.00347579827057
0.00296438392289
0.00215622572011
0.00133762347357
0.000707706895679
0.000319339660685
0.000122894423936
4.03358657907e-05
1.12909497577e-05
2.69556279155e-06
5.48843237399e-07
9.53074979258e-08
1.41151567598e-08
1.78288868806e-09
1.92062527496e-10
1.76457830946e-11
1.38267184547e-12
9.24011101919e-14
5.26641580355e-15
2.55995887075e-16
)
;
        name            rotatingPeak_yMax;
        code            #{
            const scalar epsilon = 1.0000000000000000e-03;
            const scalar t0 = 1.5707963267948966e+00;
            const scalar x0 = 0.0000000000000000e+00;
            const scalar y0 = 5.0000000000000000e-01;
            const scalar tau = this->db().time().value();
            const scalar physicalTime = t0 + tau;
            const scalar xhat = x0*cos(tau) - y0*sin(tau);
            const scalar yhat = x0*sin(tau) + y0*cos(tau);
            const vectorField& faceCentres = this->patch().Cf();
            scalarField values(faceCentres.size(), Zero);
            forAll(faceCentres, faceI)
            {
                const scalar dx = faceCentres[faceI].x() - xhat;
                const scalar dy = faceCentres[faceI].y() - yhat;
                const scalar radius2 = dx*dx + dy*dy;
                values[faceI] =
                    exp(-radius2/(4.0*epsilon*physicalTime))
                   /(4.0*constant::mathematical::pi*epsilon*physicalTime);
            }
            operator==(values);
        #};
    }
}


// ************************************************************************* //
