/*--------------------------------*- C++ -*----------------------------------*\
  =========                 |
  \\      /  F ield         | OpenFOAM: The Open Source CFD Toolbox
   \\    /   O peration     | Website:  https://openfoam.org
    \\  /    A nd           | Version:  14
     \\/     M anipulation  |
\*---------------------------------------------------------------------------*/
FoamFile
{
    format      ascii;
    class       faceList;
    location    "constant/polyMesh";
    object      faces;
}
// * * * * * * * * * * * * * * * * * * * * * * * * * * * * * * * * * * * * * //


720
(
4(8 43 79 44)
4(43 79 161 80)
4(8 80 161 44)
4(43 79 162 81)
4(80 81 162 161)
4(81 42 78 162)
4(81 41 77 162)
4(41 77 163 82)
4(81 82 163 162)
4(41 77 164 83)
4(82 83 164 163)
4(83 40 76 164)
4(83 39 75 164)
4(39 75 165 84)
4(83 84 165 164)
4(39 75 166 85)
4(84 85 166 165)
4(85 38 74 166)
4(85 37 73 166)
4(37 73 167 86)
4(85 86 167 166)
4(37 73 168 87)
4(86 87 168 167)
4(87 36 72 168)
4(87 35 71 168)
4(35 71 169 88)
4(87 88 169 168)
4(35 71 70 34)
4(88 34 70 169)
4(8 44 170 89)
4(9 89 170 45)
4(89 80 161 170)
4(89 81 162 170)
4(81 162 171 90)
4(89 90 171 170)
4(81 162 172 91)
4(90 91 172 171)
4(91 82 163 172)
4(91 83 164 172)
4(83 164 173 92)
4(91 92 173 172)
4(83 164 174 93)
4(92 93 174 173)
4(93 84 165 174)
4(93 85 166 174)
4(85 166 175 94)
4(93 94 175 174)
4(85 166 176 95)
4(94 95 176 175)
4(95 86 167 176)
4(95 87 168 176)
4(87 168 177 96)
4(95 96 177 176)
4(87 168 178 97)
4(96 97 178 177)
4(97 88 169 178)
4(97 34 70 178)
4(97 33 69 178)
4(10 89 170 46)
4(89 170 179 98)
4(10 98 179 46)
4(89 170 180 99)
4(98 99 180 179)
4(99 90 171 180)
4(99 91 172 180)
4(91 172 181 100)
4(99 100 181 180)
4(91 172 182 101)
4(100 101 182 181)
4(101 92 173 182)
4(101 93 174 182)
4(93 174 183 102)
4(101 102 183 182)
4(93 174 184 103)
4(102 103 184 183)
4(103 94 175 184)
4(103 95 176 184)
4(95 176 185 104)
4(103 104 185 184)
4(95 176 186 105)
4(104 105 186 185)
4(105 96 177 186)
4(105 97 178 186)
4(97 178 187 106)
4(105 106 187 186)
4(97 178 68 32)
4(106 32 68 187)
4(10 46 188 107)
4(11 107 188 47)
4(107 98 179 188)
4(107 99 180 188)
4(99 180 189 108)
4(107 108 189 188)
4(99 180 190 109)
4(108 109 190 189)
4(109 100 181 190)
4(109 101 182 190)
4(101 182 191 110)
4(109 110 191 190)
4(101 182 192 111)
4(110 111 192 191)
4(111 102 183 192)
4(111 103 184 192)
4(103 184 193 112)
4(111 112 193 192)
4(103 184 194 113)
4(112 113 194 193)
4(113 104 185 194)
4(113 105 186 194)
4(105 186 195 114)
4(113 114 195 194)
4(105 186 196 115)
4(114 115 196 195)
4(115 106 187 196)
4(115 32 68 196)
4(115 31 67 196)
4(12 107 188 48)
4(107 188 197 116)
4(12 116 197 48)
4(107 188 198 117)
4(116 117 198 197)
4(117 108 189 198)
4(117 109 190 198)
4(109 190 199 118)
4(117 118 199 198)
4(109 190 200 119)
4(118 119 200 199)
4(119 110 191 200)
4(119 111 192 200)
4(111 192 201 120)
4(119 120 201 200)
4(111 192 202 121)
4(120 121 202 201)
4(121 112 193 202)
4(121 113 194 202)
4(113 194 203 122)
4(121 122 203 202)
4(113 194 204 123)
4(122 123 204 203)
4(123 114 195 204)
4(123 115 196 204)
4(115 196 205 124)
4(123 124 205 204)
4(115 196 66 30)
4(124 30 66 205)
4(12 48 206 125)
4(13 125 206 49)
4(125 116 197 206)
4(125 117 198 206)
4(117 198 207 126)
4(125 126 207 206)
4(117 198 208 127)
4(126 127 208 207)
4(127 118 199 208)
4(127 119 200 208)
4(119 200 209 128)
4(127 128 209 208)
4(119 200 210 129)
4(128 129 210 209)
4(129 120 201 210)
4(129 121 202 210)
4(121 202 211 130)
4(129 130 211 210)
4(121 202 212 131)
4(130 131 212 211)
4(131 122 203 212)
4(131 123 204 212)
4(123 204 213 132)
4(131 132 213 212)
4(123 204 214 133)
4(132 133 214 213)
4(133 124 205 214)
4(133 30 66 214)
4(133 29 65 214)
4(14 125 206 50)
4(125 206 215 134)
4(14 134 215 50)
4(125 206 216 135)
4(134 135 216 215)
4(135 126 207 216)
4(135 127 208 216)
4(127 208 217 136)
4(135 136 217 216)
4(127 208 218 137)
4(136 137 218 217)
4(137 128 209 218)
4(137 129 210 218)
4(129 210 219 138)
4(137 138 219 218)
4(129 210 220 139)
4(138 139 220 219)
4(139 130 211 220)
4(139 131 212 220)
4(131 212 221 140)
4(139 140 221 220)
4(131 212 222 141)
4(140 141 222 221)
4(141 132 213 222)
4(141 133 214 222)
4(133 214 223 142)
4(141 142 223 222)
4(133 214 64 28)
4(142 28 64 223)
4(14 50 224 143)
4(15 143 224 51)
4(143 134 215 224)
4(143 135 216 224)
4(135 216 225 144)
4(143 144 225 224)
4(135 216 226 145)
4(144 145 226 225)
4(145 136 217 226)
4(145 137 218 226)
4(137 218 227 146)
4(145 146 227 226)
4(137 218 228 147)
4(146 147 228 227)
4(147 138 219 228)
4(147 139 220 228)
4(139 220 229 148)
4(147 148 229 228)
4(139 220 230 149)
4(148 149 230 229)
4(149 140 221 230)
4(149 141 222 230)
4(141 222 231 150)
4(149 150 231 230)
4(141 222 232 151)
4(150 151 232 231)
4(151 142 223 232)
4(151 28 64 232)
4(151 27 63 232)
4(16 143 224 52)
4(143 224 233 152)
4(16 152 233 52)
4(143 224 234 153)
4(152 153 234 233)
4(153 144 225 234)
4(153 145 226 234)
4(145 226 235 154)
4(153 154 235 234)
4(145 226 236 155)
4(154 155 236 235)
4(155 146 227 236)
4(155 147 228 236)
4(147 228 237 156)
4(155 156 237 236)
4(147 228 238 157)
4(156 157 238 237)
4(157 148 229 238)
4(157 149 230 238)
4(149 230 239 158)
4(157 158 239 238)
4(149 230 240 159)
4(158 159 240 239)
4(159 150 231 240)
4(159 151 232 240)
4(151 232 241 160)
4(159 160 241 240)
4(151 232 62 26)
4(160 26 62 241)
4(16 52 53 17)
4(17 152 233 53)
4(17 153 234 53)
4(153 234 54 18)
4(153 234 55 19)
4(19 154 235 55)
4(19 155 236 55)
4(155 236 56 20)
4(155 236 57 21)
4(21 156 237 57)
4(21 157 238 57)
4(157 238 58 22)
4(157 238 59 23)
4(23 158 239 59)
4(23 159 240 59)
4(159 240 60 24)
4(159 240 61 25)
4(25 160 241 61)
4(25 26 62 61)
3(0 43 8)
3(43 80 8)
3(43 81 80)
3(81 43 42)
3(42 41 81)
3(41 82 81)
3(41 83 82)
3(83 41 40)
3(40 39 83)
3(39 84 83)
3(39 85 84)
3(85 39 38)
3(38 37 85)
3(37 86 85)
3(37 87 86)
3(87 37 36)
3(36 35 87)
3(35 88 87)
3(35 34 88)
3(34 35 3)
3(8 89 9)
3(89 8 80)
3(80 81 89)
3(81 90 89)
3(81 91 90)
3(91 81 82)
3(82 83 91)
3(83 92 91)
3(83 93 92)
3(93 83 84)
3(84 85 93)
3(85 94 93)
3(85 95 94)
3(95 85 86)
3(86 87 95)
3(87 96 95)
3(87 97 96)
3(97 87 88)
3(88 34 97)
3(34 33 97)
3(9 89 10)
3(89 98 10)
3(89 99 98)
3(99 89 90)
3(90 91 99)
3(91 100 99)
3(91 101 100)
3(101 91 92)
3(92 93 101)
3(93 102 101)
3(93 103 102)
3(103 93 94)
3(94 95 103)
3(95 104 103)
3(95 105 104)
3(105 95 96)
3(96 97 105)
3(97 106 105)
3(97 32 106)
3(32 97 33)
3(10 107 11)
3(107 10 98)
3(98 99 107)
3(99 108 107)
3(99 109 108)
3(109 99 100)
3(100 101 109)
3(101 110 109)
3(101 111 110)
3(111 101 102)
3(102 103 111)
3(103 112 111)
3(103 113 112)
3(113 103 104)
3(104 105 113)
3(105 114 113)
3(105 115 114)
3(115 105 106)
3(106 32 115)
3(32 31 115)
3(11 107 12)
3(107 116 12)
3(107 117 116)
3(117 107 108)
3(108 109 117)
3(109 118 117)
3(109 119 118)
3(119 109 110)
3(110 111 119)
3(111 120 119)
3(111 121 120)
3(121 111 112)
3(112 113 121)
3(113 122 121)
3(113 123 122)
3(123 113 114)
3(114 115 123)
3(115 124 123)
3(115 30 124)
3(30 115 31)
3(12 125 13)
3(125 12 116)
3(116 117 125)
3(117 126 125)
3(117 127 126)
3(127 117 118)
3(118 119 127)
3(119 128 127)
3(119 129 128)
3(129 119 120)
3(120 121 129)
3(121 130 129)
3(121 131 130)
3(131 121 122)
3(122 123 131)
3(123 132 131)
3(123 133 132)
3(133 123 124)
3(124 30 133)
3(30 29 133)
3(13 125 14)
3(125 134 14)
3(125 135 134)
3(135 125 126)
3(126 127 135)
3(127 136 135)
3(127 137 136)
3(137 127 128)
3(128 129 137)
3(129 138 137)
3(129 139 138)
3(139 129 130)
3(130 131 139)
3(131 140 139)
3(131 141 140)
3(141 131 132)
3(132 133 141)
3(133 142 141)
3(133 28 142)
3(28 133 29)
3(14 143 15)
3(143 14 134)
3(134 135 143)
3(135 144 143)
3(135 145 144)
3(145 135 136)
3(136 137 145)
3(137 146 145)
3(137 147 146)
3(147 137 138)
3(138 139 147)
3(139 148 147)
3(139 149 148)
3(149 139 140)
3(140 141 149)
3(141 150 149)
3(141 151 150)
3(151 141 142)
3(142 28 151)
3(28 27 151)
3(15 143 16)
3(143 152 16)
3(143 153 152)
3(153 143 144)
3(144 145 153)
3(145 154 153)
3(145 155 154)
3(155 145 146)
3(146 147 155)
3(147 156 155)
3(147 157 156)
3(157 147 148)
3(148 149 157)
3(149 158 157)
3(149 159 158)
3(159 149 150)
3(150 151 159)
3(151 160 159)
3(151 26 160)
3(26 151 27)
3(16 17 1)
3(17 16 152)
3(152 153 17)
3(153 18 17)
3(153 19 18)
3(19 153 154)
3(154 155 19)
3(155 20 19)
3(155 21 20)
3(21 155 156)
3(156 157 21)
3(157 22 21)
3(157 23 22)
3(23 157 158)
3(158 159 23)
3(159 24 23)
3(159 25 24)
3(25 159 160)
3(160 26 25)
3(26 2 25)
3(4 44 79)
3(79 44 161)
3(79 161 162)
3(162 78 79)
3(78 162 77)
3(77 162 163)
3(77 163 164)
3(164 76 77)
3(76 164 75)
3(75 164 165)
3(75 165 166)
3(166 74 75)
3(74 166 73)
3(73 166 167)
3(73 167 168)
3(168 72 73)
3(72 168 71)
3(71 168 169)
3(71 169 70)
3(70 7 71)
3(44 45 170)
3(170 161 44)
3(161 170 162)
3(162 170 171)
3(162 171 172)
3(172 163 162)
3(163 172 164)
3(164 172 173)
3(164 173 174)
3(174 165 164)
3(165 174 166)
3(166 174 175)
3(166 175 176)
3(176 167 166)
3(167 176 168)
3(168 176 177)
3(168 177 178)
3(178 169 168)
3(169 178 70)
3(70 178 69)
3(45 46 170)
3(170 46 179)
3(170 179 180)
3(180 171 170)
3(171 180 172)
3(172 180 181)
3(172 181 182)
3(182 173 172)
3(173 182 174)
3(174 182 183)
3(174 183 184)
3(184 175 174)
3(175 184 176)
3(176 184 185)
3(176 185 186)
3(186 177 176)
3(177 186 178)
3(178 186 187)
3(178 187 68)
3(68 69 178)
3(46 47 188)
3(188 179 46)
3(179 188 180)
3(180 188 189)
3(180 189 190)
3(190 181 180)
3(181 190 182)
3(182 190 191)
3(182 191 192)
3(192 183 182)
3(183 192 184)
3(184 192 193)
3(184 193 194)
3(194 185 184)
3(185 194 186)
3(186 194 195)
3(186 195 196)
3(196 187 186)
3(187 196 68)
3(68 196 67)
3(47 48 188)
3(188 48 197)
3(188 197 198)
3(198 189 188)
3(189 198 190)
3(190 198 199)
3(190 199 200)
3(200 191 190)
3(191 200 192)
3(192 200 201)
3(192 201 202)
3(202 193 192)
3(193 202 194)
3(194 202 203)
3(194 203 204)
3(204 195 194)
3(195 204 196)
3(196 204 205)
3(196 205 66)
3(66 67 196)
3(48 49 206)
3(206 197 48)
3(197 206 198)
3(198 206 207)
3(198 207 208)
3(208 199 198)
3(199 208 200)
3(200 208 209)
3(200 209 210)
3(210 201 200)
3(201 210 202)
3(202 210 211)
3(202 211 212)
3(212 203 202)
3(203 212 204)
3(204 212 213)
3(204 213 214)
3(214 205 204)
3(205 214 66)
3(66 214 65)
3(49 50 206)
3(206 50 215)
3(206 215 216)
3(216 207 206)
3(207 216 208)
3(208 216 217)
3(208 217 218)
3(218 209 208)
3(209 218 210)
3(210 218 219)
3(210 219 220)
3(220 211 210)
3(211 220 212)
3(212 220 221)
3(212 221 222)
3(222 213 212)
3(213 222 214)
3(214 222 223)
3(214 223 64)
3(64 65 214)
3(50 51 224)
3(224 215 50)
3(215 224 216)
3(216 224 225)
3(216 225 226)
3(226 217 216)
3(217 226 218)
3(218 226 227)
3(218 227 228)
3(228 219 218)
3(219 228 220)
3(220 228 229)
3(220 229 230)
3(230 221 220)
3(221 230 222)
3(222 230 231)
3(222 231 232)
3(232 223 222)
3(223 232 64)
3(64 232 63)
3(51 52 224)
3(224 52 233)
3(224 233 234)
3(234 225 224)
3(225 234 226)
3(226 234 235)
3(226 235 236)
3(236 227 226)
3(227 236 228)
3(228 236 237)
3(228 237 238)
3(238 229 228)
3(229 238 230)
3(230 238 239)
3(230 239 240)
3(240 231 230)
3(231 240 232)
3(232 240 241)
3(232 241 62)
3(62 63 232)
3(52 5 53)
3(53 233 52)
3(233 53 234)
3(234 53 54)
3(234 54 55)
3(55 235 234)
3(235 55 236)
3(236 55 56)
3(236 56 57)
3(57 237 236)
3(237 57 238)
3(238 57 58)
3(238 58 59)
3(59 239 238)
3(239 59 240)
3(240 59 60)
3(240 60 61)
3(61 241 240)
3(241 61 62)
3(62 61 6)
4(0 4 79 43)
4(42 43 79 78)
4(42 78 77 41)
4(40 41 77 76)
4(40 76 75 39)
4(38 39 75 74)
4(38 74 73 37)
4(36 37 73 72)
4(36 72 71 35)
4(3 35 71 7)
4(1 17 53 5)
4(17 18 54 53)
4(18 19 55 54)
4(19 20 56 55)
4(20 21 57 56)
4(21 22 58 57)
4(22 23 59 58)
4(23 24 60 59)
4(24 25 61 60)
4(25 2 6 61)
4(0 8 44 4)
4(8 9 45 44)
4(9 10 46 45)
4(10 11 47 46)
4(11 12 48 47)
4(12 13 49 48)
4(13 14 50 49)
4(14 15 51 50)
4(15 16 52 51)
4(16 1 5 52)
4(34 3 7 70)
4(34 70 69 33)
4(32 33 69 68)
4(32 68 67 31)
4(30 31 67 66)
4(30 66 65 29)
4(28 29 65 64)
4(28 64 63 27)
4(26 27 63 62)
4(26 62 6 2)
)


// ************************************************************************* //
