/*--------------------------------*- C++ -*----------------------------------*\
  =========                 |
  \\      /  F ield         | OpenFOAM: The Open Source CFD Toolbox
   \\    /   O peration     | Website:  https://openfoam.org
    \\  /    A nd           | Version:  14
     \\/     M anipulation  |
\*---------------------------------------------------------------------------*/
FoamFile
{
    format      ascii;
    class       labelList;
    note        "nPoints:242  nCells:200  nFaces:720  nInternalFaces:280";
    location    "constant/polyMesh";
    object      neighbour;
}
// * * * * * * * * * * * * * * * * * * * * * * * * * * * * * * * * * * * * * //


280
(
1
2
21
3
22
4
5
6
25
7
26
8
9
10
29
11
30
12
13
14
33
15
34
16
17
18
37
19
38
21
40
22
23
24
43
25
44
26
27
28
47
29
48
30
31
32
51
33
52
34
35
36
55
37
56
38
39
59
41
42
61
43
62
44
45
46
65
47
66
48
49
50
69
51
70
52
53
54
73
55
74
56
57
58
77
59
78
61
80
62
63
64
83
65
84
66
67
68
87
69
88
70
71
72
91
73
92
74
75
76
95
77
96
78
79
99
81
82
101
83
102
84
85
86
105
87
106
88
89
90
109
91
110
92
93
94
113
95
114
96
97
98
117
99
118
101
120
102
103
104
123
105
124
106
107
108
127
109
128
110
111
112
131
113
132
114
115
116
135
117
136
118
119
139
121
122
141
123
142
124
125
126
145
127
146
128
129
130
149
131
150
132
133
134
153
135
154
136
137
138
157
139
158
141
160
142
143
144
163
145
164
146
147
148
167
149
168
150
151
152
171
153
172
154
155
156
175
157
176
158
159
179
161
162
181
163
182
164
165
166
185
167
186
168
169
170
189
171
190
172
173
174
193
175
194
176
177
178
197
179
198
181
182
183
184
185
186
187
188
189
190
191
192
193
194
195
196
197
198
199
)


// ************************************************************************* //
