/*--------------------------------*- C++ -*----------------------------------*\
  =========                 |
  \\      /  F ield         | OpenFOAM: The Open Source CFD Toolbox
   \\    /   O peration     | Website:  https://openfoam.org
    \\  /    A nd           | Version:  14
     \\/     M anipulation  |
\*---------------------------------------------------------------------------*/
FoamFile
{
    format      ascii;
    class       surfaceScalarField;
    location    "42.99999999999";
    object      phi;
}
// * * * * * * * * * * * * * * * * * * * * * * * * * * * * * * * * * * * * * //

dimensions      [0 3 -1 0 0 0 0];

internalField   nonuniform List<scalar> 
4035
(
-6.98312140753e-06
-2.48627561116e-05
3.18458774165e-05
-5.97164382953e-06
4.5160999304e-05
-4.61724769001e-05
-3.08343999415e-05
7.70068767263e-05
-7.7006876838e-05
0.000923550734255
-0.000161160076943
-0.000762390657331
1.54578081127e-05
0.000222631956612
-0.000238089764709
-0.000626271777851
4.0447005745e-05
0.000585824772135
-0.000956265342934
0.000441849216859
0.00094442069233
-0.000430004566262
0.000423850417286
-0.00132374531392
-0.000379393966705
0.00127928886336
0.000334580784958
-8.22127057677e-05
-0.000370044003651
0.000117675924471
-0.000257599709062
-0.000755043808764
0.000727879026258
0.000284764491521
0.0011506648605
-0.000820542533078
9.37280898952e-05
4.02430883302e-05
-0.000966121218406
0.000942707529603
-1.68293995439e-05
5.40192439055e-05
-0.0011345032677
0.000906999250061
0.00017348477375
0.00091322513811
0.000561475677031
-0.00113258048571
-0.000342120329448
0.000586136078388
-0.000735463085409
-0.000108272702066
-0.000350336759398
-0.000667366462398
0.000732094591047
0.000285608630748
0.000624591540919
-0.000687074756244
0.000321345821024
-0.000258862605749
0.000311824545104
-0.000180973964944
0.000203730204796
0.000637738209641
-0.000768190477505
-6.67548976477e-05
0.00055562319933
0.00100566574456
-0.000540298074584
-0.000389052479874
-0.000497748806436
-0.001200094525
0.000297848425997
0.000119641344111
-0.000645583433422
0.00058968384386
1.70717837676e-05
-1.10458411878e-05
7.0980934154e-05
6.79928105925e-05
0.000242262804715
-7.18675069974e-05
1.58845472385e-05
-0.000186279844954
-0.000347704655465
0.000589967460174
0.000223839377034
0.000155977978664
-0.000363305178839
0.000285622560299
0.00013580293692
-9.52206485064e-05
-0.000314147692721
0.000442325032547
-0.000506560991584
-0.000283468696435
-2.00698836846e-06
2.00698837112e-06
7.36668013902e-07
4.97954528554e-06
-7.72320166647e-06
2.74365638731e-06
-6.41443053254e-05
-7.18675069968e-05
0.000229388759707
-0.000838765781138
0.000609377021473
-0.000294795272845
-7.40124963845e-05
0.000368807769248
0.000144192659025
-0.000907572400598
0.000763379741592
0.000854969263436
-0.000400365303913
-0.000854522854216
0.000399918894658
-0.000732497436294
0.000719181257754
0.000261469674066
-0.000248153495512
-0.00129736140594
8.87934393398e-05
0.000476070530316
0.000760195528939
0.000602666695724
-0.000643680966896
0.000437758808107
-0.000407520489885
0.000104089843658
-0.000134328161869
-0.00040287983804
0.000545843373296
0.000345144859123
0.000644439429527
-0.000322431520105
-0.00121792636192
0.000242996476115
-0.00106233802987
0.000800623424594
-6.07169148155e-05
0.000884560177282
-0.00083307334572
3.73066077691e-05
-4.10399891541e-05
0.00100631290383
-0.000821413731479
-0.000143859183206
-9.68737173126e-05
-0.00119827101823
0.00105164113191
0.000243503603615
-0.000547832584799
0.000698973676097
0.000110328582736
0.000643225668412
-0.000742520167998
-0.000303585338469
0.000768406463389
-0.000358448654737
0.000192708887036
-0.000332429048618
0.000162040637509
-0.000237132078789
-0.00100637621771
3.00773472749e-05
-0.000579923057893
-2.21366040003e-05
0.000505185944624
0.00103621461181
-0.000222285337512
-3.75190910794e-05
0.000374598822717
0.000761049968863
-0.00061557189947
0.000352462218744
-1.00809596381e-05
-6.07880809826e-07
-6.63180363899e-05
-0.000114331774232
-0.000637143263656
0.000670780286677
-0.00018808858467
0.000154451561677
0.000220504899712
-0.000251761709028
-0.000194999113825
0.000326367517866
-0.000298713748929
-9.35442171129e-05
8.85740969723e-05
0.000214574874683
-0.000537351988337
0.000552271946018
0.000205584942018
0.00268662608649
-2.93998953024e-05
-0.00265722619136
0.000238259806696
0.000532905757204
-0.000771165563913
-0.00158808966574
8.68636667152e-05
0.00150122599904
-0.00145747554448
0.000676071370455
0.00132907617214
-0.000547671998145
0.000596429504052
-0.00184712003444
-0.00072983692589
0.00198052745633
0.000748376040173
-0.000205875454223
-0.000870480079262
0.000327979493295
-9.81182143884e-05
-0.00116109942338
0.000806274519944
0.000452943117812
0.00135077588225
0.000113020926376
-0.000867367304494
-4.98733845124e-05
-0.00100017479621
4.31608196796e-05
0.00100688736107
2.82596267238e-05
-0.00137443728671
0.000215221790905
0.00113095586917
0.00129986546863
0.00021066067458
-0.000120075054912
-0.00139045108842
0.000579974644476
5.90725763206e-06
-0.000684000116467
-0.000629142655915
-0.00103123049686
0.000434882485775
0.00122549066698
0.000402291896162
-0.000999808950691
-5.50800880261e-05
0.00065259714232
0.000658125226598
0.000395640204912
-0.000305389391338
0.000722019404156
-0.00148082693148
3.23843524638e-05
0.00109071889901
0.00231792659163
-0.0003977592104
-0.00111246761646
-0.000966716977983
-0.00190350871226
0.000474292794521
0.000163882410816
-0.00120435322965
0.000913707622111
-0.000180441134013
0.000155510477856
-4.6936850851e-05
0.000179922711746
0.00334673897122
-0.00402939866636
-0.000324790896638
0.00100745059179
0.00031476298503
0.000523284953313
0.000403531122726
-0.000521053997479
0.000140221006364
3.27429660965e-05
-9.77026924766e-05
0.000212294162076
-0.000156028394324
0.00111130371287
-0.00116756948066
0.00355903313324
-0.000362679060797
0.000362679060788
0.000184865835767
-0.000350005480036
-0.000197539416527
0.00054754489656
0.000320774806645
0.000670780286671
0.000246518227475
-0.0026608806315
0.00241436240378
-0.000432790064221
-0.00128237101638
0.00171516108053
-6.86628887561e-05
-0.00216258610027
0.00223124898893
0.000987070945748
-0.000556682435268
-0.000930235504095
0.00049984699361
-0.000713863862462
0.000955567304342
0.000121523334111
-0.000363226776012
-0.00150490549995
-1.40907629346e-05
0.000805132400272
0.00121138354605
0.000552019046577
-0.000807835288534
0.000843984993335
-0.000721391733372
0.000242826018373
-0.000365419278387
-0.000449904289687
0.000861099218773
0.000906850682049
0.000551051091368
-0.000429772345793
-0.0015074676852
0.000432334530967
-0.00112594609982
-9.66573057129e-05
0.000792831059797
0.000904683364655
-2.89645420094e-05
-0.000889809585557
-0.000146572834352
0.00115273028619
-0.000123479209771
-0.000882678242054
0.000253602634121
-0.00140116050365
0.000113218081226
0.0010343397882
-0.000539910746474
9.32460741635e-06
0.000652109473195
0.000824863615453
-0.000315093512653
-0.000959674392489
0.000965495382151
0.000112169433732
-0.000525645769411
-0.000592260776764
-0.000362050470997
0.000232919514378
-0.00266358351989
-0.00103954499803
-0.00129924850374
0.000183502205244
0.00136934893256
0.00139612722911
-0.000555629117761
-0.000180003344848
0.00202196458209
0.0010030541375
-0.000698637354046
0.00220546678736
0.00103790640137
-0.000306563823872
-6.05622908524e-05
-0.00327524830762
0.00402939866625
5.40517559751e-05
-0.000808202114488
-0.000367057875051
0.000299567412294
-0.0003687445079
-0.000590574143922
-0.00029995146655
0.000426177727975
-0.000153219158455
1.54584216548e-06
0.000115385969853
0.000149066957819
-0.00083961691199
0.00099011736651
-0.00106287026734
0.00106287026737
0.000651451518165
0.000282357727643
-0.00199667951312
0.00171432178555
-0.00203271915314
-0.000903725553872
8.31830208042e-05
3.8981975737e-05
-0.000452008216039
0.000271034251097
0.000280086375008
-0.000554532454307
-0.000180930631113
-0.000233186633287
-0.000105947568273
9.49017270852e-05
0.000117891808758
0.000674044876081
0.000270375816247
0.000310739697247
0.000698581317955
0.0002084179321
0.000268576751691
-0.000780041610699
-0.000352538875021
-0.000337716578154
0.00023567447862
-0.000219789931383
-0.000270886512964
0.000840236023349
-3.96125987633e-05
7.16267762788e-06
0.000442843295349
-0.000280802657858
-0.000299676872651
0.000549637493901
0.000149336182194
0.000191188839159
0.000108344239048
-0.00010895211986
-0.000143417469981
-0.000615185949511
-0.000239336904717
-0.000288818431646
-0.000634813306336
-0.00018660042516
-0.000234894411687
0.000810878493977
0.000240762637904
0.000273526505633
-0.000374892585525
0.000186804000849
0.00017737936049
0.00100287240133
-0.000362165280786
-0.000640707120522
-0.000841696852205
0.000706849955416
0.000134846896792
-9.26205624633e-05
0.000246647655946
-0.000154027093487
-0.000745176038193
0.000214182302506
0.000530993735626
2.93309817806e-05
-0.000407604214289
0.000378273232497
-0.000116666798735
0.000443614343655
-0.000326947544923
-0.000536256172928
0.000419589374191
0.000758699270624
-0.000282754799509
-0.000475944471113
0.000248214880965
-0.000626931771721
0.000378716890701
-0.000774646540105
0.000618507488378
0.000156139051726
-0.000751649952221
6.47391405875e-06
0.000854192544404
0.000148679856931
-0.000264857902023
0.000172237339558
0.00042128030916
-0.000391949327385
-0.000748127325208
0.000356911678949
0.000391215646254
0.000865230051761
-0.000806913312352
-5.83167393467e-05
0.00062038323126
0.00024484682054
0.00121041230233
-0.000736446225245
-0.000473966077088
0.000856393379397
0.000354018922927
0.0011370059853
-0.000620694408968
-0.000516311576309
0.00040055976005
0.00109822388954
-0.000489330261837
-0.000608893627709
0.000687335963353
0.000410887926185
-0.000785309598309
3.95972567714e-05
0.000745712341539
-0.000996944944383
0.000582992750422
0.000413952193956
-0.000231505460444
0.000479720341366
0.00014761496019
-0.000531702671042
0.000384087710779
0.000412041471628
-0.000800239802058
0.000388198330437
-0.000758911747293
0.000809871207973
-5.09594606667e-05
0.000863222007128
-0.000969904659303
0.000106682652174
-0.000421548112301
0.000399042964799
2.2505147539e-05
-0.000194956331042
-0.000553170994172
-0.000145500418709
-0.000481431353047
7.41735351032e-05
-0.000859483133411
-0.000600563908375
-0.000241132943827
-0.000127625568267
-0.000631286179009
0.000664072342797
4.27776126125e-05
-0.000291476664219
-0.000483169875882
0.000602215120177
0.000156484150448
-5.9692701864e-06
0.000693305233535
0.00055446611455
-0.00056043538474
0.00036136401481
-0.000802392917553
0.000441028902741
0.000851350192617
-0.000489986177792
-0.000160139677059
0.000806687208958
-0.000646547531903
0.000696253702334
-0.000470970871751
-0.000335942440572
0.000277582473957
-0.000748553345674
-0.000599377035149
0.000565156756535
3.42202785898e-05
-0.00061433957828
0.0004377303503
0.000176609227976
0.0004468656721
0.000226250495495
-0.000673116167528
-0.000908909871668
0.000106516954155
-0.000288526640419
0.00102040803735
-0.000169057844727
0.000399713628391
0.000639884434314
6.62529405798e-05
-0.000706137374821
0.00112197440597
-0.000315287197015
0.000632644144133
0.000858898208722
-0.000304432094176
-0.000449064722996
-0.000165274855282
0.000186917652927
-0.000635982375923
0.000468431046606
0.000177521630991
-0.000645952677587
0.000309804493117
0.000272154247567
-0.000581958740713
-0.000289572542041
0.000670199346442
-0.000223333674293
0.000605336321362
-4.01795648431e-05
0.000605528407266
-0.000167798056955
0.000732477693061
-9.25932587072e-05
0.000671564641815
-0.000203133595197
0.000460416147872
-0.000312801187694
0.000322642035793
-0.000327574061797
-0.000669370882591
0.000201214575261
0.000607187178132
-0.00080840175338
-0.000426745862171
0.000640928164611
-0.000638190172769
0.000355435373268
-0.000237933357385
0.000649974829013
-0.000377893565417
-4.36545468502e-05
0.000201474983201
0.000661747023937
-1.96826843865e-05
0.000434611523663
-0.000796776804445
0.000570766365463
0.000239104842501
-0.000634439543661
-0.000335465115646
-0.000225787905496
-0.000574451896561
-0.000508083207365
9.91517628209e-05
0.000408931444594
-0.000209174879928
0.000792167630345
-0.000422231311881
-0.000272382928605
0.000694614240481
-9.24993052814e-05
-0.000745193112907
0.000837692418167
9.96348391159e-06
0.000681434849586
-0.00069139833349
4.08489227255e-06
0.000455020787466
-0.000459105679792
-0.00071459087304
0.000980726539223
-0.00026613566617
-2.66907657316e-05
-0.000481392441684
7.3687676466e-05
0.000643614853405
-0.000717302529871
-0.0005609666516
0.000411257313409
-0.000407172421155
0.00064196948633
-0.000440754911064
0.000648019217377
-0.000291107538428
-0.000580729849374
-0.00017092010287
0.000726938848942
0.000127253695462
-0.000488172434241
8.05682199443e-05
0.000423956275584
1.96580680694e-05
0.000433300356866
9.0564555734e-05
-0.000523864912611
-0.000360648814446
1.2833482127e-05
0.000347815332318
0.000730265838042
-0.000504118299204
-0.000226147538833
0.00051551130787
0.00021475453016
0.00032331448144
7.57284833869e-05
0.000242801334622
3.84632132233e-06
0.000621456353366
-0.000188155996507
-0.000557800386572
0.00063148806304
9.41230518888e-05
-0.000808713924912
-0.00071810636749
0.000662647932475
5.54584350291e-05
0.000812737582515
-0.00075887781551
-5.38597669903e-05
-0.000763208131539
-0.000905955023328
0.000744166879073
0.000161788144251
-0.000193017353668
-0.00052508901382
0.000215960555865
0.000596777026654
-0.000288853523469
-0.000617101499863
-0.000232173627603
-0.000629309472065
0.000861483099675
0.000500114039147
0.000480612500089
-0.000456635630962
0.000429944865237
-0.000453661374788
9.30125603399e-05
-0.000252024419897
0.000511844864892
0.000399289363398
-0.000690766027607
-0.000425485731201
-0.000192542907095
0.000618028638231
2.1166703272e-05
0.000581048416893
0.000489101823731
-0.00061672739201
-7.25479202112e-05
0.000411566469373
8.24936561528e-05
-0.000494060125571
-0.000278741802563
9.11162632082e-05
-0.000516601994459
0.000348319461154
0.000320758052564
-0.000669077513732
-0.000395814376135
-0.000303069357097
0.000698883733219
-0.000688219074047
0.000292404697903
-0.000613912335477
0.000107676806551
0.000506235528922
-0.000357480553438
4.76848453913e-05
0.000309795708062
-0.000291312301187
5.18265963518e-05
0.000239485704847
-0.000228981764655
5.3636455173e-05
0.000175345309493
-3.91094118401e-05
-0.000535342484723
-0.000661223701602
8.43462132547e-05
0.000576877488339
-0.000167233146381
5.26135435055e-05
0.000114619602896
0.000595844574146
0.000226975533156
-0.000822820107309
-0.000600708011881
-6.0515689711e-05
0.000210639737653
-0.000208996506482
-1.64323115716e-06
-0.000339899612897
-0.000507626170085
0.000398486675391
0.000109139494692
0.000668700908492
-0.00060749102533
-6.12098831476e-05
-0.000830470300937
0.000472976691166
0.000357493609769
-0.000102526742377
4.86282638399e-05
5.38984785504e-05
0.000667009766885
-0.000512637247013
-0.000154372519882
9.68623147268e-05
-0.000238412869372
0.000141550554669
1.37598178402e-05
-0.000323515718688
0.000309755900846
0.000141462127823
-0.000219735605666
7.82734778401e-05
-3.21234085169e-05
4.18579943007e-05
-9.73458576586e-06
-0.000202252176627
0.000226057563161
-2.38053865331e-05
6.91623733385e-05
-0.000329032618887
0.000259870245544
0.000304459233111
-0.000235296859783
3.29550349703e-05
-0.000787216275078
0.000754261240123
0.000735110162586
-0.000832325022282
9.72148597071e-05
-0.000313136294887
0.000852316037536
-0.000539179742644
-0.000330326121769
0.000125855822076
0.000204470299687
-2.18107952313e-05
-0.000335669758206
-5.15917490044e-05
-0.000718184744952
0.000769776493979
-0.00052956612222
-0.000380277849303
-0.000450192451636
0.000837781215523
-0.000347182156404
-0.000490599059112
-2.62091589478e-05
-0.000265103142236
0.000524644920642
-0.00075422354813
0.000787178583105
-0.000674329286156
0.000285549351008
0.000388779935159
-2.87838151449e-05
-0.000200197949506
4.3284865329e-05
0.000295427664777
-0.000338712530124
-0.00066403494393
0.00047478908975
0.000189245854186
-0.000682877928007
-0.000315196612085
0.000358481477402
0.000172062455119
-6.7924382075e-05
-0.000104138073042
0.00070072866806
-0.000425611228463
-0.000275117439594
0.000450410860771
0.000250317807292
0.000188459253128
-4.69971253069e-05
0.000355240014769
-0.00024012644307
-0.000115113571706
0.000657231404731
-0.000575021445948
-8.22099587706e-05
0.000595868951319
6.13624534357e-05
-7.75179123554e-05
0.000197146426619
-0.000119628514261
-0.000678970205888
0.000101380935588
0.000577589270297
-0.000308419494883
-0.000365909791268
0.00013320676064
-2.30702788523e-06
-0.00013089973275
-0.000315563560844
0.000401040744873
-8.54771840305e-05
-2.87356666454e-05
-0.000138497479728
-0.000120439636207
-0.000558530569685
9.36794625864e-05
0.000667886995825
-0.000706996407667
-0.000505446066902
0.000347655771639
0.000157790295209
1.2252996098e-05
-0.000766476544216
0.000363625133153
-0.000119534485092
-0.000244090648054
-0.00038713194372
7.31101802317e-05
0.000314021763503
-0.000148366821153
-0.000101306826443
0.000249673647597
-8.48465650421e-05
-0.00042277960504
-2.77568632487e-05
0.000160963623902
-0.00073456184637
0.000746814842483
0.000221337942782
-0.000164169934387
-5.71680083588e-05
9.59475333181e-05
0.000267677599843
0.000294512321311
-0.000118865094252
-0.00017564722705
-0.000291184410398
-0.000108392714741
0.000578587936908
-0.000470195222171
-2.58200842985e-05
-7.67066580735e-05
0.000104555170256
-7.182433073e-05
-3.27308395281e-05
0.000229024961249
-0.000120419052858
-0.000108605908382
9.44249156636e-05
0.000134600045595
9.41860386531e-05
0.000200326282663
7.21931472155e-05
9.98693079188e-05
0.000119779811096
-0.000809138831293
0.000689359020189
-0.000208617824471
8.81987716258e-05
-0.000147084370446
-6.15334540205e-05
0.000546570130675
-0.000812211601006
9.03966401408e-05
0.000721814960908
-0.000213624083157
0.000388975864875
0.000222694525907
-0.000611670390788
-0.000689148092579
-0.000123063508406
0.000161396235954
-0.00020189261428
4.0496378355e-05
-0.000225884733509
0.000825493215137
-0.000651242808226
-0.000174250406893
-0.000123432926066
0.000220295240799
0.000124344353733
-0.000143562971811
1.92186180881e-05
0.000367547150079
0.000492858853385
-0.000860406003446
-0.000175492302467
-6.29205668973e-05
0.000437248796378
-0.00054008275066
0.000102833954293
0.000136345122572
0.000825774949911
-0.00074259192909
-0.00080282468419
0.000763212085445
-0.000753800817167
0.000691852138811
6.19486784306e-05
0.000918275478934
-0.000840803472906
-7.74720059519e-05
0.000220073712847
8.43855202612e-05
-0.000273811460707
-5.52211581876e-05
-0.000835402989105
0.000223866014469
0.000611536974642
-0.000574097490346
-0.000261305498748
-0.000339305900189
0.000631710598083
0.000287745808389
0.000560861119522
-0.00084860692791
3.51474351852e-05
0.000563434976805
-0.000174459111942
0.000290017566154
-0.000357229814392
6.72122482466e-05
0.000239904318209
-0.000443710706236
0.000203806388016
0.000836205773332
-0.000612339758857
-0.000250342908832
-2.79557925753e-05
0.000278298701396
0.000278218547191
0.000176675124188
-0.00027798195063
0.00018496296511
0.000384821545878
-9.48039796978e-05
0.000248268116032
-0.000587574016231
-0.000307584610039
-4.96452043418e-05
-0.000110252408925
-0.000328267603836
2.06829938063e-05
0.000130154231908
-0.000242079778374
3.98276017422e-05
1.65203304701e-06
-0.00025199494188
0.000227709596204
-0.000716309585225
0.000419063413511
0.000297246171685
-0.000374569927727
5.93733156321e-05
0.000302530946262
0.000102248142378
0.000113353040368
0.000271468505524
-0.000301914770872
0.000211803128695
9.01116421873e-05
0.000301767253283
-0.000288007435448
-0.000575285094558
9.47076553359e-05
0.000480577439227
-9.94803050432e-05
-0.000120255300619
0.000887419255536
-0.000599673447162
0.000226312343334
-0.000805484378485
0.000579172035135
0.000774092138329
-0.000753214592246
3.50298473199e-05
-0.000780053597448
0.000276648944553
0.000296859379743
-0.000573508324286
0.000258128777015
0.000205657100146
-0.000463785877172
8.76235513551e-05
0.000267616463403
0.000247924047097
0.000268773921162
-0.00051669796825
0.000919898001809
-0.000660121354522
0.000713379552978
0.000204895926017
-2.01427636008e-05
-1.19806449143e-05
0.00046598146888
-0.000813163625283
0.000812252443508
-0.00072185580332
0.000698325328468
-0.000478940778886
-0.000219384549592
0.000185688081452
0.000484577702292
-0.000226448925288
0.000318349407429
0.000428521661801
-0.000746871069222
-0.000274383102918
0.000506771322741
-0.000232388219835
0.000784330876314
0.000714071012811
0.000101210727395
-0.000723802358444
0.000622591631036
-0.000188768812152
-0.00011314595871
-0.000756778660225
0.000826400479378
-0.000110694490439
-0.000646084169758
8.2653732439e-05
0.000683622310751
-0.000766276043191
0.000719014271582
0.000107386207843
-0.000471680067694
0.000839227217782
0.00101362609172
0.00073386430411
0.00027976178763
7.65090594071e-05
0.000144828883378
-0.000329174150044
0.000605823094603
0.000822156917477
5.28157481035e-05
-0.000124640078832
-0.000751535528693
-5.12891554613e-05
0.000221676026134
-0.000341210511218
-0.000191926797634
-0.000232119792565
0.000413400399609
-0.000181280607047
0.000238029725442
-0.00052149842188
-0.000327562367413
0.000533147309421
0.000264855286767
-0.000539238389699
0.000585577690087
-0.000433175327837
-0.000152402362263
-0.000637593644924
0.000784130414752
-0.000311153723587
1.6841512003e-05
-0.00078331805621
-0.000731706077314
0.000252765298424
-0.000885716589138
0.000704785958035
0.000801841042434
-0.000652504860249
3.57204854069e-05
0.000165866662585
-0.000201587147982
0.000412318545404
-0.000339208365157
-2.17853232765e-05
0.000183181559235
4.05658997071e-05
-0.000187650270143
-0.000410033678987
0.000648063404424
-0.000129699467063
0.000740575105791
-0.000697233371084
-4.33417346876e-05
0.000799150051419
-0.000807712680274
8.56262888475e-06
0.000154790859533
-0.000273655953778
0.000642681971891
-0.0005414712446
-0.000346627226762
0.000214099240522
0.000132527986269
-0.00026633134575
-0.000332398008967
-0.000173048057948
0.000368556065667
-0.000379776542354
1.12204766868e-05
-0.000188533377911
0.000224253863326
-0.000436936014123
0.000204816221558
-4.10994528182e-06
-0.000324157658551
-3.97165611024e-05
0.000797413777986
-0.000757697216872
0.000334344197727
-0.00028665935234
0.000570311738537
-0.000421244780679
-0.000487290400189
0.00033126200583
0.000164910253444
0.000133503149942
-0.000373629593014
-8.34871292345e-06
0.00017421537552
-0.000151911684733
-7.08752349957e-06
0.000748310714973
-0.000741223191464
0.000299180351583
-0.000601308390854
0.000302128039257
0.000654232622251
-0.000191357308142
-0.000614295539327
0.000249215775201
0.00031586206479
5.22757566038e-05
0.000746874294862
-0.000455694399579
-0.000119590694975
0.000699984724218
-1.89620002589e-05
-0.000681022723929
0.000276504650189
-0.000390596228752
0.000114091578545
0.000271294074914
-0.00021946747856
6.29388380824e-05
-0.000251472215983
-0.000640680389403
-8.31219690776e-05
-0.000233274186382
-0.000185649936606
-2.33465698726e-05
-8.70089766809e-05
-0.000678908928909
0.000268875249919
0.000564035638345
0.00077292806903
-0.000812644630125
0.000210637641052
-0.000157001185872
0.000259238270711
0.000154162128896
0.000686646927551
-0.000634371170934
0.00012315512876
0.000462422561318
-1.80055083143e-05
-0.000299784394377
0.000317789902677
-0.000686907966373
-5.5437545806e-05
0.000742345512182
-0.000380545108998
0.000212856897877
0.000167688211127
3.15002092464e-05
0.000812922257928
-0.000398970063975
4.25715664896e-05
-0.000432149380429
0.000389577813946
0.000911420882243
-0.000575766063518
-0.000335654818723
0.000600100802209
0.00031132008003
0.000569400910083
-0.000461724103539
0.000274741966779
0.000315552734562
-0.000333558242872
1.30767578458e-05
-0.000300334485813
-0.000178144747354
0.000478479233159
0.000477691604206
-0.000735990953476
0.000258299349269
0.000265381567843
-0.000353849793867
8.8468226015e-05
-0.000446065835426
-0.000285640241892
-0.000266815963671
-0.000752781552494
0.000733819552288
0.000392741420649
0.000765840545534
0.000206436836923
0.000339696241593
-7.43146737385e-05
-0.000637125724151
0.000309563356725
0.000470801928476
-0.00047280598162
0.000659826051405
-0.000849154421831
0.000791567847897
-0.000659968342622
0.00085853605291
-0.000198567710306
0.000148806814951
-9.61932714421e-05
0.000526849731088
-0.000771880922172
0.000245031191072
-0.000150257442256
0.000761845715216
-0.000611588272959
9.76661215739e-05
-0.000189035198373
-0.000191509910617
-0.000797651600589
0.000647394158339
0.000740811951981
-0.000711124972604
0.000754285792298
0.000363599218519
0.000296226832873
0.000769267931412
-0.000718185515778
1.625716745e-07
-0.000323678290369
0.000877210420404
-0.000277109618193
0.000572920687118
0.000142791872777
-0.000715712560022
-0.000337578021698
-0.000480392762332
0.000817970784027
0.000930335773597
-0.000464982190632
-0.000465353582962
0.000231483966887
-0.000872191087402
0.000560299385995
-0.000686138768344
0.000125839382271
0.000669279857071
-0.000108980471091
0.000252189482456
0.000508317259885
-0.000628392314818
-0.000147218577531
-0.000499319876054
0.000646538453586
-0.000244639659837
0.000515673910938
-0.000177594126073
-0.000541657445039
0.000719251571115
-0.000741424605771
0.000268618624141
0.000974116035343
-0.000503314106876
-0.000799700372771
0.000748411217325
0.000187545503107
-7.78854118553e-05
0.00072666959165
-0.000445939325076
-0.00028073026656
0.000140375217561
-0.000329144029706
-4.48386382641e-05
0.000360391372831
0.000584251589145
0.000624532468997
0.000252677951406
0.000230826790901
-0.000367208751609
0.000136381960694
-0.000644211187091
0.0004898386672
-0.000127848463811
0.00056509726022
0.000312622586626
0.000414047005032
0.000295575602393
0.000488554812361
0.000297676964015
4.20192775791e-05
0.000364446120388
0.000700386130107
9.9894716343e-05
-0.000539965988488
-9.53370228049e-05
0.00063530301122
-0.00068887602257
-0.000373667945375
0.000328829307102
0.000637668680965
-0.00012935142111
-0.000457005704014
0.000278860956659
5.62420362175e-06
0.000859420896384
-0.000366562042996
0.000129418346978
0.000411522441421
-0.000140053935885
-0.000123023002965
0.000226611579773
-0.000507414237639
0.000317722147364
-0.000763787982799
0.000628578307134
-0.000153789217381
0.000336399949525
-6.70251500733e-05
-0.000269374799441
-0.000187243746935
-0.000491665181976
-0.000210785749957
-0.000252201999369
0.000437457776787
-0.000185255777401
-3.49068388763e-05
-0.000890869647568
0.000679704934965
0.000211164712621
-0.000448356082804
0.000237570332833
-2.64806945332e-05
-0.000274760002136
-0.00032654838872
-0.000766562518384
0.000159320442061
0.000438417644936
0.000130983265145
0.000319022831288
-0.000402615916023
8.35930847114e-05
-0.000407826196719
0.000218790998353
0.000446559173175
-4.66751820305e-05
-0.000399883991159
8.2391367597e-05
-3.37631037516e-05
-0.000337757264776
-0.000178995701222
0.000334973679886
-0.000124594307101
-9.37469349119e-05
0.000218341242024
-0.000161743265243
-0.00072912638231
0.000544783426844
-0.000692431062777
0.000597094039943
-0.000708118628877
0.000721195386725
-0.000409974341056
0.000230978639835
0.000697625017448
-0.000508379163262
0.000412211782838
-0.000105795044273
-0.000306416738572
-0.000833545566895
0.000182816137217
0.000650729429679
-0.000385830051025
0.000698452637658
-0.000552946912098
0.000757842838174
0.000404145057692
-0.000979911121215
0.000553005685383
-0.000792342590101
0.000592766400867
-0.000154348755934
-0.0005637720062
0.000834147822452
0.000411991884216
0.000362903057275
-0.000774894941499
0.000165960609303
0.00053166440815
0.000194328356808
0.00018522592314
-0.000379554279948
-0.000728873175524
0.000653667195007
7.52059805058e-05
-0.000645501482558
0.000326578985143
0.000318922497433
0.00055662045031
-0.000786003380396
0.000229382930094
8.57378836658e-05
0.00055694408821
0.000729966157954
-0.00064731242552
-0.000304316855072
0.000392785081083
-0.000209013097896
-0.00068469960197
0.000867515739186
0.000768736174531
-0.000499860924616
0.000353232115444
0.000100743101072
-0.000405059956155
-0.000536585890237
0.000832161492629
0.000298358370315
-0.000657694803648
0.000359336433335
-0.000826450023152
-0.000544966368439
0.000186404326123
0.000358562042291
3.84878013079e-05
0.00070982291367
-0.000294366452873
-0.000351135029677
-0.000113372215159
0.000432395046437
-0.000239987094747
-0.000488886080784
-0.000391344189973
0.000872211318082
-0.000663793385975
0.000912015942172
-0.000283344627848
-0.000628671314331
6.943224708e-05
0.000407819269254
-0.000477251516348
0.00039061038886
-0.000305267115413
0.000474515164579
0.000298271771312
-0.000772786935904
1.60186758764e-05
-0.000567341855161
0.000551323179294
-0.000311329967878
0.000373419682591
-7.15152991675e-05
-0.000331100616863
-0.00045941995871
-0.000184791228392
-0.000300313613331
-0.000273194710949
0.00041333055492
-0.000665879393395
0.000252548838499
0.000367701104214
-0.000642461106347
0.000291973948543
4.44260009648e-05
-0.00024358539457
-0.000164240802142
0.00093739305229
-0.000626072972266
-0.000316455682837
-0.000541365875783
0.000857821558627
-0.000680196503892
-1.33902294722e-05
0.000725732496503
-0.000712342267028
0.000383563940686
-0.000113922718005
-0.000269641222669
-0.000286946376376
-0.000578444745323
0.00033380508549
0.000320241153744
-0.000225555442188
0.000576069266876
-0.000350513824695
0.000754284736353
-0.00027976957178
0.000656238949039
0.000255776993124
-0.00017288039481
0.000341765414944
-0.000455137630123
0.000241589908113
-0.000163316430265
-0.000379198532216
0.000574924891062
-0.00019572635884
-0.000222026773874
0.000878265722913
-0.000906726375845
0.000331575030256
0.000231859946541
-0.000411758076996
7.27276405993e-05
0.000339030436391
-0.000118265976761
-0.00067938562383
-0.0006171759117
0.000391620469512
0.000514297641602
0.000108071595757
0.000621894562193
0.00013997854612
0.000131334707576
-0.000684949084096
0.000553614376502
0.000547933455171
-0.000404252099615
-0.000143681355552
-0.000880227689038
0.000415990812325
-0.000230764889196
0.000447606208462
0.000339544995501
-0.000787151203973
0.000168734922957
0.000214059929377
-0.000459890706683
0.000245830777315
-0.000113577058406
0.000190086117822
-0.000797525792037
0.000674462283647
-0.000617953081377
0.000118633205326
0.000202156504895
-0.000661777729509
0.000459621224612
0.000765328355822
-0.000474024406691
0.000488506016074
-1.44816094088e-05
-0.000872240708968
-0.000697018812493
-0.000576532232934
0.000742492842238
0.000415019406805
0.000177746994055
-0.000523957443178
0.000666749315908
0.000524763282535
-0.000591788114434
6.7024831904e-05
6.10905438196e-05
0.000349375159186
-0.000410465703046
-0.000152685056022
0.00053037441614
-0.000514355740261
-0.000365441621908
-0.00017952474655
0.000715101049608
-0.000399689771436
-0.000315411278181
-0.000231278913979
-0.000130084787643
9.94564087868e-05
3.06283788805e-05
-0.000144640205906
0.000486405620829
0.000696642912905
-0.000814908889664
0.000637570236498
0.000260560380736
0.000611650937347
-0.000153940063857
-0.000643585728166
0.000500665490378
-0.000110145023142
-0.000390520467233
-8.55152153986e-05
-0.000454567535268
0.000449415744879
-0.000484173959544
3.47582146596e-05
0.00051859080058
-0.000332186474486
-0.000785545330829
0.000652060119621
-0.000566322236003
5.50278163046e-05
0.000483221480561
-2.46086618142e-05
0.000429460807713
-0.000266865948963
-0.000824551541085
0.000637951115927
0.00029662232622
-0.000410545044218
0.00037443689395
-0.000529469940536
0.000155033046566
-0.000215635404318
-0.00029711272313
0.000512748127431
-0.00036170380967
0.000588315389432
-8.46862971024e-05
-0.000520029656187
0.000604715953298
0.000309580494032
0.000114225738317
-0.000423806232351
-0.00021761536358
0.000897320298555
0.000730420897027
-0.00021612325543
0.000417560428629
8.31050617366e-05
-9.31897988419e-05
0.000310346826267
-0.000365961610294
0.000427052154108
-0.000424331510058
0.000352816210876
-0.000758437247947
0.00072353040908
-0.00065257296774
0.00029086915806
-0.000175839207386
-0.000408457173428
0.000271352659658
0.000137104513758
-0.000220010883872
0.000544732298644
-0.000324721414766
0.000612239175457
-0.000766179239295
0.000384860271124
-0.000433025648271
4.81653771331e-05
-0.000555051874436
-0.000230493456392
-0.000639575080031
-7.66839514277e-06
0.000647243475178
-0.000678804508304
-0.000300392041099
0.00066809314531
-0.000178556248955
-0.000128462665211
0.000660127073362
-0.000519040072179
-6.10683392673e-05
0.000580108411431
0.000100888243042
-0.000466849853369
-0.000686267346914
0.000250840636835
0.000435426710084
0.000552183888001
-6.66135309179e-05
0.000366677875511
-0.000194164238515
-0.000172513636991
-0.000370307709632
-3.36023574917e-06
0.000468770667987
1.97353480765e-05
-4.73190918085e-05
0.000516089759792
0.000200841068743
-8.2949259989e-05
7.93306426121e-05
-0.000222748112597
0.000172782828145
0.000557638068879
-0.000500115641923
0.00059482329726
0.000678871576081
-0.000451069902135
-0.000227801673944
-0.000792924635727
0.000615930616666
0.00017699401906
0.000354914007192
0.000124600061045
0.000307794985377
0.000260715377304
7.36288204315e-05
-1.34885561108e-05
-0.000274518879343
-7.61863090906e-05
-0.000238403347497
-0.000586148193595
0.000429600911676
0.000249270664411
-0.000617966556233
0.000244418685315
0.000386978657016
4.00734970807e-05
-0.000642791720443
0.000191721818317
-0.000193596430375
-0.000210956918934
-0.00049323121721
0.000704188136189
-0.000654048424442
0.000585798362489
-0.000886238074939
0.000300439712443
0.000740226999675
-0.000441955228371
0.000116649218346
0.000216403209931
-0.000333052428267
0.000339406190084
0.000134137059201
-0.0004735432493
-0.000514747099204
-0.000569287107009
0.000484600809912
-0.000335990373549
0.000662569358701
0.000494439236644
-0.000537905644307
0.000782752464859
-0.000346102404599
0.000446845505668
-5.94741276024e-05
-0.000364857382467
-0.000372086172902
-0.000660517154054
0.00035693181558
-0.000326845156271
-0.000121510926477
0.000330307990179
-0.000814197272228
0.00048388928206
-0.00028385711239
0.000130200950887
0.000568374675645
-0.000698575626502
-0.000168634082083
-0.000474157638355
0.000249520878149
0.000375634364363
-0.000471032732339
9.53983679812e-05
0.000296317815612
-0.000511953219933
-0.00022652063209
-0.000323795766855
0.000550316398905
-0.000439125748219
-0.000226753645157
0.000232086351357
0.000205371425443
0.000272254949193
-0.000511954323089
0.000239699373904
0.000251340918887
-0.000383618421267
-2.81396557411e-05
-0.000342519705267
-0.000366315194577
0.000708834899849
0.000355017544456
-9.43021671501e-05
-0.000289717511556
-0.00056635916398
4.68139752543e-05
0.000600134222591
0.000142358619651
-0.000207340213711
-0.000585584422016
0.000355740763649
-0.000151270463987
-0.000748862563228
0.000744354995206
2.0932550446e-05
-0.000354490793329
-0.000606479103114
0.000545410763863
0.000738872619654
0.000150111697403
-0.00025259957155
0.00010248787415
-0.000289070184673
0.000607992682113
0.000460239881986
-0.000257572706521
-0.000202667175473
-0.000298259918247
0.000168942773433
0.000129317144821
0.000638977541309
-0.000632731981106
-6.24556020728e-06
-0.000226646122305
0.000167358825398
0.000188381938259
-0.000433241940406
0.000640569153584
-0.000484430101856
-0.000159075676671
0.000326434502067
0.000226257377805
-0.000565743311087
0.00033948593329
-0.000354261918736
0.000716724182844
-0.000362462264109
2.13806522733e-05
0.000617596889038
0.000631628718911
0.000246637003997
0.000379018440395
-0.000791367358823
0.000412348918421
-0.000569202247735
0.000216033104865
0.000353169142846
0.000387085045566
-0.00014935833879
0.000432850927733
0.000494593196053
0.000482042549244
-0.000381154306222
0.000864314762052
-0.000500743189006
-0.000363571573046
-0.000574595147156
0.000348074515043
-0.000531767302806
-0.000204223650678
0.000742440126353
0.000347165187582
-0.000509203680324
0.000162038492725
-0.000382720159907
-0.000186482087833
-0.000268677995462
0.000538309445095
-0.000266054495895
-0.000194795033725
-0.000296852707047
0.000491647740728
6.1522224531e-05
-3.36943776935e-06
-0.000409796534872
0.000413165972651
0.000118601821397
-0.000522853921007
0.000462014131696
-0.000154219146343
0.000138254954488
0.000323051538367
-0.000461306492844
-0.000125335031621
0.000275446729022
0.00039009307648
0.00030942977468
0.000206244136261
-0.000618194427759
-0.000134434474536
0.000691378562691
0.000143455269592
-0.000701155729118
-5.72815188172e-05
-0.000383037381348
0.000231766917354
4.73865654963e-05
-0.000736764952047
0.000147312816875
0.000268036919907
0.000572524559163
-0.000840561479068
-0.000189254228108
-0.000270636478569
-5.59399715077e-05
-0.000206514712559
0.000262454684093
-0.000206299160407
0.000817836135059
0.000120489274258
0.000234528270199
-0.000197334572227
-0.000143875938982
0.000456247427741
-0.000308934610887
0.00029708615937
-0.000486340387472
-9.02843070198e-05
-0.000127545866721
0.000217830173731
0.000807397972232
-0.00044806153889
-1.13002104915e-05
0.000110756619286
0.000595118208229
-0.00036886083042
0.000542376839218
-0.000195211651617
0.000248684353287
0.000289625091814
-0.000229994753225
0.000228351522084
0.000227319249094
-0.000759086551892
-0.000192837487594
0.000102553180584
-0.00056821948659
0.000853842046891
0.000555227749488
-0.000816533248231
0.00016462468247
-0.000185704699619
-0.000109557186306
0.000295261885938
0.000169343303286
0.00010505687511
-0.000627376652291
0.0005223197772
-0.000165161424649
0.00043651408428
-0.000608204895762
0.000159862156136
0.000448342739625
0.000434552882289
-0.000437922320053
0.000790476138075
-0.000235248388575
0.000305921480756
-0.000189272262399
-0.000214868163716
-0.000194677277877
-0.000103582640368
0.000507352300771
-0.000784392109566
0.000277039808807
0.000401556947708
0.000313114525276
0.000290789002599
0.000251587836607
-7.82178846939e-05
0.000164272184264
0.000141649296501
0.000150580392593
-0.000344744631104
0.000132419756358
0.000403591766042
0.00045617237976
-0.000859764145795
0.000443717553228
0.000140393968222
-0.000397995096694
0.000257601128469
-0.000779041140963
7.10911571108e-05
-0.000400983866755
0.000441057363821
-0.000245932867594
-0.000463991833646
0.000155057222754
-0.000443956784209
0.000117111627921
-0.00050739580926
0.00011687534201
0.000213586478157
9.95280471189e-05
0.000251621562163
0.000211351740788
-0.000462973302932
0.000140729802447
-0.000317058957795
0.000881408749556
-0.000707923975794
-0.000486738514167
-0.000125862850369
0.000612601364534
-0.000526701480719
0.000276688850395
0.000250012630341
0.000379359081679
0.000337365101168
0.000312491147204
-0.000511702458278
0.000199211311081
-0.000142434170697
0.000740556341126
-0.000598122170417
0.000334075752409
-0.000710316651749
0.000409924610652
0.000541925018324
-6.13475790952e-05
0.00057801117353
-0.000287222170926
-0.000751508938999
9.39396653858e-05
-0.000773325289212
0.000103613321919
0.000556513751445
-7.72542620548e-05
0.000378071525523
-6.82758174539e-05
0.000146743115646
0.000187332636767
-0.000516166436852
-0.000294090753272
0.000603049242123
-0.000308958488894
-0.00057823990244
1.0898047282e-05
-4.04649351373e-05
-0.000443580213292
0.000640053430012
-0.000187613099143
-0.000452440330859
0.000319523166032
-1.34348946199e-05
-0.000497619259315
0.000634857164846
-0.000137237905519
0.00046477525279
0.000187284866791
0.000484560167978
-0.000172069020771
0.000187953471604
0.000272286410391
0.000194039812859
-0.000237829413849
0.000405517624983
9.05957737503e-05
-0.000483548553541
0.000476255294042
7.29325950359e-06
-0.000164871845438
9.21414019391e-06
3.26438541072e-05
-0.00022207736646
-8.74523838721e-06
-0.000277119493933
8.24422160657e-05
0.000434877280711
6.13565713417e-05
-5.61381720268e-05
-0.000220981321907
-0.000106975174278
-0.000462311932725
0.000821042605282
0.000170778831303
0.000696736907882
0.000374922238424
-0.000156164016606
-0.00044338582163
0.000599549838244
-0.000129364237997
0.000751258800172
-0.00027287361657
0.000396062939738
-7.31437406487e-05
-0.000322919199083
0.000185216201818
-0.000678447418988
-0.000599376225848
0.000114946123988
-0.000104578857305
-0.000539244741809
0.000432269567535
0.000375552678895
-0.000608654878648
0.000233102199783
9.93409637637e-05
0.00029672197598
-0.000469585611387
7.74141069273e-05
0.000392171504476
0.000356185276519
-9.63150309851e-05
-5.70321484322e-05
0.000541632958349
-0.000769432563441
0.000431854541734
0.000182002261618
-0.000725797636143
0.000543795374547
0.000673431550764
-0.00042575859013
0.000330954610447
-0.000499399231895
-0.000127977420386
0.000494236185762
8.87471733876e-05
-0.000411306447259
-0.000127938294547
-0.00038017214338
-0.000887594768973
0.000346228893195
-0.000339103462298
0.000648533236979
0.000149712264488
0.000334847903492
0.000168232828356
-0.000293567859978
-0.000510081827819
-0.000745852259455
0.00040333255419
0.000325615328932
0.000342477816369
0.000436436932292
0.000377728580889
-0.000814165513176
0.000717681612506
-7.99953995899e-05
-0.000637686212906
0.000840028698334
0.000300358094848
0.000362211263857
-0.000857161102105
0.000210562174119
-0.000649687922303
-0.000627034388231
0.000584176977677
3.24599308747e-05
0.000112327985601
0.000551744357197
-0.000102321419251
-0.000302128328724
0.000809480629502
0.000151051687809
0.000124395041213
0.000314975944001
0.000422120647947
-4.6582102455e-05
-0.000375538545489
0.000356381756055
0.000315277789657
0.000235038609216
0.000511074770005
-0.000361362505515
0.000255007446961
0.000311922403287
-0.000566929850222
0.000820958978198
-0.000593639729104
0.000518857394703
-0.000754105783274
0.0003489769073
0.000734761064736
0.000580222923185
0.000628101517401
8.58975831135e-05
0.000143102070545
-0.000228999653639
0.000423794732617
-0.000470469914658
-0.000719267795585
0.000661986276782
0.000627743368185
-0.000163288849103
-0.000249746293407
0.000125151986317
-0.000296579058675
0.000245588683343
-0.000301726855363
-0.000478328581998
0.000376007162736
-0.00058888889102
0.00029981870636
0.000485530151222
-5.79393265835e-05
0.000701554179995
-2.9576447492e-06
-0.000240452581445
0.00024341022621
0.000114827508663
-0.000457183695683
0.000356730766639
0.000100452929048
0.000161026716443
-0.000165110443351
4.08372692375e-06
-7.81044583306e-06
-0.000543669424844
-3.45704775926e-05
0.000784362562207
1.30512157834e-05
0.000286415516987
0.000205232223724
-0.0006003265902
0.000562244906457
-0.000402382750333
-0.000206940241434
0.000117356115081
0.000235876000367
-0.000410858544853
0.000867030924615
-0.000822914081037
0.000679054897848
0.000403980247507
0.000436048450832
-0.000234907630508
0.000107361763782
-0.000234801201072
0.000791421651386
0.000476168895133
-0.000710970096195
-0.000253526175515
0.00064230611068
0.000413549950396
-0.000728643463041
-0.000537186741113
0.000972069226881
-0.000408132763582
-0.000274889941665
-0.000283769358373
-0.000122335792188
-0.000234433913505
0.000751200289336
-0.000516766375831
0.000389247246021
7.64278713926e-05
-0.000465675117398
0.000454027797463
-0.000511059945891
-0.000185929926801
0.000134730842033
5.11990847847e-05
-0.000583315735115
-0.00017577081678
0.000672520751097
-0.000389368157388
-0.000283152593708
0.000475932286618
-0.000682872528046
-0.000567470463866
-0.000422831592034
0.000394691936278
0.000225666614083
0.000174030323632
-0.000399696937695
-0.000249343700597
-0.000277362808972
-0.000578663089643
0.00085602589862
-0.000607621695468
0.0010111528182
-2.9520756077e-05
9.04557634626e-05
-0.000360096986123
0.00038313647546
0.000410651129236
-0.000435259791053
0.000421871605923
-0.000429734908571
0.000378498416135
5.12364924417e-05
0.000552302366758
0.000188253974376
-0.000672364391253
0.000807211288049
0.000443394382399
-0.000647618033081
0.00034432541712
0.000233685756398
-0.000256350041343
0.000193429474457
-0.000670389576501
0.000501755494426
-0.000166866394358
0.000354199031126
-0.000772617958327
0.000189302223212
0.000485558784039
-0.000159874539129
0.000417475667593
0.000243527361989
-0.000464653531395
0.00022112616941
-0.00031825672734
-0.000427595532116
4.26002981483e-05
0.000487774117996
0.000456494983831
1.97603102142e-05
0.000499095281982
0.000157277037141
-0.000126648658252
-0.000453180854593
-0.000271694033754
0.000213366498211
-0.000216324142951
0.000659742285924
1.53830172822e-05
-0.000415267008451
-0.000507062480756
-0.000630998920772
0.000654179483841
-0.000178247197213
0.000201670063298
0.000275554497344
8.48368754896e-05
7.26205058657e-05
0.000141715702337
-7.30041419309e-05
0.000554798949901
0.000135905044062
-1.5861502086e-05
-0.000120043541989
0.000556146905042
-0.000790580818545
-0.000188463287856
-4.6108977553e-05
0.000234572265426
-0.000493344578765
-0.000366419567027
0.000306205556522
0.000252944717338
-0.000170502501264
0.000543596169225
0.000402503733533
-2.40053173969e-05
-0.000431116576172
0.000308780783985
-0.000310195188726
-0.000474196920831
0.000264424882137
0.000343567799983
7.75900445464e-05
0.000270915905597
-0.000348505950135
0.000245108325794
-0.000370256869361
0.000125148543576
6.10465284555e-05
-0.000828825209194
0.000235185480094
-2.25392367343e-05
0.000724093416736
3.24708936463e-05
-0.000272923475084
-0.000448553323569
0.000401971221117
2.4903210358e-05
-0.000669176768555
0.000216736437703
-0.000850743106353
0.000639036949539
-0.000412785093076
-0.000226251856458
5.13051041014e-05
-0.000374224303182
0.000453456217205
0.000249668792153
0.00026169551458
-1.82852883587e-05
0.000144338808957
-0.000351800216867
-0.000138557261459
0.000364223875554
-0.000835183866856
-2.79985192698e-05
0.000323178727893
0.000154780251955
-1.71297747229e-05
-0.000286405277883
-0.000144711298284
0.000392338590106
-0.000147230264307
-0.00023203595528
0.000177647117961
0.000258866966309
2.46869372163e-05
-0.000400225482705
0.000441162112731
0.000440964229119
-0.000270995793068
-0.000169968436045
0.000751707403222
3.26551589876e-05
0.0004256518858
0.000428793013355
-0.000426514762524
-2.27825082863e-06
0.000195021513886
-0.000219596087524
-0.00085674338929
0.000278080299652
-0.000168276008391
0.000145163016666
-0.000389253664716
-0.000404799026157
0.000456035518601
0.000465279068131
-0.000783535795469
-0.000585458696294
0.000457481275916
0.000526122360291
6.87009369699e-05
0.000348886445045
-0.000842231023807
-0.000415008819729
0.0001950984583
0.00021991036143
0.000219824953116
-0.000430033770761
-9.2820150242e-05
0.000434723077942
-0.000612970275148
3.48337297381e-05
-0.000255815051636
0.000167421119486
-0.000104917410016
6.90615112222e-05
0.000781061135083
-0.000195183866611
0.000542965128833
0.000315987472583
-0.00085895260141
0.000324197627199
0.000531828271424
7.33479502847e-05
0.00023537078299
0.000547381681878
-0.000421451636625
-0.000547839556934
4.17028718555e-05
0.000506136685082
-5.68304641899e-05
-0.000592025024244
0.000648855488453
0.000867162756033
0.000258413451588
-5.0944595085e-05
0.000440191841124
0.00043862582029
0.000488040591187
-0.000710748125823
-0.000413850070022
-0.000446555933414
-0.000660289972724
7.87903783555e-05
-0.000483589404508
-7.95445195706e-05
0.000601864296779
0.000260151844642
-0.000286632539159
0.00046197879966
-0.000420853562705
0.000497281434104
-0.000297200846032
-0.000474957651113
0.000677442846401
-0.000202485195284
-0.000639522985982
-0.000115351220481
0.000390905717834
0.000171580802475
0.000505782554443
3.61424638821e-05
-5.5142710811e-05
0.000361373950317
-2.53085321592e-05
0.000386682482484
0.000580612004989
-0.000582279843397
-3.59145843651e-05
-0.000165574632865
4.3001841613e-05
-0.000267664118253
0.000412827134924
0.000101983285335
-0.00052283684803
-5.84850774318e-05
2.17858047332e-05
-0.000290528357828
0.000268742553098
-0.000150735618347
-0.000197202225539
-0.000436930649436
0.000608511451916
0.000224558479907
4.50279265812e-05
-0.000269586406483
0.000318990745237
-0.000251778496968
-0.000173023057943
0.000297418099152
-2.3722036008e-05
-0.000192602106936
-0.00036143681195
0.000336128279799
0.000559464561254
-0.000875458258531
0.000668118044831
-0.000349537365964
0.000398348804401
-0.000549084422739
-0.000825880938326
0.000745965377646
7.99155606785e-05
0.000194536886854
-0.000425301776053
-0.000526243551225
-0.000398092704524
0.000442929434682
5.43519994294e-05
-0.000290624184952
0.000312409989689
0.000245780362509
0.000604582799348
0.000479920041685
-0.000451190989943
-0.000259557135879
-0.000261663234537
-0.00049244254873
4.74150484467e-05
-0.000338039233392
-0.000177334738857
-0.000390135725006
-0.000401260173188
0.000429830641301
-2.85704680272e-05
-1.16503903771e-05
0.000122407009664
0.000199205376717
-0.000337762638163
4.02748724423e-06
0.000484918675224
-0.000488946162461
-0.000218873168884
0.000738324082459
0.000779677700177
-0.000389584623691
-2.92311765203e-05
0.000472160611213
0.000707582827359
-0.000153968450871
0.000538697244373
4.20443160219e-05
-0.000373144932895
0.000841575355613
0.000152441221236
6.53889525015e-05
-0.000603105315423
3.67461514357e-05
-0.000710412896551
0.000482611222619
0.000534272041116
0.000321442145886
8.1058682477e-05
-2.00534029212e-05
0.000244611882836
-0.000245500431244
8.4673341691e-05
0.000219641525794
-0.000304314867471
-0.000276966487724
-0.000124488043624
-0.000411841360913
-0.000201128914228
0.000278720591575
-0.000137071295065
0.000671163295459
-0.000119418938268
-0.000364403754606
0.000410960664608
-0.000375402209592
-0.00017368221314
-8.09400841213e-06
-0.000247721043221
0.000418226057375
-0.00012150408139
-0.000333827650431
0.000352296919092
0.000549831336705
-0.000404861226138
-0.000213105330105
-0.000272057852538
-2.96690028203e-05
-0.000621557909194
-0.000707888908478
0.000297284272373
-0.000467252708415
-7.2462931366e-05
0.00020719377341
-0.000580872301757
-4.48223128672e-05
0.000224777964264
-0.000179955651382
-0.000522237019473
0.000141082713212
-2.08621340884e-05
-0.00016034810657
0.00018121024067
-0.000491152451815
0.000272279282935
-0.000246272732096
0.000330946073798
-8.17226257125e-05
-0.000199325371186
0.00028104799689
3.21996444161e-05
0.000502072396708
0.000679717176532
-0.000681009385716
0.000827930701043
-0.000146921315325
0.000637861269057
-0.00016202702437
0.000141164890292
0.00017096170204
-0.000205170419433
-0.000464471720468
0.000491643153457
0.000632196372248
-0.000819313327931
0.000138303942215
-2.80553177854e-06
0.000102173689
-9.93681572056e-05
0.000204724561346
1.82257717775e-05
-0.00020998753409
0.000252989375693
0.000188407715065
-0.000230464749767
-0.000452407778273
-0.000210637120157
1.77220621102e-05
0.000680514390837
-0.000697644165555
0.00057653112382
-0.000224234204721
-0.000518589594204
0.000193868179442
1.7748780305e-05
8.44993620767e-05
9.3183715407e-05
-3.18271440665e-05
-0.000377115174448
0.000208055844066
-0.000420713021205
0.000175173686458
-0.000557402472094
0.000405000109822
-0.000280151860946
0.000378495158252
-0.000363975249038
-1.45199092285e-05
0.000393878175529
-0.000326869848849
0.000733371038103
-0.000639431372714
-0.000667129875422
0.000587134475838
0.000444375275284
-0.000242596664799
-0.000193871066614
0.000234367444988
-0.000660628917865
0.000849036632934
0.000477434491038
0.000834946855122
-0.000349854671245
-0.000412971286178
0.000141952886062
-0.000106956986971
0.000158156071769
-0.000458474298651
0.000121782765145
0.000706505627319
-0.000668017826006
-1.36167431687e-05
-0.000234104300048
0.000117951143464
0.000261989288194
-0.000842861589948
0.000283843014095
-1.25201919969e-05
0.000269090514644
-0.000127539959953
-8.14065265198e-05
0.000415047713586
-3.01874424713e-05
-0.000485321075797
-0.000114055150053
-0.000121392307088
7.44401361745e-05
4.69521709203e-05
0.000150486311663
6.79072547603e-06
0.000545033832592
-0.000586186135604
-9.22612833335e-05
-0.000408063386854
0.0002608063267
-5.39468314774e-05
6.31609716599e-05
0.00017431793726
-0.000161431898415
0.000252027672193
-0.000188832479352
-7.05703738343e-05
0.000626636145996
1.8743451482e-05
-0.000298895312426
0.000176690825872
0.000291892642012
-0.000818136193236
0.000205837229378
0.000974955119723
-0.000659112117436
-0.000315843002296
9.80927279608e-05
9.49517630596e-05
4.72508412358e-05
-0.00014220260429
0.000227478723743
9.71477853353e-05
6.7762468115e-05
7.76702474176e-05
-8.04757791815e-05
0.000703747544511
0.000438010150274
-0.000740138478991
-0.000567739248015
0.000124159034717
0.000565878149075
-0.000217803634053
-2.43941821012e-05
0.000119345945167
-0.000348344483198
0.000275706139882
-0.000592765097672
-0.000119194081739
-2.73470593307e-05
0.000461899941625
6.70742546067e-05
-7.81606451369e-05
4.54298056118e-05
0.000305157217642
4.57568088152e-05
-0.000350914026452
-0.000134958412459
-0.00053543116404
-0.000119244741133
-0.000109754912494
-0.000193541428744
0.000335494314805
-3.0800203936e-05
-0.000121111480787
0.00040941403531
-7.74224069516e-05
-0.000355603241327
0.000323900669127
-0.000563563332403
0.000276341161475
-0.00011477618313
-0.000615382866203
1.24965648365e-05
-2.19294868545e-07
-4.85250282067e-05
0.000200966249453
0.000577233477014
-0.000179913788312
-0.000377488683791
-3.7901879628e-05
0.00045400616196
-0.000327399814984
-0.000126606346983
0.000530972287427
-0.000324535450514
0.00049539247868
-0.000488389275729
0.000571494337469
0.000403945960639
-0.000621177171952
0.000633673736794
0.00039416269151
-0.000334789375887
0.00037651186308
-0.000330755054262
0.000326386399476
-1.1103551873e-05
-0.000315282847589
0.000299686340399
-0.000267215446743
8.57165588703e-05
0.000568390400571
-0.000253112610947
-0.000751128835819
0.000351439064378
-1.9804522133e-05
-0.000389992012731
0.000269583059696
-9.43121504024e-06
-5.32819492864e-05
3.03842891555e-05
-3.34231838376e-05
3.03889469874e-06
-0.00032401164203
-8.65334021784e-05
0.000352506545685
0.000378162441784
0.000144807854338
-8.90281028983e-06
0.000431001982834
0.000349509407374
-0.000780511390234
-0.000110932211947
-0.00035037428089
-4.06376667317e-05
-0.000258257645689
0.000263452784765
0.000403759196192
-9.49784122035e-05
0.000344124139838
-0.000343961568173
0.000380231974748
0.000177160862919
-0.000185346556961
-2.54617293619e-05
5.58460185294e-05
0.000290266053514
-2.9691797212e-06
-0.00027253644152
0.000390487584994
-0.000452793124029
-0.000318473471055
7.10960667206e-05
0.000247377404317
0.000137166739432
-0.000133083012496
0.000138835921284
3.39900282914e-05
0.000614865460175
-0.000224936229947
0.000216190991586
-7.51969415482e-06
0.00050959209087
0.000153115444285
0.000274299647282
0.00029188832759
0.000464640917064
-0.000364446724286
0.000793088049331
-9.12435364382e-05
3.92368839262e-05
-0.00063742255421
0.000334753819937
-0.000529965471547
9.0579865597e-05
-0.000555507952077
-2.90207930622e-05
-0.000231166618277
-0.000423072899328
0.000496424757911
-7.3351858645e-05
-1.49996734827e-05
-0.000610279124668
0.000203212969154
-0.000689951483334
0.000292139338837
0.000310909903263
0.000325987642557
-0.00029718113279
-6.29158533233e-05
0.000337372724882
-1.09863253968e-05
-1.96937614473e-06
-0.000665214857351
0.000667184233539
-0.000151079418175
-0.000351058499116
0.000502137917276
-0.000314496373561
5.93929453183e-05
-0.00020865740212
-0.000269454946798
0.000285697768337
-9.22682938807e-05
-0.000938888944187
0.000327039445285
0.000611849498912
0.000215586537032
0.000162109334065
-0.000183951588395
0.000201673650501
0.000256316036198
-9.42067021236e-05
-0.000107658616229
0.000302790607298
-0.000195131991036
0.000670106825317
0.000178309688699
-0.000283227098687
-5.43892693248e-05
0.00014496913492
9.50912060453e-06
0.000567724356423
-0.000288582788526
0.000270297500176
-5.22085180557e-05
9.91606889859e-05
-0.000228809512438
0.000270285910326
-0.000870507425742
0.000570555959212
0.000179596558219
-9.74388609164e-05
-8.21576972853e-05
0.000160657602382
-0.000245884056219
-0.000130168361134
-0.0001473409146
0.000433546641829
-0.000286205727227
0.000220380743094
-0.000342925108582
0.000648181004296
-0.000152225554405
0.000521454126184
0.000522200827026
-0.000352338586516
-0.000179942863083
-2.92033128825e-05
0.000483689388883
-0.000454486076056
0.000464099190019
6.92601238204e-05
9.84029206285e-05
0.000197510539816
-0.000254678548146
0.000447151774911
-0.00075734696363
-0.000227518346651
0.000571086146642
0.000144381514519
0.000246177915938
-0.000274176435212
-2.82506255978e-05
-0.000262061150342
0.000346898025831
0.000452276212211
-0.000532665001366
8.03887890913e-05
-0.000558048009186
0.00018930350128
-0.000206329229398
0.000695976305081
6.35896992954e-05
0.000492936445219
-0.000556526144524
-0.00033219629013
0.000608537451611
-0.000555511356226
0.000223315066093
-0.000105109490748
0.000138385619945
0.000357984162618
-0.000496369782559
0.000821712095601
-0.000587364671026
0.000189271966526
-0.000288638516781
-0.000371878637282
0.000818351890755
0.000440884367811
-0.000101853931419
4.06697812935e-05
3.84875565599e-05
4.62031442945e-05
-0.000392514602665
0.000346311458362
-0.000166977856908
0.000421777877726
-0.000254800020821
0.000802407550213
6.37306270598e-05
-2.57590596828e-05
-5.47167194796e-05
-0.000322871193894
-0.000391579851619
-0.000369103152742
-0.000382025683082
5.81566055887e-05
0.000204982483224
-0.000174017783588
0.000509810041689
0.000447310194102
1.73307229715e-05
0.000158157808382
0.000812813073043
-0.000400821188819
0.000624374580789
-0.000228475933559
8.39702975384e-05
-9.89699710279e-05
-0.000144022594511
-0.00041175162265
0.000555774217171
7.47665068884e-05
0.000562264824173
-4.01915920914e-05
0.000310489092278
3.02097524728e-05
-0.000586178263152
0.000856464173481
0.000625214688413
0.000429709225247
-0.000555572075628
0.000546584567258
0.000712805274038
0.000293543453209
5.91822435204e-05
-9.32623476131e-06
-4.98560087377e-05
0.000310837674975
0.00044821794862
-5.3526012357e-05
-0.000511754589775
0.000553457461628
-6.35023755401e-05
-0.000158668467801
-0.000179094170347
0.000457571615896
0.000322519505194
-0.000537387668904
0.000239469999834
0.000387166146169
-0.000486480836992
0.00037554862505
0.000442221736704
-0.000561640674976
-0.000414974114551
-0.000376393244279
0.000316552100231
-0.000227804926835
9.63391829115e-05
0.000499186722411
0.000239500187827
-0.000617586924831
-0.000549971804994
0.000463518439969
8.64533649967e-05
-0.000104844906293
-0.000404358774066
-0.00052638114468
1.46265549013e-05
0.000322312990059
0.000623691968774
-0.000347985828884
0.000346364017186
-5.76401029745e-05
-0.000379267580084
0.000436907683068
-0.000295981224211
0.000483934695808
0.000152169207182
7.03616335488e-05
0.00053488397044
-0.000367462706838
-0.000167421263589
0.000549816487344
-0.000585731071712
-0.000364015428166
0.000353029102778
0.000529026578402
-4.25925640426e-05
-0.00050737924097
0.000404599736942
-7.93306148168e-05
-0.000402224400944
0.000481555015715
-0.000654204926739
-0.000180891582519
0.000474435035709
0.000742834569561
-0.000756224799036
-0.000166491788195
0.000517967672447
-0.00028410622694
-0.000233861445523
0.000547905652215
-0.000265483497993
-0.000283478964517
0.000471084841698
-0.000390026159246
-0.000292986704076
-0.000455750413314
0.000531286709434
-2.14766677408e-05
0.000608448479259
-0.000571702327806
-0.000528101743428
0.00037587618902
0.000404259838653
-0.000397989687538
5.57287523303e-05
-0.000786602150485
0.000657237912478
-0.000386927495349
0.000134074665083
-0.000536457415424
6.81363858273e-05
9.03236390094e-06
0.00029836663565
-0.000564421131539
0.000390861375933
0.000732514529534
-0.000322589918889
0.000298125396336
0.000189915194861
0.000692966662819
-0.000350488846452
0.000383819950299
-4.21502767396e-05
-0.000341669673546
3.51818623034e-05
0.000190291518401
0.000243255123429
0.000203623439807
-0.000590594013901
-0.000426016437544
0.000593208801659
-0.000434185848153
0.000503618095224
3.38983925714e-05
5.41699866437e-05
-0.000108886706105
-0.000443489647337
0.000646702616486
0.000209638374385
-0.000301906668269
-0.000123239206059
0.000332877580432
-0.000235010257649
-0.000192087750696
0.000380469688944
-8.22209983371e-05
-0.000590789585976
0.000179037963332
0.000477074066217
-0.000751964007884
-0.000331388088399
-3.87921404832e-05
0.000486102334589
-0.000473435697634
-0.000318906892463
0.000773808072389
-0.000721193637537
-5.26144348551e-05
-0.000349914727221
0.000810274438087
-0.000473036144508
-0.000337238293588
0.000446718049413
-0.000428492277655
-0.000657183055818
-0.000114831473117
-0.000377555384637
-0.000276649542107
-1.21137422422e-05
5.75435478595e-05
-0.000532540308577
7.97471845388e-05
0.000451240840624
-0.000552998226284
-3.76124839596e-05
0.00059061071026
-0.000673046787941
0.000538088375485
2.0530111872e-05
-5.69146473366e-06
-0.000718807329504
0.000412099427767
0.000306707901748
-0.000478004305665
-0.00052214137242
-0.000669901019161
0.000797154714628
0.000644069736779
6.78924274844e-05
-1.47261301398e-05
0.000524318221016
0.000155895460178
0.000610291684822
-0.000115698488733
6.77299968697e-05
-0.000784077267298
0.000293653839581
-0.00052246335203
-0.000294398462018
0.000283184029582
-0.000223658819772
-7.59983744837e-05
0.000829258284228
-8.64237146678e-05
0.000512228184923
-0.000149100527598
-0.000540850955747
0.000254831138357
0.000277321193504
0.000418107277281
-0.000724118081889
0.000306010804617
-0.000615803523601
0.000253753052597
0.000717082350797
-0.000660283056265
0.000567093257425
7.55945891911e-05
6.93745457227e-05
-0.000168753724004
-0.000418610946994
-1.1031437283e-05
-0.000397574902588
-0.000157997173051
-0.000638320495831
0.000226674872548
0.000247760163149
0.0005972903493
-0.000734993328983
-0.000546675430194
0.000433881193806
-7.86769536248e-05
-0.000131640288494
-0.000510335759578
-0.000532072609416
-0.000511600030482
0.000348311181386
0.000583676469174
4.15382192406e-05
-1.39459150396e-05
-0.000172211702756
-7.3672353453e-05
-0.000477199345199
-0.000461689598982
0.000221986448224
-0.000230886951571
0.000276246509477
0.000245207616678
5.21631804141e-05
0.000479123529024
0.000441606954002
0.000485526080535
0.000550546156751
-0.000412298380713
-0.000241901626342
-0.000464403922753
-0.000261857516658
0.000194325512251
0.000869667241037
-0.000815400020419
-0.000164479189369
-0.000799303328192
0.000859235277958
-0.000553135896003
0.000531659228262
-1.75832733526e-05
-0.000895116821114
0.00091270009446
-8.58800067238e-05
0.000293702497263
9.67850877396e-05
-0.000446211636385
0.000312765538117
-0.000117374729908
0.00081411163779
-0.00050973479631
0.000427513797978
0.000357433124328
-0.000283794540396
0.000766405763022
0.000246226535377
0.000217872654621
-0.000136051405429
0.000266439929798
0.000347130944105
-0.000780372884519
-0.000339239686345
-3.91361642015e-05
0.000469929995971
-0.000633225444446
-0.000769843056032
0.000447253137136
0.000641648746186
0.000159997185621
-8.80031883773e-05
0.000121642724532
-0.000818056285499
0.000249836798923
0.000612993795957
0.000344806921338
0.000336824130162
-0.000809860274678
0.000341133005353
-0.000491434152055
-0.000739138873053
0.000363367214136
0.000375771658928
0.000351093826074
-0.000318154994003
-0.000500755267626
-0.000285248112745
0.000200475049162
-0.000503541917156
-0.000435198939227
0.000232531763749
-0.000289206417823
-0.00046376986373
0.000316336711182
0.000147433152559
-0.000292768989817
0.000217326284606
5.81952915297e-05
-0.000402351917458
-0.000248251293702
9.1289281698e-06
0.000489900090575
0.000675713319423
-0.000953695559553
0.000495005458769
0.000577349833045
-0.000292808161687
-0.000121213722067
0.000452168332519
0.000684944867801
9.29180002514e-05
0.000292143400388
0.000349505345749
-0.000309860710428
-0.000189076487515
0.0004380848641
-0.000438304158978
0.000236930948936
0.000125528697918
-0.00036245964686
0.000786433088398
-0.000170502471706
-0.000730455104321
0.000503808982014
3.35435671501e-05
0.000197091928891
0.000481755873991
7.52923281718e-05
-0.000312868511286
-3.23850505614e-05
0.00013149943995
0.000319741400682
-0.000160731227948
0.000116567637187
4.41635907739e-05
-0.000201428525924
0.000279673108899
-0.000507316588247
0.000455984646383
-0.000762254129276
0.000592805397344
-0.000248155025872
0.000476306361291
-0.000791330122798
0.000364584260565
-9.41035832118e-05
0.000770930098481
-0.000173639749185
0.000171739950953
0.000208729737993
-0.00036075086775
-0.000754057834005
0.000701443399151
0.000326831234212
-0.00059591752385
-7.71292640904e-05
-0.000281986881039
-0.000799874772171
0.000391742008582
-0.000253307322789
0.000597632739897
-0.00112393327178
0.000798495704524
0.000662953878649
-0.00062540302993
0.000666941249172
-2.84973908404e-05
-0.000460448771617
0.000437979435719
-0.000365993578368
0.000186196753615
-0.000416526488422
7.48568148838e-05
-0.00069533862153
0.000249526950164
-0.000775430113608
0.000274674846013
-0.000687339263879
-0.000436594007915
-0.000456957475345
0.000378848595719
0.000123289321548
-0.000496788973317
0.000136349449543
-0.00083336826201
0.000670998952769
0.000305789758545
-0.000653775587421
-0.000185736852514
-0.000426500022324
0.000373791736708
7.83445145816e-05
0.000361013694416
-0.000382824489644
-0.000745024585472
-0.00052032032532
-0.000397893641372
0.000345061389016
-0.000543631868352
0.000198570479314
-0.00020161404119
-0.000388630875941
0.000569501572558
-0.00034945954044
0.000121654613617
-0.000212971990633
0.000403585260909
-0.000310064792375
-0.000502580985317
0.000414275309669
-0.00049988813817
8.5612828511e-05
-0.000609483616957
-0.00048216241842
-0.000843964335375
0.000728788549326
-0.00035301689039
0.000165112683251
-5.21444012183e-05
0.000466419710893
-0.000426928099534
0.000289749131123
0.000137178968432
-0.000263714588494
0.000511474751618
-0.000204874154384
-0.000606245943267
0.000358489616626
0.00024775632656
0.000404271714713
3.8882066902e-05
0.000686850429602
0.000167040667296
-0.000528289431369
-0.000389548862981
0.00024903353893
0.000822274814776
-0.000595299281624
-0.000122013355737
0.000367279599062
0.000109026762237
-0.000294598329426
0.000544126162172
-0.000354854195635
-0.00039425259768
1.76804874014e-05
0.000442136413949
0.000329508877728
-0.000682525768111
0.000436183522199
9.08524235346e-05
-0.00032426670969
0.000801895518494
0.0007573302104
-0.000460084038725
-9.87710705618e-05
-0.000366904046826
-0.000421121123925
0.000144668888578
0.00029170880846
-0.000466167920407
-0.000359514157012
-0.000399399850874
0.000501955486368
7.82049974884e-05
-0.000580160483851
-0.000292282473563
-0.000210298511741
0.000719834872854
-0.00037581786636
-0.000430445653622
-6.43920450312e-05
-0.000328871524561
-8.15941785051e-05
-0.000722723699794
0.0003508450625
-0.000121262477721
-0.000154641689132
-0.000464481931022
-0.000398146089081
0.000647416753498
-0.000107879902067
0.000609835388441
0.000316261591545
0.000847377122233
-0.000393920905022
-0.000477538250959
-0.00052179635071
-0.000489759454543
-1.65153753007e-05
0.000614694495325
-0.000422972677005
-0.000225655896254
5.53921006294e-05
-0.000101909839769
0.00039165897088
-0.000618665171705
-0.000433023085555
0.000107715359425
-0.000557328526512
0.000449613167094
0.000147182742676
-0.000799687602925
-0.000520278049946
0.000165423854321
0.000508915230883
-0.000133039041868
0.000535229157406
-0.000546570668578
-5.3905867348e-05
-0.000340639222491
0.000216548406247
-0.000482443221011
-0.000150782223399
-4.5266118404e-06
0.000271598887141
-3.63941086202e-06
-2.66741056495e-06
0.000698911493821
0.000102979839735
-0.000801891333562
-0.000312136063951
0.000711086391692
-0.000414859558829
-4.58521592875e-07
-0.00054259568372
0.000210197674713
0.000312114396638
0.000371284639209
-0.000249630025581
-0.000256740597533
-0.000320609235512
0.000424049878999
1.94015118507e-06
-0.000347066284562
0.00081869130492
-0.000335309443455
-8.8496788891e-05
3.8579928446e-06
-0.000585290917183
0.000162318240183
-0.000146486313226
-0.000588967910901
0.00049139209045
-0.000343958937882
-0.000156209872961
-0.000517641151018
-0.000414818657453
-0.000320549222123
-0.000104518563671
0.000568687291316
0.000351572234676
-1.08988678778e-05
-0.000372419504652
-0.000643311066107
-0.000302769504947
-0.000448065606296
0.000310886637864
-0.000561495992164
0.000131885927578
-0.000736968358981
-0.000135677750086
-6.10445880401e-05
0.000656042381295
8.12050418034e-05
-0.000677122565651
-0.000399177751977
6.33227295503e-05
-0.000562106024303
0.000638240498749
1.78018825464e-05
0.000788399897617
-0.000218898325062
-8.94175020854e-06
-4.85012555884e-05
1.1588361668e-05
-3.82676470623e-05
0.000610607279891
0.000342470651567
0.000204240567005
6.74938825543e-05
3.70246811166e-05
0.000778687904663
-0.000510069280529
0.000612340587092
0.000318603865936
0.000301133623281
-0.000434172665152
-0.000452900543496
-0.000143987986824
0.000801225899306
0.000540244871745
0.000301089942274
-0.000823377217202
0.000522287274918
-0.000720564734316
0.000821886060771
-0.000674703318096
-0.000635274604206
-6.13260235803e-05
0.000186611456564
-0.000707828115223
0.000804791255629
-0.000559760064562
-3.6829162448e-05
-0.000709985680035
-5.62903631391e-05
-0.000508770332406
-0.000627586150121
0.000814197606686
-0.000730888219966
-7.10031135808e-05
-0.000261294450483
0.000801539322223
-0.000350877991641
0.000555118558588
0.00056098036429
0.000261462595425
0.000294721975097
-0.000262396852916
0.000479770956421
-0.000817009250015
0.000798374822353
0.00043238124398
0.000774851895543
-0.000737793254274
-0.000386221019602
0.000414780091295
0.000284103641916
0.000666121010177
0.000591712055094
-0.000180145585758
0.000211661123524
-0.000758961883644
0.000547300760136
0.000133187292749
-0.000802558175345
0.000551212504766
0.000305251668718
8.10055883211e-05
0.000493585386545
-0.000574590974832
-4.17833106667e-05
0.000677226848654
-0.000635443537961
7.28084715027e-05
0.000484106003566
-0.0005569144751
-0.000452573614366
0.000664234737896
-0.000503658364686
0.000113632205407
0.000362575651475
0.000426630483883
-0.000711878596614
-0.000488364319517
0.000815195553739
0.000188792673788
-0.000234819984113
4.60273103388e-05
0.000201803554965
4.1272801557e-05
-0.000150224921419
1.42413701686e-05
-0.000319066346595
0.000304824976419
-9.48303328037e-05
0.000316378414443
-0.000221548081641
0.00018147531104
0.000626683548392
-0.000273514405553
-0.000475205972822
0.000660604153132
0.000180971202478
0.000142235684122
0.000687022600104
-0.000829086113724
0.000751956849632
0.000690759457025
-0.000853465814966
0.000897441397961
-0.000644968698851
0.000372585770238
0.000727741438006
-0.000189653062518
-0.000519084035886
0.000261781920747
-0.000753447102728
-0.000630888451969
8.94172072888e-05
0.0006264163522
-0.00037316836948
0.00065389863604
0.000484968941912
0.000883602910451
-0.000471280089249
-0.000947638757806
-0.000856397108628
0.000523292837423
-0.000774550532315
0.00103678920182
-0.000780269387647
0.000712502481641
-0.000192932841407
0.000325521694978
-0.000283657418885
0.000156646966055
-0.000471409951085
-0.000630191049304
-0.000440977696851
0.000406219482191
-0.00052120097595
0.00065303139467
-0.000420276815215
-0.000506630677164
0.00030806019785
-0.000510717863467
-0.000249654890969
-0.000609828242437
-0.000604826890073
0.000418344802244
-0.000637368749299
0.000597225025936
-9.10883408518e-05
0.000582458971666
-0.000664668930431
-0.000291409566512
0.000600368055407
-0.000287602517305
6.97621329986e-05
0.000360182732274
-0.000509041016582
0.000457773778097
-2.09762938043e-05
-0.000761929528366
0.000669011528115
0.000133396022095
0.000246431320634
-0.000580236406123
-0.000424885584827
0.000648435360446
-0.00047793288874
-0.000179530780963
-2.89105261525e-05
-0.000161846674026
0.000340445132604
0.000354169107877
-0.000689852491314
0.000742471769657
1.26600142701e-05
-0.000284339612307
0.000369457239111
0.000703525214531
0.000408879914333
-0.000420980451496
0.00068276237224
0.000447076902163
0.000414406197517
0.000813324482116
0.000531334574028
0.000481019446413
0.000907241157127
-0.00047796501367
0.000779875826783
0.000291569935992
-0.000444914720019
0.000239761270695
-0.000261935325594
0.000740332587001
-0.000434321782375
-0.000442221074487
0.000356478669372
-0.000222682734953
0.000697716429859
0.00063533087654
-0.000585462156144
0.000368725718441
0.000381668928822
0.000338341443785
-0.000183889882114
-0.000259312562139
7.30327171846e-05
-0.000103802084283
3.17776199111e-05
0.000328438109225
-0.000274386353212
3.64721259712e-06
0.000111401229347
-4.04202951955e-05
4.50831929569e-05
0.00048626070563
0.000545599168768
0.000641895371772
-0.000534509163881
0.00029211229661
-0.000420494890596
0.00012838259396
-0.000564402566291
0.000413637784658
0.000150764781603
0.000540419453187
-0.000482224161656
0.000616075669172
-0.000382389912778
0.000848810744352
-0.000444385595172
0.000798404518089
-0.000894578046809
-0.000371428166742
0.000738514628364
-0.000680197889018
-0.000267440868731
0.000494018286759
-0.000563541372558
-0.000454747692675
-0.000410716229557
0.000821604155738
-6.20480506503e-05
-0.000515576772327
2.28403453073e-05
-0.000549628236328
-0.000304976721566
0.000528291787649
2.93805665805e-05
0.000118955217251
0.000463503754414
0.000270183151945
-0.000543697557498
-0.000757652308896
-5.07494444729e-05
0.00052783513158
0.000623081748235
0.000694125383504
-3.38260794596e-05
-0.000660299304002
3.7193470884e-05
0.000518917652052
-0.000318629183247
-0.000200288468839
0.000257060135369
-0.000483108372612
-0.000116789779919
-0.000366318592682
0.000553093502809
-0.00029603336744
0.000611139695061
-0.000573946224171
0.00033964101139
0.000145182804294
0.00050206067089
-0.000203695803814
0.000627177559887
-0.000446206357411
-0.000106657973883
-0.000540229077845
-2.4173488445e-05
-9.55629227343e-05
-0.000248116781244
3.41169284574e-05
0.00054580298521
0.000303007759142
-0.00045205078649
-0.000394485778487
0.000468628114636
-0.000425850502026
0.000639168613771
0.00011278823586
-0.000418950505562
0.000564133309866
0.000505402446695
-0.000709098250502
0.000449515551251
0.000673055324073
-0.000811556983857
-0.000126269542842
-0.000153344784013
-8.57424051161e-05
-0.000125352755257
-0.000306775258798
0.000658591221071
0.000719657866236
0.000410972330043
0.000254104818518
-0.000306154537156
-0.000231172771497
-0.000105141728463
-0.000287288726687
0.00021257633016
-0.000255139399056
-2.35533636553e-06
0.000229912955526
0.000240232614276
-0.000114700853731
-0.000347261253193
-0.000232234398229
0.000206720506743
0.00015544428811
0.000101295407141
0.000619656727723
-0.000311253379433
-8.92328847565e-05
0.000130377202881
-0.000385266252208
-0.000443569021289
-0.000385788765554
-0.000147695919412
0.000347984388251
-0.000230872760363
0.000347662540282
0.00010690197423
-0.00055339732977
0.000182901447622
0.000376494777733
-0.000455695661636
-0.000596464765014
0.000578800969387
-0.00027979369756
0.000176875390823
-0.000944839310423
-0.000770742974304
-0.000675437487628
-0.000268484932492
0.000957648005394
0.00086351500044
-0.00123968630683
0.00105347790211
0.000854779738237
0.000605505284612
0.000608767738488
0.00024426268556
-0.000700852573988
-0.000705684222988
0.000925359317106
-0.000836772582497
)
;

boundaryField
{
    bottomWall
    {
        type            calculated;
        value           uniform 0;
    }
    leftWall
    {
        type            calculated;
        value           uniform 0;
    }
    rightWall
    {
        type            calculated;
        value           uniform 0;
    }
    movingTop
    {
        type            calculated;
        value           uniform 0;
    }
    front
    {
        type            empty;
    }
    back
    {
        type            empty;
    }
}


// ************************************************************************* //
