/*--------------------------------*- C++ -*----------------------------------*\
  =========                 |
  \\      /  F ield         | OpenFOAM: The Open Source CFD Toolbox
   \\    /   O peration     | Website:  https://openfoam.org
    \\  /    A nd           | Version:  14
     \\/     M anipulation  |
\*---------------------------------------------------------------------------*/
FoamFile
{
    format      ascii;
    class       surfaceScalarField;
    location    "85.000000000042";
    object      phi;
}
// * * * * * * * * * * * * * * * * * * * * * * * * * * * * * * * * * * * * * //

dimensions      [0 3 -1 0 0 0 0];

internalField   nonuniform List<scalar> 
4035
(
-7.69272185091e-06
-2.78347722641e-05
3.55274939853e-05
-6.70599486291e-06
5.07394174472e-05
-5.17261444276e-05
-3.454076713e-05
8.62669114262e-05
-8.62669115517e-05
0.000925430045663
-0.000170739464987
-0.000754690580691
1.77793763977e-05
0.000242381671347
-0.000260161047733
-0.000652156653186
3.10447356921e-05
0.000621111917484
-0.00100242433138
0.000472710773944
0.000990359069244
-0.000460645511815
0.000428381846624
-0.00138500694099
-0.000382482623377
0.00133910771776
0.000366716099383
-9.12825197996e-05
-0.000403168463596
0.000127734884005
-0.000281843636282
-0.000771240112981
0.000767117151989
0.000285966597241
0.00121146397146
-0.000873033147488
8.99510226374e-05
5.82805884934e-05
-0.0010115732951
0.00098155953868
-2.82668320755e-05
6.68601986708e-05
-0.00118960551817
0.000948198617972
0.000174546701504
0.000933846090539
0.000580188495292
-0.0011566199982
-0.000357414587645
0.000614679185993
-0.000773000632702
-0.00012352218959
-0.000373948335269
-0.000711121475087
0.000783291852743
0.000301777957606
0.000658994960041
-0.000703052194054
0.000321800629658
-0.000277743395675
0.00034084322975
-0.000194948575776
0.000220821445409
0.000668818431397
-0.000781063584358
-7.35031433998e-05
0.000559609200508
0.00103463927654
-0.000562525724733
-0.000389277324606
-0.000534735127513
-0.00125847057237
0.000322906439646
0.000111681881063
-0.000683857309394
0.000621832955841
2.15199885591e-05
-1.29565342925e-05
7.77034571597e-05
7.5751729168e-05
0.000218293095383
-5.88243411556e-05
2.19494355292e-05
-0.00018141818976
-0.000345486314619
0.000563779409997
0.000246763084024
0.00016983187489
-0.000388431695717
0.000299143176476
0.000133540334356
-0.000110927511855
-0.00033173182824
0.000446336142542
-0.000505289919381
-0.000286532537794
-5.39087878053e-07
5.39087879537e-07
-1.50168161779e-06
2.52711034586e-06
-1.56451659175e-06
-9.62593755597e-07
-5.72598245675e-05
-5.88243411612e-05
0.000248972694464
-0.000898058333052
0.000649085638589
-0.000323154914345
-8.57493915094e-05
0.000408904305867
0.000158486050478
-0.000991453544631
0.000832967494176
0.000924729408396
-0.000433862092548
-0.000922937226459
0.000432069910607
-0.00079666663541
0.000770879182145
0.000288734625188
-0.000262947171926
-0.00140683718538
0.000100937101647
0.00050923344831
0.000811364518923
0.000663009331551
-0.000703494668321
0.000477594170861
-0.000445863581105
0.000114047533652
-0.000145778123414
-0.000439287361241
0.000593726617755
0.00035827765601
0.000702059557389
-0.000345870923353
-0.00132031832088
0.000259352058831
-0.00114547805072
0.000864428822498
-6.4821695154e-05
0.000954274366007
-0.000896566307873
4.32290435121e-05
-4.43363746656e-05
0.00108411977445
-0.000885098252226
-0.000154685147553
-0.000122053460524
-0.00128272232288
0.00113394649463
0.000270829288797
-0.000591782106222
0.000756601971314
0.000123914760123
0.000695811205305
-0.000806288183609
-0.000328810382939
0.000820693014995
-0.00037468427972
0.000217000596302
-0.000362434413768
0.000175105657148
-0.00025853482449
-0.00109231955301
2.82981421425e-05
-0.000618666049772
-2.80541559808e-05
0.000524666745237
0.00112310735537
-0.000242714321638
-3.8724915012e-05
0.000388697244834
0.000825263560426
-0.000665399035223
0.000360643088855
-1.12612822164e-05
-1.49886123038e-06
-7.35067681119e-05
-0.00012874126349
-0.000638353412742
0.00066061577099
-0.000187536556591
0.000165274198345
0.000246956421344
-0.000277216945271
-0.000213958731987
0.000352700050456
-0.000322287880381
-0.000100083191273
9.95450878514e-05
0.000240030249516
-0.000564562438204
0.000583028467516
0.000228490392026
0.00275701790033
-3.43941684202e-05
-0.0027226237319
0.000235164765995
0.000544241442939
-0.000779406208966
-0.00162905811877
9.32251472219e-05
0.00153583297162
-0.00151132714754
0.000694530049695
0.00138253476709
-0.000565737669283
0.000618686199153
-0.00191169818656
-0.000753612938708
0.00204662492625
0.000759977501485
-0.000210110460089
-0.000876869522657
0.000327002481247
-0.000106461033461
-0.00120145246984
0.00083836765271
0.000469545850477
0.00140479280818
0.000117991652275
-0.000904098261348
-5.06420106362e-05
-0.00104478762513
4.4345901172e-05
0.00105108373466
2.81809013919e-05
-0.0014293227435
0.000224635471812
0.00117650637039
0.00134604812157
0.000236470015327
-0.000134446354121
-0.00144807178279
0.000606708201764
3.929563758e-06
-0.000717098798965
-0.000652880852008
-0.00106299682905
0.000454431006846
0.00126144667423
0.000426118539177
-0.00103548868025
-6.36863453975e-05
0.000673056486226
0.000660510115917
0.000406625802221
-0.000307158416653
0.000749625701496
-0.00152495963227
2.50543059026e-05
0.00112397254451
0.00238267105719
-0.000419589878544
-0.00113976392211
-0.000985508931721
-0.0019680638489
0.000484917602816
0.000171786224649
-0.00124134436547
0.000950365483333
-0.000169986078491
0.000154660582132
-4.34988448234e-05
0.000182070708642
0.00339246940453
-0.00405326657212
-0.000344353082127
0.00100515024971
0.000321033166042
0.000521547658512
0.000423936354456
-0.000536567700215
0.000147256289385
3.14664272374e-05
-0.000109030437199
0.000233448234175
-0.000170999952065
0.00113960049603
-0.00120204877814
0.00362591763868
-0.00036272567653
0.000362725676518
0.000183942481047
-0.000347123696448
-0.000199544461139
0.000546668157567
0.000313492074527
0.000660615770939
0.000270433481685
-0.00274428839131
0.00247385490968
-0.000464468171103
-0.00128418314139
0.00174865131251
-5.47275490518e-05
-0.00225032839444
0.00230505594355
0.00108628067445
-0.00060578599717
-0.00103003335918
0.000549538681873
-0.000799109360678
0.00103017695093
0.000155653042881
-0.000386720633158
-0.00165535491936
-4.24787162035e-07
0.000856670345791
0.00128515903062
0.000618897896141
-0.000873879975859
0.000891361081373
-0.000766238356895
0.000253508415889
-0.000378631140385
-0.000496655249431
0.000923548159708
0.000937839966538
0.000617752545817
-0.000466282647947
-0.0016455143491
0.000456442077711
-0.00125438224557
-0.000103459573115
0.000891559170712
0.00100615584525
-1.9924273605e-05
-0.000986656358787
-0.000152716589024
0.00127440825916
-0.000140993599365
-0.000980698070772
0.000232724202288
-0.00150541516129
0.00014457570651
0.00112811525258
-0.00060148768919
2.81879641309e-05
0.000728952767998
0.0008990189669
-0.000349293943859
-0.00104638027247
0.00103279494841
0.000139117485739
-0.000553014537988
-0.000632579559668
-0.000388243871879
0.000254585074656
-0.00276149802135
-0.00103067472551
-0.00135872883298
0.00017760828065
0.00141384475462
0.00151561326159
-0.000582049176159
-0.00018462863653
0.00205296604319
0.00108372625811
-0.000765964095598
0.0022305743238
0.00102968948366
-0.000313016032012
-5.60576807132e-05
-0.00331545318933
0.00405326657211
7.11007888263e-05
-0.000808914171681
-0.000379616382252
0.000328965889007
-0.000390529543993
-0.000621666397928
-0.00033243461953
0.000465489490826
-0.000164602622914
1.79475229119e-05
0.000145132332935
0.000171751658158
-0.000874026938762
0.00103124116963
-0.00106396550009
0.00106396550009
0.000654223140128
0.000286242744901
-0.00200443138511
0.00171818864019
-0.00204883518702
-0.000951116427486
7.80832800078e-05
3.04431111968e-05
-0.000485713145846
0.000290764570068
0.0002975787069
-0.000574166519125
-0.000198834113594
-0.000252365889495
-0.0001173411831
0.000104384648807
0.000129421900925
0.000710814043102
0.000279545026159
0.000322382347373
0.000736523987698
0.000211674630287
0.000275878475872
-0.000791771865362
-0.000364848132849
-0.000345435722827
0.000236933252541
-0.000214983817013
-0.000268356666847
0.000905876376499
-4.14475539594e-05
9.31006861742e-06
0.000480766957458
-0.000305661300309
-0.000325521226154
0.000589309193968
0.000167292777311
0.00021462491423
0.000118919719269
-0.000120418580501
-0.000158297226004
-0.000663930377852
-0.000259006848617
-0.00031123032739
-0.000684529039008
-0.000200569213223
-0.000252459128394
0.00086669660064
0.000267249893982
0.000302134162424
-0.000388528846079
0.000200992289493
0.000194499621439
0.0010664168508
-0.000395617836085
-0.000670799014727
-0.000895495982698
0.000756074967087
0.000139421015606
-0.000101310269773
0.000270008445755
-0.000168698175984
-0.000849130913575
0.0002683936267
0.000580737286873
4.12104461017e-05
-0.000437876123169
0.000396665677064
-0.000113862719876
0.00044398144723
-0.000330118727368
-0.000542776175146
0.000428913455259
0.000866891098616
-0.000320694198207
-0.000546196900415
0.00024790368085
-0.000685122919358
0.000437219238507
-0.000881960612493
0.000707735759528
0.000174224852961
-0.000835953853926
-1.31770596484e-05
0.000899094127052
0.000167322723741
-0.000288025142526
0.000186714872752
0.000455141422868
-0.000413930976769
-0.000819587724315
0.000395685480745
0.000423902243568
0.000914048506401
-0.000852713401342
-6.13351050043e-05
0.000655320768693
0.000258727737719
0.00126807360094
-0.000769347463037
-0.000498726137907
0.000893809139024
0.000374264461905
0.00119277584807
-0.000649977046736
-0.000542798801261
0.000423428385012
0.00113567318153
-0.000503389206505
-0.000632283975022
0.000705966084236
0.000429707097278
-0.000836287174169
4.68464880549e-05
0.00078944068611
-0.00103819663654
0.000605041043258
0.000433155593268
-0.000274697875732
0.000522601556575
0.000136424456226
-0.000570013681726
0.000433589225496
0.000456024348381
-0.000885227084534
0.000429202736149
-0.000849656828636
0.000922843992675
-7.3187164033e-05
0.000909170821404
-0.00103242501845
0.000123254197029
-0.000463611714558
0.000428216210216
3.53955043232e-05
-0.000218226632179
-0.000601361092136
-0.000138280170238
-0.000546842749119
7.27355633551e-05
-0.000909022737527
-0.000640906375052
-0.000254589607649
-0.00012637387134
-0.000723282957299
0.000707727373394
4.83475936926e-05
-0.000326248222281
-0.000555712390215
0.000686582904109
0.000180308194503
-1.205599302e-05
0.000718022077246
0.00056345537586
-0.000575511368886
0.000378826042019
-0.000846530250201
0.000467704208197
0.000894403187704
-0.000515577145682
-0.000161129064307
0.000836044493974
-0.000674915429668
0.000732680074714
-0.000498688925947
-0.000354024475391
0.000293425657756
-0.000792114583674
-0.000647554026077
0.000606709479614
4.08445464633e-05
-0.000653302515858
0.000462779820832
0.000190522695046
0.000474006517066
0.000237540670527
-0.000711547187572
-0.000958442446492
0.000111912196299
-0.00030312167778
0.00107351359815
-0.000179110410422
0.0004235365514
0.000675438011742
7.05159696889e-05
-0.000745953981405
0.00116641637655
-0.000330371882573
0.000663027170031
0.000875892231819
-0.000312436855969
-0.000481004054801
-0.000172298461039
0.000196416616053
-0.000677420670848
0.000498017241381
0.000191579541636
-0.000689596783041
0.000336888470682
0.000293186676842
-0.00063007514754
-0.000310665555391
0.000709511713908
-0.000235505196834
0.000649392591876
-4.26831122646e-05
0.000640933241944
-0.000178153421096
0.000773878294036
-9.84402822833e-05
0.000714591279519
-0.000216574038118
0.00049300501372
-0.000356580557519
0.000333116056669
-0.00033824276614
-0.000699953870413
0.000202649004365
0.000652491081543
-0.000855140085919
-0.00045425173508
0.000722645361771
-0.000726551978183
0.000405857779976
-0.000265635746558
0.00072166009494
-0.000403897022819
-5.97146917449e-05
0.000200995856335
0.000708174965061
-1.88162186543e-05
0.000454480769747
-0.000850098605843
0.000632648302058
0.000290195690619
-0.000665037287615
-0.000367387730839
-0.000250988813319
-0.000634238271215
-0.000544083942695
9.25004992886e-05
0.000451583443411
-0.000223871858649
0.000828912901894
-0.000461881048673
-0.000299521536629
0.000761402585296
-0.00011008083956
-0.000777443881552
0.000887524721105
3.35507545203e-05
0.000751897301994
-0.000785448056491
-1.80955861245e-05
0.000517121041395
-0.000499025455264
-0.000749295739387
0.00104193662109
-0.000292640881712
-8.94803901663e-06
-0.000535135903696
8.7724367516e-05
0.000680070995868
-0.000767795363391
-0.000594059886999
0.000446179223721
-0.000464274809861
0.000683235517722
-0.000480586513362
0.000712869861993
-0.000317184381247
-0.000666199056576
-0.000169754797348
0.000775118127175
0.000123975999871
-0.000515156221988
7.72800988189e-05
0.000426818927891
1.71625193274e-05
0.000476736717504
8.88005553228e-05
-0.00056553727283
-0.000389937775451
1.43598703656e-05
0.000375577905082
0.000789356762183
-0.00054380904128
-0.0002455477209
0.000555440890662
0.000233915871498
0.000358004802643
7.02114075516e-05
0.000265183314191
4.82513156246e-06
0.000675184068462
-0.000198447350959
-0.000585389395369
0.000673113762883
0.000110386120888
-0.000859681860279
-0.000800615879425
0.000741557523355
5.90583560754e-05
0.00086229711146
-0.000799785571864
-6.25115396049e-05
-0.000844711557445
-0.00095146455811
0.000786319593989
0.000165144964109
-0.000213079209193
-0.000587536670233
0.000233194091619
0.000629103019839
-0.000298291280782
-0.00065317327734
-0.000237421612702
-0.000680209419145
0.000917631031839
0.000538494231595
0.000503442389491
-0.000491915972207
0.000482967933214
-0.000488886474174
9.8948698722e-05
-0.00027366527216
0.000543941978189
0.000456902622828
-0.000783150845113
-0.00049875777435
-0.000182078212818
0.000680835987155
2.08734899882e-05
0.000665709414113
0.000569294719944
-0.00069566859129
-5.83267467273e-05
0.00043334962286
0.000122652838012
-0.000556002460881
-0.000311396523543
7.2449852727e-05
-0.000571207627082
0.000385933941826
0.000334306076211
-0.000720240018037
-0.000438150258242
-0.000319845553857
0.000757995812096
-0.00074358321265
0.000305432954407
-0.000677549969055
0.000116713970748
0.000560835998313
-0.000394715136466
3.74804296046e-05
0.000357234706844
-0.000307876352698
3.70465043833e-05
0.000270829848307
-0.000224636850173
3.58731874809e-05
0.000188763662691
-4.04428566581e-05
-0.000593795414555
-0.000721203638037
9.08965194811e-05
0.000630307118568
-0.000144201949783
3.37374564533e-05
0.000110464493324
0.000638288500733
0.00025202402021
-0.000890312520951
-0.000656218879592
-6.49847584491e-05
0.000252937094277
-0.000198391838294
-5.45452559533e-05
-0.000357649270823
-0.000572334066589
0.000455894484878
0.00011643958172
0.000758260043323
-0.000693489652466
-6.47703908569e-05
-0.000882031057094
0.000504208274622
0.000377822782469
-6.50608943392e-05
3.0350217375e-05
3.47106769812e-05
0.000749882797967
-0.000574286495446
-0.000175596302516
0.000149336703401
-0.000279952242057
0.000130615538686
2.40717829771e-05
-0.000345679912071
0.000321608129122
0.000181556923721
-0.000209744375703
2.81874520123e-05
1.44262154709e-05
2.54867487131e-05
-3.99129641679e-05
-0.000196906332247
0.000205820192155
-8.91385986912e-06
9.4636321278e-05
-0.000343147467357
0.000248511146113
0.000309896253474
-0.000215259932187
3.71146570831e-05
-0.00084695968359
0.000809845026507
0.000779937186491
-0.000871584574197
9.16473876984e-05
-0.000337131419119
0.000909688112719
-0.000572556693605
-0.000337441379288
0.000162384498493
0.000175056880814
-1.10607107455e-05
-0.000383654425714
-4.51781123417e-05
-0.000815433858856
0.000860611971206
-0.000586653449574
-0.000403908142925
-0.000478122914167
0.000894160871494
-0.000374496412153
-0.000519664459348
-1.08445063933e-05
-0.000297031846303
0.000557029452375
-0.000808855027682
0.000845969684769
-0.000734603307116
0.000315162462935
0.000419440844168
-1.01006551745e-05
-0.000214536194999
5.05832392147e-05
0.000315592005295
-0.000366175244482
-0.000718294702735
0.000511223877341
0.000207070825388
-0.000768461069641
-0.000345366162527
0.000395949401753
0.000212297971094
-0.000121035982127
-9.12619889326e-05
0.000754351367881
-0.000456022477658
-0.000298328890229
0.000483748808062
0.000270602559813
0.000176641167013
4.91575672963e-06
0.000390829559548
-0.000256562766757
-0.000134266792764
0.000742986530728
-0.000658479658947
-8.45068717769e-05
0.00068270590551
6.0280625224e-05
-0.000111235448854
0.000185949496512
-7.47140476218e-05
-0.000760275331556
0.000113559124599
0.000646716206962
-0.000342770517398
-0.000391832789729
0.000171436915105
9.77423683555e-06
-0.000181211151899
-0.000313951392962
0.000401807636109
-8.78562431625e-05
-8.59858697688e-06
-0.000135603362804
-0.000135811654092
-0.000624463677461
9.97803843788e-05
0.000744449589547
-0.000784892446202
-0.000540831398097
0.000406405888044
0.000134425510037
1.35748716134e-05
-0.000822429899297
0.000405788429284
-0.000147895417069
-0.000257893012217
-0.000436350547934
9.46619117584e-05
0.000341688636163
-0.000106751307153
-0.000136305686195
0.000243056993376
-8.99908120747e-05
-0.000482343254518
-3.80869895022e-05
0.000209523904626
-0.000789239018786
0.000802813890399
0.00026790292249
-0.000202026612469
-6.58763100123e-05
0.000121315747811
0.000284472681466
0.00032046944101
-0.000147714352997
-0.000172755088016
-0.000315034800124
-0.000112867534933
0.000588526042439
-0.000475658507531
-6.07311908864e-06
-5.89877752377e-05
0.000142454637853
-0.00012347170931
-1.89829284926e-05
0.000238583358205
-0.000147981639151
-9.06017190596e-05
0.000121520784992
0.000117062573201
0.000121276131204
0.000199193309803
6.05033901732e-05
0.00015179458094
0.000133149884295
-0.000873271369681
0.000740121485392
-0.000211527788036
6.35461488699e-05
-0.00017442631266
-3.7101475373e-05
0.000614071143875
-0.000869553673415
9.72020153688e-05
0.000772351658043
-0.000234545894674
0.000420823312639
0.000236984180821
-0.000657807493462
-0.000736438239993
-0.000133115433419
0.000211268905237
-0.000241598720354
3.03298151441e-05
-0.000217986755994
0.000883153273508
-0.000695056349338
-0.000188096924173
-0.000111508975848
0.000260845679266
0.000148941105176
-0.00013262834266
-1.63127625112e-05
0.000394827224917
0.000522952536543
-0.000917779761465
-0.00016424340499
-0.000115708837052
0.000468437858244
-0.000575533670423
0.000107095812219
0.000146715033517
0.000866128910165
-0.000788045630166
-0.000861864495855
0.000820416941876
-0.000850250421654
0.000785435504513
6.48149171416e-05
0.000967022946471
-0.000884988907001
-8.2034039472e-05
0.000194737346368
0.000115158907119
-0.000268664083773
-7.44833835658e-05
-0.000892516638875
0.000241196600463
0.000651320038409
-0.000610473711131
-0.000282042927743
-0.000374994220709
0.000680427175114
0.000310560487052
0.000586025404131
-0.000896585891203
8.86936892967e-05
0.000608076420389
-0.000187253107752
0.000324705564369
-0.000398390399871
7.36848355543e-05
0.000261522573895
-0.000469344262915
0.000207821689022
0.000894069800495
-0.000652873200034
-0.000236746473072
-4.54549943083e-05
0.000282201467408
0.000299214401586
0.000140177963502
-0.000276483649684
0.000199013451157
0.000424996771862
-0.000100291207501
0.000253633648093
-0.000628627868802
-0.000342938276089
-5.54521237657e-05
-0.000142704032914
-0.000370692797931
2.7754521866e-05
0.000133450969253
-0.000229394018456
3.24876862373e-05
1.77322243264e-05
-0.000254478697378
0.00022355241649
-0.00077388838776
0.000442872102422
0.000331016285343
-0.000419588800525
7.42226380073e-05
0.000302562462
0.000152228874688
0.000119695575055
0.000305301196837
-0.000333781348603
0.000211275692862
0.000122505655737
0.000314119078081
-0.000290047295088
-0.000627907449794
0.00010989946355
0.000518007986228
-5.13915775976e-05
-0.000158352798084
0.000931591992078
-0.000621031505041
0.000252836785822
-0.000872816888612
0.000619980102784
0.000810380297686
-0.000845716129737
3.02822709001e-05
-0.000837649614968
0.000312424792526
0.00032241075634
-0.000634835548882
0.000305648522888
0.000225813915344
-0.000531462438206
0.000104958093479
0.000285871466093
0.000284012284527
0.000291265188027
-0.000575277472558
0.000976515031049
-0.000750470037262
0.00075069380809
0.000216329138405
-2.26970940963e-06
1.66959249059e-05
0.000494640992748
-0.000869137404905
0.000871698018069
-0.0007744960027
0.000779757520622
-0.000535056872788
-0.000244700647826
0.000205471025179
0.000557977992515
-0.000252329469613
0.000346476554244
0.000457888867057
-0.000804365421307
-0.000308600676718
0.000584917686381
-0.000276317009648
0.00084111754699
0.000773051329988
0.000135227203076
-0.000808133925099
0.00067290672201
-0.000184747125896
-0.000149034222716
-0.000853929610381
0.000868685460313
-0.000120208281577
-0.000733721328795
9.01668076007e-05
0.000735015293043
-0.000825182100641
0.000755776211495
0.000112909248815
-0.000502597398721
0.000897424623633
0.00106646605369
0.000780964762545
0.000285501291136
8.64866920481e-05
0.00018141623048
-0.00035566744884
0.000668092241358
0.000891125286553
4.01866538283e-05
-0.000163658363114
-0.000806876322904
-5.4988172956e-05
0.00022816244112
-0.000376057858195
-0.000240113601962
-0.000254840287163
0.000472082901637
-0.000217242614444
0.000242375605375
-0.000528908143186
-0.000340676042046
0.000569166434069
0.000308719924274
-0.000617320600983
0.000670038916866
-0.000489272904099
-0.000180766012763
-0.000698437966242
0.000837477400241
-0.000333269125621
1.72326730924e-05
-0.000839662572387
-0.000811281274189
0.000276224401406
-0.000932477461004
0.0007336433474
0.000867232844396
-0.000699940067091
6.92468813595e-05
0.000158044057477
-0.000227290938836
0.000467745917821
-0.000373084006078
-1.07700828799e-05
0.000222038988139
1.03134103791e-05
-0.000184739723044
-0.000419791547442
0.000662167152807
-0.000181095330174
0.00083313908995
-0.00076690820647
-6.62308835009e-05
0.000842272076115
-0.000855923167217
1.3651091063e-05
0.000144568774585
-0.000292283127586
0.000724023968987
-0.000588796765928
-0.000388474017604
0.000248411541751
0.000140062475867
-0.000274844641477
-0.000392148295732
-0.000148683102368
0.000409208422532
-0.000414677976434
5.46955393334e-06
-0.000184194267884
0.000253441149239
-0.000500903377087
0.00024606308994
-1.05817496156e-05
-0.000360111048292
-5.0316979134e-05
0.000847920117816
-0.00079760313869
0.000364179486434
-0.000326699056811
0.000612407981791
-0.000440656323654
-0.000520834968783
0.000349835016708
0.000159254515553
0.000160516906888
-0.000417079673628
-4.28167538311e-05
0.000200860811298
-0.000175445096485
5.81926078534e-07
0.000792834292221
-0.000793416218309
0.000336151379532
-0.000679959228493
0.000343807848969
0.000679226102583
-0.000232544957965
-0.000658191974382
0.000266089559572
0.000349438572321
5.26121138146e-05
0.000789659962339
-0.000489669888105
-0.000138237561702
0.000740670825688
-1.91964006747e-05
-0.00072147442495
0.000288286273282
-0.000421363739963
0.000133077466669
0.00027933935356
-0.000242292849167
9.57536707931e-05
-0.000279947938687
-0.00069842657865
-0.000109707346486
-0.000268778442544
-0.000227952229093
2.95603908207e-05
-8.57551641355e-05
-0.000696882126075
0.000277090578623
0.00064487130381
0.000816230836609
-0.00086654781575
0.000197851267978
-0.000161978080488
0.000284450370506
0.000187632531151
0.000727398463239
-0.000674786349408
0.000145433393717
0.000524605523148
-6.63016383534e-05
-0.000296710030186
0.000363011668543
-0.000727014221504
-5.71357907005e-05
0.000784150012235
-0.000416553255968
0.000213224850926
0.000203328405052
2.23346675176e-05
0.00084151279072
-0.000408357197462
3.74167423368e-05
-0.000485279928787
0.000447863186453
0.000960917948418
-0.000608663794179
-0.000352254154242
0.000636199168578
0.00032471877982
0.000636453700339
-0.000519739729584
0.000307029363657
0.000315565552331
-0.000381867190672
1.36566041926e-05
-0.000339042372063
-0.000215905404769
0.000554947776842
0.000513907141269
-0.000786568276727
0.000272661135454
0.000310717046657
-0.000391535203183
8.08181565478e-05
-0.000497125491692
-0.000314155782489
-0.000294321792592
-0.00079358952611
0.000774393125484
0.000444967277401
0.000816812762685
0.000245875314318
0.000376381619542
-6.5664572862e-05
-0.000683354247745
0.000342678205699
0.000484098203069
-0.000503059098959
0.000710121996414
-0.000899851406276
0.000853074070024
-0.000682987995929
0.000898774900722
-0.000215786904805
0.000118477302048
-8.47398455714e-05
0.000562914715598
-0.00083698069909
0.000274065983498
-0.00015284277018
0.000812099621486
-0.000659256851312
0.000134557918926
-0.000186823031597
-0.00022973022438
-0.000846311132605
0.00069346836242
0.00084068769761
-0.000748723762059
0.000793069663231
0.00038122008532
0.000328901911093
0.000858008714146
-0.000813697934047
-2.56283891586e-06
-0.00034311707314
0.000929220355917
-0.000293021187346
0.000605520433812
0.000180586270871
-0.000786106704652
-0.0003580721456
-0.000515633899154
0.00087370604475
0.00095707829384
-0.000475451936774
-0.000481626357067
0.000253251358421
-0.000924050373161
0.000585279457353
-0.000750096140347
0.000164816683018
0.000723251863191
-0.000137972405783
0.000281660982876
0.000539805221815
-0.000674251575934
-0.000151376225226
-0.000549883388976
0.000701259614198
-0.000263202667784
0.00055396723785
-0.000182993845528
-0.000589099385919
0.000772093231437
-0.000802944965114
0.000299885866159
0.00101471982417
-0.000530621621112
-0.000856832058693
0.000801843885737
0.00020904087001
-8.44804006488e-05
0.000774238142439
-0.000476664335533
-0.000297573806907
0.000175935934175
-0.000360683060074
-9.11232202421e-05
0.00040668877258
0.000629105775956
0.000663966319939
0.000265254035965
0.000277415726805
-0.000406370366283
0.000128954639494
-0.000727496535057
0.000551900232542
-0.00013233283784
0.000600770696107
0.00033196452586
0.000442273616572
0.000314612919261
0.000522864480974
0.000341543662174
3.48379573895e-05
0.000398626672929
0.000750891322089
0.000134712511291
-0.000573088466876
-0.000104672648577
0.000677761115436
-0.000740475611147
-0.000423883661768
0.000332760441526
0.000682118904083
-0.000142313682273
-0.000527724072815
0.000311818668064
5.92403829561e-06
0.000916826810328
-0.00039387427379
8.47041953009e-05
0.000451087912451
-0.000145786715583
-0.000114119476369
0.000244228004382
-0.000549889304695
0.000344129845601
-0.000841255337287
0.000683286182227
-0.000172062304894
0.000337126627131
-1.98733914718e-05
-0.000317253235641
-0.0001930688685
-0.000503813257586
-0.000232548695493
-0.000284890698597
0.000476853812782
-0.000191963114147
-3.78186866509e-05
-0.000940372365439
0.000726099487804
0.000214272877626
-0.000487760569217
0.000255211873717
-1.85673861066e-05
-0.000306822164108
-0.000373137064377
-0.000805859552725
0.000166197213866
0.000493676459962
0.000142777240384
0.000335424292035
-0.000440472267235
0.000105047975205
-0.000444190905544
0.000257367873949
0.000506202973791
-4.90677111893e-05
-0.000457135262604
3.9601684693e-05
-9.25146729373e-06
-0.000379840019034
-0.000194898681889
0.000364730556777
-0.000134816251558
-0.000128995774599
0.000263812026185
-0.000161561239557
-0.00077881112589
0.000606423040864
-0.00074396354196
0.000639290893364
-0.00074969422687
0.000763350831076
-0.000443536719596
0.000248638037705
0.000752956774695
-0.000545885949322
0.000473099465184
-0.000130336570361
-0.000342762894807
-0.000886922949911
0.000193688221865
0.000693234728035
-0.00041473872198
0.00074670324782
-0.00058469692321
0.000801026061629
0.00041959321464
-0.00102825700883
0.000591583851385
-0.000850590700005
0.0006632036146
-0.00016952715463
-0.000600066211377
0.000879611237516
0.000439156462174
0.000391009122364
-0.000830165584543
0.000180606708256
0.000572350066443
0.00024172715655
0.000179102670667
-0.000420829827195
-0.000799693554202
0.000724785580858
7.49079733391e-05
-0.000690010666336
0.000354002747664
0.000336007918661
0.000618756110834
-0.000876465651695
0.000257709540871
0.000122756708753
0.000601267260241
0.000790224725268
-0.000700057917663
-0.000347851292072
0.000428669448637
-0.000222956629971
-0.000723681104057
0.000917369325912
0.000794716666487
-0.000517626087875
0.000389160785089
9.4568020747e-05
-0.000442419312807
-0.000570810004469
0.000885422923718
0.000319838426113
-0.000699216672719
0.000379378246602
-0.000910979795802
-0.000616373959936
0.000222722787445
0.000393651172472
3.25785358187e-05
0.000760255756397
-0.000310206423329
-0.000379804243033
-0.000137564824104
0.000472989116127
-0.000256886169557
-0.000542807384643
-0.00039545717394
0.000917867564918
-0.000706192934644
0.000951018601807
-0.000293347478825
-0.000657671123005
9.00939520767e-05
0.000465574371114
-0.000555668323186
0.000408813978516
-0.000302840060173
0.00052826296111
0.000317776830995
-0.000846039792101
7.24238875731e-06
-0.000614918609507
0.000607676220738
-0.000338024969037
0.00041460875562
-8.65290559547e-05
-0.000353943211283
-0.000515574880575
-0.000211921654479
-0.000340334220374
-0.000294501328515
0.000443381456153
-0.000707407994133
0.000264026537962
0.000411054635972
-0.000717876800077
0.000338790424327
-1.66379719822e-06
-0.000284101382732
-0.00016008952281
0.0009829790497
-0.000658260269891
-0.000326793088277
-0.000578472072885
0.000905265161154
-0.000724945145322
-9.00087527204e-06
0.000774668943445
-0.000765668068189
0.000415161892016
-0.000103541183353
-0.000311620708673
-0.000314630707039
-0.000617417133011
0.000354214465223
0.000344270116721
-0.000250961236459
0.000652397958969
-0.000401436722496
0.000829608305028
-0.000301345343914
0.00068816454828
0.000262854053506
-0.000164643209731
0.000370109878256
-0.000507674702367
0.000232918981977
-0.000204731529943
-0.000426240244927
0.000633505681819
-0.000207265436901
-0.000231204502765
0.000919369051035
-0.00095488560683
0.000359849310997
0.00024822710939
-0.000464708988689
0.000116888936263
0.000347820052434
-0.000118572962244
-0.000727738170362
-0.000690408847733
0.000439447611283
0.00057272213547
0.000117711218837
0.000672513506435
0.000131060509284
0.000143489099019
-0.000748018337405
0.000604529238402
0.000603775808349
-0.000454471054616
-0.000149304753739
-0.000926859299655
0.000455428660942
-0.00027632599027
0.000498348274843
0.000363811178014
-0.000862159452848
0.000177535563417
0.000216847059865
-0.000502180129862
0.000285333069992
-0.000150492451457
0.000236979143525
-0.000854252249846
0.00072113681642
-0.000670881679977
0.000120998290994
0.000223555950172
-0.000731228413538
0.000507672463376
0.000842478120447
-0.000506838205063
0.000525587539041
-1.87493339588e-05
-0.000923064158725
-0.000792824444056
-0.000617026197854
0.000797632906099
0.000466852897561
0.000196350717051
-0.000561163480565
0.000741749751445
0.000578475402656
-0.000642290570444
6.38151677795e-05
2.24297986681e-05
0.000401642760463
-0.000424072559148
-0.000191981234768
0.000579241454384
-0.000571999065632
-0.000405116434934
-0.000211257525011
0.000794216009517
-0.000445225043473
-0.000348990966034
-0.000275089461732
-9.32814305036e-05
8.30751650233e-05
1.0206265499e-05
-0.000172182542767
0.000542292421018
0.000744074539818
-0.000862647502065
0.000704325097334
0.000266886741135
0.000650980823778
-0.000167508874141
-0.000686743375709
0.000537630547635
-0.000106017595293
-0.000431612952317
-8.91729760685e-05
-0.000486360694335
0.000486893508122
-0.000518491821054
3.15983129596e-05
0.000578173943273
-0.000355451155826
-0.000839982827829
0.000738182678013
-0.000615425969268
4.88294296121e-05
0.000534797942708
-1.99446969298e-05
0.00048006022703
-0.000281563689165
-0.00088410507006
0.00068353585684
0.000339253539598
-0.000442794722966
0.000428979395755
-0.000598671725262
0.000169692329537
-0.000256070826016
-0.000308907828258
0.000564978654265
-0.00039143484021
0.00063566284459
-0.000103957682305
-0.000560619020763
0.000664576703055
0.000361665919537
0.00011724111102
-0.000478907030539
-0.000221297624189
0.000947397111986
0.000807211952792
-0.000234489817319
0.000456561333007
8.10692146347e-05
-9.2406277322e-05
0.000316731429975
-0.000422981948003
0.000445411746675
-0.000473648219721
0.000387119163756
-0.000814264694543
0.000776446007893
-0.000702166122448
0.000310731282236
-0.000190039993699
-0.000437246105491
0.00026561814664
0.000171627958867
-0.000235308232888
0.000603693425332
-0.000368385192451
0.000655631409469
-0.000823140283616
0.000436477191188
-0.000501694330535
6.52171393498e-05
-0.000592401736372
-0.000247581091465
-0.000721803789916
-1.53610128416e-05
0.000737164802757
-0.000760275528399
-0.000334083282225
0.000745137918203
-0.000196430470825
-0.000143445321437
0.000715795387867
-0.000551347493146
-6.36530164829e-05
0.000615000509655
6.97346524904e-05
-0.000492716600508
-0.000757994319788
0.000278429188794
0.000479565131001
0.000625330112813
-6.19304880396e-05
0.000403197298601
-0.000228196945674
-0.000175000352922
-0.000378126233855
-4.57574279083e-05
0.000501219349031
2.43681900326e-05
-5.09516222478e-05
0.000552170971294
0.00022048718554
-9.10652846166e-05
8.55785154343e-05
-0.000243875741438
0.000186194214942
0.000621017737853
-0.000539840860791
0.000649740324323
0.000736956561602
-0.000500443236457
-0.000236513325164
-0.000890288054724
0.000691849132034
0.000198438922688
0.000398197448929
0.000154312759269
0.000318676356864
0.000300222800857
6.39566855701e-05
-4.82685785175e-06
-0.000285220437216
-5.85707535107e-05
-0.000256313657938
-0.000627791412124
0.000476269927797
0.000260686633795
-0.00070119455858
0.000263359204957
0.00044206633878
3.34540789152e-06
-0.000698796353435
0.000198353116974
-0.000161324742556
-0.00022185381114
-0.000525104377957
0.000746958189097
-0.000689631570875
0.000608975884087
-0.000914418166276
0.00030544228217
0.000808753116795
-0.000490976285802
0.000103341920115
0.000256733722731
-0.000360075642844
0.00039421945208
0.000143479648036
-0.000537699100085
-0.000545241376265
-0.000630073364495
0.000526115682177
-0.000356742045442
0.000710744793097
0.000563911781628
-0.000571935685868
0.000830663423608
-0.000388191911252
0.000482759932017
-6.79473738397e-05
-0.000405700845884
-0.000397438715117
-0.00071167246794
0.000382862084998
-0.000354357689826
-0.000133402879403
0.000351568379815
-0.000863868989591
0.000512300609784
-0.000282933346223
0.000143722562268
0.00061351155277
-0.00075723411505
-0.000173133578843
-0.000525662774606
0.000279260894598
0.000424708723085
-0.000517661922667
9.2953199571e-05
0.000313153696534
-0.000569224522551
-0.000270581786112
-0.000343041782301
0.000613623568403
-0.000469840798138
-0.00023756719601
0.000263278580596
0.000213575232185
0.000313123977423
-0.000560910167248
0.000247786189818
0.000265945732151
-0.000396308910871
-6.84000778234e-05
-0.000363926948246
-0.000403247090538
0.000767174038773
0.000390950758237
-9.07279573705e-05
-0.000338059706377
-0.000602299115385
5.17890095556e-05
0.000643665549443
0.000153967356656
-0.000236809892425
-0.000653478162314
0.000364734879532
-0.000189677998733
-0.000793789496988
0.000793841996376
-2.35165266075e-05
-0.000358350664064
-0.000641111578801
0.000577458562336
0.000793467040787
0.000162698171116
-0.00025194128664
8.92431155473e-05
-0.000316520853557
0.000652528772217
0.00048692486657
-0.000308738045822
-0.000178186820746
-0.000319024410529
0.000200873558731
0.000118150851801
0.000716734399646
-0.000711898102293
-4.83629735404e-06
-0.000250321856409
0.00020859998444
0.000156134895111
-0.000482228614084
0.000733025093397
-0.000558800240443
-0.00011959356943
0.00032819355388
0.000261911440106
-0.000624133371954
0.000362221931833
-0.000377752865357
0.000767714067712
-0.000389961202378
1.94460086225e-05
0.000697288391025
0.000663527424812
0.000255841626209
0.000407898466876
-0.000866660550159
0.00045876208329
-0.0006490820514
0.000255857969649
0.000393224081734
0.000438255599949
-0.000163874708346
0.000474214933809
0.000525827533599
0.000513488744678
-0.000443754092192
0.000920430882127
-0.000536746412438
-0.000383684469694
-0.00064950914212
0.000378927355996
-0.000570611752854
-0.000215956523874
0.000799353971736
0.000371667392945
-0.000570939030037
0.000199271637088
-0.000430595643086
-0.000218486408323
-0.000313464673307
0.000592330027157
-0.000279206049754
-0.000235132160972
-0.00030323737976
0.000538369540731
6.58102769676e-05
1.27187476952e-05
-0.000454885952663
0.000442167204938
0.000120755549116
-0.000575226603744
0.00050551762206
-0.000186841265192
0.000132761940109
0.000367023211256
-0.00049978515137
-0.000117012126969
0.000279710298108
0.000416089131031
0.000331251963661
0.000222715274187
-0.000702357781294
-0.000171049836005
0.000772317096251
0.00018296889258
-0.00075106755877
-6.31971357678e-05
-0.000401118322315
0.000211440323589
5.90314531867e-05
-0.000789291603277
0.000141963987655
0.000288666689139
0.000609972456387
-0.000898639145533
-0.000190254172969
-0.000311925956899
-4.96675288397e-06
-0.000250322873591
0.00025528962651
-0.000223520261478
0.000874840299882
0.000117635903317
0.000273314854929
-0.000201653271706
-0.000174404586496
0.000494209506545
-0.000352245518888
0.000339755865731
-0.000530010038705
-8.50568440698e-05
-0.00011523996451
0.000200296808631
0.000858668990497
-0.0004792907439
1.45986940451e-05
6.84764710042e-05
0.000656428989999
-0.000394517549899
0.000600911427428
-0.000229244034486
0.000287225104086
0.000305104923063
-0.000273684474416
0.000219139218485
0.000238461612112
-0.000809073364969
-0.000171935209069
8.68783650132e-05
-0.000604653137365
0.000903796313837
0.000591133857088
-0.000873176784837
0.000186828192979
-0.000228733599521
-6.29415579461e-05
0.000291675157491
0.000201544026897
0.000118579871712
-0.00068864523043
0.000570065358713
-0.0002022802423
0.000467898388933
-0.000697015541068
0.000184789289
0.000512226252058
0.000481865460748
-0.000469146713074
0.00084728060295
-0.000256146745862
0.000333211643797
-0.000229869723703
-0.000221154301527
-0.000227339976071
-9.16844344495e-05
0.000533858454605
-0.000840371754213
0.000306513299597
0.000449649377799
0.00033478653389
0.000311591440427
0.000289319986991
-6.14707157395e-05
0.000202619052437
0.000130592591355
0.000146286115787
-0.000374483061456
0.000136380552253
0.000425481794011
0.000489435230466
-0.000914917024483
0.000505145567585
0.000144545362721
-0.000447713840486
0.000303168477785
-0.000835547959422
5.42003787506e-05
-0.000461890306957
0.000465235714846
-0.000229490363442
-0.000504740105368
0.000152494586493
-0.000488176112792
0.00013381842296
-0.000547022800479
0.000115409848167
0.000244321770743
9.04647631619e-05
0.000262051161983
0.00024069857656
-0.000502749738526
9.94599543604e-05
-0.000336908267881
0.000927490558833
-0.000752943857341
-0.000526431809818
-0.000128415889608
0.000654847699443
-0.00056633607678
0.000288202994571
0.000278133082224
0.000405192236119
0.000362521831591
0.000330649989303
-0.000564464015358
0.000233814026047
-0.000165265129392
0.000802695046406
-0.000637429917028
0.000361957674075
-0.000783986003567
0.000449902721341
0.000594794034099
-7.67860479001e-05
0.000632771593776
-0.000321180153352
-0.000773205330317
9.22957140808e-05
-0.000820033884448
0.000115396581306
0.000600398806554
-6.31776239424e-05
0.000421200686838
-6.39659799951e-05
0.000144689949727
0.000217267724355
-0.000590389175981
-0.000306175806467
0.000673890576041
-0.000367714769587
-0.000636691427284
2.17728177721e-05
-3.46143497093e-05
-0.000510187348091
0.000699657912092
-0.000216138801497
-0.000483519110608
0.000347159674512
1.61210882553e-05
-0.0005343927827
0.000695890577911
-0.000161497795227
0.000497099234491
0.00024108344352
0.000536185276862
-0.000205535287564
0.000163102746588
0.000323822119991
0.000216161729628
-0.000242979099253
0.000446307504298
7.97503491031e-05
-0.000540336718995
0.000520671443709
1.96652752786e-05
-0.000158064007636
-4.04616064302e-05
6.5948355176e-05
-0.000259359092303
-1.80746138168e-05
-0.000291524689791
6.41847137099e-05
0.000472015479709
1.42874146044e-05
-3.76882412437e-05
-0.000253836448533
-0.000130080274749
-0.000499993089756
0.000880250540523
0.000179742277268
0.000737627048635
0.000417860217657
-0.000184064995141
-0.000477425889855
0.000661490884982
-0.000141881746037
0.000814395252482
-0.00026767308788
0.000431399994811
-6.54189712988e-05
-0.000365981023514
0.000192950380689
-0.000718054758633
-0.000685977451278
0.000127177210834
-0.000114411143004
-0.000598783078739
0.000468702803982
0.000405113741801
-0.000647016389711
0.000241902647897
9.27581450117e-05
0.000338641849795
-0.000506586239795
8.22697404278e-05
0.0004243164994
0.000372194396356
-0.000123683250238
-7.49457678744e-05
0.000601061450042
-0.000823068533305
0.000464996387704
0.000199379942146
-0.000784095102975
0.000584715160825
0.000732091424479
-0.000464220247484
0.000363929040016
-0.000542619220711
-0.000146026009716
0.000545464272197
4.13522839109e-05
-0.000443995847239
-0.000154787231504
-0.000406616596457
-0.000937028194035
0.000358556121144
-0.000364233961069
0.000695485924727
0.000180050805116
0.00035613447175
0.000189614365839
-0.000306626492789
-0.000577298977705
-0.000802046773737
0.000438119825484
0.000364108419561
0.000381029498648
0.000469965173302
0.000398932927934
-0.000868898101241
0.000772829025399
-9.59123720845e-05
-0.000676916653325
0.000895446967311
0.000325981217266
0.000384763575824
-0.00091353873314
0.000218689650987
-0.000688530449136
-0.000670141452904
0.00062376034147
-1.83948478961e-05
0.000116134645101
0.000591592728291
-0.000120555538613
-0.000336161866711
0.000870020321308
0.000143608425346
0.000136101872778
0.000334304315576
0.000460813362604
-3.75489841484e-05
-0.000423264378454
0.000387794232016
0.000331150659338
0.000282472909065
0.000567282620359
-0.000387231815245
0.000264897042648
0.000340733236908
-0.000605630279534
0.000873811362521
-0.000635349750411
0.000555550147248
-0.000811696893116
0.000395394391304
0.00081202420772
0.000614074769949
0.000669140279759
0.000122457526667
0.000131269848552
-0.000253727375244
0.000488983743314
-0.000538051454502
-0.000775817066896
0.000712619931128
0.000707916268534
-0.000162986827458
-0.000294915788094
0.000160099536554
-0.000301568621247
0.000281460609789
-0.000319148851039
-0.000541815216528
0.000421259677908
-0.00063006927363
0.000313548420069
0.000533119259801
-7.10935434695e-05
0.000751164539332
-3.02059681093e-05
-0.000256469945121
0.000286675913201
0.000135271557143
-0.00050780757739
0.000381642533726
0.000126165043664
0.000205043011226
-0.000179960174342
-2.50828368756e-05
4.2080394147e-05
-0.000587963767604
-4.8727659686e-05
0.000828261346557
1.96587712558e-05
0.000289465120629
0.000248904420105
-0.000640974371714
0.000641853168097
-0.000457063879104
-0.000228544955727
0.000149675012283
0.000239485772803
-0.000433916489859
0.000923351720322
-0.000882549307997
0.000727864160452
0.000434338143549
0.000461108823757
-0.0002256236678
0.000110383703317
-0.000267442517727
0.000886198628547
0.000533158571345
-0.000800601089076
-0.000284618893921
0.000704059738083
0.00045331672737
-0.000802610671233
-0.000553646341633
0.00100807734848
-0.00045426098597
-0.000304420872564
-0.000330472729467
-0.000151673105648
-0.000244102803545
0.000804854496351
-0.000560751692814
0.000432211469307
9.40499248025e-05
-0.00052626139412
0.00049439152446
-0.000569337292341
-0.000203746567576
0.000176946576142
2.6799991427e-05
-0.000624541766806
-0.000184531598165
0.000731299136909
-0.000430782871848
-0.000300516265072
0.000514498382711
-0.000743043338444
-0.000628060842378
-0.000481679154701
0.000413279076876
0.000235847742914
0.000204798240391
-0.000440645983299
-0.000280215301367
-0.000291022066924
-0.000619457100233
0.000910479167153
-0.000628436125071
0.00105237247955
-4.59451945352e-05
7.55773497817e-05
-0.000387198058477
0.000412495388853
0.000449714176687
-0.000469658873599
0.000455183730629
-0.000479439579739
0.000407552604875
7.18869748582e-05
0.000589643456071
0.000213051590324
-0.000717174440214
0.000856595455817
0.000478242327685
-0.000694198851562
0.000381885774417
0.00025088581937
-0.000299165376106
0.00018345653907
-0.000724422506987
0.000551288928131
-0.000172130633214
0.000389398357582
-0.00082156625274
0.000197024485931
0.000541132776535
-0.000171099125388
0.000474267603196
0.000261033667341
-0.000517467426772
0.000256433759437
-0.000335572314648
-0.000466474459094
3.60707699693e-05
0.000543170684406
0.0005115036755
9.16776820204e-06
0.000547574445463
0.000122278476247
-0.000112072210726
-0.000479200589593
-0.000301439034117
0.000230126745001
-0.000260332713101
0.000701735481927
1.38131833552e-05
-0.000470948445959
-0.000552333790356
-0.000693564691353
0.000715138174937
-0.000200639792221
0.000223893390326
0.000273285170501
0.000133403602089
5.99065485454e-05
0.000156173658362
-9.77970460142e-05
0.000606985852183
0.000122492665803
3.65155728416e-05
-0.000159008238606
0.000598096455615
-0.000842199259163
-0.000231423188663
-2.33077579883e-05
0.000254730946614
-0.000529488566024
-0.000385428458462
0.000328052046366
0.000264733994841
-0.000200549281135
0.000582789295597
0.000451281682663
-4.37290777872e-05
-0.000476833516077
0.000325160410438
-0.000343308347912
-0.000497063406308
0.000290186862594
0.000362341909596
6.50401990316e-05
0.000309804489297
-0.000374844688333
0.000282895947218
-0.000402562634308
0.000119666687088
7.66129354489e-05
-0.000880508425327
0.000245158674912
-1.50066423562e-05
0.000766171181681
6.0083710668e-05
-0.000316553655767
-0.000490518060265
0.000452969076111
-1.29644365005e-06
-0.000728489121133
0.000244970010519
-0.000909186857973
0.000697472671321
-0.00045841318124
-0.000239059490088
3.80724017213e-05
-0.000404053425235
0.000486514392266
0.00026668979947
0.000281143889957
5.53202323393e-06
0.000174132275785
-0.000376052004813
-0.000170583582614
0.000406431325507
-0.000881554458108
-8.00261576214e-05
0.000346500808819
0.000172518954225
-2.72450366324e-05
-0.000299460714475
-0.000177372801606
0.000430973605234
-0.000148077658016
-0.000237650756511
0.000218383379033
0.000249515009905
1.06347366227e-05
-0.000433899115072
0.000456473900342
0.000488077089306
-0.000311321718895
-0.000176755370413
0.000800772240992
2.74891055612e-05
0.000466849402374
0.000481350292063
-0.000463967724471
-1.73825675911e-05
0.000231235834551
-0.00025481637437
-0.000909934057219
0.000290476956982
-0.000179565165778
0.000174802274752
-0.000432695286965
-0.000438025944152
0.000509912919007
0.00050217563191
-0.000837747946562
-0.000648615935875
0.00050258992616
0.000569306555141
8.04337691668e-05
0.000366722469331
-0.000896211035361
-0.000460113983738
0.000228962723681
0.000231151260067
0.000255973252315
-0.000482881598903
-9.23450048501e-05
0.00047504979253
-0.000675689584752
1.06699183118e-05
-0.000264506366856
0.000211153615685
-0.000113499557619
6.4692846556e-05
0.000837052753419
-0.000204140731423
0.00058167986583
0.000330936964405
-0.000912616830242
0.000340495005072
0.000569984162077
7.22662458944e-05
0.000248837031604
0.000581826391981
-0.000452780608454
-0.000622561729077
4.00546695158e-05
0.00058250705956
-6.57734224568e-05
-0.00064121718631
0.000706990608763
0.0009221748709
0.00025399212868
-6.79786062955e-05
0.000500190075583
0.000489996391024
0.000528901571132
-0.000766990724169
-0.000444151130729
-0.000473628630739
-0.000705431607641
0.000100634488359
-0.000538660432517
-9.28508782502e-05
0.000662916236966
0.000305807633597
-0.000324375019681
0.00051464084733
-0.000466097125735
0.00056014705054
-0.000336772286612
-0.000521915380627
0.000733256919245
-0.000211341538624
-0.000683483939396
-0.000161835190738
0.000435120361255
0.000179344233568
0.000547022883539
4.77711505389e-05
-6.51818953311e-05
0.000399767311534
-4.17406270592e-05
0.000441507938589
0.000635639138319
-0.000655817529591
-4.65402517023e-05
-0.00015749041202
6.69415352344e-05
-0.000288178614525
0.000462980889278
0.000120001998351
-0.000586099124089
-9.60210902856e-05
4.19790493743e-05
-0.000323163659285
0.000281184609913
-0.000173566143347
-0.000226980838198
-0.00048633438458
0.000665678618141
0.00022570711387
6.85233359586e-05
-0.00029423044983
0.000361850567066
-0.000288165731497
-0.000171903726937
0.000308005599732
-5.39697381522e-05
-0.000206362974939
-0.00040996494307
0.000368224316004
0.000622591924515
-0.000990061194172
0.000753251301746
-0.000393418688613
0.000438869304963
-0.000612435448316
-0.000873507804347
0.000795384042465
7.81237618776e-05
0.000191274988026
-0.000467600978286
-0.000565274070957
-0.000428326738725
0.000492989380028
6.71576705126e-05
-0.000310994623542
0.000352973672917
0.000283936357885
0.000664887248394
0.000529741046267
-0.000494197429157
-0.000272793295016
-0.000286726678593
-0.000524970214529
6.82763069074e-05
-0.000379270930455
-0.000208804142633
-0.000419256699748
-0.0004153439855
0.000463623764318
-4.82797788594e-05
-3.87331577977e-05
0.000107209628827
0.000209691884394
-0.000380275466999
1.56411579131e-05
0.000523306449816
-0.000538947607759
-0.000233531068888
0.000817357177943
0.000830677914607
-0.000414588783562
-4.13409774194e-05
0.000534330357441
0.000773383959207
-0.000168854720795
0.000596035957878
5.44438756905e-05
-0.000408387086974
0.00087182993759
0.000141150957679
5.9145850974e-05
-0.000640621788457
3.83226730897e-05
-0.000766193196383
0.000529679871208
0.000596898716785
0.00032479431881
5.15984377162e-05
-4.25336268783e-05
0.000268240740737
-0.00025464032333
0.000115018272718
0.000232657946611
-0.000347676219308
-0.000289336036726
-0.000147229819129
-0.000447341051025
-0.000228348533735
0.000306524634736
-0.000175932043388
0.000717198211158
-0.000125605482868
-0.000421259518365
0.000458849098162
-0.000411245593909
-0.000201189854412
1.58854082564e-05
-0.000280391775107
0.000459399376912
-0.000120757527119
-0.000363727631633
0.000383473347433
0.000591681502289
-0.000455043161889
-0.000246151396687
-0.000308177046887
-1.09718041505e-05
-0.000664775382308
-0.000788338385805
0.000339780594058
-0.000516535964473
-5.13868498177e-05
0.00022833342594
-0.00062213987326
-6.91900446935e-05
0.000240242464216
-0.000171052419544
-0.000562565566145
0.000118811473946
-4.37203891398e-05
-0.000143683636007
0.000187404025135
-0.000545449336491
0.000311918267601
-0.000258936657037
0.000373954929744
-8.3743961215e-05
-0.000199282222742
0.000283026183991
4.03904505083e-05
0.000556508266277
0.000731173453384
-0.000726960459506
0.000878124307677
-0.000151163848176
0.000684942828729
-0.000160698041577
0.000116977652426
0.0002018177765
-0.000212873680706
-0.000495580068452
0.000532061201333
0.000708252850177
-0.00086765028836
0.000140689828851
-4.2913732228e-05
0.000124078443588
-8.1164711364e-05
0.000197708837333
-1.64434398602e-05
-0.000183165619747
0.000250107154998
0.000194640368279
-0.000256718687058
-0.000486324651395
-0.000210859749939
4.03867967596e-05
0.000724930941577
-0.000752175978213
0.000639594127644
-0.000256120780216
-0.000574053934889
0.000205668742433
3.11776096368e-05
0.000121051265081
7.75524035024e-05
-6.32649888699e-05
-0.000408028581149
0.000245729584452
-0.000453939013059
0.000146784913565
-0.000641016160142
0.000460250147378
-0.000292291638638
0.000426190709029
-0.00040688818667
-1.93025223602e-05
0.000440003892382
-0.000347744090764
0.000782004261199
-0.000689708547124
-0.000724915013214
0.000629002641121
0.000488347590874
-0.000284498293074
-0.000242637598936
0.000272967414099
-0.000706035256324
0.0009006756246
0.000509390993085
0.000884764368667
-0.000396518371476
-0.00044857481819
0.00016240058864
-0.000150480353732
0.000177280345149
-0.000504996002044
0.000122747409885
0.000753187513028
-0.000720608977215
-4.25813992996e-05
-0.000237810375801
0.000147494668492
0.000272864360575
-0.000895004233838
0.000334046442209
-1.19716503627e-06
0.000309301950585
-0.000178686411877
-9.08742381697e-05
0.000478257574434
-4.17803832449e-05
-0.00056170262851
-0.00012427482277
-0.000107765681077
9.73570145895e-05
1.04086664951e-05
0.000137028715433
-1.47502391573e-05
0.000597142814511
-0.000622591353973
-9.54634046481e-05
-0.000440775962816
0.000268934702693
-8.8578924674e-05
4.81173182786e-05
0.000178729112341
-0.000211617217715
0.000291367566842
-0.000233929912496
-9.58111075101e-05
0.000674950438412
4.27155347107e-05
-0.000335007173342
0.000170248167482
0.000305686745229
-0.000870960816189
0.000232720466216
0.00101995541568
-0.000688234434077
-0.000331720981643
0.000108723377
6.36485299181e-05
7.05672122619e-05
-0.000134215742175
0.00023590024229
0.000122395787963
3.68587275858e-05
5.69308854217e-05
-9.98446176634e-05
0.000759062130745
0.000465387030344
-0.000801548897061
-0.000651060600809
0.000140873252712
0.000639901222621
-0.000260973866632
-4.57901451152e-05
0.000109438675039
-0.000381950507045
0.00031506523546
-0.000651973503346
-8.63107124671e-05
-1.56815602807e-05
0.000497547021005
6.34789659013e-05
-0.000114902574934
9.59196464526e-05
0.000321152056779
6.99766475586e-05
-0.000391128704336
-0.00013647759345
-0.000587944913549
-0.00010425510659
-0.000149472268669
-0.00019998379546
0.000362384384112
-6.95574619196e-05
-0.000105887634568
0.000429823702624
-9.86535332777e-05
-0.000403040797253
0.000363867591488
-0.000620725994824
0.000299545841463
-9.0130829321e-05
-0.000659103991549
4.32196435766e-06
7.30912847371e-06
-3.47127028388e-05
0.000175863660534
0.00063753326502
-0.000214083057142
-0.000426933103
-5.04404962888e-05
0.000527214267687
-0.000370525963262
-0.000156688304418
0.000612552086106
-0.000366676771786
0.000532666612992
-0.00052847936078
0.000609548575426
0.000429024172268
-0.000676947898048
0.0006812698624
0.000448668569915
-0.000374445931906
0.000421024265677
-0.000351047618121
0.000369666640361
-3.52890962009e-05
-0.000334377544157
0.000342938711034
-0.000282855000353
9.30721245213e-05
0.000634464726025
-0.000303314066698
-0.000827718297465
0.000382493253996
-4.00242883548e-05
-0.000414861664306
0.000306673035883
-8.65402263333e-07
-8.38957091536e-05
4.89595451426e-05
-6.61889305961e-06
-4.2340652086e-05
-0.000367505736796
-7.52889861909e-05
0.000377295187889
0.000418609714977
0.000184842955016
-6.2350289188e-05
0.000465194207782
0.000414279547825
-0.000879473755614
-0.000104607225074
-0.000395177926315
-6.92189878557e-05
-0.000265788185485
0.000273760167493
0.000448844664135
-0.000123684253698
0.000374084040479
-0.000376646879393
0.000420829443987
0.000166949800679
-0.000185941936833
1.59407694254e-05
3.30187757127e-05
0.000334427557758
1.61235007236e-05
-0.000285347344226
0.000432842012712
-0.000523883389976
-0.000336840968358
8.03037783891e-05
0.000256537190007
0.000153404004941
-0.000178486841818
9.82955576503e-05
3.91018027482e-05
0.000667888806016
-0.000272102011835
0.000254027398031
-1.47283584023e-05
0.000571236624679
0.000181502058165
0.000328288919553
0.000316147332461
0.000519601999036
-0.000428140056111
0.000847202084687
-0.000103559616579
-1.10265211565e-05
-0.000720999424921
0.000362252858911
-0.000591496893408
4.39446399697e-05
-0.000637922741918
-3.43030464979e-05
-0.000263102090794
-0.000458780005203
0.000561485036808
-0.000102705031604
-6.67852566372e-05
-0.000655175080279
0.000214813910467
-0.000741245720263
0.00030342688969
0.000370463686343
0.00036199142854
-0.000340093928041
-4.71041304651e-05
0.000360287228043
9.37941229436e-06
-2.53782760445e-06
-0.000702548109307
0.000705085936932
-0.00018442181358
-0.000398469028964
0.000582890842541
-0.000366495785643
8.87824124539e-05
-0.000214904268257
-0.000313465117341
0.000327075909995
-0.000143619370916
-0.00100493411092
0.000340670231559
0.000664263879342
0.000257836131955
0.000203344096792
-0.000152199561522
0.00019258635831
0.000280187149978
-7.68430532006e-05
-9.76847328698e-05
0.000341309624612
-0.000243624891707
0.0007553898984
0.000213985481185
-0.000327485038809
-8.69635248416e-05
0.000130908164837
1.35631316041e-05
0.000623970133413
-0.000307649614834
0.000313181638073
-7.28716548471e-05
8.32803213396e-05
-0.000258473135911
0.000277255659081
-0.000961897613117
0.000629462993586
0.000201908724854
-7.88611572719e-05
-0.000123047567598
0.000189414562129
-0.000290258684077
-0.000150722173289
-0.000191865898604
0.000479680085676
-0.000287814187061
0.000228117591358
-0.000375341249044
0.000705615576568
-0.000161532238571
0.000571938029685
0.000582867360626
-0.000394528213987
-0.000197415995985
-5.90662187113e-05
0.000548399185651
-0.000489332966942
0.000498419430004
9.5037140027e-05
0.000124173470436
0.000234412914287
-0.000300289224296
0.000472723334597
-0.000816031682516
-0.000253729675823
0.000616071585406
0.00014894590072
0.000238666341016
-0.000318692498629
-2.75250678357e-05
-0.000256787599022
0.000390191201122
0.000517846223916
-0.000579652440678
6.18062167662e-05
-0.000601235820271
0.000210706276277
-0.000213093483209
0.000751721733876
7.97215511335e-05
0.00056123027237
-0.000640951823504
-0.000362840864343
0.000662386705799
-0.000607550603635
0.000244709739286
-0.000137984334909
0.00016730128221
0.000389778399416
-0.000557079681646
0.000872197474759
-0.000623943317156
0.000195616578447
-0.000310141618436
-0.000401530849507
0.000866763959167
0.000491829340192
-0.000144009287755
9.3580966097e-05
4.62618262651e-05
5.72938420808e-05
-0.000418693938875
0.000361400096791
-0.000164505062206
0.000421444262389
-0.000256939200194
0.000843269702075
9.10999293903e-05
-6.96383637082e-05
-3.02062539752e-05
-0.000367590063754
-0.000424195611198
-0.000410104969901
-0.000417613327561
4.87299679185e-05
0.000237172290251
-0.000161677572449
0.000562664041444
0.000508415377416
1.11866216129e-05
0.000148389498124
0.000869779504332
-0.000430623042161
0.000681451937617
-0.00027564505175
7.00773970169e-05
-0.000136862653625
-0.000165845302853
-0.00043910383149
0.000604949134337
3.74901762258e-05
0.000617077705667
-2.01933000019e-05
0.000333374938048
2.9236511928e-06
-0.000629342346464
0.000906598005541
0.000680832575703
0.000469207741458
-0.000597623631057
0.000584617589626
0.0007582280247
0.000299963441591
7.62572567678e-05
2.03894670888e-05
-9.66467238662e-05
0.000354047957055
0.000504924365965
-9.16452890951e-05
-0.00059280563834
0.000632860307853
-5.97781280537e-05
-0.000192737462489
-0.000187538004503
0.000507624889528
0.000366795690631
-0.000587949992165
0.000263069474864
0.000411880963544
-0.000526935522637
0.00042232829755
0.000476928297801
-0.00060253378067
-0.000448214428689
-0.000418446121467
0.000314880343831
-0.000273528059909
0.000107983368936
0.000585635101049
0.000278194532026
-0.000659371122408
-0.00059258944158
0.000531271431596
6.13180099815e-05
-0.000137289425608
-0.000433649604431
-0.000600963446394
8.15780805314e-06
0.000337951826464
0.000685361304485
-0.000370296069037
0.000360915078203
-4.60256927789e-05
-0.000424441219765
0.000470466912506
-0.000351646374837
0.000514749121424
0.000161310494571
9.47982489895e-05
0.000580562628078
-0.000388484667797
-0.000192077960297
0.000623586644647
-0.000670126896348
-0.000387504469828
0.000396883882113
0.000576953488385
-1.19648424574e-05
-0.000580624599128
0.000432844563158
-0.00011474958122
-0.000426744389571
0.000541493970778
-0.000735258463255
-0.000223548335241
0.000523511776819
0.00079225064078
-0.000801251516066
-0.000129204343526
0.000560123831619
-0.000339504133287
-0.000220619698333
0.000602473683528
-0.000259305555218
-0.000306712776916
0.000504859496347
-0.00045326105864
-0.00032882556247
-0.000518389678671
0.000576578463049
-1.39144216144e-05
0.000643649406404
-0.000605326733293
-0.000568337153375
0.000406804914802
0.000451521328218
-0.000437402630799
0.000106224069523
-0.000848467692408
0.000706585946382
-0.000414609867273
0.000156039299796
-0.000613103178907
7.11576793448e-05
4.19384646484e-05
0.000340513005679
-0.000619719055443
0.000414717325224
0.000807806957316
-0.000357904235972
0.000311824696453
0.000217076874695
0.000771223128404
-0.000390193629755
0.000427528758182
-6.61360408514e-05
-0.000361392717324
6.33820147986e-05
0.000235846283127
0.00024383380256
0.000227586917603
-0.000673084499684
-0.000456392401107
0.000646655512688
-0.000495299836815
0.000585393788891
1.772598516e-05
9.64893957447e-05
-0.000126695649742
-0.000475743512532
0.000690557422998
0.000201271039631
-0.000344890410539
-0.000172727040034
0.000373998079671
-0.000231754695153
-0.000235491839626
0.000391626734736
-7.54141944301e-05
-0.000639467881147
0.000200364049652
0.000518197909841
-0.000822618782402
-0.00037038591988
-3.75774583774e-05
0.000545992835793
-0.000507535105191
-0.000343055594819
0.000823693726393
-0.000764375320095
-5.93184063203e-05
-0.000369952885468
0.000883410774417
-0.000508315268677
-0.000375095505736
0.000476451214022
-0.000492894653891
-0.000719494491904
-0.000100347080769
-0.00042223216237
-0.000313026300879
2.98606838151e-06
9.29335780977e-05
-0.000610689189436
8.68057994612e-05
0.000493326754613
-0.00061196955849
-3.8754691527e-05
0.000650724250011
-0.000722556529124
0.00058607893566
6.89344235564e-05
-1.43360972724e-05
-0.000777664435853
0.000455632941934
0.000322031493899
-0.000532456163506
-0.000590405345215
-0.00072569922158
0.00084967522144
0.000695914038021
4.88766449607e-05
-1.2000574923e-05
0.000583237199603
0.000203365666104
0.00064608589589
-0.000120258362271
9.62032430561e-05
-0.000858319398588
0.000320427074454
-0.000578900210377
-0.000311460497675
0.00029492546128
-0.000217464161088
-5.42327775515e-05
0.000878533285022
-8.62826442535e-05
0.000555028701151
-0.000152981284021
-0.000588264436245
0.000290843754582
0.00032141003113
0.000438847857434
-0.0007757257022
0.000336877844755
-0.00066766371256
0.000279419840678
0.000731420121023
-0.00071013447859
0.000617728201263
0.000111373601925
1.95345629389e-05
-0.000174602344203
-0.000449340972947
-1.27930108934e-05
-0.000438786954634
-0.000158836676418
-0.000694973571122
0.000270547805533
0.000252963971286
0.000645540531688
-0.00078452374019
-0.000591768238652
0.00046496465295
-0.00012377199855
-0.00017154108531
-0.000553364890407
-0.000615299543665
-0.000557099016978
0.000394112189512
0.000630705542891
5.01270328029e-05
-1.35216335053e-05
-0.000183425696221
-0.000106832987842
-0.000522646620329
-0.000482287490601
0.000208477456779
-0.000239471157916
0.000276940557542
0.000294997472134
4.50044084626e-05
0.000531574054572
0.000479551920674
0.000545659741223
0.000605229477092
-0.000472229926196
-0.00025292336482
-0.000539531510091
-0.000287123529173
0.000227070751114
0.000914505096898
-0.000874579193969
-0.000189121810949
-0.000898323951702
0.000903032500876
-0.000599874908645
0.00058596048701
-2.24422103282e-05
-0.000940885569946
0.000963327780248
-9.1408855575e-05
0.000309413655606
0.000123428357099
-0.000518334430702
0.00033658715592
-0.000126272504952
0.00086389955358
-0.00055262929799
0.000477215103548
0.000400513585008
-0.000294361257192
0.00082404112839
0.000234360272025
0.000264059157972
-0.000134770719432
0.000265725343802
0.000368662753625
-0.000850891367706
-0.000377183825085
-5.40692712954e-05
0.000514381608094
-0.000670182412646
-0.000842436617146
0.000484532381177
0.000717706437512
0.000209354869946
-0.000103382531469
0.000147946089151
-0.000862494955431
0.000257841818057
0.00069733362626
0.000362950740861
0.000373787017411
-0.000882102286084
0.000367182105608
-0.000529357744159
-0.000796303173494
0.000400817249822
0.00039548592366
0.000394889967658
-0.00035774436807
-0.000554148871913
-0.000322316779779
0.000200916490751
-0.000575789542775
-0.000458391020968
0.000280204200224
-0.000301394508061
-0.000520688118705
0.000346144423924
0.000174543694776
-0.000324238707306
0.000194331862996
5.61382288586e-05
-0.000428650737328
-0.000252393504342
1.72027970117e-05
0.000547698947465
0.000720929579729
-0.00102006047878
0.000531412311637
0.000636189030142
-0.000318870342204
-0.000126117687568
0.000490046727619
0.000738928722983
9.95242334801e-05
0.000302732891263
0.000414973546243
-0.00035244839966
-0.000193837802659
0.00050835107148
-0.000501041943002
0.000259153040926
0.000135087901691
-0.00039424094262
0.000885788154198
-0.000193939022153
-0.00079878314356
0.000548461287156
3.877595787e-05
0.00022882860526
0.000506357598719
0.000124111187733
-0.000337543563203
-2.9700383021e-05
0.000157142045478
0.000336184709136
-0.000207249439531
0.000130298565382
7.69508741559e-05
-0.000221829655173
0.00029695230903
-0.000540112608059
0.000530791510464
-0.000818765432583
0.000647908339894
-0.000274157495242
0.000520092786336
-0.000888367992311
0.000434116257224
-0.000116346300357
0.000836787456321
-0.000191246924629
0.00013783998153
0.000253786753212
-0.000374908452381
-0.000808218785525
0.000748900379194
0.000339498629454
-0.000647989667245
-7.45668618889e-05
-0.000276612104472
-0.000872460544381
0.000418199558414
-0.000268723062162
0.000650608836577
-0.00117123492637
0.000844301868244
0.000744794554834
-0.000671772924943
0.000721899957734
-4.42715702811e-05
-0.000494676037502
0.000494090513072
-0.000407495891431
0.000199178141473
-0.000459613066234
9.82203489045e-05
-0.000757476299803
0.000295006952369
-0.000860983199403
0.000306834327495
-0.000714038130543
-0.000457196795823
-0.000508580885746
0.00043149485275
0.000151395989794
-0.000569231893112
0.000153529396869
-0.000946353840914
0.000725407089476
0.000344955415718
-0.000715251484763
-0.000170576667466
-0.000456957436283
0.000405294624082
8.72892057959e-05
0.000415203018829
-0.000426263729571
-0.000810821839658
-0.000554369028815
-0.000442159086032
0.000385470524013
-0.000592947132611
0.0002074766086
-0.000206297714643
-0.000432691809291
0.00061495780115
-0.000353246707573
7.97186476757e-05
-0.00022766511149
0.000452619761165
-0.000360014461266
-0.000540910192029
0.000441544883862
-0.000546295396654
0.000104750512781
-0.000661732192998
-0.000561074085058
-0.00089931836885
0.000789704709174
-0.000394218785524
0.000206201557845
-7.18733995034e-05
0.000513418283355
-0.000444026486869
0.00034085334789
0.000103173138996
-0.000305782143026
0.000558746114303
-0.000231520205813
-0.000670391614186
0.000423971275153
0.000246420339018
0.000418044181763
3.51985120673e-05
0.000739470431368
0.000154092481876
-0.000611646137172
-0.000412520884089
0.000259196511242
0.000891381826331
-0.000639357806121
-9.08129646579e-05
0.000388514714906
0.00013157807143
-0.000333750621366
0.000581270513804
-0.00038565393535
-0.000444907725925
2.97495674625e-05
0.000486735063809
0.000348600826739
-0.000742819612271
0.000466711572628
0.000106928281046
-0.000366650658032
0.00085545043105
0.000820627755395
-0.000489611470051
-0.000121006506993
-0.000405254887133
-0.000451583326978
0.00015697903834
0.000317801993817
-0.00050505510157
-0.000377561812339
-0.000426769771682
0.00055517368961
7.5129006087e-05
-0.000630302695716
-0.00032336730984
-0.000217542882171
0.00077387120736
-0.00042078811838
-0.000461368143347
-9.92660705934e-05
-0.000382928445592
-4.11441135627e-05
-0.000775727669939
0.000374196820431
-0.000130772824374
-0.000120204366869
-0.000531324517595
-0.000445930319772
0.000706616953552
-0.000107962331131
0.000663136020729
0.00034473155636
0.0009042516729
-0.000417737280637
-0.000515330423976
-0.000571462085408
-0.000526116224276
-4.81882764436e-05
0.000671327238478
-0.000472974121519
-0.00022681786897
5.62083150332e-05
-6.03052269396e-05
0.000401158574828
-0.000678111155711
-0.000499451199215
0.000105588482914
-0.000606703060659
0.000501114577725
0.000164096178418
-0.000864036245508
-0.000556724347254
0.000171070411929
0.000549532365658
-0.000142727450857
0.000582803586458
-0.00060973054166
-1.15211767022e-05
-0.00036996719988
0.000225396918705
-0.000513753058051
-0.00015642935458
1.68273576659e-05
0.000285828835169
1.58472363902e-05
1.86257103784e-05
0.000749861276721
0.000113452399365
-0.000863313676076
-0.000329334206774
0.000768033460867
-0.000439131549776
1.54301097101e-05
-0.00058924841897
0.000197100123229
0.000344260012047
0.000377558462581
-0.000297839814894
-0.000255418067947
-0.000380770962195
0.000455968764113
2.14975990119e-05
-0.00039228232055
0.000883011161019
-0.00038865378117
-9.02532493688e-05
1.5244209015e-05
-0.000638587823842
0.000165613702312
-0.00015142972316
-0.00064520568537
0.000552484706262
-0.000377941011492
-0.000143851268657
-0.000579130865905
-0.000474093307176
-0.000350302260648
-0.000151570807916
0.000621071398377
0.000390471648529
-1.67676890015e-05
-0.000419808766671
-0.000695907244688
-0.00031274550504
-0.000469239158055
0.00036606601906
-0.000613646569333
0.000180082718269
-0.000779020708538
-0.000137473246123
-6.40708004372e-05
0.000705132268728
7.98209243276e-05
-0.000727810591586
-0.000448032867026
6.36495812783e-05
-0.000616086320368
0.000692612079519
1.25201891954e-05
0.000856774705297
-0.000241816904143
-2.56447271812e-05
-4.43422087138e-05
4.32896963807e-05
-5.33570274871e-05
0.000660428529082
0.00038149620562
0.000192931342261
8.08166476725e-05
7.07541602431e-05
0.000844696157455
-0.000544810291294
0.000680536596239
0.000355084687404
0.000328156471399
-0.000470883922259
-0.000511512767731
-0.000159102873573
0.00086568881996
0.000582617210052
0.000334265470289
-0.000893883386604
0.000559617916317
-0.00077372628183
0.000888004465869
-0.000723908287447
-0.000681271650939
-6.60844712216e-05
0.000206732814931
-0.000765042676114
0.000873231396729
-0.000599165413231
-3.96355866397e-05
-0.000763178303759
-6.20037968858e-05
-0.000547836815795
-0.000674441895331
0.000881174710264
-0.000783965887883
-7.9347788194e-05
-0.000289458313049
0.000872075523101
-0.000415651246601
0.000608582588853
0.000601923513282
0.000264885349636
0.000328421105436
-0.000291959873322
0.000512943516019
-0.000888039021753
0.000868028203423
0.000460532311993
0.000842028517615
-0.000799808356854
-0.000409336708324
0.000458954737607
0.000299041074487
0.000724900469756
0.000656614600941
-0.000223264978084
0.000214753818736
-0.00079982235276
0.000585068534016
0.000137730849468
-0.000837684719896
0.000592568610971
0.000314029394564
8.42798379293e-05
0.000522365816736
-0.000606645654652
-4.35481597931e-05
0.000714984150001
-0.000671435990208
8.06600773766e-05
0.000515947703686
-0.000596607781109
-0.000490351283291
0.000705105102023
-0.000545315849977
9.2054791332e-05
0.000426504376032
0.000476057654427
-0.000798374434205
-0.000521374295322
0.000860872924768
0.000196761816731
-0.000260582878535
6.38210617785e-05
0.000224601923234
4.47768984695e-05
-0.000165195478972
2.20282618099e-05
-0.000338352243665
0.000316323981851
-9.13255350221e-05
0.000312435148491
-0.000221109613486
0.000199098842969
0.000713881280485
-0.000320657198757
-0.000542976116543
0.000688233860155
0.000183596077424
0.00014437999219
0.000734153292824
-0.000883850423558
0.000809283561658
0.000780085266119
-0.000900966071141
0.000951124732116
-0.000703322084246
0.000403800547613
0.000780483977293
-0.000194405041646
-0.000565579709037
0.000271596106374
-0.000775409363967
-0.000715449798158
0.000126653032223
0.000661738400274
-0.000396164781393
0.000693738588302
0.000504378269992
0.000935837161212
-0.000500363839238
-0.000991356111862
-0.000893148541004
0.000549008025509
-0.000814472937304
0.00108262038467
-0.000805823819346
0.000749521503447
-0.00019639608904
0.000333161918815
-0.000295576934125
0.000155908752135
-0.000476941918178
-0.000664343625594
-0.000468848427352
0.000437250114392
-0.000553277610808
0.000694734847323
-0.000450776865116
-0.000547419889781
0.000339943281183
-0.000541480038004
-0.000260260946435
-0.000648761791094
-0.000692534446562
0.000474048038233
-0.000679894874425
0.000679987212985
-9.74801534251e-05
0.000669822990937
-0.000754329862719
-0.000310179035672
0.000677893805259
-0.000341306649345
9.43906208882e-05
0.000388577312298
-0.000541943753811
0.000510037317543
-4.21308899854e-05
-0.000803154720482
0.000703630487003
0.000139639215064
0.000264609103496
-0.000618823568719
-0.000457971761118
0.000734435083091
-0.000540496060938
-0.000189181370828
-3.09698313972e-05
-0.000173649079334
0.000373407935083
0.000387994650207
-0.000767500533578
0.000776597209248
3.02609857024e-06
-0.000324543434653
0.000383890865832
0.000739455921593
0.000452907413848
-0.00043627292406
0.000707869030422
0.000469378933942
0.000448252097889
0.000865259735673
0.000592372967586
0.000540569844625
0.00094407548636
-0.000526453118797
0.000823995522727
0.000301011458233
-0.000475058677273
0.000266496198344
-0.000284169049508
0.000789704288022
-0.000452826443271
-0.000482787213641
0.000366671305685
-0.00024024843647
0.000739551690335
0.000682430524265
-0.00063440381846
0.000389433807942
0.000414416009778
0.000352338385096
-0.000187064186751
-0.000255224064403
7.38058746362e-05
-0.000100563482274
3.93223530822e-05
0.000356534212539
-0.000285433423722
1.21811304047e-05
0.000122726449706
-4.50229925461e-05
4.92196815939e-05
0.000507802562298
0.000570532689181
0.00067843011363
-0.000565520864796
0.000305249625036
-0.000448897686603
0.000143648061521
-0.000605158929717
0.000440335704455
0.000164823225265
0.000573888296887
-0.000517750068023
0.000667724804265
-0.000416838984907
0.000899298256926
-0.000466553848492
0.000840818310396
-0.000944676762668
-0.000388770270929
0.000773643497394
-0.000712308392369
-0.00027904771937
0.000521248377635
-0.000595827243871
-0.000472661900522
-0.000424360114776
0.000854067212045
-6.49514338546e-05
-0.000547353572507
3.03912215938e-05
-0.000593090547401
-0.00032819804785
0.000572907787146
6.18548770308e-05
0.000148946057873
0.000520876933054
0.000300664677943
-0.000621321876705
-0.000809955689087
-4.51843968379e-05
0.000601853471721
0.000638558338835
0.000733517940706
-3.56065086456e-05
-0.000697911432023
3.98049301126e-05
0.000568222112789
-0.000347356959937
-0.000220865152845
0.000281098583608
-0.000536478770885
-0.000138572598122
-0.000397906172755
0.000599008606707
-0.000317910023094
0.000650885946459
-0.000611081016329
0.000365735336744
0.00016933524718
0.000567829555577
-0.000208440695228
0.000643625666869
-0.00046002958945
-0.000113684470038
-0.000576060183883
-2.9098745842e-05
-0.000103532373953
-0.000270810558848
3.76496567229e-05
0.000573245054894
0.000326053202024
-0.000484987872095
-0.00045366518478
0.000503585081948
-0.000455237488258
0.000681129777725
0.000128153783922
-0.00046800963044
0.000637344877618
0.000541185507344
-0.000749626202576
0.000486724736074
0.0007563467471
-0.000860114678298
-0.000131783697106
-0.000174047219042
-0.000116115907939
-0.000147273838475
-0.000314919017366
0.000701398838811
0.000762281492452
0.000470349402149
0.000288337116662
-0.000318929170959
-0.000248401748137
-0.000115975797379
-0.000299029890583
0.000211871666212
-0.000306322277448
5.5138709373e-06
0.000252278658748
0.000260546822372
-0.000142663671859
-0.000363373869775
-0.00022903418554
0.000221749791764
0.000178190340585
0.000111150665816
0.000647441777354
-0.000365916969791
-9.90626698453e-05
0.00013709763144
-0.000416972693016
-0.000473983384893
-0.000416323084324
-0.00016176081922
0.000382625972154
-0.000248807549119
0.000387380147306
0.00011271402205
-0.000585197409994
0.000190242942542
0.000435121768918
-0.000518435575637
-0.00060744220464
0.000607403201532
-0.000312801442966
0.00017852874938
-0.000986132300776
-0.000788784773707
-0.000703447708062
-0.000264608458315
0.000993764496022
0.000897458650873
-0.00128324855756
0.00106897131146
0.000956374087898
0.000658385622265
0.000662721884411
0.000260266301141
-0.000772323818323
-0.000782259148106
0.00099014284672
-0.000857193950559
)
;

boundaryField
{
    bottomWall
    {
        type            calculated;
        value           uniform 0;
    }
    leftWall
    {
        type            calculated;
        value           uniform 0;
    }
    rightWall
    {
        type            calculated;
        value           uniform 0;
    }
    movingTop
    {
        type            calculated;
        value           uniform 0;
    }
    front
    {
        type            empty;
    }
    back
    {
        type            empty;
    }
}


// ************************************************************************* //
