/*--------------------------------*- C++ -*----------------------------------*\
  =========                 |
  \\      /  F ield         | OpenFOAM: The Open Source CFD Toolbox
   \\    /   O peration     | Website:  https://openfoam.org
    \\  /    A nd           | Version:  14
     \\/     M anipulation  |
\*---------------------------------------------------------------------------*/
FoamFile
{
    format      ascii;
    class       volScalarField;
    location    "1";
    object      T;
}
// * * * * * * * * * * * * * * * * * * * * * * * * * * * * * * * * * * * * * //

dimensions      [];

internalField   nonuniform List<scalar> 
3200
(
0.0716481061084
0.162147151334
0.299939007026
0.299939007024
0.365477351861
0.449345143605
0.568288079657
0.568288079655
0.623531127984
0.69255810245
0.781009155555
0.781009155554
0.820549332905
0.867978648892
0.917279613699
0.917279613698
0.937246452018
0.958435397618
0.96376035219
0.96376035219
0.962199358228
0.955073811814
0.915901512496
0.915901512496
0.892965487216
0.858222946917
0.778387851297
0.778387851297
0.736321932659
0.677363240385
0.564680163866
0.564680163867
0.507602057077
0.430198500417
0.295697647637
0.295697647639
0.229194555476
0.140922933859
-0.00222981458912
-0.00222981458784
-0.0716481061078
-0.162147151334
-0.299939007026
-0.299939007026
-0.365477351864
-0.449345143608
-0.568288079659
-0.568288079658
-0.623531127988
-0.692558102454
-0.781009155558
-0.781009155558
-0.820549332908
-0.867978648895
-0.9172796137
-0.917279613701
-0.937246452021
-0.95843539762
-0.963760352192
-0.963760352191
-0.962199358228
-0.955073811813
-0.915901512496
-0.915901512495
-0.892965487214
-0.858222946915
-0.778387851296
-0.778387851296
-0.736321932657
-0.677363240383
-0.564680163865
-0.564680163865
-0.507602057074
-0.430198500415
-0.295697647636
-0.295697647637
-0.229194555474
-0.140922933857
0.00222981458943
0.00222981458877
0.299939007028
0.299939007027
0.365477351865
0.449345143608
0.568288079659
0.568288079657
0.623531127987
0.692558102453
0.781009155557
0.781009155556
0.820549332907
0.867978648894
0.9172796137
0.917279613699
0.937246452019
0.95843539762
0.963760352192
0.963760352191
0.962199358228
0.955073811814
0.915901512497
0.915901512497
0.892965487216
0.858222946917
0.778387851297
0.778387851297
0.736321932658
0.677363240384
0.564680163864
0.564680163865
0.507602057074
0.430198500414
0.295697647634
0.295697647636
0.229194555473
0.140922933855
-0.00222981459278
-0.00222981459047
-0.0716481061111
-0.162147151338
-0.299939007031
-0.299939007029
-0.365477351866
-0.449345143611
-0.568288079662
-0.568288079661
-0.623531127991
-0.692558102457
-0.781009155561
-0.78100915556
-0.82054933291
-0.867978648896
-0.917279613701
-0.917279613701
-0.93724645202
-0.95843539762
-0.963760352191
-0.963760352191
-0.962199358228
-0.955073811813
-0.915901512496
-0.915901512495
-0.892965487214
-0.858222946915
-0.778387851295
-0.778387851295
-0.736321932656
-0.677363240383
-0.564680163865
-0.564680163864
-0.507602057073
-0.430198500414
-0.295697647635
-0.295697647635
-0.229194555472
-0.140922933855
0.00222981459129
0.00222981459011
0.0716481061104
0.162147151336
0.365477351867
0.44934514361
0.568288079661
0.568288079659
0.623531127989
0.692558102454
0.781009155559
0.781009155558
0.820549332908
0.867978648895
0.917279613701
0.9172796137
0.937246452021
0.958435397621
0.963760352193
0.963760352192
0.962199358229
0.955073811815
0.915901512498
0.915901512497
0.892965487216
0.858222946918
0.778387851298
0.778387851297
0.736321932658
0.677363240384
0.564680163864
0.564680163864
0.507602057073
0.430198500413
0.295697647633
0.295697647634
0.22919455547
0.140922933853
-0.0022298145949
-0.00222981459333
-0.0716481061143
-0.162147151341
-0.299939007034
-0.299939007033
-0.365477351871
-0.449345143615
-0.568288079666
-0.568288079664
-0.623531127994
-0.69255810246
-0.781009155564
-0.781009155562
-0.820549332913
-0.8679786489
-0.917279613704
-0.917279613703
-0.937246452022
-0.958435397621
-0.963760352192
-0.963760352191
-0.962199358227
-0.955073811812
-0.915901512495
-0.915901512495
-0.892965487214
-0.858222946915
-0.778387851296
-0.778387851294
-0.736321932655
-0.677363240382
-0.564680163864
-0.564680163863
-0.507602057073
-0.430198500414
-0.295697647635
-0.295697647635
-0.229194555471
-0.140922933854
0.00222981459268
0.00222981459196
0.0716481061123
0.162147151338
0.29993900703
0.299939007029
0.568288079662
0.568288079661
0.623531127991
0.692558102456
0.78100915556
0.781009155559
0.820549332909
0.867978648896
0.917279613701
0.917279613701
0.937246452021
0.958435397621
0.963760352193
0.963760352193
0.96219935823
0.955073811816
0.915901512498
0.915901512498
0.892965487217
0.858222946918
0.778387851298
0.778387851298
0.736321932659
0.677363240385
0.564680163865
0.564680163865
0.507602057073
0.430198500414
0.295697647634
0.295697647633
0.229194555469
0.140922933852
-0.00222981459493
-0.00222981459473
-0.0716481061158
-0.162147151342
-0.299939007034
-0.299939007034
-0.365477351873
-0.449345143617
-0.568288079667
-0.568288079667
-0.623531127997
-0.692558102462
-0.781009155565
-0.781009155565
-0.820549332915
-0.867978648901
-0.917279613706
-0.917279613705
-0.937246452024
-0.958435397624
-0.963760352194
-0.963760352192
-0.962199358229
-0.955073811814
-0.915901512496
-0.915901512494
-0.892965487213
-0.858222946914
-0.778387851294
-0.778387851294
-0.736321932656
-0.677363240382
-0.564680163864
-0.564680163862
-0.507602057072
-0.430198500413
-0.295697647635
-0.295697647635
-0.229194555472
-0.140922933855
0.00222981459187
0.00222981459266
0.0716481061133
0.162147151339
0.299939007031
0.299939007031
0.365477351869
0.449345143612
0.623531127993
0.692558102457
0.781009155561
0.78100915556
0.82054933291
0.867978648896
0.917279613701
0.917279613701
0.937246452021
0.95843539762
0.963760352192
0.963760352192
0.962199358229
0.955073811815
0.915901512498
0.915901512498
0.892965487218
0.858222946919
0.778387851299
0.778387851299
0.736321932659
0.677363240386
0.564680163867
0.564680163867
0.507602057075
0.430198500416
0.295697647636
0.295697647635
0.229194555471
0.140922933854
-0.00222981459284
-0.00222981459406
-0.0716481061151
-0.16214715134
-0.299939007033
-0.299939007034
-0.365477351872
-0.449345143615
-0.568288079665
-0.568288079667
-0.623531127997
-0.692558102461
-0.781009155564
-0.781009155565
-0.820549332916
-0.867978648902
-0.917279613706
-0.917279613706
-0.937246452025
-0.958435397624
-0.963760352194
-0.963760352193
-0.96219935823
-0.955073811815
-0.915901512496
-0.915901512495
-0.892965487214
-0.858222946915
-0.778387851295
-0.778387851293
-0.736321932654
-0.67736324038
-0.564680163862
-0.564680163862
-0.507602057072
-0.430198500413
-0.295697647635
-0.295697647634
-0.229194555471
-0.140922933855
0.0022298145912
0.00222981459151
0.0716481061122
0.162147151338
0.299939007031
0.299939007031
0.365477351869
0.449345143613
0.568288079663
0.568288079663
0.781009155562
0.781009155561
0.820549332911
0.867978648897
0.917279613702
0.917279613701
0.937246452021
0.95843539762
0.963760352191
0.963760352191
0.962199358228
0.955073811814
0.915901512497
0.915901512497
0.892965487217
0.858222946918
0.778387851298
0.778387851299
0.736321932659
0.677363240386
0.564680163867
0.564680163868
0.507602057076
0.430198500418
0.295697647638
0.295697647637
0.229194555474
0.140922933857
-0.00222981458963
-0.00222981459145
-0.0716481061124
-0.162147151337
-0.29993900703
-0.299939007032
-0.36547735187
-0.449345143613
-0.568288079663
-0.568288079664
-0.623531127994
-0.692558102458
-0.781009155561
-0.781009155563
-0.820549332913
-0.867978648899
-0.917279613703
-0.917279613705
-0.937246452024
-0.958435397623
-0.963760352193
-0.963760352193
-0.96219935823
-0.955073811814
-0.915901512496
-0.915901512495
-0.892965487214
-0.858222946914
-0.778387851294
-0.778387851294
-0.736321932655
-0.677363240381
-0.564680163863
-0.564680163861
-0.50760205707
-0.430198500411
-0.295697647634
-0.295697647634
-0.229194555471
-0.140922933855
0.0022298145909
0.00222981459148
0.0716481061118
0.162147151337
0.29993900703
0.29993900703
0.365477351868
0.449345143612
0.568288079663
0.568288079663
0.623531127993
0.692558102458
0.820549332912
0.867978648898
0.917279613703
0.917279613702
0.937246452021
0.95843539762
0.963760352191
0.963760352191
0.962199358228
0.955073811813
0.915901512496
0.915901512496
0.892965487216
0.858222946917
0.778387851297
0.778387851298
0.736321932659
0.677363240385
0.564680163867
0.564680163867
0.507602057076
0.430198500418
0.295697647639
0.295697647639
0.229194555476
0.140922933859
-0.00222981458731
-0.00222981458851
-0.0716481061093
-0.162147151334
-0.299939007027
-0.299939007029
-0.365477351867
-0.44934514361
-0.568288079661
-0.568288079663
-0.623531127992
-0.692558102457
-0.78100915556
-0.781009155561
-0.820549332911
-0.867978648896
-0.9172796137
-0.917279613702
-0.937246452021
-0.95843539762
-0.963760352191
-0.963760352192
-0.962199358229
-0.955073811814
-0.915901512496
-0.915901512495
-0.892965487214
-0.858222946915
-0.778387851295
-0.778387851294
-0.736321932654
-0.67736324038
-0.564680163862
-0.564680163862
-0.507602057071
-0.430198500412
-0.295697647634
-0.295697647632
-0.22919455547
-0.140922933854
0.00222981459122
0.00222981459209
0.0716481061118
0.162147151337
0.299939007029
0.29993900703
0.365477351868
0.449345143612
0.568288079663
0.568288079663
0.623531127993
0.692558102458
0.781009155562
0.781009155562
0.917279613703
0.917279613703
0.937246452022
0.958435397621
0.963760352192
0.963760352191
0.962199358227
0.955073811813
0.915901512495
0.915901512495
0.892965487215
0.858222946916
0.778387851296
0.778387851297
0.736321932658
0.677363240385
0.564680163866
0.564680163866
0.507602057076
0.430198500417
0.295697647638
0.295697647639
0.229194555476
0.14092293386
-0.00222981458652
-0.0022298145868
-0.0716481061074
-0.162147151333
-0.299939007025
-0.299939007026
-0.365477351864
-0.449345143608
-0.568288079659
-0.56828807966
-0.62353112799
-0.692558102455
-0.78100915556
-0.781009155561
-0.820549332911
-0.867978648897
-0.917279613702
-0.917279613701
-0.93724645202
-0.958435397619
-0.963760352191
-0.96376035219
-0.962199358227
-0.955073811812
-0.915901512494
-0.915901512495
-0.892965487214
-0.858222946915
-0.778387851295
-0.778387851294
-0.736321932655
-0.677363240382
-0.564680163863
-0.564680163861
-0.507602057071
-0.430198500412
-0.295697647634
-0.295697647633
-0.22919455547
-0.140922933854
0.00222981459124
0.00222981459231
0.0716481061118
0.162147151337
0.299939007028
0.299939007029
0.365477351867
0.449345143611
0.568288079662
0.568288079662
0.623531127992
0.692558102458
0.781009155562
0.781009155562
0.820549332912
0.867978648899
0.937246452023
0.958435397622
0.963760352192
0.963760352192
0.962199358228
0.955073811814
0.915901512495
0.915901512495
0.892965487214
0.858222946915
0.778387851295
0.778387851296
0.736321932657
0.677363240383
0.564680163865
0.564680163866
0.507602057075
0.430198500416
0.295697647637
0.295697647638
0.229194555475
0.140922933859
-0.00222981458757
-0.0022298145867
-0.071648106107
-0.162147151332
-0.299939007025
-0.299939007025
-0.365477351863
-0.449345143607
-0.568288079658
-0.568288079659
-0.623531127989
-0.692558102454
-0.781009155559
-0.78100915556
-0.82054933291
-0.867978648897
-0.917279613703
-0.917279613702
-0.937246452022
-0.958435397621
-0.963760352192
-0.963760352191
-0.962199358227
-0.955073811813
-0.915901512496
-0.915901512494
-0.892965487213
-0.858222946914
-0.778387851295
-0.778387851295
-0.736321932655
-0.677363240382
-0.564680163864
-0.564680163863
-0.507602057072
-0.430198500413
-0.295697647635
-0.295697647633
-0.22919455547
-0.140922933854
0.00222981459147
0.00222981459253
0.071648106112
0.162147151337
0.299939007028
0.299939007029
0.365477351866
0.44934514361
0.56828807966
0.568288079662
0.623531127992
0.692558102457
0.781009155561
0.781009155562
0.820549332912
0.867978648898
0.917279613703
0.917279613703
0.963760352192
0.963760352192
0.962199358229
0.955073811814
0.915901512496
0.915901512496
0.892965487214
0.858222946915
0.778387851295
0.778387851295
0.736321932656
0.677363240382
0.564680163864
0.564680163865
0.507602057074
0.430198500415
0.295697647636
0.295697647637
0.229194555474
0.140922933857
-0.00222981458886
-0.00222981458814
-0.0716481061082
-0.162147151334
-0.299939007026
-0.299939007025
-0.365477351863
-0.449345143607
-0.568288079658
-0.568288079658
-0.623531127988
-0.692558102454
-0.781009155558
-0.781009155559
-0.82054933291
-0.867978648896
-0.917279613702
-0.917279613703
-0.937246452023
-0.958435397622
-0.963760352193
-0.963760352192
-0.962199358229
-0.955073811815
-0.915901512497
-0.915901512496
-0.892965487215
-0.858222946917
-0.778387851297
-0.778387851295
-0.736321932656
-0.677363240382
-0.564680163864
-0.564680163863
-0.507602057072
-0.430198500413
-0.295697647635
-0.295697647634
-0.229194555471
-0.140922933855
0.00222981459075
0.00222981459258
0.0716481061122
0.162147151337
0.299939007029
0.299939007029
0.365477351866
0.44934514361
0.56828807966
0.56828807966
0.62353112799
0.692558102456
0.78100915556
0.781009155561
0.820549332912
0.867978648898
0.917279613703
0.917279613703
0.937246452023
0.958435397622
0.962199358229
0.955073811814
0.915901512496
0.915901512496
0.892965487215
0.858222946916
0.778387851295
0.778387851295
0.736321932656
0.677363240382
0.564680163863
0.564680163863
0.507602057072
0.430198500413
0.295697647634
0.295697647636
0.229194555473
0.140922933856
-0.00222981458986
-0.00222981458932
-0.0716481061095
-0.162147151335
-0.299939007027
-0.299939007026
-0.365477351864
-0.449345143608
-0.568288079658
-0.568288079658
-0.623531127988
-0.692558102453
-0.781009155557
-0.781009155558
-0.820549332909
-0.867978648895
-0.917279613701
-0.917279613701
-0.937246452021
-0.95843539762
-0.963760352191
-0.963760352193
-0.96219935823
-0.955073811815
-0.915901512497
-0.915901512496
-0.892965487215
-0.858222946916
-0.778387851296
-0.778387851296
-0.736321932657
-0.677363240384
-0.564680163865
-0.564680163864
-0.507602057073
-0.430198500414
-0.295697647636
-0.295697647634
-0.229194555472
-0.140922933856
0.00222981459028
0.00222981459161
0.0716481061114
0.162147151337
0.299939007028
0.29993900703
0.365477351867
0.44934514361
0.56828807966
0.56828807966
0.62353112799
0.692558102455
0.781009155559
0.78100915556
0.820549332911
0.867978648897
0.917279613703
0.917279613703
0.937246452022
0.958435397622
0.963760352192
0.963760352192
0.915901512496
0.915901512496
0.892965487215
0.858222946916
0.778387851296
0.778387851296
0.736321932656
0.677363240383
0.564680163864
0.564680163863
0.507602057072
0.430198500412
0.295697647633
0.295697647634
0.229194555471
0.140922933854
-0.00222981459188
-0.00222981459054
-0.0716481061105
-0.162147151336
-0.299939007028
-0.299939007027
-0.365477351865
-0.449345143609
-0.568288079659
-0.568288079659
-0.623531127989
-0.692558102454
-0.781009155558
-0.781009155558
-0.820549332908
-0.867978648895
-0.9172796137
-0.917279613701
-0.93724645202
-0.95843539762
-0.963760352191
-0.963760352191
-0.962199358227
-0.955073811812
-0.915901512495
-0.915901512496
-0.892965487215
-0.858222946916
-0.778387851296
-0.778387851295
-0.736321932656
-0.677363240382
-0.564680163864
-0.564680163864
-0.507602057074
-0.430198500414
-0.295697647636
-0.295697647635
-0.229194555472
-0.140922933856
0.00222981458983
0.00222981459118
0.071648106111
0.162147151336
0.299939007028
0.299939007029
0.365477351866
0.44934514361
0.56828807966
0.568288079661
0.623531127991
0.692558102456
0.78100915556
0.781009155559
0.82054933291
0.867978648897
0.917279613702
0.917279613702
0.937246452022
0.958435397622
0.963760352192
0.963760352192
0.962199358229
0.955073811814
0.892965487215
0.858222946916
0.778387851296
0.778387851296
0.736321932657
0.677363240383
0.564680163864
0.564680163865
0.507602057073
0.430198500414
0.295697647634
0.295697647633
0.22919455547
0.140922933853
-0.00222981459324
-0.00222981459272
-0.0716481061127
-0.162147151338
-0.29993900703
-0.299939007028
-0.365477351866
-0.449345143609
-0.56828807966
-0.56828807966
-0.62353112799
-0.692558102455
-0.781009155559
-0.781009155559
-0.820549332909
-0.867978648896
-0.917279613701
-0.9172796137
-0.93724645202
-0.95843539762
-0.963760352191
-0.963760352191
-0.962199358228
-0.955073811814
-0.915901512497
-0.915901512495
-0.892965487214
-0.858222946915
-0.778387851296
-0.778387851296
-0.736321932657
-0.677363240384
-0.564680163866
-0.564680163863
-0.507602057073
-0.430198500414
-0.295697647637
-0.295697647635
-0.229194555472
-0.140922933856
0.00222981458944
0.00222981459076
0.0716481061106
0.162147151336
0.299939007027
0.299939007029
0.365477351866
0.44934514361
0.56828807966
0.568288079661
0.62353112799
0.692558102456
0.78100915556
0.78100915556
0.820549332911
0.867978648897
0.917279613702
0.917279613702
0.937246452022
0.958435397621
0.963760352192
0.963760352192
0.962199358229
0.955073811814
0.915901512496
0.915901512496
0.778387851296
0.778387851296
0.736321932657
0.677363240383
0.564680163865
0.564680163865
0.507602057074
0.430198500415
0.295697647636
0.295697647635
0.229194555471
0.140922933854
-0.00222981459288
-0.00222981459343
-0.0716481061138
-0.162147151339
-0.299939007031
-0.29993900703
-0.365477351868
-0.449345143611
-0.568288079661
-0.56828807966
-0.62353112799
-0.692558102455
-0.781009155559
-0.781009155559
-0.82054933291
-0.867978648896
-0.917279613702
-0.917279613701
-0.937246452021
-0.958435397621
-0.963760352192
-0.963760352191
-0.962199358228
-0.955073811814
-0.915901512496
-0.915901512497
-0.892965487216
-0.858222946917
-0.778387851298
-0.778387851296
-0.736321932657
-0.677363240384
-0.564680163866
-0.564680163865
-0.507602057075
-0.430198500416
-0.295697647638
-0.295697647636
-0.229194555473
-0.140922933857
0.00222981458877
0.00222981459041
0.0716481061101
0.162147151335
0.299939007027
0.299939007028
0.365477351866
0.449345143609
0.568288079659
0.56828807966
0.62353112799
0.692558102455
0.781009155559
0.78100915556
0.820549332911
0.867978648897
0.917279613702
0.917279613703
0.937246452022
0.958435397622
0.963760352192
0.963760352192
0.962199358228
0.955073811814
0.915901512496
0.915901512496
0.892965487215
0.858222946915
0.736321932656
0.677363240382
0.564680163864
0.564680163865
0.507602057074
0.430198500416
0.295697647637
0.295697647637
0.229194555473
0.140922933857
-0.0022298145906
-0.00222981459227
-0.0716481061132
-0.162147151339
-0.299939007031
-0.299939007032
-0.365477351869
-0.449345143613
-0.568288079663
-0.568288079662
-0.623531127991
-0.692558102456
-0.78100915556
-0.781009155559
-0.82054933291
-0.867978648896
-0.917279613701
-0.917279613702
-0.937246452021
-0.958435397621
-0.963760352192
-0.963760352192
-0.962199358229
-0.955073811814
-0.915901512497
-0.915901512496
-0.892965487215
-0.858222946916
-0.778387851297
-0.778387851297
-0.736321932658
-0.677363240385
-0.564680163867
-0.564680163865
-0.507602057075
-0.430198500416
-0.295697647638
-0.295697647637
-0.229194555474
-0.140922933858
0.00222981458817
0.00222981458962
0.0716481061095
0.162147151335
0.299939007027
0.299939007028
0.365477351865
0.449345143609
0.568288079659
0.56828807966
0.62353112799
0.692558102455
0.781009155559
0.781009155559
0.82054933291
0.867978648896
0.917279613702
0.917279613702
0.937246452022
0.958435397622
0.963760352192
0.963760352192
0.962199358229
0.955073811814
0.915901512495
0.915901512495
0.892965487214
0.858222946915
0.778387851295
0.778387851295
0.564680163864
0.564680163865
0.507602057074
0.430198500416
0.295697647638
0.295697647638
0.229194555475
0.140922933859
-0.0022298145883
-0.00222981458935
-0.0716481061106
-0.162147151336
-0.29993900703
-0.299939007031
-0.365477351869
-0.449345143613
-0.568288079663
-0.568288079663
-0.623531127993
-0.692558102457
-0.781009155561
-0.781009155561
-0.820549332911
-0.867978648897
-0.917279613702
-0.917279613701
-0.937246452021
-0.958435397621
-0.963760352192
-0.963760352192
-0.962199358229
-0.955073811814
-0.915901512496
-0.915901512496
-0.892965487215
-0.858222946916
-0.778387851297
-0.778387851297
-0.736321932658
-0.677363240384
-0.564680163867
-0.564680163866
-0.507602057076
-0.430198500417
-0.295697647639
-0.295697647637
-0.229194555474
-0.140922933858
0.00222981458764
0.00222981458892
0.0716481061089
0.162147151334
0.299939007026
0.299939007028
0.365477351865
0.449345143609
0.568288079659
0.56828807966
0.62353112799
0.692558102455
0.781009155559
0.781009155559
0.82054933291
0.867978648896
0.917279613701
0.917279613702
0.937246452021
0.958435397621
0.963760352192
0.963760352192
0.962199358229
0.955073811814
0.915901512496
0.915901512495
0.892965487214
0.858222946914
0.778387851294
0.778387851295
0.736321932655
0.677363240382
0.507602057072
0.430198500414
0.295697647637
0.295697647638
0.229194555475
0.14092293386
-0.00222981458598
-0.00222981458646
-0.0716481061076
-0.162147151333
-0.299939007027
-0.299939007029
-0.365477351868
-0.449345143612
-0.568288079663
-0.568288079663
-0.623531127993
-0.692558102457
-0.781009155561
-0.781009155561
-0.820549332911
-0.867978648898
-0.917279613703
-0.917279613702
-0.937246452022
-0.958435397621
-0.963760352192
-0.963760352191
-0.962199358228
-0.955073811813
-0.915901512496
-0.915901512496
-0.892965487215
-0.858222946916
-0.778387851297
-0.778387851296
-0.736321932657
-0.677363240383
-0.564680163865
-0.564680163865
-0.507602057075
-0.430198500416
-0.295697647638
-0.295697647637
-0.229194555475
-0.140922933859
0.00222981458704
0.00222981458847
0.0716481061083
0.162147151333
0.299939007025
0.299939007027
0.365477351864
0.449345143608
0.568288079659
0.56828807966
0.62353112799
0.692558102455
0.781009155559
0.781009155559
0.82054933291
0.867978648896
0.917279613701
0.917279613702
0.937246452021
0.958435397621
0.963760352192
0.963760352192
0.962199358228
0.955073811814
0.915901512496
0.915901512496
0.892965487215
0.858222946916
0.778387851295
0.778387851294
0.736321932654
0.677363240381
0.564680163862
0.564680163862
0.295697647635
0.295697647636
0.229194555474
0.140922933859
-0.00222981458599
-0.00222981458485
-0.0716481061052
-0.16214715133
-0.299939007023
-0.299939007025
-0.365477351864
-0.449345143608
-0.568288079661
-0.568288079663
-0.623531127993
-0.692558102458
-0.781009155562
-0.781009155561
-0.820549332911
-0.867978648897
-0.917279613702
-0.917279613702
-0.937246452022
-0.958435397622
-0.963760352192
-0.963760352191
-0.962199358228
-0.955073811813
-0.915901512495
-0.915901512495
-0.892965487214
-0.858222946915
-0.778387851295
-0.778387851296
-0.736321932657
-0.677363240383
-0.564680163864
-0.564680163864
-0.507602057073
-0.430198500414
-0.295697647636
-0.295697647637
-0.229194555474
-0.140922933858
0.00222981458744
0.00222981458826
0.0716481061079
0.162147151333
0.299939007025
0.299939007026
0.365477351864
0.449345143607
0.568288079658
0.568288079659
0.623531127989
0.692558102454
0.781009155558
0.781009155559
0.82054933291
0.867978648896
0.917279613701
0.917279613701
0.937246452021
0.958435397621
0.963760352192
0.963760352192
0.962199358229
0.955073811814
0.915901512496
0.915901512496
0.892965487215
0.858222946915
0.778387851295
0.778387851295
0.736321932656
0.677363240382
0.564680163863
0.564680163862
0.507602057071
0.430198500412
0.229194555471
0.140922933856
-0.00222981458845
-0.00222981458649
-0.0716481061058
-0.16214715133
-0.299939007021
-0.299939007021
-0.36547735186
-0.449345143603
-0.568288079656
-0.568288079659
-0.62353112799
-0.692558102456
-0.781009155561
-0.781009155562
-0.820549332912
-0.867978648898
-0.917279613702
-0.917279613702
-0.937246452021
-0.958435397621
-0.963760352191
-0.963760352192
-0.962199358228
-0.955073811813
-0.915901512495
-0.915901512495
-0.892965487214
-0.858222946914
-0.778387851294
-0.778387851294
-0.736321932655
-0.677363240381
-0.564680163862
-0.564680163863
-0.507602057073
-0.430198500413
-0.295697647635
-0.295697647634
-0.229194555472
-0.140922933856
0.00222981458968
0.00222981458943
0.0716481061087
0.162147151334
0.299939007026
0.299939007026
0.365477351863
0.449345143607
0.568288079657
0.568288079658
0.623531127988
0.692558102453
0.781009155558
0.781009155559
0.820549332909
0.867978648896
0.917279613701
0.917279613701
0.937246452021
0.958435397621
0.963760352192
0.963760352192
0.962199358228
0.955073811814
0.915901512496
0.915901512496
0.892965487215
0.858222946916
0.778387851296
0.778387851295
0.736321932655
0.677363240381
0.564680163862
0.564680163862
0.507602057072
0.430198500412
0.295697647634
0.295697647633
-0.00222981459092
-0.00222981458978
-0.0716481061087
-0.162147151333
-0.299939007023
-0.299939007021
-0.365477351858
-0.449345143602
-0.568288079653
-0.568288079654
-0.623531127985
-0.692558102451
-0.781009155557
-0.781009155561
-0.820549332912
-0.867978648899
-0.917279613704
-0.917279613703
-0.937246452022
-0.958435397621
-0.963760352191
-0.963760352192
-0.962199358228
-0.955073811814
-0.915901512495
-0.915901512495
-0.892965487214
-0.858222946914
-0.778387851294
-0.778387851294
-0.736321932654
-0.67736324038
-0.564680163861
-0.564680163861
-0.50760205707
-0.430198500411
-0.295697647633
-0.295697647633
-0.22919455547
-0.140922933854
0.00222981459208
0.00222981459202
0.0716481061112
0.162147151337
0.299939007028
0.299939007027
0.365477351864
0.449345143608
0.568288079658
0.568288079658
0.623531127988
0.692558102453
0.781009155557
0.781009155558
0.820549332909
0.867978648895
0.917279613701
0.917279613701
0.937246452021
0.958435397621
0.963760352192
0.963760352192
0.962199358229
0.955073811814
0.915901512496
0.915901512496
0.892965487215
0.858222946916
0.778387851296
0.778387851296
0.736321932656
0.677363240382
0.564680163863
0.564680163862
0.507602057071
0.430198500412
0.295697647633
0.295697647633
0.22919455547
0.140922933854
-0.0716481061113
-0.162147151336
-0.299939007026
-0.299939007024
-0.365477351861
-0.449345143604
-0.568288079653
-0.568288079652
-0.623531127982
-0.692558102448
-0.781009155554
-0.781009155556
-0.820549332908
-0.867978648895
-0.917279613701
-0.917279613703
-0.937246452023
-0.958435397623
-0.963760352193
-0.963760352192
-0.962199358228
-0.955073811814
-0.915901512496
-0.915901512495
-0.892965487214
-0.858222946915
-0.778387851294
-0.778387851294
-0.736321932654
-0.67736324038
-0.564680163861
-0.56468016386
-0.50760205707
-0.43019850041
-0.295697647632
-0.295697647632
-0.229194555469
-0.140922933852
0.00222981459375
0.00222981459364
0.0716481061133
0.162147151339
0.29993900703
0.29993900703
0.365477351866
0.44934514361
0.568288079659
0.568288079659
0.623531127988
0.692558102453
0.781009155557
0.781009155557
0.820549332908
0.867978648894
0.9172796137
0.917279613701
0.93724645202
0.95843539762
0.963760352192
0.963760352192
0.962199358229
0.955073811815
0.915901512497
0.915901512497
0.892965487216
0.858222946917
0.778387851297
0.778387851296
0.736321932656
0.677363240383
0.564680163864
0.564680163864
0.507602057072
0.430198500413
0.295697647634
0.295697647633
0.22919455547
0.140922933854
-0.0022298145922
-0.00222981459189
-0.299939007028
-0.299939007028
-0.365477351864
-0.449345143607
-0.568288079656
-0.568288079654
-0.623531127983
-0.692558102448
-0.781009155553
-0.781009155553
-0.820549332905
-0.867978648892
-0.9172796137
-0.917279613701
-0.937246452021
-0.958435397621
-0.963760352192
-0.963760352193
-0.96219935823
-0.955073811815
-0.915901512497
-0.915901512496
-0.892965487215
-0.858222946916
-0.778387851296
-0.778387851295
-0.736321932655
-0.677363240381
-0.564680163862
-0.564680163861
-0.50760205707
-0.430198500411
-0.295697647631
-0.295697647631
-0.229194555468
-0.140922933851
0.0022298145946
0.00222981459454
0.0716481061145
0.16214715134
0.299939007031
0.299939007031
0.365477351868
0.449345143612
0.568288079661
0.568288079661
0.62353112799
0.692558102455
0.781009155558
0.781009155557
0.820549332908
0.867978648894
0.9172796137
0.9172796137
0.93724645202
0.95843539762
0.963760352191
0.963760352192
0.962199358229
0.955073811815
0.915901512497
0.915901512497
0.892965487216
0.858222946918
0.778387851298
0.778387851298
0.736321932658
0.677363240385
0.564680163866
0.564680163865
0.507602057074
0.430198500415
0.295697647635
0.295697647635
0.229194555471
0.140922933855
-0.00222981459178
-0.00222981459162
-0.0716481061119
-0.162147151337
-0.365477351865
-0.449345143608
-0.568288079657
-0.568288079657
-0.623531127986
-0.69255810245
-0.781009155554
-0.781009155553
-0.820549332904
-0.867978648891
-0.917279613698
-0.917279613699
-0.93724645202
-0.958435397621
-0.963760352193
-0.963760352192
-0.962199358229
-0.955073811814
-0.915901512496
-0.915901512497
-0.892965487216
-0.858222946918
-0.778387851298
-0.778387851296
-0.736321932657
-0.677363240383
-0.564680163864
-0.564680163863
-0.507602057072
-0.430198500413
-0.295697647633
-0.295697647631
-0.229194555468
-0.140922933851
0.00222981459485
0.00222981459524
0.0716481061152
0.16214715134
0.299939007032
0.299939007032
0.365477351869
0.449345143612
0.568288079662
0.568288079662
0.623531127992
0.692558102456
0.78100915556
0.781009155559
0.820549332909
0.867978648895
0.9172796137
0.9172796137
0.937246452019
0.95843539762
0.963760352192
0.963760352192
0.962199358229
0.955073811815
0.915901512498
0.915901512498
0.892965487217
0.858222946918
0.778387851299
0.778387851299
0.736321932659
0.677363240386
0.564680163867
0.564680163867
0.507602057076
0.430198500417
0.295697647637
0.295697647637
0.229194555473
0.140922933856
-0.00222981459054
-0.00222981459077
-0.0716481061115
-0.162147151336
-0.299939007028
-0.299939007027
-0.568288079659
-0.568288079659
-0.623531127988
-0.692558102452
-0.781009155555
-0.781009155554
-0.820549332905
-0.867978648891
-0.917279613697
-0.917279613697
-0.937246452017
-0.958435397618
-0.963760352191
-0.963760352193
-0.96219935823
-0.955073811816
-0.915901512498
-0.915901512496
-0.892965487215
-0.858222946916
-0.778387851297
-0.778387851298
-0.736321932659
-0.677363240386
-0.564680163867
-0.564680163864
-0.507602057073
-0.430198500414
-0.295697647635
-0.295697647634
-0.229194555471
-0.140922933854
0.00222981459268
0.00222981459477
0.0716481061151
0.16214715134
0.299939007032
0.299939007032
0.36547735187
0.449345143613
0.568288079663
0.568288079663
0.623531127992
0.692558102457
0.78100915556
0.78100915556
0.820549332911
0.867978648897
0.917279613702
0.917279613701
0.93724645202
0.95843539762
0.963760352191
0.963760352191
0.962199358229
0.955073811815
0.915901512498
0.915901512498
0.892965487217
0.858222946919
0.7783878513
0.7783878513
0.73632193266
0.677363240387
0.564680163869
0.564680163868
0.507602057077
0.430198500418
0.295697647639
0.295697647639
0.229194555475
0.140922933858
-0.00222981458896
-0.00222981458913
-0.0716481061101
-0.162147151335
-0.299939007028
-0.299939007028
-0.365477351865
-0.449345143609
-0.623531127988
-0.692558102453
-0.781009155557
-0.781009155556
-0.820549332906
-0.867978648893
-0.917279613698
-0.917279613697
-0.937246452017
-0.958435397617
-0.96376035219
-0.96376035219
-0.962199358228
-0.955073811815
-0.915901512498
-0.915901512499
-0.892965487218
-0.858222946919
-0.778387851299
-0.778387851297
-0.736321932657
-0.677363240384
-0.564680163867
-0.564680163867
-0.507602057076
-0.430198500417
-0.295697647638
-0.295697647636
-0.229194555472
-0.140922933856
0.00222981459005
0.00222981459192
0.0716481061127
0.162147151338
0.29993900703
0.299939007032
0.365477351869
0.449345143613
0.568288079663
0.568288079663
0.623531127992
0.692558102457
0.78100915556
0.781009155561
0.820549332911
0.867978648897
0.917279613702
0.917279613702
0.937246452021
0.958435397621
0.963760352192
0.963760352191
0.962199358228
0.955073811814
0.915901512498
0.915901512498
0.892965487218
0.858222946919
0.778387851301
0.7783878513
0.736321932661
0.677363240389
0.56468016387
0.56468016387
0.507602057079
0.43019850042
0.295697647642
0.295697647641
0.229194555477
0.140922933861
-0.00222981458624
-0.002229814587
-0.0716481061084
-0.162147151334
-0.299939007027
-0.299939007027
-0.365477351865
-0.449345143609
-0.568288079659
-0.568288079658
-0.781009155558
-0.781009155558
-0.820549332908
-0.867978648894
-0.917279613699
-0.917279613699
-0.937246452018
-0.958435397618
-0.96376035219
-0.963760352189
-0.962199358227
-0.955073811813
-0.915901512497
-0.915901512498
-0.892965487218
-0.858222946919
-0.7783878513
-0.778387851299
-0.736321932659
-0.677363240386
-0.564680163867
-0.564680163867
-0.507602057076
-0.430198500418
-0.295697647639
-0.295697647638
-0.229194555475
-0.140922933858
0.00222981458802
0.00222981458934
0.0716481061099
0.162147151335
0.299939007028
0.29993900703
0.365477351868
0.449345143611
0.568288079662
0.568288079663
0.623531127993
0.692558102457
0.781009155561
0.78100915556
0.820549332911
0.867978648897
0.917279613702
0.917279613702
0.937246452022
0.958435397621
0.963760352192
0.963760352192
0.962199358229
0.955073811815
0.915901512497
0.915901512497
0.892965487217
0.858222946918
0.7783878513
0.7783878513
0.736321932661
0.677363240388
0.564680163871
0.564680163871
0.50760205708
0.430198500422
0.295697647643
0.295697647643
0.229194555479
0.140922933863
-0.00222981458369
-0.0022298145844
-0.0716481061056
-0.162147151331
-0.299939007024
-0.299939007025
-0.365477351864
-0.449345143607
-0.568288079659
-0.568288079659
-0.623531127989
-0.692558102454
-0.820549332909
-0.867978648895
-0.917279613701
-0.9172796137
-0.93724645202
-0.95843539762
-0.963760352191
-0.96376035219
-0.962199358228
-0.955073811814
-0.915901512497
-0.915901512497
-0.892965487217
-0.858222946918
-0.7783878513
-0.7783878513
-0.736321932661
-0.677363240387
-0.564680163869
-0.564680163867
-0.507602057077
-0.430198500418
-0.29569764764
-0.295697647639
-0.229194555476
-0.14092293386
0.00222981458647
0.00222981458773
0.0716481061081
0.162147151333
0.299939007025
0.299939007027
0.365477351865
0.449345143609
0.56828807966
0.568288079661
0.623531127991
0.692558102456
0.78100915556
0.781009155561
0.820549332911
0.867978648897
0.917279613702
0.917279613701
0.937246452021
0.95843539762
0.963760352192
0.963760352192
0.962199358229
0.955073811815
0.915901512497
0.915901512497
0.892965487216
0.858222946918
0.778387851299
0.778387851299
0.73632193266
0.677363240387
0.56468016387
0.56468016387
0.50760205708
0.430198500421
0.295697647643
0.295697647644
0.229194555481
0.140922933865
-0.0022298145819
-0.0022298145825
-0.0716481061033
-0.162147151329
-0.299939007022
-0.299939007022
-0.365477351861
-0.449345143605
-0.568288079656
-0.568288079657
-0.623531127988
-0.692558102453
-0.781009155558
-0.781009155558
-0.917279613701
-0.917279613701
-0.937246452021
-0.958435397621
-0.963760352193
-0.963760352192
-0.962199358229
-0.955073811815
-0.915901512498
-0.915901512497
-0.892965487217
-0.858222946919
-0.778387851301
-0.7783878513
-0.736321932661
-0.677363240388
-0.564680163869
-0.564680163869
-0.507602057078
-0.430198500419
-0.29569764764
-0.29569764764
-0.229194555477
-0.140922933861
0.00222981458534
0.00222981458638
0.0716481061068
0.162147151332
0.299939007024
0.299939007025
0.365477351863
0.449345143607
0.568288079658
0.568288079659
0.623531127989
0.692558102454
0.781009155559
0.78100915556
0.82054933291
0.867978648897
0.917279613702
0.917279613702
0.937246452021
0.958435397621
0.963760352191
0.963760352191
0.962199358228
0.955073811814
0.915901512496
0.915901512497
0.892965487216
0.858222946917
0.778387851298
0.778387851298
0.736321932659
0.677363240386
0.564680163868
0.564680163869
0.507602057079
0.43019850042
0.295697647642
0.295697647643
0.22919455548
0.140922933864
-0.00222981458193
-0.00222981458131
-0.0716481061017
-0.162147151327
-0.29993900702
-0.29993900702
-0.365477351859
-0.449345143603
-0.568288079654
-0.568288079655
-0.623531127986
-0.692558102451
-0.781009155556
-0.781009155557
-0.820549332908
-0.867978648895
-0.937246452021
-0.958435397621
-0.963760352193
-0.963760352193
-0.96219935823
-0.955073811816
-0.915901512499
-0.915901512498
-0.892965487218
-0.858222946919
-0.778387851301
-0.778387851301
-0.736321932662
-0.677363240389
-0.564680163871
-0.56468016387
-0.507602057079
-0.43019850042
-0.295697647642
-0.29569764764
-0.229194555477
-0.140922933861
0.00222981458465
0.00222981458523
0.0716481061055
0.162147151331
0.299939007023
0.299939007024
0.365477351862
0.449345143606
0.568288079656
0.568288079657
0.623531127987
0.692558102452
0.781009155557
0.781009155558
0.820549332909
0.867978648896
0.917279613701
0.917279613702
0.937246452021
0.958435397621
0.963760352192
0.963760352192
0.962199358228
0.955073811813
0.915901512496
0.915901512496
0.892965487215
0.858222946916
0.778387851297
0.778387851298
0.736321932659
0.677363240386
0.564680163867
0.564680163868
0.507602057077
0.430198500419
0.29569764764
0.295697647641
0.229194555479
0.140922933863
-0.00222981458333
-0.0022298145822
-0.0716481061023
-0.162147151328
-0.29993900702
-0.299939007019
-0.365477351857
-0.449345143601
-0.568288079653
-0.568288079653
-0.623531127984
-0.692558102449
-0.781009155555
-0.781009155555
-0.820549332906
-0.867978648893
-0.917279613699
-0.9172796137
-0.963760352192
-0.963760352193
-0.96219935823
-0.955073811816
-0.915901512499
-0.915901512499
-0.892965487219
-0.858222946921
-0.778387851302
-0.778387851301
-0.736321932662
-0.677363240389
-0.564680163871
-0.564680163871
-0.50760205708
-0.430198500422
-0.295697647643
-0.295697647642
-0.229194555479
-0.140922933863
0.00222981458339
0.00222981458456
0.0716481061047
0.16214715133
0.299939007022
0.299939007023
0.365477351861
0.449345143604
0.568288079655
0.568288079656
0.623531127986
0.692558102451
0.781009155556
0.781009155557
0.820549332907
0.867978648894
0.9172796137
0.917279613701
0.937246452021
0.958435397621
0.963760352192
0.963760352192
0.962199358229
0.955073811815
0.915901512497
0.915901512496
0.892965487215
0.858222946916
0.778387851297
0.778387851297
0.736321932657
0.677363240384
0.564680163866
0.564680163867
0.507602057076
0.430198500418
0.295697647639
0.29569764764
0.229194555477
0.140922933861
-0.00222981458511
-0.00222981458376
-0.0716481061038
-0.162147151329
-0.299939007021
-0.29993900702
-0.365477351858
-0.449345143602
-0.568288079653
-0.568288079652
-0.623531127982
-0.692558102448
-0.781009155554
-0.781009155554
-0.820549332905
-0.867978648893
-0.917279613699
-0.917279613699
-0.937246452019
-0.95843539762
-0.962199358229
-0.955073811816
-0.9159015125
-0.915901512499
-0.892965487219
-0.858222946921
-0.778387851302
-0.778387851302
-0.736321932663
-0.67736324039
-0.564680163872
-0.564680163871
-0.507602057081
-0.430198500422
-0.295697647644
-0.295697647644
-0.22919455548
-0.140922933864
0.00222981458165
0.00222981458315
0.0716481061034
0.162147151328
0.299939007021
0.299939007021
0.365477351859
0.449345143603
0.568288079654
0.568288079655
0.623531127985
0.69255810245
0.781009155555
0.781009155556
0.820549332906
0.867978648893
0.917279613699
0.917279613699
0.937246452019
0.958435397619
0.963760352191
0.963760352192
0.962199358229
0.955073811815
0.915901512497
0.915901512497
0.892965487216
0.858222946917
0.778387851297
0.778387851297
0.736321932657
0.677363240384
0.564680163866
0.564680163866
0.507602057075
0.430198500416
0.295697647638
0.295697647639
0.229194555476
0.14092293386
-0.0022298145862
-0.00222981458534
-0.0716481061055
-0.162147151331
-0.299939007023
-0.299939007021
-0.365477351859
-0.449345143603
-0.568288079654
-0.568288079653
-0.623531127983
-0.692558102448
-0.781009155553
-0.781009155553
-0.820549332904
-0.867978648891
-0.917279613698
-0.917279613699
-0.937246452019
-0.95843539762
-0.963760352192
-0.963760352192
-0.915901512499
-0.915901512499
-0.892965487219
-0.858222946921
-0.778387851303
-0.778387851302
-0.736321932663
-0.67736324039
-0.564680163873
-0.564680163872
-0.507602057082
-0.430198500423
-0.295697647645
-0.295697647644
-0.229194555481
-0.140922933866
0.00222981458042
0.00222981458151
0.0716481061017
0.162147151327
0.299939007019
0.29993900702
0.365477351858
0.449345143602
0.568288079653
0.568288079654
0.623531127984
0.692558102449
0.781009155554
0.781009155555
0.820549332906
0.867978648893
0.917279613699
0.917279613699
0.937246452019
0.958435397619
0.963760352191
0.963760352191
0.962199358228
0.955073811814
0.915901512497
0.915901512497
0.892965487217
0.858222946918
0.778387851299
0.778387851298
0.736321932658
0.677363240385
0.564680163866
0.564680163866
0.507602057075
0.430198500417
0.295697647638
0.295697647638
0.229194555475
0.140922933858
-0.0022298145875
-0.00222981458646
-0.0716481061065
-0.162147151332
-0.299939007024
-0.299939007023
-0.365477351861
-0.449345143604
-0.568288079655
-0.568288079654
-0.623531127984
-0.69255810245
-0.781009155555
-0.781009155553
-0.820549332905
-0.867978648892
-0.917279613698
-0.917279613698
-0.937246452018
-0.958435397619
-0.963760352191
-0.963760352192
-0.96219935823
-0.955073811816
-0.89296548722
-0.858222946921
-0.778387851303
-0.778387851303
-0.736321932664
-0.677363240391
-0.564680163874
-0.564680163873
-0.507602057082
-0.430198500424
-0.295697647646
-0.295697647645
-0.229194555482
-0.140922933866
0.00222981458013
0.0022298145806
0.0716481061006
0.162147151326
0.299939007018
0.299939007019
0.365477351857
0.4493451436
0.568288079651
0.568288079652
0.623531127983
0.692558102448
0.781009155553
0.781009155554
0.820549332905
0.867978648892
0.917279613699
0.917279613699
0.937246452019
0.958435397619
0.963760352192
0.963760352191
0.962199358228
0.955073811814
0.915901512498
0.915901512497
0.892965487217
0.858222946918
0.778387851299
0.778387851299
0.73632193266
0.677363240387
0.564680163868
0.564680163867
0.507602057076
0.430198500417
0.295697647638
0.295697647638
0.229194555475
0.140922933859
-0.00222981458803
-0.00222981458769
-0.0716481061078
-0.162147151333
-0.299939007025
-0.299939007024
-0.365477351861
-0.449345143605
-0.568288079655
-0.568288079655
-0.623531127985
-0.69255810245
-0.781009155555
-0.781009155554
-0.820549332905
-0.867978648892
-0.917279613699
-0.917279613698
-0.937246452019
-0.958435397619
-0.963760352192
-0.963760352191
-0.962199358229
-0.955073811815
-0.915901512499
-0.9159015125
-0.778387851303
-0.778387851302
-0.736321932664
-0.677363240391
-0.564680163874
-0.564680163873
-0.507602057083
-0.430198500425
-0.295697647646
-0.295697647646
-0.229194555483
-0.140922933867
0.00222981457888
0.00222981458028
0.0716481061004
0.162147151326
0.299939007018
0.299939007018
0.365477351856
0.4493451436
0.568288079651
0.568288079651
0.623531127982
0.692558102447
0.781009155553
0.781009155553
0.820549332904
0.867978648892
0.917279613698
0.917279613699
0.937246452019
0.95843539762
0.963760352192
0.963760352192
0.962199358229
0.955073811816
0.915901512499
0.915901512498
0.892965487218
0.858222946919
0.778387851301
0.7783878513
0.73632193266
0.677363240387
0.564680163869
0.564680163869
0.507602057078
0.430198500419
0.29569764764
0.295697647639
0.229194555475
0.140922933859
-0.00222981458723
-0.00222981458742
-0.0716481061081
-0.162147151333
-0.299939007026
-0.299939007025
-0.365477351863
-0.449345143606
-0.568288079657
-0.568288079656
-0.623531127985
-0.692558102451
-0.781009155555
-0.781009155555
-0.820549332906
-0.867978648892
-0.917279613699
-0.917279613699
-0.937246452019
-0.958435397619
-0.963760352191
-0.963760352192
-0.962199358229
-0.955073811816
-0.915901512499
-0.915901512499
-0.892965487219
-0.858222946921
-0.736321932665
-0.677363240392
-0.564680163875
-0.564680163873
-0.507602057083
-0.430198500425
-0.295697647647
-0.295697647646
-0.229194555483
-0.140922933867
0.00222981457877
0.00222981457907
0.0716481060992
0.162147151324
0.299939007017
0.299939007018
0.365477351855
0.449345143599
0.56828807965
0.568288079651
0.623531127981
0.692558102447
0.781009155552
0.781009155553
0.820549332904
0.867978648891
0.917279613698
0.917279613698
0.937246452019
0.958435397619
0.963760352192
0.963760352192
0.962199358229
0.955073811816
0.915901512499
0.915901512499
0.892965487219
0.858222946921
0.778387851302
0.778387851301
0.736321932662
0.677363240389
0.564680163871
0.56468016387
0.507602057079
0.43019850042
0.295697647641
0.295697647641
0.229194555478
0.140922933862
-0.00222981458503
-0.00222981458613
-0.0716481061069
-0.162147151332
-0.299939007025
-0.299939007025
-0.365477351863
-0.449345143607
-0.568288079658
-0.568288079657
-0.623531127987
-0.692558102452
-0.781009155557
-0.781009155555
-0.820549332906
-0.867978648893
-0.917279613699
-0.917279613699
-0.937246452019
-0.958435397619
-0.963760352192
-0.963760352192
-0.962199358229
-0.955073811815
-0.915901512499
-0.9159015125
-0.892965487219
-0.858222946921
-0.778387851303
-0.778387851304
-0.564680163873
-0.564680163874
-0.507602057084
-0.430198500426
-0.295697647648
-0.295697647647
-0.229194555484
-0.140922933868
0.00222981457813
0.00222981457919
0.0716481060993
0.162147151324
0.299939007017
0.299939007017
0.365477351855
0.449345143599
0.56828807965
0.568288079651
0.623531127981
0.692558102446
0.781009155552
0.781009155552
0.820549332904
0.867978648891
0.917279613698
0.917279613698
0.937246452018
0.958435397619
0.963760352192
0.963760352191
0.962199358229
0.955073811815
0.915901512499
0.915901512499
0.892965487219
0.85822294692
0.778387851302
0.778387851302
0.736321932663
0.67736324039
0.564680163872
0.564680163871
0.50760205708
0.430198500422
0.295697647643
0.295697647642
0.229194555478
0.140922933862
-0.00222981458439
-0.00222981458487
-0.0716481061054
-0.162147151331
-0.299939007024
-0.299939007024
-0.365477351862
-0.449345143606
-0.568288079657
-0.568288079658
-0.623531127988
-0.692558102453
-0.781009155558
-0.781009155557
-0.820549332908
-0.867978648895
-0.917279613701
-0.917279613699
-0.937246452019
-0.95843539762
-0.963760352192
-0.963760352191
-0.962199358229
-0.955073811815
-0.915901512499
-0.915901512499
-0.892965487219
-0.858222946921
-0.778387851302
-0.778387851302
-0.736321932664
-0.677363240391
-0.507602057082
-0.430198500423
-0.295697647646
-0.295697647646
-0.229194555484
-0.140922933868
0.00222981457817
0.00222981457866
0.0716481060987
0.162147151324
0.299939007016
0.299939007017
0.365477351855
0.449345143599
0.56828807965
0.568288079651
0.623531127981
0.692558102446
0.781009155552
0.781009155552
0.820549332903
0.867978648891
0.917279613698
0.917279613698
0.937246452018
0.958435397619
0.963760352192
0.963760352191
0.962199358229
0.955073811815
0.915901512499
0.915901512498
0.892965487218
0.85822294692
0.778387851302
0.778387851301
0.736321932663
0.67736324039
0.564680163873
0.564680163871
0.507602057081
0.430198500422
0.295697647644
0.295697647643
0.22919455548
0.140922933864
-0.00222981458317
-0.00222981458453
-0.071648106105
-0.16214715133
-0.299939007023
-0.299939007024
-0.365477351862
-0.449345143606
-0.568288079657
-0.568288079657
-0.623531127987
-0.692558102453
-0.781009155557
-0.781009155558
-0.820549332909
-0.867978648896
-0.917279613701
-0.917279613701
-0.937246452021
-0.958435397621
-0.963760352192
-0.963760352192
-0.962199358229
-0.955073811815
-0.915901512498
-0.915901512498
-0.892965487218
-0.858222946919
-0.778387851301
-0.778387851301
-0.736321932663
-0.67736324039
-0.564680163872
-0.564680163872
-0.295697647643
-0.295697647644
-0.229194555482
-0.140922933865
0.0022298145802
0.00222981457945
0.0716481060992
0.162147151325
0.299939007017
0.299939007017
0.365477351855
0.449345143599
0.56828807965
0.56828807965
0.62353112798
0.692558102446
0.781009155551
0.781009155552
0.820549332903
0.86797864889
0.917279613697
0.917279613697
0.937246452018
0.958435397618
0.963760352191
0.963760352191
0.962199358229
0.955073811815
0.915901512499
0.915901512498
0.892965487218
0.85822294692
0.778387851301
0.778387851301
0.736321932662
0.677363240389
0.564680163872
0.564680163871
0.507602057081
0.430198500423
0.295697647644
0.295697647643
0.22919455548
0.140922933864
-0.0022298145826
-0.00222981458344
-0.0716481061038
-0.162147151329
-0.299939007022
-0.299939007023
-0.365477351861
-0.449345143606
-0.568288079657
-0.568288079657
-0.623531127987
-0.692558102453
-0.781009155557
-0.781009155557
-0.820549332908
-0.867978648895
-0.9172796137
-0.917279613701
-0.937246452021
-0.958435397621
-0.963760352192
-0.963760352192
-0.962199358229
-0.955073811815
-0.915901512497
-0.915901512498
-0.892965487217
-0.858222946919
-0.7783878513
-0.7783878513
-0.736321932661
-0.677363240388
-0.56468016387
-0.564680163871
-0.50760205708
-0.430198500421
-0.229194555479
-0.140922933863
0.00222981458325
0.00222981458224
0.0716481061017
0.162147151327
0.299939007019
0.299939007018
0.365477351855
0.4493451436
0.568288079651
0.568288079651
0.623531127981
0.692558102447
0.781009155552
0.781009155552
0.820549332903
0.86797864889
0.917279613697
0.917279613697
0.937246452017
0.958435397618
0.963760352191
0.963760352191
0.962199358228
0.955073811814
0.915901512498
0.915901512498
0.892965487218
0.858222946919
0.778387851301
0.7783878513
0.736321932662
0.677363240389
0.564680163871
0.56468016387
0.50760205708
0.430198500421
0.295697647643
0.295697647643
0.22919455548
0.140922933864
-0.00222981458309
-0.00222981458369
-0.0716481061038
-0.16214715133
-0.299939007022
-0.299939007023
-0.365477351861
-0.449345143605
-0.568288079656
-0.568288079657
-0.623531127987
-0.692558102453
-0.781009155558
-0.781009155558
-0.820549332909
-0.867978648895
-0.917279613701
-0.9172796137
-0.93724645202
-0.95843539762
-0.963760352191
-0.963760352192
-0.962199358229
-0.955073811814
-0.915901512497
-0.915901512497
-0.892965487216
-0.858222946917
-0.778387851298
-0.778387851299
-0.73632193266
-0.677363240386
-0.564680163868
-0.564680163869
-0.507602057078
-0.430198500419
-0.29569764764
-0.295697647641
0.0022298145866
0.00222981458534
0.0716481061048
0.16214715133
0.299939007022
0.299939007021
0.365477351858
0.449345143602
0.568288079653
0.568288079652
0.623531127982
0.692558102448
0.781009155553
0.781009155553
0.820549332903
0.867978648891
0.917279613697
0.917279613697
0.937246452017
0.958435397618
0.96376035219
0.96376035219
0.962199358228
0.955073811814
0.915901512497
0.915901512497
0.892965487217
0.858222946918
0.778387851299
0.778387851299
0.736321932661
0.677363240387
0.564680163869
0.564680163869
0.507602057079
0.43019850042
0.295697647641
0.295697647641
0.229194555478
0.140922933862
-0.00222981458545
-0.002229814585
-0.071648106105
-0.162147151331
-0.299939007025
-0.299939007024
-0.365477351861
-0.449345143606
-0.568288079657
-0.568288079657
-0.623531127987
-0.692558102453
-0.781009155558
-0.781009155558
-0.820549332909
-0.867978648896
-0.917279613701
-0.917279613701
-0.937246452021
-0.95843539762
-0.963760352191
-0.963760352191
-0.962199358228
-0.955073811813
-0.915901512495
-0.915901512496
-0.892965487216
-0.858222946916
-0.778387851296
-0.778387851297
-0.736321932658
-0.677363240384
-0.564680163866
-0.564680163867
-0.507602057076
-0.430198500417
-0.295697647638
-0.295697647639
-0.229194555476
-0.140922933859
)
;

boundaryField
{
    zMin
    {
        type            empty;
    }
    zMax
    {
        type            empty;
    }
    xMin
    {
        type            cyclic;
    }
    xMax
    {
        type            cyclic;
    }
    yMin
    {
        type            cyclic;
    }
    yMax
    {
        type            cyclic;
    }
}


// ************************************************************************* //
