/*--------------------------------*- C++ -*----------------------------------*\
  =========                 |
  \\      /  F ield         | OpenFOAM: The Open Source CFD Toolbox
   \\    /   O peration     | Website:  https://openfoam.org
    \\  /    A nd           | Version:  14
     \\/     M anipulation  |
\*---------------------------------------------------------------------------*/
FoamFile
{
    format      ascii;
    class       surfaceScalarField;
    location    "39.999999999997";
    object      phi;
}
// * * * * * * * * * * * * * * * * * * * * * * * * * * * * * * * * * * * * * //

dimensions      [0 3 -1 0 0 0 0];

internalField   nonuniform List<scalar> 
4035
(
-7.71639893695e-06
-2.71771329492e-05
3.48935325357e-05
-7.09858828189e-06
5.45969051799e-05
-5.52147157989e-05
-3.42757212281e-05
8.94904377328e-05
-8.94904370025e-05
0.000928247531143
-0.000152980339778
-0.000775267191358
8.07409216824e-06
0.000216560242683
-0.000224634334787
-0.000608671448951
4.39238766479e-05
0.000564747572367
-0.000928258273254
0.000429299181352
0.000916289804788
-0.000417330712858
0.000420361574632
-0.00128506224683
-0.000377436917398
0.0012421375896
0.00033017570813
-8.30244104938e-05
-0.000357834510595
0.000110683213013
-0.000239155377236
-0.000750175832184
0.000701794483258
0.000287536726051
0.00111403631315
-0.000788959646687
9.52849081904e-05
2.64120607189e-05
-0.000939312489279
0.000920555093073
-7.65466458066e-06
5.02382801769e-05
-0.00110040069726
0.000880513030082
0.000169649387022
0.000906927158416
0.000547246405513
-0.00112292109599
-0.00033125246795
0.000569298148193
-0.000712770827664
-9.5682697854e-05
-0.000341732880949
-0.000651399622613
0.000716065652834
0.000277066850772
0.000599655954073
-0.000683385798477
0.000328027735112
-0.000244297890794
0.000307304221625
-0.000177534560085
0.000200406046606
0.000614716538084
-0.000765236416204
-7.49503183023e-05
0.00055685570285
0.000986108366349
-0.000524879315839
-0.000393337440143
-0.000483007148848
-0.00116482874963
0.000286808756604
0.000121232716635
-0.000626921994184
0.000573214026735
3.15717823694e-05
-1.11621300279e-05
6.90807854276e-05
6.73046770858e-05
0.000271491836634
-9.44544219232e-05
1.51031484435e-05
-0.000192140563176
-0.000349866389354
0.000621358225987
0.000220767780844
0.000153841117879
-0.000354388947936
0.000276203352062
0.000134868332534
-8.24776150603e-05
-0.000301337955906
0.000446128333542
-0.000513506326232
-0.000282488396685
-4.2872663077e-06
4.28726629458e-06
4.55958408272e-06
8.86753350185e-06
-1.77143839155e-05
8.8468503722e-06
-7.67400380649e-05
-9.44544219809e-05
0.000227761778533
-0.000817288206678
0.000589526428225
-0.000297741118618
-8.10730238148e-05
0.000378814142505
0.000148011207863
-0.000911516074417
0.0007635048666
0.000856613722783
-0.000401777600544
-0.000855163715497
0.000400327593228
-0.00074005162831
0.000708369144249
0.000272325036372
-0.000240642552333
-0.00130352576013
9.80424831602e-05
0.0004654316487
0.000742934124595
0.000613731165086
-0.000648296145359
0.000436341716876
-0.000411402840281
0.000106782562936
-0.000131721439462
-0.000407851742401
0.00054645234068
0.000327756254529
0.00064293964863
-0.000317154253799
-0.00122301934302
0.000236647836699
-0.00106698598354
0.000809221223768
-5.93894940502e-05
0.000888648547782
-0.000833269957332
4.26638927102e-05
-4.40787318631e-05
0.00100828237024
-0.000820955893336
-0.000143247745108
-0.000104127752887
-0.00117806675162
0.00103445206866
0.000247742435859
-0.000551415229154
0.000705135910421
0.000118604355044
0.000641740494103
-0.000743758266997
-0.000305833969495
0.000756907158971
-0.000345766480738
0.000202590486796
-0.000328556775923
0.000156812663738
-0.000239658728085
-0.0010001527033
2.57095391567e-05
-0.000563511430801
-2.38358097402e-05
0.000483219487717
0.00104033101499
-0.000227796024041
-3.46771201774e-05
0.000353771251972
0.000760497955952
-0.000615823215782
0.000329935442266
-1.41568042658e-05
-6.91845378172e-06
-6.84151789165e-05
-0.00012016870457
-0.000598266114433
0.00064046258171
-0.000186255097167
0.000144058629927
0.000214888815546
-0.000250142211548
-0.000198583268936
0.000325476528351
-0.000299559250038
-9.33807334779e-05
9.65907662935e-05
0.000221780055991
-0.000521150302459
0.000533613599726
0.000202425518257
0.00264632045407
-2.57775003391e-05
-0.00262054295376
0.000250332600154
0.000533501158806
-0.000783833758926
-0.00157508985866
7.56302330158e-05
0.0014994596257
-0.00142585093082
0.000671961064357
0.00129513119666
-0.000541241330225
0.00057521324662
-0.00180891044114
-0.000710546131768
0.00194424332632
0.000752402621053
-0.000206001401019
-0.000882973836139
0.000336572616121
-9.27215299787e-05
-0.00113438275168
0.000786949406681
0.000440154874959
0.00131335712461
0.000105025018612
-0.000843168896541
-4.35797435801e-05
-0.000965363986363
4.01017132379e-05
0.000968842016704
3.3687334104e-05
-0.00133512499739
0.000203917029239
0.0010975206341
0.00127018902974
0.000196834854766
-0.000110927252215
-0.00135609663234
0.000558961407198
7.10189528691e-06
-0.000658784832467
-0.000619407345797
-0.00102018598652
0.000424480083245
0.00121511324906
0.000385512982224
-0.000975996119309
-4.77325823355e-05
0.000638215719247
0.000667386742809
0.000393529045714
-0.000308513167476
0.000704856314403
-0.00145372608389
4.43311991422e-05
0.00106554077804
0.00228563599042
-0.000383296858732
-0.00109620672554
-0.00096888002313
-0.00186893944315
0.000476775846482
0.000150934116211
-0.00119240171326
0.000895482754507
-0.000199594887878
0.000157600759241
-5.24602933371e-05
0.000181308927385
0.00331912408444
-0.00401316876453
-0.000312277900664
0.0010063225807
0.000315062909257
0.000533632760931
0.0003909343661
-0.00051563759813
0.000129166243451
3.37522958062e-05
-8.9103948323e-05
0.0002007907401
-0.000148352243143
0.00109175863727
-0.00114419713425
0.00351991482453
-0.000363213488179
0.00036321348817
0.000182522841374
-0.000342869536695
-0.000202866792859
0.000545736329538
0.000297593045009
0.000640462581673
0.000243435285727
-0.0026369244007
0.00239348911499
-0.000426781967169
-0.00126276872913
0.00168955069632
-7.38089562718e-05
-0.00214050801378
0.0022143169701
0.000994021001411
-0.000546381484053
-0.000944084026274
0.000496444508896
-0.0007191206484
0.000943112322986
0.000131983205557
-0.000355974880019
-0.00150949374371
-7.14396402007e-06
0.000797517059347
0.00119096148136
0.000556015028961
-0.000803864187345
0.000808990500586
-0.000708483464649
0.000246027993265
-0.000346535029213
-0.000456329731954
0.000838538265344
0.000889684203617
0.000544712563458
-0.000429558130454
-0.00150889017179
0.000428954558589
-0.00114408952269
-9.63868397321e-05
0.000810918232059
0.000911831566797
-2.10801983828e-05
-0.000897895332397
-0.000143927739148
0.00117151405751
-0.00012896778546
-0.000898618532774
0.000251696437672
-0.00136874267867
0.0001144806801
0.00100256556084
-0.000543629357392
1.9674296585e-05
0.000655938266405
0.00081535474376
-0.000322949547857
-0.000948734927898
0.000946303043809
0.000120892394268
-0.000511180409171
-0.000565409953881
-0.000359257848917
0.000216184338128
-0.00264327152869
-0.00101674073588
-0.00127979047447
0.000183354425894
0.00134813248624
0.00139752513487
-0.000547431872571
-0.000185173993139
0.00200338284414
0.000998389190027
-0.00070623240872
0.00218673727001
0.00100362625077
-0.00029818156902
-6.49821000961e-05
-0.00324598512223
0.00401316876463
4.14031091766e-05
-0.000808586751658
-0.000359649514333
0.000288884634021
-0.000361937459452
-0.000563122008777
-0.000310429361746
0.000419551696778
-0.000157749458302
1.2227329391e-05
0.000122272928587
0.000140764506805
-0.000819225378271
0.00096734550545
-0.00106274704685
0.00106274704682
0.000649732405304
0.000279375976389
-0.00199185542858
0.0017124794521
-0.00202131333606
-0.000875216129997
8.62564832992e-05
4.53389630785e-05
-0.000443229590184
0.000265695030111
0.000272836062656
-0.00054617683849
-0.000166593989225
-0.000218149103401
-0.000104495418682
9.33332886714e-05
0.00011627236217
0.00065520637163
0.000261083433147
0.000300817423684
0.000677700316878
0.000202812713191
0.000260369604012
-0.000778960662863
-0.000343960433153
-0.000332832329328
0.000239501188119
-0.000224398039688
-0.000274005138115
0.00084575066305
-3.6529439299e-05
1.24807057137e-05
0.000440859110598
-0.000284046446845
-0.000302899156398
0.000546690345443
0.00015844556494
0.000200923864693
0.000104106135334
-0.000111024589109
-0.000146036076213
-0.000615011750338
-0.000240151965184
-0.000289535221996
-0.000635125727939
-0.000185830165448
-0.000234798134725
0.000792504820577
0.00024194724805
0.000271354518102
-0.000362625021368
0.000176369924194
0.000170988578352
0.000963414631234
-0.000336375028341
-0.000627039602876
-0.000824572104201
0.000699203650095
0.000125368454112
-9.50515751622e-05
0.000247259290647
-0.000152207715455
-0.00076980313297
0.000239584069843
0.000530219063142
2.52928510459e-05
-0.000392227101134
0.000366934250057
-0.000118972398737
0.000447954872405
-0.000328982473688
-0.000537312797364
0.000418340398616
0.000809185957204
-0.000301896752693
-0.000507289204444
0.00023612650921
-0.00061645783608
0.000380331326854
-0.000826148053881
0.000659391119021
0.00016675693491
-0.00076247368353
-7.32944937323e-06
0.000830200844599
0.000133213786632
-0.0002643978478
0.000169346272646
0.00041004090531
-0.000384748054286
-0.000746717939193
0.000353392810372
0.000393325128804
0.000814301685871
-0.000763101390619
-5.12002951962e-05
0.000590116010473
0.000224185675437
0.00117401063206
-0.000716101335266
-0.000457909296807
0.00083472489566
0.000339285736386
0.00109789773554
-0.000601291584322
-0.000496606151201
0.000381796400273
0.00108353691746
-0.000483764625091
-0.000599772292398
0.000680924229797
0.00040261268765
-0.000770412505344
4.55783858477e-05
0.000724834119501
-0.000977002636519
0.000576029510301
0.000400973126197
-0.000232897461126
0.000469023970329
0.000141996617981
-0.000519273543836
0.000377276925843
0.000414003699786
-0.000812687651437
0.000398683951605
-0.000778304402412
0.000843408175839
-6.5103773372e-05
0.000836626238194
-0.000930225735445
9.35994972309e-05
-0.000398441191898
0.000382114551005
1.63266408582e-05
-0.000190941787099
-0.000555776152109
-0.000132823173549
-0.000483634662533
6.46622701449e-05
-0.000835074775486
-0.00059180309257
-0.00023276901163
-0.000114865182692
-0.000663439219649
0.000651856591035
4.73470590719e-05
-0.000306111937315
-0.000520036116555
0.00063648005476
0.0001727059025
-3.13412034318e-06
0.000684058350125
0.000554148831738
-0.000557282952097
0.000351998691864
-0.000764637652024
0.000412638960166
0.0008191315232
-0.000467132831324
-0.000161144503158
0.000792882359239
-0.000631737856111
0.000673580392492
-0.000449033314734
-0.00031406807585
0.000254089445403
-0.000703122760106
-0.000569953260002
0.00052923545916
4.07178008167e-05
-0.000574880068702
0.000404771933437
0.000170108135276
0.00041901453861
0.000206278535189
-0.000625293073764
-0.000861529020847
9.68913688542e-05
-0.000271413010378
0.000978094786105
-0.000158963262908
0.000376803201792
0.000597413781957
6.4959843274e-05
-0.000662373625192
0.00110066922517
-0.000307786865951
0.000616904600068
0.000857219365582
-0.000303070533862
-0.000426792699797
-0.000148087368895
0.000170320606839
-0.000597113306628
0.000446559117047
0.000162918902366
-0.000609478019386
0.000301467263473
0.000253286306283
-0.000554753569786
-0.000268485996533
0.000624319544383
-0.000205305005746
0.000572153056022
-4.29175968938e-05
0.000563756819989
-0.00015898488654
0.00068526910305
-8.78553210738e-05
0.000633435841513
-0.000186876724442
0.000445755613462
-0.000303758995498
0.000319906568213
-0.000325873548487
-0.000651129088046
0.000195141305005
0.000579445384603
-0.000774586689602
-0.000415061454109
0.000654645523931
-0.000677620797238
0.00037572404459
-0.000251369466886
0.000665373166661
-0.000362684993662
-3.57561982611e-05
0.000205260697664
0.000631365540533
-1.82296782006e-05
0.000426296772591
-0.000762671800933
0.000578654556235
0.000264753619634
-0.000618748518876
-0.000311477216588
-0.000223290529748
-0.000589397121709
-0.000490130952819
9.87816664193e-05
0.000391349286358
-0.000196994735701
0.000773024245992
-0.00042917470399
-0.000264389998833
0.000693564702774
-7.74042377601e-05
-0.000729342503346
0.000806746741032
2.72012976233e-05
0.000686407144547
-0.00071360844211
-2.92320753187e-06
0.000449747226173
-0.000446824018652
-0.000691789225708
0.000940589629067
-0.000248800403359
-2.65525210298e-05
-0.000463578431791
7.51406854066e-05
0.000611702946535
-0.000686843631932
-0.000546224706723
0.000399011334146
-0.000401934541697
0.000610923895971
-0.000415782590963
0.000652465233737
-0.00029907242338
-0.000605855853858
-0.000156617829661
0.000696152756636
0.000134048087953
-0.000472999764078
8.07726629284e-05
0.000426653041858
2.13018305347e-05
0.000426425388091
9.10460036273e-05
-0.000517471391752
-0.000359575268652
1.55031902745e-05
0.000344072078389
0.000693799137766
-0.000480665745544
-0.00021313339225
0.000491394265084
0.000202404872662
0.000301775625442
8.03389255392e-05
0.000240761851474
6.49743919205e-06
0.000615657506845
-0.00018923211877
-0.000533018917115
0.000608159602525
8.44238308517e-05
-0.000776213056545
-0.00074058361775
0.000688815985191
5.17676325829e-05
0.000792385333757
-0.00073583384283
-5.65514909245e-05
-0.000752171004958
-0.000882958831431
0.000718947138471
0.000164011692946
-0.000192182623554
-0.000548400994203
0.000214655377659
0.000577729956104
-0.000288022294549
-0.000594936536893
-0.000222347591944
-0.000597929392001
0.000820276983951
0.000476652313203
0.000463937315877
-0.000444366354465
0.00041781383341
-0.000448598802805
8.90235341608e-05
-0.000248894657518
0.000501086908924
0.000426177620187
-0.000732289557499
-0.000446448465516
-0.000167734254333
0.000614182719839
1.79320167842e-05
0.000618548038042
0.00052354663579
-0.000638411818427
-6.7089428632e-05
0.000395288164361
0.000102173711321
-0.000497461875694
-0.000263903327263
7.08652958329e-05
-0.000517313761358
0.000346714465912
0.000312935618543
-0.000659650084489
-0.000394553549264
-0.00030177133294
0.000696324882176
-0.000682101359117
0.000287547809836
-0.000644036913459
0.000105466383514
0.000538570529943
-0.000354410606647
1.34977237405e-05
0.000340912882887
-0.000263752822347
1.03820389463e-05
0.000253370783383
-0.00017779825076
7.60179337416e-06
0.000170196457369
-4.49613856896e-05
-0.000544435736026
-0.000684568984866
8.1456730039e-05
0.000603112254832
-9.76511529038e-05
5.00654987538e-06
9.26446030085e-05
0.000598860565524
0.000240924913044
-0.000839785478598
-0.000626458919324
-5.81100655465e-05
0.000238909170585
-0.000173920555845
-6.49886147435e-05
-0.000335386893213
-0.000540052568349
0.000438388307731
0.000101664260614
0.000698086838579
-0.000640444933122
-5.76419053125e-05
-0.00078815477565
0.000445235948285
0.000342918827355
-2.28872414304e-05
2.32602155727e-06
2.05612198618e-05
0.000713020447471
-0.000545782362332
-0.000167238085121
0.000150140813848
-0.000258955538434
0.00010881472459
4.22505057843e-05
-0.000327848008538
0.000285597502727
0.000180755888118
-0.00018647712574
5.72123761255e-06
4.78703505777e-05
-6.10997619414e-07
-4.7259352966e-05
-0.000177931820878
0.000167529211953
1.04026089091e-05
0.000108145458739
-0.000322015370397
0.000213869911627
0.000288340937104
-0.000180195478366
3.76524972773e-05
-0.0007969156625
0.000759263165224
0.000707274862876
-0.000810213958594
0.000102939095718
-0.000316205128935
0.000841499897405
-0.000525294768483
-0.000312690272017
0.000167996697888
0.000144693574113
1.27420119823e-05
-0.000367152618635
-4.13529138299e-05
-0.000746212170519
0.000787565084437
-0.000562580183423
-0.000362071206024
-0.000426083569635
0.0008221897221
-0.000351181554205
-0.000471008167904
1.64707638256e-05
-0.000280223586181
0.000505984593161
-0.000762408204811
0.000800060702095
-0.000671986989126
0.000305162661059
0.000366824328058
1.94513441397e-05
-0.000197249594908
3.07648857972e-05
0.000300077989739
-0.000330842875533
-0.00060923054482
0.000435917355036
0.000173313189777
-0.000704792133436
-0.000330146852129
0.000360911737932
0.000198569766193
-0.000129235182374
-6.93345838172e-05
0.000647352550968
-0.000393102238429
-0.000254250312546
0.000414570378278
0.000232782172687
0.000153291858211
2.74640299054e-05
0.000356313809247
-0.000243123100121
-0.000113190709127
0.000682675293008
-0.000606974088109
-7.57012048043e-05
0.000627795873459
5.48794196244e-05
-0.000120875756733
0.000163555465532
-4.26797088128e-05
-0.000717091532112
0.000110744547522
0.000606346984599
-0.000331951575466
-0.000340035413663
0.000154677442515
2.99251413054e-05
-0.000184602583815
-0.000318931452032
0.000404561021721
-8.56295697004e-05
2.18238808757e-05
-0.000119475033789
-0.000130584980612
-0.000586506551489
9.11127505195e-05
0.000689441828126
-0.000734403213812
-0.000488272714617
0.0003680829876
0.000120189727016
1.31183901097e-05
-0.000775526594924
0.000385803380711
-0.000179039139502
-0.000206764241219
-0.000416495240246
0.000121652845185
0.000294842395045
-7.5654113084e-05
-0.000144591841536
0.000220245954605
-7.58949305176e-05
-0.000464157637839
-5.41258052918e-05
0.00020880324781
-0.000746011254405
0.000759129644513
0.000253873491591
-0.000177371372489
-7.65021190987e-05
0.000150822733406
0.000234980647295
0.000302771960347
-0.000181610181209
-0.000121161779149
-0.000265672506844
-0.000107721589826
0.000577483528417
-0.000469761938609
2.38781624754e-05
-4.67654039116e-05
0.000133189631392
-0.000137078329477
3.88869808952e-06
0.000223354782939
-0.000181943212399
-4.14115705492e-05
0.000156332924342
6.70218585891e-05
0.000154680342128
0.000148091618212
4.05001008666e-05
0.000158069665328
0.000128909129591
-0.000821293811767
0.000692384682164
-0.000198035076162
1.60918637556e-05
-0.000206003925708
7.9688495417e-06
0.000582435466866
-0.000814475428864
9.12014323256e-05
0.000723273996537
-0.000194660166544
0.000391470546782
0.000215341624129
-0.000606812170901
-0.000687358001617
-0.000127117427259
0.000206787511158
-0.000220172172889
1.33846617353e-05
-0.000196529869821
0.000824776248839
-0.000646721014562
-0.000178055234294
-8.9937309764e-05
0.000240078123612
0.00018040300811
-0.000124872260532
-5.55307475845e-05
0.000368083312046
0.000479066326418
-0.00084714963848
-0.000140737465685
-0.000118218072749
0.000404941971183
-0.000502634725959
9.76927547971e-05
0.000137418247204
0.000800614505928
-0.000714358022618
-0.000806287006894
0.000769757567582
-0.000778309851036
0.000719097883801
5.9211967343e-05
0.000869050606415
-0.000799678983338
-6.93716230243e-05
0.000161789467453
0.000126551469641
-0.000232863495957
-8.91518744542e-05
-0.000827851335358
0.000226848398396
0.000601002936957
-0.000561267614578
-0.000266583720789
-0.000332518599182
0.000620066408993
0.000270488702289
0.000550343028165
-0.000820831730474
9.81717049002e-05
0.000560741230956
-0.000169270684163
0.000278518175261
-0.00035511213234
7.65939570984e-05
0.000230969284592
-0.000429457986894
0.000198488702284
0.000832611446272
-0.000605763047895
-0.000200058858927
-6.29590621546e-05
0.000263017921066
0.000280232282821
0.000109715601128
-0.000254307442674
0.000185890431682
0.000375356139197
-9.68379639323e-05
0.000242030479486
-0.000574549078689
-0.0002975706091
-5.75415232313e-05
-0.000150900804571
-0.000333050574659
3.54799655685e-05
0.000130555883602
-0.000189572379225
1.16405583416e-05
3.67538763657e-05
-0.000236812735304
0.000204283088317
-0.000713434589485
0.000410264224859
0.000303170364609
-0.000385644389738
5.54975376173e-05
0.000277712299011
0.000163114772696
0.000116972899048
0.000258383240161
-0.000333603292327
0.000199899731505
0.000133703560818
0.000295822558112
-0.000253572052338
-0.000519319766846
8.11342565364e-05
0.000438185510298
-2.39176053702e-05
-0.000162559520381
0.000862349412754
-0.000591860710506
0.000238251251132
-0.000814055394264
0.000575804143128
0.000752613825953
-0.000773977303426
2.77651329679e-05
-0.000784434956793
0.000311034993218
0.00027143545898
-0.000582470452204
0.000288484196787
0.00021346162908
-0.000501945825859
8.45221198574e-05
0.000271791689392
0.000291709362553
0.000240297176613
-0.000532006539178
0.000885038336786
-0.000687197100496
0.000680823380318
0.000188227226126
2.58521860366e-05
2.20181645393e-05
0.000442778282507
-0.000793959836717
0.000814882795126
-0.000723681362816
0.000742747290093
-0.000508989818595
-0.000233757471483
0.000196964927764
0.000529600457834
-0.000241116261036
0.000328727300281
0.000404882199242
-0.000733609499535
-0.000297708555979
0.000557144174394
-0.000259435618401
0.000771505582784
0.0007100448603
0.00011487445589
-0.000727794999182
0.000612920543254
-0.000177217727431
-0.0001563855649
-0.000783583940179
0.000785848398956
-0.000112150230343
-0.000671433709731
8.56208842229e-05
0.00069755430883
-0.000783175193047
0.000688556352192
9.7292046818e-05
-0.000463741117532
0.000831824429563
0.000980323245
0.000706020238055
0.000274303006971
9.91587786331e-05
0.000154714712965
-0.000304277041697
0.00061531203491
0.000837111816659
1.89813797217e-05
-0.000156059709197
-0.000755493301075
-5.07937058335e-05
0.000176942890483
-0.000355982029993
-0.000231497177779
-0.000242568910837
0.000440670848924
-0.000198101938089
0.000238824300214
-0.000521312696907
-0.000317657350485
0.00052008286871
0.000292807665268
-0.000590516221235
0.000640522074171
-0.000471762825944
-0.000168759248212
-0.000636228617164
0.000738164607724
-0.000292928659444
1.46773892116e-05
-0.000790203984148
-0.000773061629554
0.000264071810964
-0.000858405403801
0.000691811414568
0.000812076617399
-0.000653631052501
9.83906447459e-05
0.000150338577093
-0.000248729221844
0.000447827751057
-0.000326174905885
7.55153876539e-06
0.000199235972395
-3.22601624171e-05
-0.000173743763297
-0.000404775293567
0.000643599593767
-0.000179672072022
0.000751842451299
-0.000698751991792
-5.30904594492e-05
0.000762272481227
-0.000766685042224
4.41256103646e-06
9.34788874841e-05
-0.0002750890687
0.000651853120315
-0.000536978664438
-0.000345595245058
0.000207130668545
0.000138464576521
-0.000258469408553
-0.000357742275101
-0.000130530439511
0.000364244833317
-0.000362849799192
-1.39503411058e-06
-0.000175356825925
0.000273747470667
-0.000470608153735
0.000228039242898
-1.75987137408e-05
-0.000315451860909
-4.56189147512e-05
0.000774519292513
-0.000728900377751
0.000323632417127
-0.000310134693389
0.000548150052692
-0.000407385545921
-0.000466049280239
0.000317697037096
0.00014814284569
0.000140413766236
-0.00038353686636
-7.79746385243e-05
0.000228313215611
-0.000202846899058
1.85966140146e-06
0.00071044419992
-0.000712303861318
0.00032561491368
-0.000653944602985
0.000328329689317
0.000644200309345
-0.000219172492137
-0.000613131529595
0.000249811811822
0.000331623232606
5.37823399754e-05
0.000708490141301
-0.000415432499089
-0.000103887267765
0.000658791277876
-1.95045354903e-05
-0.000639286742344
0.000267400854669
-0.00037027151917
0.00010287066449
0.000235078151433
-0.000224696112495
0.000116868386406
-0.000292225212335
-0.00063612760142
-9.16673977704e-05
-0.000228622346007
-0.000220150195754
4.62296399025e-05
-7.69962599227e-05
-0.000672666492733
0.000267891199155
0.000618422578953
0.00073900919407
-0.000784628108818
0.000151834557095
-0.000144232763732
0.00027186922668
0.000168801622243
0.000648125324397
-0.000594342984395
0.000136257700077
0.000504264374104
-6.59057094577e-05
-0.000263845820727
0.000329751530185
-0.000644167812342
-5.3319135409e-05
0.000697486947776
-0.000388269673377
0.000201460873855
0.000186808799521
3.82558033397e-05
0.000799394384232
-0.000398421258043
1.70414447763e-05
-0.000447831904208
0.00043079045942
0.000879405020621
-0.00055474771764
-0.000324657302984
0.000576672493071
0.000302732527538
0.000605285767863
-0.000499819384348
0.000316768117909
0.000279765494972
-0.000345671204422
1.46234655402e-05
-0.000327201671324
-0.000198518524598
0.000525720195926
0.00047866035659
-0.000726245573414
0.000247585216821
0.000282163691289
-0.00034707553821
6.49118469291e-05
-0.000472733656941
-0.0003003279726
-0.000261613460157
-0.000715592036588
0.000696087501133
0.000412282992916
0.000740868855473
0.000229942503074
0.00033204841316
-4.98847218615e-05
-0.00062512891864
0.000307471568122
0.000468141916271
-0.000465692153632
0.000652211472888
-0.00081786862319
0.000801927057936
-0.000651805911788
0.000836158601299
-0.000184352689546
7.42734548919e-05
-6.92669050226e-05
0.000521841221419
-0.000778394629924
0.000256553408546
-0.000129791150229
0.000724626759047
-0.000594835608817
0.00013963786016
-0.000179271421807
-0.000208998251573
-0.000760019675723
0.000630228525496
0.000766484886074
-0.000676520661546
0.000716622374802
0.000353774400538
0.000298437072325
0.000800186375642
-0.000752595163436
-2.05969747089e-05
-0.000307251033837
0.000842013252258
-0.000265340759186
0.000559922532644
0.000150231256954
-0.000710153789635
-0.000327408838284
-0.000480020777359
0.000807429615641
0.000922609412348
-0.000462885473759
-0.000459723938603
0.000214205094456
-0.000841244697335
0.000545627177272
-0.000674403212745
0.000128776035454
0.000650773989391
-0.000105146812145
0.000270164839434
0.000487034708438
-0.00059796196068
-0.000122123305454
-0.000499398367133
0.000621521672583
-0.000242174093307
0.000507869123422
-0.000153358734223
-0.000533553174061
0.000686911908288
-0.00074362127741
0.000277929123794
0.000953143867694
-0.000485001951443
-0.000804449888101
0.000753656182257
0.00019894508779
-8.11758915678e-05
0.000673685958954
-0.000415982028245
-0.0002577039307
0.000171921414799
-0.000349139142232
-8.48590840449e-05
0.000364624579013
0.000571268024824
0.000598535004942
0.000243478247309
0.000252550318062
-0.00036117057437
0.000108620256313
-0.000695811260862
0.000528573175746
-0.000117342806248
0.000522284777451
0.000284900549214
0.000388785409738
0.000280853428546
0.000457311179178
0.000308797358024
2.3251055144e-05
0.000346646119582
0.000694001980725
0.000115714849882
-0.000517366489299
-8.59875793478e-05
0.000603354068523
-0.000655676479514
-0.000379119904214
0.000294260820168
0.000606470437622
-0.000119435729234
-0.000498204082333
0.000299685557734
8.83858205821e-06
0.000846644839126
-0.000367578512715
5.76864342181e-05
0.000394440946013
-0.000136057705839
-9.45252201453e-05
0.000222525704983
-0.000506572151823
0.000328000234786
-0.000800733891721
0.000573214262081
-0.000137296907052
0.000302468365846
-7.27502488074e-06
-0.000295193340972
-0.000186726715106
-0.000485939777634
-0.000198648425586
-0.00023755360548
0.000412750833332
-0.000175197227837
-3.65478018934e-05
-0.000857694019692
0.000653232908642
0.000204461111059
-0.000424872529661
0.000226224104069
-6.65450288082e-06
-0.000297104560663
-0.000356840042316
-0.00072983979694
0.000156887340538
0.000474769853371
0.000130515914491
0.000299249170207
-0.000414936543101
0.000115687372894
-0.000402988203386
0.000223716781578
0.000479707983883
-5.82560563106e-05
-0.000421451927561
1.4028645819e-06
9.2315697071e-07
-0.000339598744044
-0.000179011997635
0.000332853115526
-0.00014266053158
-0.000107824210977
0.000250484742561
-0.000158490403374
-0.000699203616307
0.000563144821529
-0.000654130607981
0.000568143028583
-0.000660623354548
0.000675246820102
-0.000405208352931
0.000226196355306
0.000647098523499
-0.000473785333726
0.000440580202661
-0.000111160723036
-0.000329419479626
-0.000796163874246
0.000173655341746
0.00062250853249
-0.000357287026754
0.000642187575962
-0.000520195810655
0.00070842303681
0.000395545655922
-0.000950293373582
0.000549618601419
-0.000789770566616
0.000634316024578
-0.000159546171205
-0.000548153095485
0.000809236528614
0.000404469287755
0.000364444464844
-0.000768913752595
0.000152946147728
0.000494152375767
0.00022018697719
0.000154125217845
-0.000374312195027
-0.000741675094615
0.000663779506405
7.78955881837e-05
-0.000588959104357
0.000300112190377
0.000288846913976
0.000568429321451
-0.000806779102958
0.000238349781452
0.000102791964639
0.000549061155659
0.000752393235869
-0.00066677235164
-0.000311851953238
0.000376763800173
-0.000197628869304
-0.000662866404796
0.000836521746536
0.000757487975277
-0.000489596776138
0.000373382288651
7.81244552343e-05
-0.000389976408467
-0.000510562672449
0.000791416100992
0.000294282054181
-0.000642914954632
0.000348632900467
-0.00084350815941
-0.000573768123744
0.000216915796314
0.000356852327491
2.58833136349e-05
0.000684560886288
-0.000266342881784
-0.000322616222581
-0.000143293191073
0.000442542361301
-0.000245172880669
-0.000496502213953
-0.00039075681331
0.000843857177873
-0.000641044464688
0.000892239974763
-0.000276980062351
-0.000615259912436
7.76026587264e-05
0.00044698108242
-0.000524583741129
0.000374858626469
-0.000310027609394
0.00048919010154
0.000301199870135
-0.00079038997168
-2.87439044294e-06
-0.000537641962366
0.000540516352811
-0.000290901669172
0.000364018009085
-9.72392530718e-05
-0.000317697290029
-0.000494840551008
-0.000200970709847
-0.000337467275371
-0.000245003176837
0.000381966125204
-0.000609990633409
0.000228024508207
0.000394168958978
-0.000691273519642
0.00031146560964
-8.99724378951e-06
-0.000246029997337
-0.000156958206048
0.000911390143671
-0.000608657616151
-0.000304705311155
-0.000524291077349
0.000828996388492
-0.00062362990854
-2.0566346219e-05
0.00069395223432
-0.000673385888108
0.000378770593549
-0.000109988460157
-0.000268782133396
-0.00030112226988
-0.000567118116837
0.000324944023537
0.000321350070637
-0.000241207284995
0.000625828871852
-0.000384621586851
0.00077635816183
-0.000287168060284
0.000641005554713
0.00025123442003
-0.000140983597181
0.000333328114292
-0.000476621305345
0.000208034814971
-0.00020231357737
-0.00040601167189
0.00057115611334
-0.000165144441454
-0.000215021923818
0.000856027478524
-0.00087788832862
0.000334683170158
0.000226058060804
-0.000411930740729
0.000104914023247
0.000307016717484
-0.000101902724733
-0.000658116950992
-0.00066310262137
0.000421895336379
0.000531185281155
0.000110869445112
0.00064152379076
0.000132740596211
0.000134787455748
-0.000713981699944
0.000579194244204
0.00054095572392
-0.000428044963268
-0.000112910760653
-0.000852858406648
0.000401997273388
-0.000247872055545
0.000467584223903
0.000344799050856
-0.00081238327475
0.00013494405203
0.000203229765792
-0.000441880887615
0.000238651121822
-0.000131552592022
0.000230711370658
-0.000798619455565
0.0006715020283
-0.000591397172161
9.19988050296e-05
0.000214432516061
-0.00070203796557
0.000487605449511
0.000795584458694
-0.000442670320207
0.000462598880607
-1.99285603957e-05
-0.000835219975446
-0.000734663146618
-0.000544754490638
0.000697700638361
0.000448670105309
0.000185645919274
-0.000514367735058
0.000664598992003
0.000520050388622
-0.000563553648003
4.35032593844e-05
1.7820149999e-05
0.000362216121662
-0.000380036271661
-0.000177051045049
0.000507561601815
-0.000510435992256
-0.000367959291163
-0.000205808832545
0.000761537883569
-0.000427647005103
-0.000333890878454
-0.000257146524655
-5.2157437584e-05
5.7731925252e-05
-5.57448768752e-06
-0.000172510894009
0.000505839008315
0.00067911236239
-0.000781015087122
0.00067335798569
0.000251368375229
0.000592488802636
-0.000162204017362
-0.000636415438208
0.000471080636366
-8.87943271414e-05
-0.000382286309212
-8.05813454253e-05
-0.000422053380524
0.000429963057297
-0.0004537068491
2.37437918136e-05
0.000536074488501
-0.000319158692202
-0.000742383359943
0.000662524632297
-0.000559732667662
3.71650561322e-05
0.000513811814485
-1.27072629059e-05
0.000461209910971
-0.00024166378333
-0.000822831328065
0.000637001162578
0.000284121919924
-0.000394110380083
0.000411834126437
-0.000568904222221
0.000157070095796
-0.000223996491653
-0.000270308548009
0.000494305039648
-0.000364676050901
0.000587201755893
-9.02284406772e-05
-0.000489462384804
0.000579690825484
0.000345119947156
9.99469533967e-05
-0.000445066900555
-0.000211003089553
0.000864235998193
0.000755850220808
-0.00022466493965
0.000403965052681
6.71155836863e-05
-7.13467835403e-05
0.000310767264428
-0.000380243304818
0.000398063454829
-0.000447575789014
0.000350336535972
-0.000767182504905
0.000730634703011
-0.000649125028533
0.000284448977639
-0.000171888981655
-0.000407485465183
0.00023200915266
0.0001754763125
-0.000188622291507
0.000551187432448
-0.000362565140948
0.000604893513876
-0.000767097531246
0.000418103617973
-0.000469005521769
5.09019038145e-05
-0.000526075341806
-0.000216308018139
-0.000679835398602
-1.33293218577e-05
0.000693164720486
-0.000728598022489
-0.000323935683917
0.000718104642901
-0.000188226151081
-0.000114651527977
0.000608803903736
-0.000481141133894
-5.72244267408e-05
0.000538365560649
6.24431935826e-05
-0.000442686498406
-0.000729582920596
0.000269378183263
0.000460204737335
0.000597480045713
-4.97417964157e-05
0.000379346353213
-0.000255136078043
-0.00012421027518
-0.000336734852786
-4.23850514199e-05
0.000436539347794
2.6059532821e-05
-4.76648273741e-05
0.000484204175177
0.000200230820194
-8.39584580078e-05
7.51288697484e-05
-0.000221164945957
0.000179728653005
0.000576121567801
-0.000458562734104
0.000539696990631
0.00063085413697
-0.00040755495294
-0.000223299184039
-0.000821142987496
0.000635918433999
0.000185224553565
0.000382533821832
0.000159463210772
0.000283079150517
0.000283122950519
4.05094665946e-05
1.53096203434e-05
-0.000268881672689
-3.15962177257e-05
-0.000239189184344
-0.000583642143742
0.00039013684667
0.000240717290301
-0.000672733535792
0.000213720157074
0.000394479874526
3.5835803006e-06
-0.000594249751073
0.000186694798142
-0.000127755973034
-0.000190763327104
-0.00045791539376
0.000648678720889
-0.00063441008132
0.000576589853557
-0.000875203765142
0.000298613911564
0.000749443051581
-0.000448243181461
0.000108191453843
0.000231229082891
-0.000339420536736
0.000377569015134
0.000128699870932
-0.000506268886057
-0.000492301148102
-0.00054785849607
0.000457630055399
-0.000305334673045
0.000605446863418
0.000534639110935
-0.000504227268777
0.000728412944222
-0.000345236178695
0.00042336063394
-7.81313419648e-05
-0.000369444447038
-0.000365848103857
-0.000658588566747
0.000352754597252
-0.000311658897653
-0.000113213632038
0.000305073590108
-0.000766760808936
0.000461687218836
-0.00024802225441
0.000144189859716
0.000564063717638
-0.00070825357737
-0.000167151836211
-0.000427097914863
0.000268988829541
0.000407917066814
-0.000463538776812
5.56217099967e-05
0.000273475498119
-0.00049747198978
-0.000258334327559
-0.000307694644578
0.000566028972162
-0.00040547919045
-0.000204511442953
0.000216051466936
0.000196699366397
0.00025416773303
-0.000481084513298
0.000226916780269
0.000252940837616
-0.000352094823106
-5.98359176263e-05
-0.000314507131175
-0.000381424160718
0.000695931291888
0.000353623437881
-7.05004873677e-05
-0.000321527391687
-0.000528805961262
4.80231047478e-05
0.000565902068019
0.000131798570339
-0.000220528287604
-0.000600614699933
0.000336084459311
-0.000191390885185
-0.000694990595865
0.000693858999835
-2.54812688759e-05
-0.000320189935541
-0.000562889140429
0.000505664713704
0.000690093351865
0.000142768780895
-0.000207848610656
6.50798297489e-05
-0.000264019626507
0.000552866540483
0.000443087709275
-0.000290125554864
-0.000152962154416
-0.00029955802221
0.000231633292463
6.79247297384e-05
0.000670224201883
-0.000669808287334
-4.15914551417e-07
-0.000241977471081
0.000207291087404
0.000128793371882
-0.000445590920825
0.000687741594158
-0.000520984659212
-9.26760613764e-05
0.000299967148771
0.000212026049759
-0.000530688152738
0.000318662102979
-0.000325523972394
0.000662376875296
-0.000336852902917
1.63789756225e-05
0.000653845226279
0.000616240955563
0.00023978652295
0.000387224310442
-0.000822788466916
0.000435564156483
-0.000603179011691
0.000244683195037
0.000358495816703
0.000401576641932
-0.000158281646006
0.000426946547369
0.000457784215235
0.00046051980569
-0.000398076612103
0.000846007577868
-0.000497770617714
-0.000348236960159
-0.000601535522528
0.000343201194984
-0.000530655705363
-0.000195589868034
0.000749083373588
0.00032658279854
-0.000498368961104
0.000171786162558
-0.000393849623506
-0.000209329388139
-0.000281356152152
0.000505300677551
-0.000251132944526
-0.000228379843923
-0.000268761524494
0.000497141368402
6.21507946593e-05
-1.03279406857e-05
-0.000376356950101
0.000386684890779
8.38968643089e-05
-0.000511941827575
0.000469759466619
-0.000186680316113
0.000133943301188
0.00029981926914
-0.000433762570326
-9.57415491316e-05
0.000238510330022
0.00036833502745
0.000303066817109
0.000204802306324
-0.000663456422983
-0.000145932076416
0.000694993232034
0.000185036237629
-0.000703097432722
-6.40850721895e-05
-0.000371971593512
0.000180580708317
7.72506557902e-05
-0.000686030897875
0.000120641121249
0.000268821677063
0.000564719949425
-0.000833541626508
-0.000180773872553
-0.000261107015064
1.21153807826e-05
-0.000240238694273
0.000228123313481
-0.000213467735548
0.000814470672502
9.82521754718e-05
0.000255371262404
-0.000149937697543
-0.000206044332458
0.000434030505837
-0.000313389384587
0.00027660806086
-0.000457381933412
-6.56747635653e-05
-9.24207054247e-05
0.000158095468989
0.000791137148347
-0.000442504247878
2.66115203448e-05
3.11204049e-05
0.000558505245247
-0.00034647919549
0.00052430590108
-0.000197723102557
0.000232656926507
0.000272643751044
-0.000257923865124
0.000192935250379
0.000215267814475
-0.000745923519849
-0.000127380161088
6.17053975103e-05
-0.000555985295573
0.000832188647638
0.000539038317798
-0.000805622038589
0.000180452389736
-0.000223485934061
-4.04090944714e-05
0.000263895028518
0.000229408655666
0.000125166603859
-0.00064822697375
0.000523060369879
-0.000200997942124
0.000433007094783
-0.000653045785162
0.000180070933783
0.000472974851441
0.000393299926327
-0.000403627867019
0.000785316303957
-0.000246277986166
0.000324523355756
-0.000216331901917
-0.000204476452442
-0.00025562681318
-4.39312090328e-05
0.000486041988877
-0.00074493965872
0.000258897669844
0.000399174843419
0.000293880249976
0.000271599888194
0.000252706012881
-3.47355580869e-05
0.000194167714703
0.000130355641051
9.55728191475e-05
-0.000350708897196
0.000117098999005
0.000380355706799
0.000454220384067
-0.000834576090877
0.000473819818091
0.000127914006885
-0.000413683186167
0.000285769179279
-0.000784273324293
2.8014384924e-05
-0.000411562708465
0.000415146288768
-0.000196495281019
-0.000443496645548
0.000130107260966
-0.000421407826687
0.000109748929028
-0.000479466027168
9.71797179549e-05
0.000225868747673
6.8011502298e-05
0.000236656337962
0.000194237351708
-0.000430893689663
7.6481214708e-05
-0.000298031226234
0.000852047554241
-0.000682398167219
-0.000465917456043
-0.000108571582566
0.000574489038613
-0.000483071703023
0.000254857192774
0.000228214510257
0.000347084657268
0.000315292218022
0.000294369476708
-0.000489258707619
0.000194889230909
-0.000135457976369
0.000701236468091
-0.000565778491713
0.000324120923148
-0.000755063088162
0.000431127404242
0.000487253339885
-4.9067829598e-05
0.000552703896621
-0.000281104008441
-0.000742381691207
7.69455020985e-05
-0.000735062453086
9.2330967405e-05
0.000516472936325
-3.76521532915e-05
0.000384236720144
-4.33238372676e-05
0.000126307080328
0.00019781384281
-0.000562643652717
-0.000275486644487
0.000616448019385
-0.000340961374858
-0.000560459482441
2.28175200758e-05
-2.30372951923e-05
-0.000472593395415
0.000603670898743
-0.000176854283092
-0.000426816615646
0.000327206111606
5.45694523117e-05
-0.000468212922374
0.000602892797687
-0.000134679875304
0.00045378132477
0.000208743307521
0.000473800425376
-0.000179430948673
0.000141281834416
0.000301805874854
0.000197425998138
-0.000225369186119
0.000412177985638
6.04060515932e-05
-0.000486127525558
0.000457474966251
2.8652559308e-05
-0.000154971427529
-6.84215658828e-05
6.78105682648e-05
-0.000216614956576
-3.22612053819e-05
-0.000273053147439
1.74263342526e-05
0.000418065221113
-1.92449680419e-05
4.81446624278e-06
-0.000277867613683
-0.000113071321187
-0.000434787174882
0.000818440278467
0.000162845212675
0.000673676533854
0.000383285269284
-0.000153035028499
-0.000416432021685
0.000569467050186
-0.000136605965233
0.000778129756003
-0.000242722671847
0.000394939925601
-2.79195700033e-05
-0.000367020355605
0.000166640966888
-0.000624556360628
-0.000646861535985
0.000125876876808
-0.000112771295997
-0.000521539932736
0.000408468611549
0.000345507179246
-0.000557199365673
0.00021169218643
4.89377428142e-05
0.000346002182781
-0.000444383658224
7.8505437441e-05
0.000365878220802
0.00034739608559
-0.000133526173968
-7.15084374555e-05
0.000529138492857
-0.000761043571979
0.000433634733702
0.00019524896284
-0.000728262243861
0.000533013281009
0.000689230321492
-0.000408118299731
0.000311280335814
-0.000492668630553
-0.000155558343207
0.000491813931123
2.36563342345e-05
-0.000386685914139
-0.000134854018599
-0.000381548428381
-0.000855870723889
0.000331579646541
-0.000337087453533
0.000640154270649
0.000157142947532
0.000316657477843
0.000169695951299
-0.000265437500436
-0.000540470185162
-0.000723386889487
0.000408879758313
0.000353152708336
0.000364951934571
0.000436136220301
0.000350801455401
-0.000786937675714
0.000684616735532
-8.07226882065e-05
-0.000603894047322
0.000816491927097
0.000276429147927
0.000329017715486
-0.000838586680624
0.000190286881075
-0.000595766071517
-0.000604502348658
0.000571848568405
-2.98005516432e-05
0.00010339403339
0.000548462557646
-0.00012628476937
-0.000280498126167
0.000766540115046
0.000123455318236
0.000115055011779
0.000296003031626
0.000415848033214
-8.24025003119e-06
-0.000407607783188
0.000363969679102
0.00029731482552
0.000268714146626
0.000497003286146
-0.000339860338616
0.000233083765102
0.000285946129493
-0.000519029894583
0.000803995661061
-0.000588727846591
0.000502528842714
-0.000748806828881
0.000387928463208
0.000733812937493
0.000555621486185
0.000573531687454
0.000139603507318
0.000127642447714
-0.00026724595504
0.000453057669509
-0.000511313725813
-0.000730793464068
0.000666708391872
0.000681482397658
-0.000157562664275
-0.000274126661638
0.000131466130063
-0.000265861055491
0.000301569146096
-0.000296754679857
-0.000510352537064
0.000384067767718
-0.000536861594366
0.000272841967858
0.000465567902089
-6.0880038973e-05
0.000672582985506
-1.14043631335e-05
-0.000250077520568
0.000261481883694
0.000113430412885
-0.000458400015445
0.000339703655439
0.00011869636
0.000205642047657
-0.000191556918897
-1.40851287632e-05
4.76197889157e-05
-0.000513104422527
-4.7355059911e-05
0.000755666146709
1.88531458084e-05
0.000256583705153
0.000240557663236
-0.000587880861077
0.000599658456051
-0.000419587522233
-0.000225733401153
0.00014937817243
0.000224004116218
-0.000393349766952
0.000847570151014
-0.00082289159426
0.000679643849106
0.000404499682761
0.000411992244329
-0.000182178828754
8.97581233271e-05
-0.000249134848894
0.000817564170299
0.00049375196681
-0.000742886815703
-0.000283506810863
0.000650331138916
0.000410629458266
-0.000733579006158
-0.000531053969635
0.000955534052865
-0.000425158964309
-0.000294858350824
-0.000313736232776
-0.000141742537606
-0.000208285090084
0.000719944082771
-0.000511658992687
0.000387859297134
0.000114424984519
-0.000502284281665
0.000432223820721
-0.000503732258179
-0.000216707431105
0.000183751113901
3.29563171978e-05
-0.000579503271065
-0.00016642024878
0.000659870913066
-0.00040561940402
-0.000254251509045
0.000462395389367
-0.000688128790524
-0.000539720942638
-0.000426479408076
0.000366643490452
0.000219026660261
0.000162762834544
-0.000381789494801
-0.000267388111514
-0.000262313619551
-0.000572813008092
0.000835126627634
-0.000598028900335
0.000988963266442
-5.39037048368e-05
8.56517466237e-05
-0.000354433880024
0.000362149267545
0.000398076630762
-0.00041078389366
0.000396681596655
-0.000442494826309
0.000363896327883
7.85984984227e-05
0.000520953266164
0.000180283201931
-0.00066206577174
0.000787434225856
0.000444661045801
-0.000640250913828
0.000336276237595
0.000216427659021
-0.00027695625362
0.000158738180871
-0.00062660565594
0.000459453819735
-0.000156298223892
0.000354112066696
-0.00075620043183
0.000176697160766
0.000508416398411
-0.00015672790933
0.000442497088612
0.000209769220182
-0.000481966940726
0.000272197720533
-0.000289992132579
-0.00043339475691
1.61961433796e-05
0.000491365458438
0.00046788927631
-1.04143100572e-05
0.000484085419691
8.27121571389e-05
-8.82866448389e-05
-0.00043408699787
-0.000249987937916
0.000233906422014
-0.000245310785148
0.000623736696559
2.74252284193e-05
-0.00044887715597
-0.000481783432946
-0.000593286304776
0.000667908926919
-0.000205513537562
0.000212858458868
0.000240207211769
0.000124417367247
4.26772371598e-05
0.000141356393431
-0.000102791170872
0.000534868717822
9.9658290812e-05
5.89790271878e-05
-0.000158637317998
0.000546512208991
-0.00075479729908
-0.000222841038566
-3.61332364098e-05
0.000258974274967
-0.000489248465681
-0.000345327625203
0.000278446752347
0.000248575909513
-0.000231149575267
0.000541682041511
0.000425715643086
-6.1819315206e-05
-0.000435548231099
0.000293805693492
-0.000287320359114
-0.000457619299603
0.000240792670209
0.000312073870263
2.15963194895e-05
0.000324332502253
-0.000345928821749
0.000301795604409
-0.000373270245067
7.14746406497e-05
6.65864029578e-05
-0.000807823015799
0.000219095169205
-1.49866166921e-05
0.000687569602206
3.49870821639e-05
-0.000285064602729
-0.00043631333803
0.000428073088
1.10653834482e-05
-0.000628843079296
0.000202026463654
-0.000844952232245
0.000625870623848
-0.000428678715438
-0.000197191908415
8.95880263093e-07
-0.000367916235872
0.000452657810908
0.000220251219826
0.000274806607569
-1.33247238786e-05
0.000207164338962
-0.000355012929944
-0.000134029734921
0.000353056395176
-0.00079961472551
-8.4021003241e-05
0.000323165465582
0.000175240296361
-2.47342591131e-05
-0.000271099358085
-0.000164448873017
0.000401690550725
-9.98949463215e-05
-0.000223180725727
0.00021529274955
0.000217714345221
-1.83430137024e-05
-0.000389264769489
0.000431614426779
0.00045211172132
-0.000323155325552
-0.000128956395776
0.000732527957422
2.31381892875e-05
0.000399419172505
0.000446727648087
-0.000410276774493
-3.64508735965e-05
0.000201577361248
-0.000279234256549
-0.000831129830036
0.000258316821939
-0.000162151125096
0.000202220515074
-0.000408984756301
-0.00038558198091
0.00046418047933
0.000463857884821
-0.000753850017405
-0.00061054594199
0.000454987598775
0.000482217468512
5.747952211e-05
0.000323079790893
-0.000812328256577
-0.000431077204536
0.000251501103891
0.000179576100634
0.000277480275542
-0.000448619730879
-6.33220966936e-05
0.000424788962456
-0.000630302500025
-3.02060148271e-05
-0.000247661598861
0.000180625496973
-0.000119411948673
3.54656888122e-05
0.000759681213708
-0.000153596928997
0.000537070653464
0.000292761093441
-0.000829831746907
0.000306027589455
0.000529099038171
6.27683477622e-05
0.000213478533629
0.0005149344106
-0.000405081185848
-0.000589571596788
4.17529528843e-05
0.000547818643934
-7.46736554951e-05
-0.000594748935007
0.000669422590491
0.000843098242916
0.000213213441562
-9.18615317812e-05
0.000479720828901
0.000461270324069
0.000449094544483
-0.000687646265953
-0.000413483153144
-0.000433666485349
-0.000652806398439
9.52636466303e-05
-0.000480845627544
-0.000105152895313
0.000628213265183
0.000280959004152
-0.000287613507025
0.000471546621129
-0.000420498434727
0.000534923419237
-0.000345032941488
-0.000478333181194
0.000653586096793
-0.000175252915601
-0.000631125855034
-0.000146589907445
0.000386797119219
0.000143188491388
0.00046138225396
2.5871085915e-05
-6.34613027305e-05
0.000355966219275
-6.78648393436e-05
0.000423831058608
0.000563545426159
-0.000620163179297
-4.32932436716e-05
-0.000152621705018
8.28224426929e-05
-0.000237241283063
0.000439461798129
0.000135554690224
-0.00055605312496
-0.000121086774133
7.22830913085e-05
-0.000306339685471
0.000234056594152
-0.000185756979539
-0.000253386740557
-0.000450634665505
0.000593823156892
0.000176181699637
0.000101291706806
-0.000277473406453
0.000325913300789
-0.000249319343684
-0.000154411867833
0.000269466879611
-3.6220614922e-05
-0.000209090170226
-0.000392374964549
0.000324510125195
0.000590542288995
-0.000919929586998
0.000699401299418
-0.000386259249577
0.000390367834718
-0.000576124814264
-0.000797190227567
0.000729680618414
6.75096091552e-05
0.000164958496531
-0.000412830552074
-0.000519567163139
-0.000366912484596
0.00045075842157
8.41649976603e-05
-0.000264023331713
0.000336306423013
0.00029851479232
0.000602785041656
0.000485389393679
-0.000456394188378
-0.000231252077576
-0.000276938691536
-0.000471868137351
9.75325695047e-05
-0.000361555901227
-0.000173690995272
-0.000366029947369
-0.000392034145092
0.000407249280853
-1.52151358115e-05
-5.20550204933e-05
8.31754253891e-05
0.0002019308457
-0.000335960580618
-4.49454730594e-06
0.00044365771861
-0.000439163171316
-0.000183452148409
0.000772488209376
0.000732809885875
-0.000364474858424
-6.18031630231e-05
0.000512561584583
0.000741159215974
-0.000161964971759
0.000513551333887
6.94154272172e-05
-0.000387112717243
0.000827824273584
0.000119446277617
3.86491913591e-05
-0.000560223689482
3.1417728228e-05
-0.000667233953617
0.000443934769592
0.000569554391336
0.000322837119944
4.89570972175e-05
-7.5230060767e-05
0.000251411760394
-0.000205047978669
8.40570094461e-05
0.000225712003446
-0.000309769012888
-0.000250915464873
-0.000165685290246
-0.000395308517152
-0.000234993982877
0.000309007269918
-0.00017865162887
0.000661098820338
-0.000112636262681
-0.000404604625447
0.000417917665873
-0.000360628696959
-0.000215496117312
5.05856550485e-05
-0.000298247253913
0.000423050271873
-7.70480890976e-05
-0.000307337708149
0.000331805224044
0.000501056478113
-0.000439682506546
-0.00023305102924
-0.000322058939398
2.53042595368e-05
-0.000612034660836
-0.000744788197492
0.000343272536034
-0.000472228931815
-5.82569566472e-05
0.000242008070543
-0.000571514924975
-0.000103395994066
0.000223826017629
-0.000120430023577
-0.000506856858821
0.000108780246715
-7.69811006998e-05
-9.40814202279e-05
0.000171062520915
-0.00050173853052
0.000318286382105
-0.000242177596529
0.000326234605972
-6.22902536936e-05
-0.000182333097712
0.000244623351402
5.38652575341e-05
0.000515689133796
0.000623513805195
-0.00066891160518
0.0008035394326
-0.000134627827417
0.000636312077587
-0.000146063195074
6.9082094365e-05
0.000224029041002
-0.000197477414297
-0.000429125104624
0.000488692005194
0.00063440682174
-0.000792448966176
0.000123537360998
-7.79277783179e-05
0.000154573174337
-7.66453960288e-05
0.000148595956858
-1.13331193129e-05
-0.000146971890718
0.000229794333408
0.000172413577567
-0.000255022621764
-0.000433106168763
-0.000198817288246
5.73111975958e-05
0.00064323688634
-0.000667971145453
0.000595622679836
-0.000263817455798
-0.000521031135437
0.000158465994486
5.34782380048e-05
0.000109636534694
5.29415129122e-05
-7.21864809548e-05
-0.000381967592394
0.00022698704539
-0.000423066967723
0.000104382634662
-0.000612961603234
0.00044420235503
-0.000271473284352
0.000390884847314
-0.00038881717261
-2.06767469323e-06
0.000418310075741
-0.000319728681953
0.00069547620501
-0.000618530702908
-0.000634383679049
0.000553660990844
0.000443550173203
-0.000253768790115
-0.000230072030517
0.000243456692258
-0.000647133870536
0.000819547448097
0.000444167277939
0.000802649723388
-0.000386087083408
-0.000411547709736
0.000141591163786
-0.000164943112585
0.000197899429777
-0.000450530306759
0.000100640596193
0.000668598995577
-0.00064271568194
-7.49301824203e-05
-0.000223317071495
0.000110878798652
0.000238212966366
-0.000809727891348
0.000317091908764
-1.37318995073e-05
0.000280750532417
-0.000171935807823
-9.44813864852e-05
0.000443938631273
-2.58350132892e-05
-0.00052623282854
-0.000120628707426
-9.90424267526e-05
0.000130171108759
-3.11286820134e-05
0.000114264349047
-3.15521919142e-05
0.000553539609685
-0.000543850648834
-8.07057117641e-05
-0.000382232863559
0.00024772911262
-9.22400904394e-05
2.38185245604e-05
0.000155515852852
-0.000202295397749
0.000262701449349
-0.00022777753382
-0.000130455555712
0.000569810385692
6.92427512722e-05
-0.000340716035627
0.000150923187866
0.000265158012211
-0.000784725175357
0.000216949470337
0.000941237547409
-0.000640298559697
-0.000300938987741
8.71337819011e-05
1.78870673977e-05
0.000104227483926
-0.00012211455133
0.000207512787258
0.000156199403112
-8.0565574285e-06
5.08102562607e-05
-0.000128738034587
0.000658233035421
0.000415409493999
-0.000695907620162
-0.000613335847472
0.000140742452096
0.000590249428718
-0.000247048233703
-7.78946145877e-05
9.57816819792e-05
-0.000329612862284
0.000251773446446
-0.000549804672677
-7.46035108041e-05
-3.34153101327e-05
0.000426715236454
5.00682926695e-05
-0.000112479191684
0.000116367889773
0.000294686445829
8.64895833377e-05
-0.000381176029173
-0.00013731603615
-0.000489289619795
-0.000105421411835
-0.00016182454321
-0.000184810871586
0.000326402035367
-0.000100554047583
-0.00010229285148
0.000395873457862
-8.14255543864e-05
-0.000387579967377
0.000363929197099
-0.000541605115432
0.00026050110698
-4.1835711152e-05
-0.000602215104091
5.21204400205e-07
-4.93852469182e-06
-1.60959898227e-05
0.000135542267427
0.000607404867215
-0.000199799117786
-0.000413162485443
-4.42344488947e-05
0.000496282122555
-0.000357214422204
-0.000139067700349
0.000584931667301
-0.000354989164219
0.000494678571556
-0.000467272107974
0.000534387691669
0.00037771362131
-0.000598830464983
0.000599351669383
0.000414652185899
-0.000359154648274
0.000403878049641
-0.000317388466306
0.000316776939336
-1.07230691539e-05
-0.000306053870184
0.000300959868639
-0.000265972786474
9.72909547834e-05
0.000582686094227
-0.00028537126868
-0.000792816740335
0.000365169735238
-1.29993782167e-05
-0.000363357571885
0.000269037891857
1.19211123031e-05
-5.93525992834e-05
7.82031012677e-05
-3.47254873548e-06
-7.4730552541e-05
-0.000307968238656
-8.61421414304e-05
0.000342058734433
0.000397107285048
0.000178179001691
-7.85207108772e-05
0.0004248636642
0.0003801955557
-0.000805059219839
-0.000109730611493
-0.000324031958837
-9.3451046414e-05
-0.000247264989216
0.000248952945511
0.000420179637178
-0.000126373943689
0.000338247088534
-0.000358844063239
0.000373618837528
0.000145944876332
-0.000172291266867
5.32856174423e-05
2.49174838182e-05
0.000304517857429
4.42005151437e-05
-0.000259187293141
0.000370066091792
-0.00048745897066
-0.000300345108143
5.90511861405e-05
0.000241293922006
0.000172500534468
-0.000186585663234
6.22093285509e-05
4.46522580257e-05
0.000624770332459
-0.000255377804561
0.000223116599184
-3.16681197109e-05
0.000547357253499
0.000140231879368
0.000307199449742
0.000299637445428
0.000480893464867
-0.00038666713181
0.000754307102827
-0.000108775895126
-3.92985775266e-05
-0.000683624482021
0.000317269839626
-0.000514992942198
1.09889444322e-05
-0.000602900918637
-4.88656287022e-05
-0.000213433585297
-0.000407813666191
0.000489063602651
-8.12499364577e-05
-8.8660667121e-05
-0.000576012944907
0.000183461165238
-0.000649378621278
0.000274397519455
0.000342050499959
0.000357707677034
-0.000292268988216
-6.21648918135e-05
0.000330139955888
-1.33630165577e-05
-1.97039384796e-06
-0.00061989500212
0.000621865395993
-0.000168505773722
-0.000385132549516
0.00055363832325
-0.000349785193845
0.000102038360369
-0.000207780133877
-0.000278538149021
0.000297782802261
-0.00013904462139
-0.00089297133539
0.000319547108504
0.000573424226884
0.000238673371157
0.000200717318318
-0.000114392684418
0.000171703882007
0.000284073040705
-8.33557223905e-05
-7.84551346684e-05
0.000304868810045
-0.000226413675365
0.000689617283833
0.000179691999948
-0.00029910394862
-9.6741992285e-05
0.000107730936713
2.34757531254e-05
0.000583929114081
-0.000290236799485
0.000276912075605
-0.000104095873703
7.29671916831e-05
-0.000224335275818
0.000259733649536
-0.000883820001365
0.000573390639617
0.000223379625613
-8.01835273338e-05
-0.000143196098287
0.000169301195107
-0.000268442769507
-0.000177199443616
-0.000170635565395
0.000423220501367
-0.000252584935974
0.000213211326242
-0.000355895878225
0.000620247393802
-0.000145572342263
0.000525297851797
0.000547823269729
-0.000349358766205
-0.00018485391709
-4.43336371232e-05
0.000480105856392
-0.000435772219261
0.000458272008463
0.000129381788241
0.000108702155183
0.000201812993836
-0.000278315112932
0.000427251549787
-0.0007145719089
-0.000206088999707
0.000518162869964
0.000105726847713
0.000210297319691
-0.000294318322929
-7.17304409872e-06
-0.00022605555985
0.000350472927099
0.000452147303314
-0.000518639995105
6.6492691798e-05
-0.000541425400324
0.000179487940851
-0.000183529274257
0.000711360649896
7.26445727758e-05
0.000537318982948
-0.000609963555707
-0.000319843961947
0.000580345068913
-0.000530906276729
0.000211062314774
-0.000107838167187
0.000140520561331
0.000343376088774
-0.000483896650129
0.000785744378348
-0.000539878824906
0.000172966340323
-0.000284302599495
-0.000374285967243
0.000783906495664
0.000433519730911
-0.000126503013433
0.000108844417875
5.51985137478e-05
4.03384914006e-05
-0.000375902711286
0.000335564219858
-0.000171075588936
0.000428010886808
-0.000256935297888
0.000779086168234
6.02618194965e-05
-9.96472705587e-05
-2.90907640365e-05
-0.000366502084105
-0.000374472380868
-0.000393339286658
-0.000399477453674
3.2629418836e-05
0.000192475297878
-0.000139421701101
0.000456887706652
0.00048891103054
-8.01756568374e-06
0.000125846994439
0.000805774220453
-0.000401304932713
0.000648246085581
-0.000254984088184
4.72152913219e-05
-0.000135875958441
-0.000126875102427
-0.00037484192189
0.00050171702431
-4.92742290773e-06
0.000508088554422
-3.7870967672e-05
0.000314783043271
7.55742187776e-06
-0.000561558903719
0.000821292553259
0.000573952458427
0.000414904263424
-0.000523475845987
0.000512083981383
0.000657645811575
0.000262884165517
0.000103119819294
1.77994242377e-05
-0.00012091924354
0.000318156576471
0.000444640228414
-7.79967379673e-05
-0.000558285410658
0.000600038363561
-5.0501566797e-05
-0.000157032699934
-0.000178927880681
0.000410242408475
0.000293009903672
-0.000497486356114
0.000217896490541
0.000351913895147
-0.000450033160179
0.000340302548685
0.000441486153729
-0.000554122416396
-0.000426547179454
-0.000396241287461
0.000283774110539
-0.000260117776306
0.000122887159682
0.000532999454161
0.000263433414738
-0.000580152249873
-0.000531400335483
0.00046720151288
6.41988226e-05
-0.000114591221783
-0.000383777739319
-0.0005726683042
1.43828935576e-05
0.000294967478406
0.000580257893662
-0.000328484447218
0.000318137214976
-6.06733234096e-05
-0.000349500776864
0.000410174100267
-0.000325012351267
0.000466294185679
0.000161123876538
0.000126575253932
0.000484617838279
-0.000335005253714
-0.000149612584574
0.000592993189805
-0.000636286433465
-0.000346312033118
0.000332949016559
0.000552933064896
-1.64591770785e-05
-0.000514941158413
0.000369263492648
-9.63281170729e-05
-0.000378180696742
0.000474508813813
-0.000707070618058
-0.000196651653549
0.000459535819051
0.000710446276935
-0.000731012623163
-9.44915094547e-05
0.000509818700917
-0.000315924598065
-0.000193894102856
0.000526181510999
-0.000221503114963
-0.000299687624311
0.000452540437493
-0.000403583340282
-0.000268656070376
-0.000456177434711
0.000484981010704
-2.80933040566e-05
0.000564859534277
-0.000533441806035
-0.000522727936298
0.000377155594048
0.000366041913043
-0.00038715438551
0.000103695970335
-0.000807460957771
0.000670854992554
-0.000370133130471
0.000156402417443
-0.000575989939647
7.38055350266e-05
3.14292936169e-05
0.000271637200744
-0.00052277014527
0.000357742735851
0.000776784717889
-0.000345657313645
0.00027692750822
0.000172167036267
0.000742259198786
-0.000377307264215
0.000359311411335
-3.65517684304e-05
-0.000322759642905
7.72123725497e-05
0.000210999530394
0.000212220970972
0.000183157616248
-0.000646213514679
-0.000400811006898
0.00057631437419
-0.000476259910759
0.000553862569499
3.71841139129e-05
0.000122496112128
-0.000151586876173
-0.00042359926227
0.000607060427509
0.000174948668639
-0.000313993290026
-0.00016112682961
0.000336075498249
-0.000201831021678
-0.00022980201412
0.000358595385999
-8.399124714e-05
-0.000535071511395
0.000160229589501
0.000495533975834
-0.000790392326656
-0.000357781864819
-2.17687998454e-05
0.000510679830378
-0.000470137692945
-0.000319632873686
0.000741335586512
-0.00069679955779
-4.45360287351e-05
-0.000325685827224
0.000835379932778
-0.000481472472781
-0.000353907459994
0.000424748141094
-0.000436081260414
-0.000614244592196
-7.68969312521e-05
-0.000408368320333
-0.000298702297721
2.7864083631e-05
8.85038061427e-05
-0.000578424683809
9.09657131577e-05
0.000417159387587
-0.000585341821753
-2.87769305819e-05
0.000614118752324
-0.000637020508633
0.000499704472485
9.56746518934e-05
-9.90772882567e-06
-0.000672715149843
0.000377055472651
0.000295659677193
-0.000466960201562
-0.000563641860681
-0.000628963904279
0.000763011992232
0.000587159983187
6.10142531539e-05
1.41270767196e-06
0.000545944545821
0.000184966097539
0.000563325757262
-0.000105541542005
0.000110442687815
-0.00081988646611
0.000279325091411
-0.000503660367237
-0.000278167471934
0.000270733341357
-0.000189346097488
-5.47033314905e-05
0.00080146978466
-9.10235077308e-05
0.00046713451467
-0.000129963276712
-0.000519415344571
0.000233778698172
0.000292590006602
0.000403454444794
-0.000687402500201
0.000283948055404
-0.000604203660588
0.000244945811663
0.00071636616565
-0.00062638266686
0.000555035883321
0.000116195508779
-8.46457206652e-06
-0.000153199198089
-0.000386679626803
-1.5376551396e-05
-0.000387915149752
-0.000135560696238
-0.00065523584991
0.000239621257094
0.000219914561952
0.000616164784246
-0.000713505477965
-0.000517878426466
0.000439138645319
-0.000144029454297
-0.000148822986589
-0.000484919462447
-0.000582576033019
-0.000473529495749
0.000315966831475
0.000541593738633
3.2358719787e-05
-6.98976432995e-06
-0.000184751839415
-8.36909300898e-05
-0.000441436559745
-0.000451534775643
0.000184806349653
-0.000214842222721
0.000246167634492
0.000279130217313
5.65788462366e-05
0.000428402164462
0.000422741129482
0.000524175745972
0.000553367084241
-0.000435247487545
-0.0002297602416
-0.000504619148775
-0.000251581185318
0.000185090128404
0.000840888570593
-0.000817062096311
-0.000160284278479
-0.000829183167991
0.000817722595658
-0.0005072207802
0.000479127476134
-1.03229633489e-05
-0.000872631816996
0.000882954780328
-8.12417825639e-05
0.000282343819117
8.7722272672e-05
-0.000454441172509
0.000304878160045
-0.00010862457833
0.000782301112178
-0.000466821254712
0.000382830007569
0.000342605638615
-0.000280080093321
0.000724014862916
0.000204889440401
0.000253382568068
-0.000133226947063
0.000237442486187
0.000347278121983
-0.000792869042809
-0.000311117464105
-4.52570500651e-05
0.000451842228062
-0.000582324302702
-0.000808005753834
0.000462348440192
0.000654593075151
0.00019509190107
-0.000126230030063
0.000173789291281
-0.000795615731729
0.000239630436142
0.000664830875831
0.000317521930098
0.000357538025918
-0.000839010498693
0.000342033102908
-0.000484019657715
-0.000696602581155
0.00033484184016
0.000361760740997
0.000382780099941
-0.000320938895509
-0.000505834063852
-0.000300945039096
0.000173304079037
-0.000544023382667
-0.000419454011811
0.000266491857388
-0.000282578303171
-0.000492103015065
0.000296795199504
0.00019530781555
-0.000312471778
0.000166071443743
4.48118734135e-05
-0.000380465894025
-0.00020524476836
8.67774215673e-07
0.000512494897142
0.000645682524493
-0.000909043997596
0.000463570975606
0.000579492986151
-0.000268073974068
-0.000116351981768
0.000427632317597
0.000695984098499
8.55015543828e-05
0.000275306738108
0.000379286337036
-0.000311615383414
-0.000181519524641
0.000473795768301
-0.000478734292982
0.000240037272127
0.000120958805994
-0.000360996078108
0.000816348512827
-0.000180430078737
-0.000767266517712
0.000525289046637
4.05082659281e-05
0.00024442092307
0.000466340543785
0.000141982044145
-0.000293663929568
-3.7517957505e-05
0.000117573947256
0.00029958544033
-0.000208401790443
0.000147418069092
6.09837213498e-05
-0.000214333452814
0.000270935013003
-0.000494798308053
0.000497882986243
-0.000759672914955
0.000542461512845
-0.000265103280015
0.000435095877353
-0.00080830619227
0.000393244738145
-0.000105699181595
0.000800959703924
-0.000184794919672
0.000113936596736
0.000244658789254
-0.000352560660042
-0.000714711405974
0.000670175377233
0.00031443822055
-0.000553643200164
-8.33773084763e-05
-0.000246698534014
-0.000819284840779
0.000394125876472
-0.000232667932292
0.000568944169882
-0.00109463505155
0.000764007044762
0.000687380727408
-0.000589204153937
0.000621562873716
-1.84770250145e-05
-0.000420686146311
0.000470584490779
-0.000380146195463
0.000185350563954
-0.000387307713002
6.45480700947e-05
-0.000649121964402
0.000276499085657
-0.000792016611904
0.000286182548052
-0.000672678399997
-0.000421956651583
-0.000473190543107
0.000415881585946
0.000137756737317
-0.000542137106271
0.000141802440583
-0.000876465587133
0.000688994334167
0.000277787861624
-0.000606272308842
-0.00012240888286
-0.000424715719746
0.000347218993845
6.9028881481e-05
0.000398641266554
-0.000385899254579
-0.000750014514402
-0.000512191555877
-0.000402736392426
0.000340213020207
-0.000518452390624
0.000178239370411
-0.000177665406262
-0.00039874316634
0.000586626251113
-0.000321140003962
6.10222276464e-05
-0.000214235671254
0.000415682711325
-0.00032918717933
-0.000464830160634
0.000380613872124
-0.000452538091499
7.19242193691e-05
-0.000552729406142
-0.000527754212707
-0.000828257737523
0.000682451566882
-0.000320690825884
0.000199521498114
-4.14910199138e-05
0.000422104892034
-0.000401900681432
0.000314760650416
8.71400310144e-05
-0.000269366227731
0.000489280789676
-0.000218625972271
-0.00060915336523
0.000385332164919
0.000223821200299
0.000380428454117
4.54227653501e-05
0.000648529468965
0.000131173288093
-0.000581959092347
-0.000371334102777
0.000224938811918
0.00084647817066
-0.000605553257619
-4.53887425509e-05
0.000340300521704
9.47953556478e-05
-0.000293513578707
0.000501139040607
-0.000328172700278
-0.000412337609344
1.91486932676e-05
0.000404848591798
0.000313700286792
-0.000634391112674
0.000397829756543
0.000101189015156
-0.000292572022052
0.00078926725833
0.000759082963642
-0.00045591259904
-0.000144409584895
-0.000357874696779
-0.000417639812052
0.00016679381247
0.00029496483679
-0.000464235520947
-0.000352178516377
-0.00037073867985
0.000451791684858
8.09445156717e-05
-0.000532736200536
-0.000271028828167
-0.000193801332458
0.00071719906209
-0.000338731435483
-0.000392499816643
-8.55146307612e-05
-0.000348300266383
-3.17360052757e-05
-0.00071808371134
0.00034379774411
-0.000116582872943
-0.000100094806586
-0.000508605519433
-0.000357006154198
0.000597723444496
-0.000109695096645
0.000561486781504
0.000315166141879
0.000834971418061
-0.000382313607162
-0.000446226055999
-0.000469753975912
-0.000490108558977
-3.91675941457e-05
0.00056480931601
-0.000378114517873
-0.000209862556623
3.47607947809e-05
-4.61625341941e-05
0.000360923184605
-0.000570739493985
-0.000468487179977
0.00010774518795
-0.000509346680134
0.000401601492178
0.000157357984692
-0.000810989037208
-0.000482824144501
0.000154651444236
0.000505427840043
-0.000128272245985
0.000490575195519
-0.00057571431487
2.67753430043e-05
-0.000343276714947
0.000207803161813
-0.000445982951014
-0.000136341351668
4.86536380501e-05
0.000258992009013
4.61669920288e-05
5.03929394235e-05
0.000707444434083
0.000109906648941
-0.00081735108301
-0.000299158699353
0.000707102759641
-0.000408665687332
4.26424934397e-05
-0.000534432307619
0.000176690032516
0.000291574611763
0.000341355875166
-0.000280333647531
-0.000229867028189
-0.000349625957961
0.000425116008485
5.16928268193e-05
-0.000311747484975
0.000836353563677
-0.000372358874057
-7.27080265066e-05
3.7931804024e-05
-0.00053599035882
0.000157875840946
-0.000135605150647
-0.000541507726574
0.000523559987025
-0.000328252171482
-0.000121000787237
-0.000543748288798
-0.000455849469897
-0.000299327365731
-0.00016539762421
0.00056202219743
0.000354924243259
-3.21051087933e-06
-0.000333704564762
-0.000598984716442
-0.000276054716786
-0.000422903777185
0.00033576374617
-0.000515224089402
0.000186887190484
-0.000680192000491
-0.00013438886664
-5.15385689011e-05
0.000618352362834
8.54034030589e-05
-0.000639046603227
-0.000357348248456
4.65221925363e-05
-0.000513581313386
0.000593623837877
2.47285249506e-05
0.000820004223929
-0.000233377972814
-5.27123880041e-05
-5.36087244054e-05
4.29622638881e-05
-7.7956979654e-05
0.000567190037792
0.000350417276308
0.000175355065614
0.000101372559721
6.40250644896e-05
0.000786105923954
-0.000508176800154
0.000617065938433
0.000330193324917
0.000303904322508
-0.000432176568476
-0.000477312651956
-0.000153886750883
0.000824741743443
0.00055490094391
0.00031858283355
-0.000845458247036
0.000526875413497
-0.000724703045471
0.00083982479748
-0.000682466812793
-0.000640840390817
-5.70917555899e-05
0.000198984406661
-0.000724882417189
0.00081668664961
-0.000560133241053
-3.58880830224e-05
-0.00072324156149
-5.99336315549e-05
-0.000520427665144
-0.000639946823771
0.000838931230433
-0.000740127070541
-7.72240124652e-05
-0.000277998499235
0.000832899443144
-0.000374485577741
0.00054984064334
0.000568479671428
0.000242580360682
0.000308509849461
-0.000276978575605
0.000481477802972
-0.000835385262958
0.000811671127886
0.000431524932421
0.000781942208727
-0.000738123285643
-0.000383199042387
0.0004141718451
0.000282153037054
0.000667112682705
0.000587264346058
-0.000191976181704
0.00021124310057
-0.000734304636251
0.000523061535685
0.000135057676549
-0.000786186764609
0.000531115059894
0.000290177493368
7.37902935821e-05
0.000460219781361
-0.00053401007492
-3.82047319436e-05
0.000634962904443
-0.000596758172473
6.43012059988e-05
0.00046092422564
-0.00052522543169
-0.000426124264504
0.000637367365074
-0.000490886635721
8.73032954353e-05
0.000382106389006
0.000439387762316
-0.0007403328014
-0.000475051538585
0.000789489759126
0.000181709525772
-0.000216713414852
3.50038890602e-05
0.000188561993398
3.74948500703e-05
-0.000148519439171
8.9684612285e-06
-0.000301508350274
0.000292539889024
-9.90284131193e-05
0.000323265582812
-0.000224237169703
0.000183670095886
0.000660519098128
-0.000302023281402
-0.000488867371834
0.000649226310517
0.000178597963054
0.000145970766811
0.000655499017837
-0.000794500235776
0.000711122927289
0.000706081441166
-0.0008250252012
0.000862694706438
-0.000638270940467
0.000373880941619
0.000690527358877
-0.000190822886393
-0.000482747225
0.000259757125162
-0.00074569690281
-0.000645933913024
0.000108955248581
0.000579455007296
-0.000354121848762
0.000611825779462
0.000474104716058
0.000838490420626
-0.000440901150449
-0.000911711570043
-0.000831641662936
0.000503654519827
-0.000734719140046
0.00101245025598
-0.000770672339717
0.000678417642874
-0.000191145415026
0.000323796196748
-0.000276712981099
0.000159083213547
-0.000474146122804
-0.000603766139878
-0.000410044114592
0.000386300322778
-0.000490302747704
0.000619922692167
-0.000400844301712
-0.000478697543758
0.000300458173347
-0.00047391346529
-0.000238491673568
-0.000596583101912
-0.000645680753941
0.00043635136584
-0.000623394969503
0.000640664823981
-9.28461800319e-05
0.000619533012575
-0.000695234217304
-0.00028151258404
0.000622473958898
-0.000317595798813
6.94989325587e-05
0.000348314900823
-0.000496203406693
0.00047019001293
-1.78228183426e-05
-0.000737574140451
0.000652072586068
0.000127013582154
0.000244912441625
-0.000569856465162
-0.000412767447094
0.000681171621248
-0.000500741542511
-0.000165073292395
-2.74107207418e-05
-0.000148553793752
0.000334895054553
0.000358669648176
-0.000701381112702
0.000724269125959
1.29945039726e-05
-0.000303499053387
0.000353944849908
0.000685960044623
0.000413470864447
-0.000411506828357
0.000671263953506
0.000424013438006
0.000396263545949
0.000778684924547
0.000548816908754
0.000468510266693
0.000889012833461
-0.000477880563935
0.00075095532018
0.000284246725416
-0.000427790343367
0.000235318354698
-0.000262830295825
0.000706419702962
-0.000422471647555
-0.000425208364272
0.000347014993884
-0.000222402447495
0.000680995921446
0.000604296639938
-0.000552783987739
0.000350757524085
0.000368497289708
0.000323256454391
-0.000179197824475
-0.000265395422494
7.32548593126e-05
-0.000107794663256
2.50748853651e-05
0.000308683797352
-0.000267280688196
-3.59410331918e-06
0.000110698598709
-4.16178132669e-05
4.22834197971e-05
0.000477506005098
0.000534594448927
0.000600410077911
-0.000503118031063
0.000281961344929
-0.000402568639084
0.000120607294137
-0.000539287788996
0.000395557088018
0.000143730700951
0.000502332760567
-0.000457520887142
0.000583639335669
-0.000367211676663
0.000819510710776
-0.000429728392833
0.000769014129201
-0.000855811962472
-0.000357536946928
0.000707571549091
-0.000656371253895
-0.000255340316127
0.000474015562199
-0.000521606862199
-0.000446876142976
-0.00040379263983
0.000806405327462
-5.63014971553e-05
-0.00048146416564
1.61565522299e-05
-0.000520280030958
-0.000291393542324
0.000502455857091
4.12040224997e-05
0.000141319891244
0.000478213121392
0.00027398709623
-0.000576010377586
-0.000722834985722
-5.17517038733e-05
0.000554790755711
0.000618520479772
0.000647305722861
-3.03150139541e-05
-0.000616990708879
3.90928571232e-05
0.000496321008311
-0.000305111414173
-0.00019120959414
0.000244739823
-0.000465395692658
-0.000112284786415
-0.00035311090626
0.000526929874857
-0.000282190051867
0.000576244711696
-0.000537151854553
0.000329675789324
0.000159629651627
0.00053353506887
-0.000191455122982
0.000620616363607
-0.000442018400562
-0.000102712682184
-0.000517497677461
-2.17901115479e-05
-9.4780546056e-05
-0.000235536332533
2.88857658735e-05
0.000533273429225
0.000286237281548
-0.000442430640036
-0.000421247121041
0.000465098882235
-0.000417751823154
0.000612704378161
9.84185491187e-05
-0.00043547007041
0.000595099722049
0.000492165516248
-0.000683620639231
0.000421881491763
0.000705612858871
-0.000785451868677
-0.000125080539206
-0.000143543617964
-7.81933704026e-05
-0.000139659011715
-0.000288718568178
0.000631691978343
0.000686441039317
0.000440688888837
0.00027014278847
-0.000293286352433
-0.000220307518183
-0.000106236019365
-0.000276433464915
0.000215470919551
-0.000274733400678
4.02592615404e-07
0.00021489571752
0.000237194956929
-0.000115399360433
-0.000340790309171
-0.000236772750086
0.000195660801987
0.000139968592644
9.97385801727e-05
0.000604519587247
-0.000325464151662
-8.48716019944e-05
0.00011696815148
-0.000367061653861
-0.000420183703067
-0.000379912123254
-0.000140837549784
0.000332047143924
-0.000222298214894
0.000334583001309
0.000100728775311
-0.000516261933563
0.000181667177362
0.000401216861498
-0.000478889026327
-0.000594842477821
0.000561317339025
-0.000291600668662
0.000176502079205
-0.000912540519549
-0.000768237106086
-0.000654372271477
-0.000276697463043
0.000937594249713
0.000842180317966
-0.00121236593141
0.00104132646976
0.00087013019943
0.000590065279722
0.000602847806941
0.000227557788919
-0.00070573424483
-0.000713393979233
0.000897418748674
-0.000823801887485
)
;

boundaryField
{
    bottomWall
    {
        type            calculated;
        value           uniform 0;
    }
    leftWall
    {
        type            calculated;
        value           uniform 0;
    }
    rightWall
    {
        type            calculated;
        value           uniform 0;
    }
    movingTop
    {
        type            calculated;
        value           uniform 0;
    }
    front
    {
        type            empty;
    }
    back
    {
        type            empty;
    }
}


// ************************************************************************* //
