/*--------------------------------*- C++ -*----------------------------------*\
  =========                 |
  \\      /  F ield         | OpenFOAM: The Open Source CFD Toolbox
   \\    /   O peration     | Website:  https://openfoam.org
    \\  /    A nd           | Version:  14
     \\/     M anipulation  |
\*---------------------------------------------------------------------------*/
FoamFile
{
    format      ascii;
    class       volScalarField;
    location    "61.999999999946";
    object      p;
}
// * * * * * * * * * * * * * * * * * * * * * * * * * * * * * * * * * * * * * //

dimensions      [0 2 -2 0 0 0 0];

internalField   nonuniform List<scalar> 
2646
(
4.85924319173e-10
0.000178738870835
0.000358066166675
0.000647941228406
-0.000135143852111
0.0164107027259
0.00106359203751
-0.0125191348636
-0.00704669667581
-0.0208976057251
-0.00297130127559
-0.0101339574751
-0.0296380800183
-0.016731294349
-0.019706706666
0.0077382991282
-0.000331194911797
-3.14436790839e-05
-0.00622049163212
-0.00290987509058
-0.00240222355666
-0.00106314956751
-0.00192398972878
-0.00401744460388
0.0100155752418
0.00346594532968
-0.00898277406874
-0.00799097760474
-0.0157309755142
-0.00448376662214
-0.00224991056029
-0.000540671268968
0.000553383802492
0.007117805227
0.0108648784345
0.00114472819499
-0.0101410539691
-0.0189826866367
-0.0331767638639
0.00126026347979
0.0143475632992
0.00885988658606
0.00715179078747
0.00677888184741
0.00755017834721
0.00729771942914
0.00780064322855
-0.0054055716192
0.00335455389524
-0.00179098942758
-0.0133682701478
-0.0192776241846
-0.021056958814
-0.0206375709963
-0.000137247945159
0.00152052459733
-0.0110827066703
-0.0296840166013
-0.0295732700663
-0.0250146337566
-0.0154597368816
-0.0045550242863
-0.0311963331095
0.00118345615738
-0.0202961848215
0.00221625477373
-0.00695541700576
0.00151460158026
-0.00402036973808
-0.00228189308301
-0.0112856898743
-0.000156858184952
-0.0035318908042
0.00166974689117
-0.00530562949723
-0.0247085347759
0.00041744656843
0.00119858824667
0.00473122206846
-0.00395744565755
0.00106749418746
-0.00329881376574
-0.0199732221315
-0.0208786783675
-0.00719303969964
-0.00754075869464
-0.00278543528957
0.00855371737369
-0.0333988368485
-0.0260483096146
-0.0590402109362
-0.000581525359741
-0.0556820436251
-0.0542354096601
-0.0588025589915
-0.0387148262121
-0.0262190975557
-0.057190339883
-0.00102772125495
-0.0447722078453
-0.00264270677085
-0.0411818699878
0.00303092552301
-0.0411107189354
-0.0679090125369
-0.0400698526636
0.0136749776234
-0.0510452889678
-0.0101887039156
-0.0405855719115
-0.0245673998853
-0.0034463507504
0.00697412033776
0.00744221589896
0.0141597256382
0.00831265116024
-0.0191664040923
-0.0513492828347
-0.0601408952596
-0.0362623833092
-0.00709484990469
-0.0340446246001
-0.0156248986739
-0.00331702242754
-0.0170037627449
-0.00088937073344
0.000191671934059
0.0254119478603
-0.0331913087541
0.00340443258861
-0.0525746182629
-0.0361190466652
-0.0560038540283
-0.0624962484223
-0.0282415505416
0.00483089641974
0.000119391908453
-0.0496570193899
-0.0404019753016
-0.0473266655245
-0.0579316079383
-0.0431349062226
-0.0237133500882
-0.0565020445131
-0.00375766625133
-0.048565428834
0.00691573320089
-0.0599760648666
0.0175824258871
-0.0474872651589
-0.0231538946587
-0.0650591369068
-0.00682136819247
-0.0205311319582
-0.0111385849398
-0.000119483033984
-0.0352832771682
0.00100457382737
-0.0136633181174
0.0155199314405
0.0543480242397
0.00716820110088
-0.0195759846609
-0.0667975569362
-0.0503165005091
-0.0373772017531
-0.0270854412524
0.227434911069
0.0611563892281
0.0675639148235
0.0526867433906
0.0556301711387
-0.0222511949472
-0.0267842410002
-0.000265898471163
-0.00183041176394
-0.0081256654302
-0.0136739870022
0.000496887119138
-0.000209718384843
-0.0176765102877
3.89995143818e-05
-0.0136526517107
-0.00802885779277
0.00528007372722
0.000509685149626
0.0102748561314
0.00770453419696
-0.0306456198846
-0.0208302571815
-0.00224685551317
-0.000801194595136
-0.017190836276
-0.0173348662064
6.6012667382e-05
0.000728185629608
-0.00185957755821
-0.0102000062263
-0.00929160202007
-0.0204413259554
-0.00796051453478
0.00351452354637
0.00447266520658
0.00486888100726
-0.0321636233687
-0.00954513783285
-0.000372388534605
-0.0610515467951
-9.50391276103e-05
0.00339443317755
0.00731205814601
-0.0662731540022
-0.0435707374752
-0.0604975361292
-0.0648555666845
-0.0289424251244
-0.000226651513293
-0.00196223994523
-0.00646146894413
-0.0538879869906
-0.0581004397656
-0.0382160460416
-0.0250479422851
-0.0401189676579
-0.0342185307962
-0.0106477782926
-0.00657381162099
-0.0157222207369
-0.00392036304319
-0.0400614001964
-0.0319452966047
-0.0197651618844
-0.0680075042004
-0.0387206901546
-0.00161870296
-0.0102486622557
-0.0433238829964
-0.0165326956542
-0.0110207365314
-0.0690812110821
-0.00766499879532
-0.059414227603
-0.0682020830317
-0.00424108550238
-0.00274887890902
-0.0519541010777
-0.0496201504668
-0.022355364483
-0.0238296004891
-0.0608258121434
-0.0608521975988
-0.0545293339813
-0.0752026824263
-0.0691885375887
-0.0522397125289
-0.0521003942094
-0.0435842569956
-0.0421467152526
-0.0681447266864
-0.0138667400911
-0.0131332327263
0.000579231236357
-0.0731969900022
-0.0720673056317
-0.0561025398409
-0.047917135596
-0.0499146741143
-0.0686880756785
-0.0534333129584
-0.0741060612115
-0.0674355923878
-0.0589147598382
-0.0271402936393
0.000855962806028
-0.00855888696336
-0.0443048158024
-0.0654884422462
-0.0620617528265
-0.0255445774364
-0.00208610699829
-0.0370393475425
-0.0598453227351
-0.033832780028
-0.0653129056393
-0.0389841524987
-0.0201925542667
-0.0159423577175
-0.0133845227027
-0.0110645973946
-0.0292212905913
-0.0614928287203
-0.0391325119709
-0.0426161193542
-0.0179756259149
-0.0414540241829
-0.0122618777737
-0.0326904183471
-0.0488851447504
-0.0149871740371
-0.0651349544286
-0.0325872653687
0.000228346600872
0.00676563065012
-0.00506102046122
-0.00103985302181
-0.0339661079579
-0.0348576894208
0.00152779886332
-0.00033797260395
-0.00482436417426
-0.0382358494731
-0.0110212491597
-0.0264632956422
-0.065073308812
-0.0370066060189
-0.0345938407262
-0.0176912651914
-0.0346656014614
-0.0165809892521
-0.0333988139393
-0.0157791757313
-0.0170131258402
-0.0487113731657
-0.0410767156481
-0.0256352546631
-0.000965954505067
-0.00239830426066
0.00106073113623
-0.0532210856885
-0.0635248228892
-0.0669723422972
-0.0702568962674
-0.0288782021055
-0.0570585902707
-0.00967628825656
-0.0631364037829
-0.00739210149575
-0.0113471192447
-0.00616492314935
-0.0645290823011
-0.0862725854108
-0.0919296362775
-0.0963098485192
-0.0233230171402
-0.0595965802414
-0.0994236954245
-0.0313755654734
-0.0585603822852
-0.0963307361204
-0.0103788802098
-0.0739961483834
-0.0644737664429
-0.0446647057382
-0.101270986696
-0.0473095217318
-0.0951338188118
-0.0915915192814
-0.0984059452538
-0.101839395917
-0.0979368727776
-0.0940555249715
-0.0948223822546
-0.0342851039897
-0.0320462150073
-0.0356125629109
-0.0949561599086
-0.0854192414006
-0.0644385579979
-0.0635870064935
-0.04596403073
-0.0403720909801
-0.0913418801046
-0.0363561272248
-0.0395998542531
-0.0597778934313
-0.0959514549715
-0.08919884547
-0.0581025167972
-0.0655897033004
-0.0876237569215
-0.0990121482597
-0.0566784223907
-0.0565657015296
-0.0983234911802
-0.08884039125
-0.0676089119951
-0.0655950430444
-0.0991965557936
-0.0373665720054
-0.0604437942663
-0.0998958683084
0.00728451187253
-0.0992897886512
-0.0402181455486
-0.0637960225371
-0.02771542226
-0.0778823793694
-0.0405506291025
-0.0879720817749
-0.0847975282239
-0.0974911763008
-0.0731015072133
-0.0991619428237
-0.0466216638585
-0.0975451477601
-0.0874939548121
-0.092969786882
-0.0854916281179
0.0039256992296
-0.101370895828
-0.10091538444
-0.0966422336046
-0.0966718717492
0.0038418118728
-0.0927541501785
-0.0985050691107
-0.0329718818935
-0.0976121607379
-0.0973836006222
-0.0448428870218
-0.0357559679045
-0.0586700652594
-0.00507977378377
-0.0392618642868
-0.0973145681581
-0.0989949281426
-0.0362762828814
-0.0970234958833
-0.0995963346725
-0.0220256446159
-0.0956092888161
-0.0824295145316
-0.0327806478415
-0.0328889749472
-0.0351268467983
-0.0587292395642
-0.0644319077364
-0.095867233216
-0.0927395444627
-0.0349363560847
-0.0384446378589
-0.0064262954281
-0.0162353499491
-0.0959953156192
-0.00283060484298
-0.0920657650906
-0.00047394677574
-0.0315784886088
-0.0950930460526
-0.0313092740144
-0.0971797792887
-0.0295310045907
-0.0908769226476
-0.00190841387877
-0.0912875355706
-0.0940857460087
-0.0923108780837
0.00796589720583
-0.0966775468927
-0.0962829227833
-0.0970221695766
-0.0110992838075
-0.0855306050117
-0.0953749896138
-0.100345811299
-0.0912519380134
-0.0930586933333
-0.00165787588536
-0.0927419893228
-0.0653143320061
-0.0981260861523
-0.0191790162708
-0.0251369719036
-0.0272165431265
-0.0626506361566
-0.0357393313633
-0.0699867717538
-0.0783364745182
-0.0881563245811
-0.0754845883054
-0.0360471442555
-0.0626476880221
-0.0631900174286
-0.102180996998
-0.0420524571105
-0.0345952845033
-0.0451798946143
-0.0424914458969
-0.075949189669
-0.0515201734121
-0.0731212141704
-0.0491082809417
-0.05669541419
-0.0522099635968
-0.0931914277361
-0.0559230782582
-0.0586165632996
-0.0566772345842
-0.046748813996
-0.0606304260905
-0.0217058459582
-0.0365428750986
-0.0318264582556
-0.097967028735
-0.066941715541
-0.0289828793435
-0.100043253624
-0.0356619993812
-0.0897530607125
-0.0984375094818
-0.0830668419422
0.0108583276433
-0.0100165752507
-0.0703301033376
-0.0609377808568
-0.0320568499926
-0.0635934885498
-0.0484562748805
-0.0413621850314
-0.0400078770978
-0.0181574579937
-0.0294958892266
-0.097558605443
-0.0825702023551
-0.0984367609235
-0.0981199132493
0.0033496374555
-0.0979652242737
-0.0590691850003
-0.0565594275849
-0.0943473423559
-0.0545713388521
-0.093135513734
-0.00367539994967
-0.0781669979146
-0.0880730697532
-0.0963552452758
-0.0806787285611
-0.0911171773917
-0.0279566515986
-0.088415156388
-0.00779777564138
-0.00968366246771
-0.0990339658668
-0.0867427914553
-0.0981894243586
-0.0991291603417
-0.0419442585495
-0.0640153258006
-0.0127385980028
-0.0974797198402
-0.0290669516221
-0.0954727741333
-0.0911540706749
-0.0596299205726
-0.0669378801313
-0.0645094320181
-0.000521297642378
-0.0936980604815
-0.0955440083527
-0.0557599759071
-0.0929396277793
-0.0964698196124
-0.068635150382
0.0059483394554
-0.0672619659654
-0.0329322349656
-0.0976933131252
-0.0826533409948
-0.0607762578725
-0.0594570664235
-0.087831372987
-0.0664651071916
-0.0886498719473
-0.0337404197186
-0.0336994850718
-0.0638630498452
-0.00202205140682
-0.0793072091368
-0.0354646666962
-0.0282112269477
-0.0679524850989
-0.0940738998176
-0.0842261436999
-0.0673858160939
-0.0753995771635
-0.00956650800376
-0.0889913770888
-0.042922209897
-0.00739923147296
-0.0631162704875
-0.0849451316275
-0.0357600755992
-0.072740599453
-0.0911568997381
-0.00911522764246
0.00279620169454
-0.0136722504661
-0.0102787186718
-0.0226571239835
-0.0356027028808
-0.0131368132734
-0.100425587947
-0.0187994334679
-0.0467614019934
-0.0996467388167
-0.00142566865
-0.088494674814
-0.0400231928249
-0.0658335115411
-0.0663632476222
-0.0083875039803
-0.0318909813198
-0.0653868769609
-0.089860692975
-0.0365247817038
-0.0435876591514
-0.0165018081014
-0.00617653616422
-0.0229163183384
-0.0360701334296
-0.0344305585528
-0.0758324656639
-0.0438441382397
-0.0321397040414
-0.0598294645445
-0.00309685607063
-0.0528142178839
-0.0163136687149
-0.00759248219692
-0.0389150750223
-0.0190660431352
-0.0267057993642
-0.0416167156846
-0.0592657346017
-0.0919363672249
-0.0835609318104
-0.0469577309851
-0.0314164752551
-0.0870763223146
-0.0514238757305
-0.0812369454228
-0.061659423083
-0.0484758707901
-0.0903577403328
-0.0895059314804
-0.00781300137301
-0.0539086253802
-0.0431427531205
-0.0553156376531
-0.00938676361338
-0.0793905199137
-0.0381779199434
-0.0780091684997
-0.0658955061696
-0.0308509924761
-0.0980185029306
-0.0898869187671
-0.0896937038237
-0.00194806396114
-0.0371968462085
-0.0602216885629
-0.0888727662256
0.00164754178204
-0.00437002423037
-0.0883534381833
-0.0420113792664
-0.0342130286746
-0.00644014225194
-0.092002705134
-0.00201704525167
-0.0183114553119
-0.0644697761891
-0.0654940297557
-0.0899243673387
-0.0687749690038
-0.0888062792997
-0.086680515918
-0.079451146322
-0.101887851867
-0.088919460694
-0.000856983390244
-0.0979587447067
-0.0375070342124
-0.0727908004621
-0.0372309893252
-0.0464523750762
-0.0697348078213
-0.000193306051437
-0.0527544936213
-0.0822100052609
-0.0339881369165
-0.0637450929417
-0.0658812501431
-0.0232262051556
-0.0143402036784
-0.0663717362788
-0.0200035093532
-0.00947680817279
-0.0516200645408
-0.0845615212663
-0.0172987562874
-0.0699352635635
-0.0604123844556
-0.0377470324896
-0.0548798900121
-0.0522670379254
-0.0876635795601
-0.0381860684676
-0.0297808183079
-0.0028457582877
-0.0901680996169
-0.0851306963957
-0.0434343240967
-0.00424591837381
-0.0169043094302
-0.0807927584696
-0.0429605721711
-0.070689061228
-0.0867725685385
-0.0201002810768
0.0097502831073
-0.0239519346989
-0.0179005391025
-0.0724878187962
-0.000349612327072
0.00639528689057
-0.0220227614773
-0.0642333390253
-0.0280767157361
-0.0917349732112
-0.0870739426995
-0.053436777293
-0.0698792574623
-0.0706594882463
-0.0608385752799
-0.0886431285331
-0.0862702462038
-0.0277268789513
-0.0255723881359
-0.0678118843756
-0.0362615220955
-0.0874474510196
-0.0864651208632
-0.00465747663503
-0.0265199767332
-0.0675256500326
-0.0271305915922
-0.011837599122
-0.0876918994892
-0.0942093388891
-0.0854743931163
-0.0965417899423
-0.0687408625912
-0.0206677752892
-0.0230731444115
-0.0032978307971
-0.0736638421403
-0.0398699667815
-0.064161990699
-0.0236519003614
-0.0527951880113
-0.00289506632472
-0.0880953850587
-0.0581876561669
-0.0705508905979
-0.0198775431893
-0.0833523208119
-0.0279639845476
-0.0713933401418
-0.0825005613246
-0.098794855589
-0.0413333329214
-0.0624777517608
-0.0602713346664
-0.0341756528515
-0.0818048823473
-0.0374309539919
-0.06422117153
-0.0462781088533
-0.0667642817655
-0.0467880770806
-0.0636153106074
-0.0811493085995
-0.0990655923555
-0.0679306897242
-0.0793411281146
-0.0486897467071
-0.0808250162793
-0.100798666591
-0.0832125112671
-0.0325822926677
-0.0622292716041
-0.0783868456906
-0.0194896819137
-0.0446667772779
-0.064138840577
-0.0787289293982
-0.0819894880687
-0.0803485367266
-0.0824017849048
-0.0426523131079
-0.0572056437406
-0.0868677685854
-0.0627321563661
-0.0827582021178
-0.0463519926309
-0.0679374177381
-0.023036809641
-0.0575169816802
-0.0853144566342
-0.0724210297896
-0.0633493567763
-0.0031254310719
-0.0638561697573
-0.0817331961295
-0.0347496278335
-0.0289523345275
-0.078572909521
-0.0612598395775
0.0076864323472
-0.0767448354943
-0.0855995338973
-0.0459341539103
-0.00537228607156
-0.00159909436172
-0.0906157141649
-0.0723493378269
-0.0474222887316
-0.077793321479
-0.0450696139872
-0.0520031782976
-0.0996785594759
-0.0491052749057
-0.0578365526694
-0.0603306246453
-0.0540856360551
-0.0786662826649
-0.0770280459373
-0.057109937727
-0.069967336805
-0.0810037073346
-0.0884164450202
-0.0799701662073
-0.0831340866515
-0.0824165008
-9.85436555422e-05
-0.000726792861171
-0.0255251313866
-0.061288896454
-0.056192827824
-0.062664063258
-0.0500420605849
-0.0693562573302
-0.088352390544
-0.0889950462101
-0.093935378519
-0.00239983035725
-0.0257111766969
-0.101163391982
-0.0218535969825
-0.0578896487558
-0.057326355714
-0.0726968313934
-0.0760261152813
-0.0718160183031
-0.0598522489453
-0.0963978553677
-0.068095408748
-0.0292559810614
-0.000643214568595
-0.0184901929706
-0.0914906789201
-0.0773676165794
-0.040287904286
-0.0677120781354
-0.06675384304
-0.0202550704229
-0.0752221682824
-0.0594372788197
-0.0835261595227
-0.0835871288301
-0.00619337476925
-0.00394121735284
-0.0095875563413
-0.0533304551293
-0.0893448118063
-0.0554973286054
-0.0577931060136
-0.0674883282734
-0.0778582516533
-0.0569844363981
-0.0810318718202
-0.0712269397909
-0.0880498255613
-0.0777911469657
-0.0151371147481
-0.0744611439349
-0.056810305295
-0.0878021410639
-0.0705028987468
-0.0794395275383
-0.000207253880057
-0.0442066445122
-0.0479907989189
-0.0928501642284
-0.0631653649923
-0.0398378838964
-0.0563486930854
-0.0847077629562
-0.0752362344109
-0.0506473345071
-0.095755577603
-0.0732494848323
-0.000490794417341
-0.0589889931069
-0.0853322774105
-0.0929639701463
-0.0392649514626
-0.0196298551527
-0.0577103915978
-0.0935363040246
-0.025165749987
-0.0657327445208
-0.0938307876213
-0.0728283437334
-0.0590429740029
-0.0428338796829
-0.0132440133639
-0.0339304520204
-0.0761409258426
-0.0817559458046
-0.0313497864816
-0.0846454046244
-0.0792019950668
-0.072756219525
-0.0259120111964
-0.079424243447
-0.00977179001755
-0.0526118105902
-0.050724803042
-0.0754544541464
-0.085769943539
-0.0751181432914
-0.0847467379041
-0.0830481384191
-0.0809629491284
-0.0729141955764
-0.0860142174243
-0.0809750262767
-0.0949316423708
-0.0568040582679
-0.0039042452332
-0.0490955701861
-0.0520789927738
-0.0959795962075
-0.0482925420391
-0.0923330061375
-0.0996608656882
-0.0540697109493
-0.0837370752436
-0.0827553824938
-0.0201531886726
-0.0820678411113
-0.094405625733
-0.0421635622821
-0.0881201829842
-0.090015491265
-0.0812334534349
-0.080617096314
-0.0796002982763
-0.0786258272941
-0.0983929620783
-0.0117161303791
-0.101491808901
-0.0613116810346
-0.06933846448
-0.0966450544118
-0.0489719220501
-0.0755393299871
-0.0940561090068
-0.0114956467093
-0.0989203350211
-0.0152112209295
-0.0410874624182
-0.0679483575472
-0.0943407517949
-0.0883292337091
-0.0625598855249
-0.0882474199669
-0.0753152294794
-0.0731759199651
-0.0781672564859
-0.0472810552336
-0.093019563068
-0.0772523588043
-0.0928019861366
-0.0500112931567
-0.0785146548419
-0.0909872740272
-0.0485636918683
-0.0990439660234
-0.0933562852675
-0.0899521838638
-0.0978130083691
-0.0806993214304
-0.031916928455
-0.0799343917099
-0.0844516156279
-0.0441051328623
-0.101533754165
-0.070807792899
-0.0913650221642
-0.0777273985783
-0.00650130069294
-0.0757982071868
-0.0913133224584
-0.0856331442864
-0.0942496451138
-0.0725008936423
-0.0267305254451
-0.067705970213
-0.0810255355223
-0.0500963117462
-0.0596336937944
-0.0778757800657
-0.0562221014229
-0.0901825642623
-0.0531656600869
-0.0676186692996
-0.0459760201245
0.00574931067046
-0.0873850950677
-0.0420632700084
-0.0526722107335
-0.0956525588769
-0.0850158132386
-0.090250508069
-0.0732686588983
-0.0765959711468
-0.0624799478606
-0.0622392625387
-0.0707243640776
-0.0616957870651
-0.091625148207
-0.0976919753965
-0.0631313866538
-0.0568486585058
-0.0799290310282
-0.0856836013678
-0.0940399523794
-0.0866295896764
-0.0964669040851
-0.0730819357612
-0.0918104998427
-0.102058714465
-0.0778561214278
-0.0976728428416
-0.0939136240476
-0.0834568730492
-0.101990458133
-0.093543355942
-0.0688834208788
-0.0210593016882
-0.024390340582
-0.0867159807927
-0.0674350821789
-0.0507478386323
-0.0965340803537
-0.0847350699885
-0.0701617519298
-0.067517012392
-0.0473500967493
-0.0723746367252
-0.07647424789
-0.0852955864945
-0.0602988050578
-0.0862676059265
-0.092290652882
-0.0695205005319
-0.0101644950265
-0.0934425836547
-0.0531682678974
-0.0594024024958
-0.088966529359
-0.0640568984025
-0.0633633317328
-0.0758821456425
-0.0945054970046
-0.0730860816706
-0.0914042327366
-0.0269932511993
-0.00430779842152
-0.0796457017738
-0.093238963025
-0.0816900412263
-0.0516235789076
-0.0567370508088
-0.0421306559389
-0.0511657345451
-0.0407045994546
-0.0658819373197
-0.0320716904277
-0.0732658568854
-0.0311071488225
-0.0443230535487
-0.0943265857077
-0.010139235979
-0.0836013841451
-0.0848707543567
-0.0520826166253
-0.0947765970014
-0.0921719349231
-0.0813934540664
-0.0503388731079
-0.0899069077401
-0.0819094102332
-0.0767692417536
-0.0789232949907
-0.0176491277388
-0.0500444806638
-0.0822260055876
-0.0504709014167
-0.0416151714824
-0.0744331662631
-0.0969702415703
-0.0772369147423
-0.0517088014377
-0.060780027976
-0.0788643767007
-0.0970288054322
-0.0931546122398
-0.0899611907499
-0.0918724013632
-0.081938319879
-0.075795852064
-0.0802089818765
-0.0444803147464
-0.0950903166953
-0.0618067387163
-0.0808558000044
-0.0902925590333
-0.0987798977655
-0.0882986941862
-0.0643463516468
-0.025220606375
-0.0858973479212
-0.0480173830338
-0.0755482643893
-0.0552869810638
-0.0900694206627
-0.0313085151507
-0.0265771997762
-0.0372413892965
-0.0970789996835
-0.0429962400885
-0.0429439825955
-0.0635216324063
-0.0156254114749
-0.0164255999416
-0.0316207090267
-0.0544353140263
-0.0841234050956
-0.0814291084008
-0.0506166849764
-0.0774663007765
-0.0729299867976
-0.0985818736234
-0.0118196120332
-0.0599019795485
-0.058274899373
-0.0712550223215
-0.0691298821018
-0.0895724857605
-0.0972168480247
-0.051198672351
-0.0237260751745
-0.0341400250051
-0.0745446328095
-0.0890695243753
-0.0762841188829
-0.0845234518238
-0.0862404208517
-0.0815290142439
-0.0541376444987
-0.0145832741094
-0.00651165070063
-0.0468351177942
-0.0933240297214
-0.0539277634149
-0.088916974209
-0.0236575552993
-0.0139535103101
-0.0306947040619
-0.0827328609489
-0.0803120163116
-0.0526600175308
-0.0477322685836
-0.0694259918565
-0.0744830332851
-0.072726845548
-0.100557051501
-0.0361897630594
-0.0818774646579
-0.038771506457
-0.0964433732421
-0.0498965109042
-0.0811822243631
-0.0697276233401
-0.0656773299169
-0.0621280029624
-0.0702733513575
-0.0773496128835
-0.082987966833
-0.100314116985
0.000181194277649
-0.0841309275521
-0.0823760959315
-0.0673299500124
-0.0996799377137
-0.0441025711328
-0.0962445005459
-0.0356067415997
-0.0598333290759
-0.0953126417248
-0.0160572122129
-0.0828187191258
-0.0839504544759
-0.0667148715775
-0.0500072027494
-0.0719396235602
-0.0888399056832
-0.0878647862918
-0.0622406613121
-0.0188091895536
-0.0412728650491
-0.0941623417512
-0.0786344747334
-0.0970871582388
-0.0589587332751
-0.0277598056903
-0.0624859941767
-0.0860561144079
-0.0220088135728
-0.0629390222276
-0.0941906614417
-0.0955070584267
-0.0917157798093
-0.0912485388789
-0.0349833691577
-0.0937317100835
-0.0907890319221
-0.0607160585591
-0.0442113610576
-0.0943559120036
-0.0842854038952
-0.0863333985056
-0.0962323579351
-0.0893266229993
-0.0827590996883
-0.0875359185606
0.00116815324705
-0.0822828634612
-0.0256078816817
-0.0877138036191
-0.0789298005117
-0.0848121990374
-0.089822718004
-0.0245178382692
-0.00453272130658
-0.0961842358046
-0.0862699509772
-0.0915764995732
-0.0787305530289
-0.0464676733966
-0.0671690789785
-0.059608251171
-0.0365294984212
-0.0845807196471
-0.0575630147684
-0.0864427678178
-0.0718752613726
-0.0652980290017
-0.0944210250733
-0.0494009609532
-0.0969297367458
-0.0739441268789
-0.0492022583252
-0.0846829460845
-0.0305646996361
-0.0210747193458
-0.0168888314867
-0.061870573244
-0.011879645702
-0.0603494870756
-0.0603912410692
-0.0298859104635
-0.0963243425867
-0.0792039370524
-0.0825854960374
-0.0835629253678
-0.0553627968291
-0.0265560213538
-0.0775025136999
-0.0132645930351
-0.0772185147133
-0.0855990590653
-0.0653538244178
-0.093290803667
-0.0686157470961
-0.0747725491405
-0.0882874802328
-0.0579727609381
-0.019891480794
-0.0820824854704
-0.0607637298316
-0.0656986664761
-0.0423813396896
-0.0816579407678
-0.0830881025744
-0.0662276609655
-0.0508730677268
-0.0957298849927
-0.0446134106409
-0.0962987267865
-0.0842858783341
-0.0726907029532
-0.0978091127785
-0.0912544308954
-0.0776034724237
-0.0740548174774
-0.068215832482
-0.0958356659826
-0.0645896233474
-0.0934968355814
-0.0865712063265
-0.0982124055816
-0.0935971916934
-0.0937795264001
-0.0780372082954
-0.0970695567465
-0.08534586459
-0.0672796364075
-0.0697496250495
-0.026428718348
-0.05249736013
-0.0852667586304
-0.0712308230318
-0.0817083316636
-0.0254835373716
-0.0796895759445
-0.0393116408836
-0.0769334230466
-0.0773123473556
-0.0736121565381
-0.0893842706658
-0.0824172583182
-0.0664457257375
-0.0685126338847
-0.0555752943022
-0.0522901294399
-0.0882581621794
-0.0715078169701
-0.0654028376315
0.0083040494119
-0.100864374564
-0.0928772592261
-0.071326840627
-0.0803704807469
-0.0363909812534
-0.0504485324881
-0.0753775844764
-0.055955470471
-0.0749646299778
-0.0888143637312
-0.0114056601825
-0.0583924604854
-0.0980070846316
-0.078340464123
-0.0238394862778
-0.0523460133788
-0.0706778903731
-0.00587635326354
-0.0715969316647
-0.0943544900552
-0.0918482270171
-0.0937261078638
-0.0767763453843
-0.0736287056193
-0.0661522214666
-0.094625170456
-0.00678772554636
-0.0767300852082
-0.0780647074971
-0.0719298318725
-0.0938420890874
-0.0837384241712
-0.0797199267179
-0.0840800806061
-0.0667179321963
-0.0862182830506
-0.0787428745316
-0.0587926539021
-0.091309513304
-0.0267500965118
-0.0350793372521
-0.0797678794817
-0.0977911281058
-0.033307628258
-0.0961669149399
-0.0723934200691
-0.0980454986325
-0.0778568123885
-0.0921068922904
-0.0950067909745
-0.069261397087
-0.061938804512
-0.0911348736144
-0.0218860394358
-0.0499013427862
-0.0991344253702
-0.0822826797698
-0.0974208885861
-0.0747608987108
-0.0501267383766
-0.0515832497358
-0.053068298949
-0.0748721588315
-0.0234381440933
-0.100670436387
-0.0958342758047
-0.0698860235539
-0.0969370838443
-0.0215183829435
-0.0596222042448
-0.0965182746847
-0.0981287606235
-0.0489312088383
-0.0696922428398
-0.0748954737776
-0.100900250337
-0.101370276749
-0.0451101070941
-0.0867798537485
-0.00564898135848
-0.100001640711
-0.0645940305129
-0.09215691536
-0.0309236853959
-0.0846409188879
-0.0831810357846
-0.0893592060497
-0.023355582615
-0.0482768761802
-0.0158260268024
-0.055501529046
-0.0806063613996
-0.0908873612673
-0.0965041013243
-0.0290995063436
-0.0678596882042
-0.0307049736757
-0.0743516131652
-0.00292093883112
-0.000736356331359
-0.0628195670603
-0.0919983871755
-0.0994943502374
-0.069243050939
-0.0824716461787
-0.048991287032
-0.049028942928
-0.0552898191388
-0.0944787064811
-0.0776280582108
-0.0269720181377
-0.0906617989721
-0.0342694207742
-0.0802909636095
-0.0128168997076
-0.0944969828232
-0.0541071429272
-0.0802295643816
-0.0213008865636
-0.0215378574504
-0.0648231558785
-0.100590396202
-0.0999218696622
-0.0637747379352
-0.0706420627857
-0.085532200136
-0.0865443697014
-0.101448864241
-0.0305920748677
-0.0957525039424
-0.098228029676
-0.0975497723797
-0.0689502569317
-0.0913746219919
-0.0959250622881
-0.0406207585972
-0.0445090099575
-0.045992593635
-0.0933642150615
-0.100077383783
-0.0277186249009
-0.0993024083007
-0.101112659236
-0.047344703529
-0.057236678587
-0.0731247095232
-0.0777076511885
-0.100479092353
-0.0479106317835
-0.088377490275
-0.0702051004035
-0.0777050707606
-0.0763511625111
-0.0504758781303
-0.10110708687
-0.0884014014355
-0.0517943498889
-0.0969652054359
-0.0959170287691
-0.0907381675312
-0.0994504735177
-0.0899183516468
-0.0789562000704
-0.0581634014295
-0.0424230113402
-0.0894137939424
-0.0392125037344
-0.0992159291073
-0.0360847536868
-0.0514347087078
-0.0538785179604
-0.0573914563664
-0.0787843772277
-0.0991741810516
-0.0660396580546
-0.0656643610334
-0.0513744158672
-0.0773410692831
-0.0697062390451
-0.00823303204055
-0.0973298010465
-0.0758167087375
-0.0471797079876
-0.0563568217067
-0.0835990725907
-0.0861631015139
-0.0897494745932
-0.092562255845
-0.100275434243
-0.0941469648201
-0.0791235591089
-0.0431341473323
-0.082528685732
-0.0946245533528
-0.0948548019023
-0.101966703275
-0.0843956156329
-0.0853266026741
-0.088069357453
-0.0996450098207
-0.0715509012273
-0.0800064194188
-0.0919777942604
-0.0901243351952
-0.0804280636583
-0.0996267688915
-0.0854841893343
-0.0733624461606
-0.0884143963876
-0.0936861709722
-0.0829079924908
-0.0985311706903
-0.0985763842109
-0.101657237404
-0.0937180515494
-0.0885811597187
-0.0887901468718
-0.0706341869728
-0.0985059123089
-0.0999596492377
-0.09150836305
-0.0997310716641
-0.100695509735
-0.0863494279572
-0.0585267629151
-0.0967641940525
-0.0710403295123
-0.0869973754156
-0.0799386188866
-0.0464782865235
-0.0739958216777
-0.0734996484621
-0.0390201720286
-0.0797869380981
-0.101665718957
-0.0464989830818
-0.0410070680608
-0.101397924651
-0.056985589143
-0.0869480086072
-0.0593907785824
-0.0452592973183
-0.101504349887
-0.0582605108782
-0.0632169938092
-0.0773272748671
-0.0913210545736
-0.088195931866
-0.0885218252789
-0.0714040472298
-0.0718353274348
-0.0731461806795
-0.0978857901077
-0.0507298248595
-0.0824145339218
-0.0783216686545
-0.0927492881455
-0.0460880601795
-0.0949221572931
-0.0967011285371
-0.0986361210992
-0.0995467273367
-0.0956397074468
-0.0930097159273
-0.0705860506787
-0.0958003910566
-0.100489639569
-0.0643772019485
-0.0926156758021
-0.101009827402
-0.0391935793694
-0.0303489389978
-0.0946981828392
-0.0252622454785
-0.0988536132383
-0.0887312472314
-0.0962355782747
-0.0853174043527
-0.100158249536
-0.0767436567154
-0.0903081368063
-0.0864256471384
-0.0921850216413
-0.053201081179
-0.0582216256006
-0.00615178228747
-0.0812934848099
-0.0830037234203
-0.0332345111097
-0.0761201626378
-0.0959076212708
-0.091599190953
-0.0782134418327
-0.0549058804142
-0.101479999944
-0.0866103973276
-0.0953008320921
-0.0764498644525
-0.0965288385183
-0.053871002234
-0.0750943380559
-0.0766122150288
-0.0910427142406
-0.0747729525067
-0.0264776419253
-0.0910591052861
-0.0755961457763
-0.0566264806803
-0.0848981899717
-0.0866643858507
-0.0499575973161
0.00330910568854
-0.0448993223735
-0.0547617525469
-0.0987827285883
-0.0611886123123
-0.0366208552318
-0.0300542869017
-0.0942164806456
-0.0338255549576
-0.0825410416523
-0.0382701045081
-0.0374703933126
-0.0788625523272
-0.0478169357944
-0.00534856043099
-0.042843687021
-0.0726117661269
-0.0992949712452
-0.0946468164599
0.00409510035362
0.00574192528458
-0.0215420198357
-0.0901364437964
-0.0913382605291
-0.101343727079
-0.0793511233333
-0.04206875848
-0.0939004401054
-0.0458084011691
-0.0979799020195
-0.0950705606451
-0.0695499459414
-0.100400306173
-0.0678767476713
-0.075451401217
-0.0922263866059
-0.0169652221316
-0.0606996046346
-0.0940828986345
-0.10060890944
-0.0720322979498
-0.101180939504
-0.0618122779114
-0.0914490855022
-0.100010943078
-0.100496704476
-0.0680967927339
-0.0401460850617
-0.069015574169
-0.0549078234328
-0.0700180619493
-0.0734181395724
-0.0957205740543
-0.0646329611944
-0.0717843363639
-0.0842698380824
-0.101611856542
-0.094584402624
-0.068059432928
-0.0639438247148
-0.040793482735
-0.0931784617275
-0.0732104178265
-0.0745438738709
-0.0678585994166
-0.0771937106437
-0.00588266466911
-0.0645678208457
-0.0374821092254
-0.0853479938783
-0.0919183733411
-0.0989745956504
-0.0679049115534
-0.0667277157226
-0.0403304422577
-0.0791042893519
-0.0923038429394
-0.0575341394348
-0.0518648753621
-0.0657090211276
-0.0896168467564
-0.0776361494352
-0.0664454042845
-0.0669892636638
-0.0807084636001
-0.0820945617222
-0.0945857498635
-0.0907257172128
-0.0764844976481
-0.0444597277105
-0.0554408664028
-0.086383557316
-0.0557143457849
-0.0586830215614
-0.0614315460528
-0.0812251597321
-0.0605290411245
-0.0548491654385
-0.0705847321436
-0.0309660019163
-0.0982978449462
0.00100395186864
-0.101546186924
-0.0815972786862
-0.0549576015227
-0.0949247396519
-0.0534715575442
-0.0943471747085
-0.0403706060684
-0.0669240418966
-0.0565098413775
-0.0617736885616
-0.0656746931162
-0.0759491675272
-0.00372154994404
-0.0778806331253
-0.0444356237482
-0.0895332109705
-0.0873756399326
-0.0457210696802
0.00500518628414
-0.0860597636803
-0.0778128155447
-0.0669368449212
-0.0564789753628
-0.0954795305775
-0.0726447724651
-0.0750645913998
-0.0505490369299
-0.082679514706
-0.0536270184005
-0.0862899654398
-0.0994948284345
-0.0760344143378
-0.0737548873852
-0.0624152923483
-0.0958563963396
-0.0657510300686
-0.0578429847632
-0.0383410354208
-0.0693777772694
-0.082433915148
-0.0753662766068
-0.100783319088
-0.0997860253165
-0.0606292957193
-0.0900469906226
-0.0778221263937
-0.0892791349325
-0.0803249884151
-0.0910765721633
-0.075897989085
-0.0693152525676
-0.0491368046287
-0.0636801992544
-0.0738183471387
-0.0150395767633
-0.0297958673102
-0.0579273234672
-0.0797463749014
-0.0340734062124
-0.0640552784471
-0.0635662366135
-0.100891776147
-0.0563809606945
-0.101697286528
-0.0727643857732
-0.0848751018656
-0.0642547901927
-0.0472649175837
-0.101718459484
-0.0560317486145
-0.0819151608738
-0.0584670002904
-0.0559610355599
-0.0647806965036
-0.0572380955644
-0.0519342565397
-0.0407292314896
-0.0641763008461
-0.0922607335093
-0.0694045409313
-0.0814675910577
-0.078095147002
-0.0909688104103
-0.0395459065444
-0.0311972465931
-0.0661250346779
-0.0693939553095
-0.0630408440124
-0.093875790784
-0.0877313157348
-0.0905238393499
-0.0851590049925
-0.100308685231
-0.0272295575274
-0.0803392518972
-0.0628642558859
-0.0673318854105
-0.0958220302316
-0.0500230163754
-0.0995988898258
-0.0861141921664
0.00281616524793
-0.00221160877127
-0.00134703134072
-0.0569513981743
-0.100861892865
-0.0889886290629
-0.0554857864143
-0.065311921977
-0.0794710769905
-0.0480943740221
-0.0701139962188
-0.0938102782761
-0.0485222940202
-0.0605696310425
-0.0697416289109
-0.0508604849185
-0.0321533828061
-0.0707448444424
-0.0849857359608
-0.0657179244833
-0.0302237426214
-0.100764528089
-0.0544732493517
-0.0658063668138
-0.071938481285
-0.0628214482033
-0.0760781291334
-0.0531023966868
-0.0588556622222
-0.0966488500147
-0.0460921534027
-0.0819366102152
-0.0849027826483
-0.0862267877822
-0.0838798047144
-0.0676857443816
-0.100760433216
-0.0853041339047
-0.0708770917931
-0.0805641824014
-0.0755138383895
-0.0717660081555
-0.0700086947225
-0.0287093608834
-0.0916060754702
-0.0296680680282
-0.0281223043199
-0.0325552501039
-0.0617868757686
-0.0562653556774
-0.0619781175365
-0.0188009807621
-0.00375489932231
-0.0889052071814
-0.0879261583685
-0.051040257103
-0.0778261247298
-0.0285034189249
-0.0306991128579
-0.0727495448013
-0.0894719414252
-0.049486379379
0.000837133993918
-0.0874661749668
-0.0749929891035
-0.0812846245239
-0.01960381152
-0.0537961430236
-0.064414442597
-0.0884303366013
-0.0747357725539
-0.0760021673894
-0.0445312188772
-0.0734704339017
-0.0887198670023
-0.101003469632
-0.0837761113013
-0.0127840956368
-0.0265467108733
-0.0899909896922
-0.0553999903713
-0.0791170218505
-0.0354750387088
-0.0132147716782
-0.0850491768246
-0.0525158470554
-0.0598240462688
-0.0907793205402
-0.0371814329134
-0.0740866118731
-0.0292688890716
-0.0776891934068
-0.0885067812086
-0.0540709059054
-0.0795453517316
-0.04697879935
-0.0956170556453
-0.0906937974661
-0.0633722591446
-0.0738095144635
-0.0630851284106
-0.0944101229537
-0.0711088043995
-0.059752496654
-0.0780042823157
-0.035693020893
-0.0409189793208
-0.0754392702486
-0.0850522017828
-0.0593955713976
-0.0774251326752
-0.0800417205701
-0.0876757819485
-0.0528532966756
-0.042463139586
-0.0260757063556
-0.072762876254
-0.0725041091313
-0.0736155111307
-0.0502818291768
-0.091396865899
-0.0763538231389
-0.00205328114003
-0.0530388489342
-0.0843703305231
-0.0533476945981
-0.0528339435991
-0.0865667756984
-0.0777604201468
-0.00659106901139
-0.101174787163
-0.0894150195332
-0.0752341344179
-0.0667733572253
-0.0746372224432
-0.0838650852739
-0.0885390873662
-0.0995599208302
-0.0535572438664
-0.00734164512748
-0.0169812038276
-0.0751555841588
-0.0100171639975
-0.055353422664
-0.0506204235374
-0.081475902033
-0.0680230946836
-0.0627864227356
-0.0490820318467
-0.0915681506076
-0.0682261302157
-0.0498549253201
-0.0413707096069
-0.0365503370059
-0.0139313544236
-0.0449574893987
-0.0914042578717
-0.025221408832
-0.0521445011522
-0.0267673168274
-0.0327813705756
-0.053134867193
-0.047717473197
-0.0732340085113
-0.0879258208156
-0.0815600452014
-0.028683967088
-0.0828169892152
-0.0846389391548
-0.0611316848912
-0.0918906188425
-0.0295189300271
-0.0385978750626
-0.0249633139939
-0.0709279327675
-0.0719531091085
-0.0583766513288
-0.0546199992085
-0.0643554602544
-0.0981338794112
-0.00202308323976
-0.0852419407705
-0.0452503191924
-0.0831219204402
-0.0139404651461
-0.0244743461645
-0.0609696709553
-0.0167761108177
-0.0606172841689
-0.0659975256985
-0.0229533621706
-0.0478863882616
-0.0857897758651
-0.0919551045868
-0.0393398470513
-0.0916745902523
-0.0871760108227
-0.0818038764747
-0.0122360420549
-0.085135795302
-0.0838562896908
-0.0759231786387
-0.0644902874356
-0.0690884291158
-0.017351066621
-0.0566420599334
-0.0983601851121
-0.0780290534536
-0.0857783915411
-0.0683519710816
-0.0317466592042
-0.0735811481252
-0.0887105210909
-0.039513037142
-0.0342294593415
-0.0996522332945
-0.0664148013146
-0.0600827792729
-0.0626378132945
-0.0917261498584
-0.0677105574804
-0.038466738034
-0.100597450194
-0.0801849705924
-0.060911943678
-0.0821734044684
-0.0849638851387
-0.0575647966516
-0.0851423519699
-0.073741494803
-0.0822057288974
-0.0736514340934
-0.0603310301973
-0.0704370203282
-0.0535157700675
-0.0998594920887
-0.0774725069584
-0.0631642444485
-0.014899387459
-0.0173974191169
-0.0783923706297
-0.0121847479488
-0.0978350421732
-0.00243331282081
-0.00759933681822
-0.0539743071871
-0.0187670060699
-0.0615851649456
-0.08079133947
-0.0843607809008
-0.076360947686
-0.00831987574262
-0.0591433886225
-0.0658158134793
-0.0996154908519
-0.0816118471282
-0.00725527881313
8.76090439755e-05
-0.0857238652927
-0.0676521097256
-0.0808456996995
-0.0707476262436
-0.0613636876226
-0.058809968046
0.000612545633948
-0.021533300553
-0.0549137499011
-0.0860838050881
-0.0711234175726
-0.00686349920514
-0.0118219139032
-0.10001804999
-0.0679377442111
-0.00848302755991
-0.0629528442967
-0.0958465225223
-0.0943428755907
-0.085666843417
-0.067001356698
-0.0798256879931
-0.0815719832597
-0.0671476122096
-0.0728497268606
-0.017565379887
-0.0285769489899
-0.0837531768076
-0.048949396906
-0.00223857472444
-0.070415606216
-0.0700986376703
-0.101797364843
-0.00117598123938
-0.0631044098846
-0.0647671752743
-0.0767693489442
-0.0985737175426
-0.0977606933352
-0.0630787714352
-0.093810912129
-0.100450990457
-0.0389866027477
-0.0203190324707
-0.0143281363452
-0.077656303523
-0.0885654093802
-0.0780285506227
-0.0878080592442
-0.0890199164472
-0.0739841292422
-0.0782783202847
-0.013588628916
-0.101884758609
-0.0655973380867
-0.0376196997925
-0.0811265624048
-0.0819796620782
-0.066185346048
-0.0838796543916
-0.0519160697609
-0.0690251882533
-0.012325855071
-0.0770542303341
-0.0804723488209
-0.0763549486786
-0.0978954583501
-0.0890386919469
-0.0747462488901
-0.0781433316562
-0.0751904158236
-0.100813450556
-0.0726254163693
-0.0981023251841
-0.0652332416503
-0.0863019373161
-0.0739944419321
-0.0809018431896
-0.0109012443005
-0.089010777727
-0.0394956937923
-0.0677347351997
-0.000636374940404
-0.0547069370476
-0.0923237495088
-0.0818163613449
-0.0820825560423
-0.0707013734455
-0.100204144227
-0.0854366511267
-0.00365113936992
-0.0719177007993
-0.0932545298006
-0.0131590310991
-0.064275072447
-0.0452803157403
-0.0689852266108
-0.0454888863437
-0.0471798868819
-0.0693132982494
-0.0719383069656
-0.0749937739959
-0.061048512861
-0.0528361205616
-0.0480881055497
-0.0462393221388
-0.0775711101456
-0.0455877551335
-0.101340671399
-0.0995213253188
-0.101896250681
-0.0964456970493
-0.0595379345069
-0.102042369294
-0.0921065046755
-0.101570372499
-0.082083268709
-0.0530504093085
-0.0864774445442
-0.0151504447174
-0.0732752946502
-0.100448757061
-0.101467377376
-0.0552754277367
-0.0223790018113
-0.0701141302093
-0.0795054453214
-0.0826709722186
-0.0186080106399
-0.00178395576388
-0.0785929405904
-0.043658430889
-0.100813729452
-0.0445394568349
-0.0309766323679
-0.0777058564513
-0.032263876632
-0.0378023911634
-0.0331451848089
-0.0656494690979
-0.0308495562097
0.000171544684676
-0.0337697288538
-0.0541848583953
-0.0278954328665
-0.0527130417709
-0.0463755276918
-0.0381946337824
-0.048122615314
-0.0389160242563
-0.041376438914
-0.0423419089746
-0.0399071625036
-0.0410105304975
-0.0427226344631
-0.0696002640138
-0.0362072593556
-0.0677913160188
-0.0322936360897
-0.0225618050292
-0.0396102633871
-0.0346602253056
-0.0278634018319
-0.0403901741367
-0.0267306176112
-0.0257499858901
-0.0220065510538
-0.0197615287978
-0.0134071216088
-0.0152325636606
-0.0169694244196
-0.0304105409641
-0.0081029976725
-0.0110608487643
-0.0539498656721
-0.0387016551635
-0.0067490895526
-0.00117132781368
-0.0370145270886
-0.0720367416321
-0.0677791036442
-0.0491527778038
-0.0440102082859
-0.0664394660349
-0.0679687190287
-0.0397100541526
-0.0245665280888
0.018170488796
0.00798101631618
-0.000693936509471
0.00348830165016
0.00587640732432
-0.00182446316551
-0.0746169413774
-0.0603287911766
-0.00552750615279
-0.0272939571871
-0.0379765899251
-0.0618860214283
-0.0255438210482
-0.0358034309017
-0.00334255868572
-0.0441632698626
-0.0420795253828
-0.000704477298878
-0.0577519590146
-0.0748588082029
-0.0534929443722
-0.057055657876
-0.0427645305065
-0.0469461070198
-0.0649393764949
-0.0455820039336
-0.0353406059133
-0.0530353248971
-0.0641075641461
-0.0232329559499
-0.00950052359758
-0.0651785589716
-0.00533578364895
-0.0117966147132
-0.0313194713635
0.00183700506395
0.00417557227596
-0.0566658634464
-0.0776266765066
-0.0764827212718
-0.0702408991778
-0.0501713812456
-0.0447428499806
-0.0591795709889
-0.0530539013113
-0.0732518769264
-0.0181523937343
-0.0724448447271
-0.0395854985742
-0.0586426106487
-0.0699633342433
-0.0717338435119
-0.0752081070935
-0.022016691682
-0.0170986454389
-0.0324622257171
-0.0207087381372
-0.0181628141638
-0.0158568533206
-0.0683341384926
-0.00937094949071
-0.00450122393975
-0.0595353392785
-0.0551521232191
-0.0609007509605
-0.0702481796125
-0.0681903551126
-0.0553126598344
-0.00957924710373
-0.0644260783048
-0.0265734367896
-0.0499641562742
-0.0448819493482
-0.0248608893009
0.00343579609683
0.00524156965921
0.000773827444568
0.000531689869796
-0.0155973911533
-0.0745377142358
-0.00512662147452
-0.0464963714655
-0.0441860229517
-0.0284781891182
-0.0310058857173
-0.0114762677567
-0.052699566249
-0.0110852323178
-0.0400243594641
-0.016288546543
-0.00511228104818
-0.0029274751768
-0.00161075374921
-0.0467919531224
-0.0172459495016
-0.0291207020785
-0.00425648995277
-0.023827406203
-0.0175535447188
-0.0369855004466
-0.0561813311122
-0.0225343205814
-0.0519964604675
-0.0538259381739
-0.0520156388899
-0.0384885712175
-0.00127390619564
0.00310338576008
0.0041512063027
-0.00288237331821
0.0209579569258
0.0187382111579
-0.000115684172137
-0.000676312883892
-0.00587000518631
-0.0122169099014
-0.0362072920131
-0.0617093261215
-0.0163602036885
-0.0252394158188
-0.0701291146534
-0.0427301005811
-0.00721025984777
-0.0456311019082
-0.0598005081345
-0.0258190320508
-0.0401964507445
-0.039180064418
-0.0595371994674
-0.0377947012346
-0.0480875199107
-0.0486663342257
-0.0513965807607
-0.0491621641063
-0.0685541977478
-0.0748932214224
-0.00561857403285
-0.0426267395183
-0.0147369419721
-0.0159714121297
-0.0363750994289
-0.0134094587096
0.00230182479379
-0.0664962387819
-0.0789188547507
-0.065888060376
-0.0476099978333
-0.0391438896831
-0.0588811139998
-0.0269135311781
-0.0710545842094
-0.0418673589357
-0.0707916422063
-0.0613178736677
-0.00427447119705
-0.0715755285101
-0.0450082964053
-0.0739023162161
-0.000711882082558
-0.0759030800817
-0.0715780465117
-0.0687040571583
-0.0715185879164
-0.0738392647073
-0.0562057581225
-0.0625156701711
-0.02270629801
-0.0216858697059
-0.022573549827
-0.0257780539909
-0.0209571778233
-0.0192078379804
-0.0652383660864
-0.00642483661021
-0.0341905371659
-0.0550155069108
-0.0513335282357
-0.0348859537265
-0.0158684322848
-0.00311092386896
-0.0618332756343
-0.0294218702101
-0.0711512370286
-0.019574210912
-0.0438935826107
-0.0353918086836
-0.0274068716775
-0.0616409138688
-0.0267721012091
-0.0208135310681
-0.0480703449979
-0.0711427626509
-0.00638269331313
-0.00826988880406
-0.0365865684113
-0.0455552409345
-0.0465404517159
-0.0271920925485
-0.0357448859096
-0.0195763020697
-0.0458845779509
-0.00483106718839
-0.0393971688859
-0.041129973495
-0.0260064586711
0.000653597083418
-0.0676839809369
-0.0664874677896
-0.0215246931609
-0.0277669238841
-0.0381349801709
-0.00955746046569
-0.0365633614832
-0.00222691680604
-0.0028514220692
-0.00557662001223
-0.0496311362193
-0.0470631419223
-0.0244087005687
-0.0719251408068
-0.0590152317255
-0.0036450619787
-0.0312358441699
-0.0435257268321
-0.0546772236854
-0.0443885355497
-0.0272993315811
0.0113731313869
-0.000255597973681
0.00202467990252
0.00654571951956
-0.0657928597929
-0.0491620689311
-0.0435944549867
-0.0565784869573
-0.0740080341932
-0.0362970735622
-0.035472177906
0.00652828324926
0.000551379857625
0.00811242655245
-0.000257613577707
-0.0133506603791
-0.0430606831963
-0.0638696418907
-0.0131825319244
-0.0654660380758
-0.0680282933036
-0.0295606536408
-0.0378695719663
-0.0160172538553
-0.065289902386
-0.0620745125208
-0.0614574084656
-0.0434120654809
-0.0127846608219
-0.0167535586482
-0.0128977738696
-0.0206092207568
-0.0172349245732
-0.0679131580986
-0.0506636776004
-0.0700077737232
-0.0719711004082
-0.0718970654094
-0.0603851040217
-0.0400572800416
-0.0192154602151
-0.00117133265941
-0.0691349650131
-0.0670024409266
0.0055941215683
-0.0286515316141
-0.0209359561283
-0.0347233357541
0.00371947102737
-0.000276156714301
0.00106313148519
0.00606508800362
-0.0274542858343
-0.067559273465
-0.0628222082539
-0.0535198274961
-0.0467400686339
-0.0299958112855
-0.0720907808182
-0.000311684377954
0.00206036693379
-0.0117629880433
-0.0400681272983
-0.0617895783682
-0.0589683085126
0.00104488861896
-0.0014253565954
-0.0565407399006
-0.0505767314377
0.00751465804619
0.00715958394918
-0.0299105381897
-0.0132219838012
-0.0372600175002
-0.0376456780053
-0.0341705355045
-0.0101453960356
0.0232075192777
-0.0079346913148
-0.0608554905305
-0.0565242867832
-0.00593355325088
-0.00373156868302
-0.0461211230258
-0.0446660271688
0.00763089236494
0.00377605192421
-0.0255069601864
-0.0286451800472
-0.0412870959796
-0.0428158250089
-0.0308341344443
-0.020851415351
-0.0249468689328
-0.0170701474385
)
;

boundaryField
{
    bottomWall
    {
        type            zeroGradient;
    }
    leftWall
    {
        type            zeroGradient;
    }
    rightWall
    {
        type            zeroGradient;
    }
    movingTop
    {
        type            zeroGradient;
    }
    front
    {
        type            empty;
    }
    back
    {
        type            empty;
    }
}


// ************************************************************************* //
