/*--------------------------------*- C++ -*----------------------------------*\
  =========                 |
  \\      /  F ield         | OpenFOAM: The Open Source CFD Toolbox
   \\    /   O peration     | Website:  https://openfoam.org
    \\  /    A nd           | Version:  14
     \\/     M anipulation  |
\*---------------------------------------------------------------------------*/
FoamFile
{
    format      ascii;
    class       surfaceScalarField;
    location    "61.999999999946";
    object      phi;
}
// * * * * * * * * * * * * * * * * * * * * * * * * * * * * * * * * * * * * * //

dimensions      [0 3 -1 0 0 0 0];

internalField   nonuniform List<scalar> 
4035
(
-7.75687248928e-06
-2.7217840439e-05
3.49747127644e-05
-6.58128006e-06
5.05968862796e-05
-5.17724787878e-05
-3.37991204919e-05
8.5571599011e-05
-8.55715993396e-05
0.000929480524043
-0.000168701418731
-0.000760779105337
1.76506891428e-05
0.000237592736724
-0.000255243425944
-0.000647959400322
3.41122522871e-05
0.000613847148089
-0.000992360656867
0.000464748206802
0.000980090979473
-0.000452478529408
0.000428681139441
-0.00137193923388
-0.000383214551457
0.00132647264603
0.000358345383553
-8.88698301292e-05
-0.000394446308863
0.000124970755376
-0.000275580287882
-0.000769165036988
0.000758199522503
0.000286545802235
0.00119696594711
-0.000859801706352
9.15168987609e-05
5.30630794649e-05
-0.00100111725636
0.000972929631026
-2.48754540602e-05
6.28655443632e-05
-0.00117681849143
0.000938924392596
0.000175028554557
0.000931322404451
0.000577062555472
-0.00115421038899
-0.000354174570958
0.000608070393914
-0.000764287765656
-0.000119362916128
-0.000368477380113
-0.000699882263066
0.000770243468875
0.000298116174284
0.000651232934141
-0.000700815553398
0.00032265092414
-0.000273068304929
0.000332533162733
-0.000190742747496
0.000216554968313
0.000662370059701
-0.000780302162606
-7.1219140998e-05
0.000560676631908
0.00103117395171
-0.000558142967565
-0.000390860613774
-0.000525330952246
-0.0012459265758
0.000316431463344
0.000114658322582
-0.000675035185522
0.000614452439934
2.0561245773e-05
-1.13742685977e-05
7.63846218201e-05
7.43128601346e-05
0.0002268431821
-6.33070321956e-05
2.01890545415e-05
-0.000183725204441
-0.000347733981549
0.000574577163628
0.000240398566471
0.000166447456386
-0.000381765908048
0.000296336084892
0.000134805778296
-0.000106501060167
-0.0003276361165
0.000447176031218
-0.000508124243694
-0.000286785769075
-9.99909842577e-07
9.99909868653e-07
-8.23124220898e-07
3.3267216662e-06
-3.50350724898e-06
1.76785648687e-07
-5.98035248653e-05
-6.33070320976e-05
0.00024435797959
-0.000887141851345
0.000642783871797
-0.000316197501866
-8.05232955008e-05
0.000396720797254
0.000154218052507
-0.000970299566019
0.000816081513419
0.00090581814311
-0.000423732690925
-0.000904258439633
0.00042217298747
-0.000778441941967
0.000759341051432
0.000279259037439
-0.000260158146748
-0.00137704216878
9.60156144351e-05
0.00050258461252
0.000801128469984
0.000646363562686
-0.000688150981261
0.000466051033733
-0.0004360636156
0.000111923132141
-0.000141910550253
-0.000430353857504
0.000580207389357
0.00035706430716
0.000688422142274
-0.000340994974461
-0.00129267390111
0.000256626706751
-0.00112031333116
0.000843463579348
-6.41452226305e-05
0.000933635906242
-0.000877994261172
4.0373969288e-05
-4.20817210779e-05
0.00106105507398
-0.000867001037767
-0.00015197231509
-0.000116514934509
-0.0012643884122
0.00111723355851
0.000263669788289
-0.000578673511279
0.000739422201993
0.000118510346541
0.000681500880152
-0.000789642115194
-0.000322212622476
0.000808522147958
-0.000371406060548
0.000209247474943
-0.000354654689324
0.000171476467403
-0.000252885393673
-0.00107270822022
3.13998366094e-05
-0.000612016194116
-2.67447160258e-05
0.000522245975654
0.00109950356919
-0.00023576714719
-3.89522794005e-05
0.000387831984801
0.000809345915858
-0.000652871217491
0.000361087268763
-1.41690807336e-05
-5.81618258873e-07
-7.08209003133e-05
-0.000124679794415
-0.00064050773157
0.000664112383332
-0.000187430580411
0.000163825928788
0.00024282551275
-0.000270587087712
-0.000208747396026
0.000344825756946
-0.000316196094251
-9.82105365796e-05
9.48042482071e-05
0.000232555877977
-0.000559594357306
0.0005781987438
0.00022422112635
0.00273683334791
-3.22507867846e-05
-0.00270458256114
0.000237957808189
0.000542879848041
-0.000780837656274
-0.00161888985355
8.9430584735e-05
0.00152945926885
-0.00149515300451
0.000690937820043
0.00136595822554
-0.00056174304109
0.000610168987173
-0.00189225128604
-0.000745292062848
0.0020273743618
0.000759757107107
-0.000209635341797
-0.0008791578498
0.000329036084436
-0.000103242642556
-0.0011894854236
0.000828409414457
0.000464318651646
0.00138752524488
0.000115232520047
-0.000892588777768
-4.94556731508e-05
-0.00102950273113
4.36690772745e-05
0.00103528932704
2.97762913642e-05
-0.00141147391245
0.000220287463581
0.0011614101576
0.0013332597668
0.000228180232575
-0.000129261815573
-0.00143217818382
0.000597464254828
5.01489683227e-06
-0.0007057217942
-0.000647070975993
-0.00105585642369
0.000448912216808
0.00125401518287
0.00041765022109
-0.00102539016653
-5.98244904989e-05
0.000667564435855
0.000662762258717
0.000404802747195
-0.000307807898815
0.000740646113227
-0.00151248131584
2.83224663877e-05
0.00111329754479
0.00236418191623
-0.000412287684742
-0.00113244441787
-0.000983348977733
-0.00194943531019
0.00048405859707
0.000167369636399
-0.00123268020967
0.000940269051885
-0.000174924464856
0.000156032716523
-4.4415283814e-05
0.000182434085995
0.00338156729735
-0.00404894119111
-0.000339236275509
0.00100661016913
0.00032051143174
0.000524684912958
0.000417602514941
-0.000533189886779
0.000143420968875
3.22801754184e-05
-0.000104418084459
0.000227279449122
-0.000166608088423
0.00113297721113
-0.00119364857184
0.00360884674643
-0.000362784624404
0.00036278462435
0.00018428503418
-0.00034813967857
-0.000198929980052
0.000547069658511
0.000315972704623
0.000664112383112
0.000264829561849
-0.00272556110963
0.00246073154798
-0.000457002858632
-0.00128386897282
0.00174087183148
-5.820323807e-05
-0.00222947281285
0.00228767605071
0.00106276783687
-0.000594659443366
-0.00100556361151
0.00053745521814
-0.000779809639211
0.00101382774695
0.000147676725105
-0.000381694832848
-0.00162124921882
-4.05970205339e-06
0.000845499281661
0.0012687546885
0.000604286947714
-0.000859213888813
0.000881884146815
-0.000755948769612
0.000250470384845
-0.000376405761804
-0.00048496913803
0.000909850426167
0.000930885009487
0.000602699240927
-0.00045896470492
-0.00161388418024
0.000451599666123
-0.00122377120989
-0.000102747705295
0.000867554210025
0.000983156301708
-2.2595267304e-05
-0.000964620736673
-0.000150635864799
0.00124524376264
-0.000137447862875
-0.000957160035362
0.000237432279678
-0.00148132708526
0.000137642238995
0.00110625256677
-0.000587593822045
2.36744725187e-05
0.000711596074716
0.000882150653409
-0.00034023693694
-0.00102688285443
0.00101737070624
0.000133382523175
-0.000546466281307
-0.000625482221616
-0.00038188422642
0.00025141767845
-0.00273927571621
-0.00103339858798
-0.00134545226148
0.000178995730268
0.00140388881098
0.00148793711999
-0.000575805147911
-0.000184150298655
0.00204616429595
0.00106440612905
-0.000749215145969
0.00222516002618
0.00103278643523
-0.000312215674411
-5.64583776559e-05
-0.00330691787365
0.00404894119109
6.68271849776e-05
-0.000808850502293
-0.000377017914669
0.000322130963382
-0.000385832718392
-0.000616667417836
-0.000323601294631
0.00045653680204
-0.000162677746104
1.38676465387e-05
0.000138742861856
0.000166385646564
-0.000865685033929
0.0010214303509
-0.00106389414167
0.00106389414167
0.000653742487209
0.000285442649867
-0.0020030792788
0.00171763662894
-0.00204586191227
-0.000939726272756
7.99245663496e-05
3.32033582247e-05
-0.000476718274517
0.000285975526983
0.000293525194338
-0.000570137383386
-0.000194150382381
-0.000247486459174
-0.000113659430628
0.000102285162019
0.000126739135833
0.000702057179023
0.000278033800347
0.000320291271
0.000727259985355
0.000211664407164
0.000274781456001
-0.000791661121133
-0.000362549267866
-0.000344485089914
0.000237771869779
-0.000217582815246
-0.000270352373913
0.000885252064785
-4.17884856065e-05
7.25780367155e-06
0.000470707109465
-0.000299230642079
-0.000318935005743
0.00057851416558
0.00016090803678
0.000207108105227
0.000116459090053
-0.000117040708317
-0.000154127997667
-0.000650288452687
-0.00025396998689
-0.000305462695814
-0.000669942032646
-0.000197059005164
-0.00024776904519
0.000856023785298
0.000261209773175
0.000296429427996
-0.000386402110986
0.000198971530567
0.000191796632779
0.00104953512111
-0.000386355532726
-0.000663179588369
-0.000881530134087
0.000742444823056
0.000139085311036
-9.8267222e-05
0.000263466862408
-0.000165199640434
-0.000822917280254
0.000254946362773
0.000567970917474
3.94580328076e-05
-0.000432772057087
0.000393314024248
-0.000114957132681
0.000445778749843
-0.000330821617168
-0.000542884059927
0.000427926927244
0.000831618003319
-0.000305414464562
-0.00052620353883
0.000246113643121
-0.000668748204462
0.000422634561331
-0.000846144240261
0.000681861625146
0.000164282615056
-0.000814453348402
-8.46393196636e-06
0.000887328194708
0.000162206926411
-0.000281560337953
0.000183293115948
0.000448695401929
-0.000409237369129
-0.000802480668271
0.000386891045748
0.000415589622553
0.000894561421231
-0.000835664245735
-5.88971754351e-05
0.000643275622591
0.000251285798646
0.00125083664288
-0.000759951815784
-0.000490884827117
0.000883500857638
0.000367335785235
0.00117512389003
-0.00064143405262
-0.000533689837383
0.000415172074241
0.00112739462675
-0.000500506481099
-0.000626888145667
0.000702447070714
0.000424947556037
-0.000821969277171
4.39001198109e-05
0.000778069157362
-0.00102916270909
0.000600273851569
0.00042888885751
-0.000264890493972
0.00051100413712
0.000138227499429
-0.000560004215932
0.000421776716534
0.000444289326335
-0.000862334502413
0.00041804517613
-0.000826064734898
0.000893111684161
-6.70469493868e-05
0.000896994221066
-0.00101550279652
0.000118508575465
-0.000453060767363
0.000420511262856
3.25495044868e-05
-0.0002135189235
-0.000588961744769
-0.000138171875742
-0.000530576328705
7.419398269e-05
-0.000896163259864
-0.000629809825234
-0.000251720308859
-0.000127622568828
-0.000698442166138
0.000696341521319
4.61033017259e-05
-0.000312086069771
-0.000534058170497
0.000662627179956
0.000168990823282
-1.02745923009e-05
0.000712721663013
0.000562779725902
-0.00057305431821
0.00037463493974
-0.000831403641588
0.000456768701852
0.000880721436981
-0.000506086497248
-0.000161821330936
0.000828904647115
-0.000667083316192
0.000721679526699
-0.000489741491606
-0.000345922754106
0.000285000737431
-0.000774742229015
-0.000630954805383
0.000589342902167
4.16119032169e-05
-0.000634234057096
0.000449115145973
0.000185118911129
0.00046327890559
0.000230172338072
-0.000693451243636
-0.000939749413812
0.000108345772228
-0.000296473791214
0.00105557650955
-0.000174855072556
0.000414142456918
0.000659413755957
6.95505758704e-05
-0.000728964331796
0.00115515133847
-0.000326246691365
0.000654644857371
0.000874157004936
-0.000311377279042
-0.000468117181885
-0.000166116875207
0.00019029023779
-0.000658407419672
0.000488287641199
0.000185078330885
-0.000673365972092
0.00033066349244
0.000284115331198
-0.000614778823644
-0.000300291312945
0.000692320107227
-0.000229041201605
0.000632937316206
-4.35944140343e-05
0.000622973956019
-0.000173858810038
0.000755853296789
-9.64395408154e-05
0.000697896560125
-0.000209608918922
0.000484647674225
-0.000346420174761
0.000331272945009
-0.000336239424387
-0.000692923284702
0.000203096458611
0.000639028469938
-0.000842124928525
-0.000445150886201
0.000700097249009
-0.000698537166507
0.000393122701866
-0.00025725864285
0.000701547969193
-0.000397130494495
-5.59302728639e-05
0.000201563268067
0.000695430953015
-1.66755413866e-05
0.000448892924923
-0.000835248457645
0.000616874168445
0.000276237515657
-0.00065717395994
-0.000358328836571
-0.000245131383803
-0.000617203118596
-0.000534553336403
9.36588172044e-05
0.000440894519211
-0.000220122410314
0.00082039626188
-0.00045118441941
-0.000294231653512
0.000745416072985
-0.000105009076008
-0.000769841287129
0.000874850363134
2.76787287058e-05
0.000735397687369
-0.000763076416281
-1.42632423799e-05
0.000500951394645
-0.000486688152272
-0.000740300474577
0.00102498598728
-0.000284685512693
-1.25108326434e-05
-0.000522042503738
8.25188402756e-05
0.000669901779583
-0.000752420619863
-0.000585909705421
0.000436078423356
-0.000450341665722
0.00067099278949
-0.00046789633088
0.000696315803212
-0.000309424757453
-0.000644552897147
-0.000169900451262
0.000762183035947
0.000125145158766
-0.000510493249739
7.77211926213e-05
0.00042803491389
1.77438359509e-05
0.000467660161716
8.86524917835e-05
-0.00055631265351
-0.000381655124528
1.33224006956e-05
0.000368332723821
0.00077089381962
-0.000532725501499
-0.000238168318123
0.00054372348564
0.00022717033397
0.00034911616811
7.13950947091e-05
0.000259568000129
3.89886226189e-06
0.000663005398789
-0.00019534523707
-0.000578408981679
0.00066092782195
0.000105495581459
-0.000845796056019
-0.000775931820813
0.000718577485652
5.73543351362e-05
0.000848879480817
-0.000789509887392
-5.93695934238e-05
-0.000824894709899
-0.000940244910628
0.00077580800508
0.000164436905551
-0.000207327807529
-0.000568604013269
0.000227893615577
0.000620985865227
-0.000296243165796
-0.000644001744836
-0.000236685742679
-0.000664223544444
0.00090090928712
0.000527520527658
0.00049746545963
-0.000482439187937
0.0004699283553
-0.000479542335114
9.78872105801e-05
-0.000268237937266
0.000537347893709
0.000441379604265
-0.000753465674041
-0.000478753319831
-0.000181684602069
0.000660437921942
2.37962269911e-05
0.000638830952928
0.000545049091408
-0.000672671660301
-6.06624713865e-05
0.000424566425107
0.00011376404166
-0.000538330466745
-0.000303471677303
7.57211426803e-05
-0.000554474462492
0.000377728826546
0.000331486847512
-0.000709215674063
-0.000428578541914
-0.000315147989825
0.000743726531723
-0.000730863187212
0.000302284645296
-0.000646031219725
0.000111098152483
0.000534933067246
-0.000376416491978
3.82274919378e-05
0.00033818900007
-0.00029794903525
3.77476223492e-05
0.000260201412924
-0.000222519741909
3.63454313485e-05
0.000186174310584
-3.97341182673e-05
-0.000577469000322
-0.000691736263176
8.69954252986e-05
0.000604740837875
-0.000148743160569
3.40105905035e-05
0.0001147325701
0.000624127161534
0.000241709420588
-0.000865836582043
-0.000629393878599
-6.23423845676e-05
0.000232391930092
-0.00018908785747
-4.33040726252e-05
-0.000353134360667
-0.00054131461383
0.000430859012279
0.00011045560155
0.000734374995768
-0.000668485361086
-6.58896348853e-05
-0.000865003839984
0.000492715022857
0.000372288817129
-7.49152883696e-05
3.05893118993e-05
4.43259764855e-05
0.000718964997203
-0.000548977061537
-0.000169987935692
0.000134535283358
-0.000259490345146
0.000124955061787
1.20434257758e-05
-0.00032489882564
0.000312855399888
0.000162108774337
-0.000199207276585
3.70985022458e-05
6.15740663849e-07
2.58360748769e-05
-2.64518155274e-05
-0.000185331281104
0.000205722577555
-2.03912964415e-05
7.84503140995e-05
-0.00032381890234
0.000245368588266
0.000292838404162
-0.000214388090078
3.44654422444e-05
-0.000825278322108
0.00079081287985
0.00076836207492
-0.000861982424365
9.36203494537e-05
-0.00032857716675
0.000889688364869
-0.000561111198104
-0.000319728506582
0.00014336589983
0.00017636260676
-1.40121080119e-05
-0.000362404383963
-4.76586672008e-05
-0.000791192319419
0.000838850986526
-0.000559035794425
-0.000397097720507
-0.000467906119475
0.00087384458992
-0.000364113802766
-0.000509730787141
-1.39533645818e-05
-0.00028399567066
0.000545267423175
-0.000787762565617
0.000822228007853
-0.000708070120086
0.000300835252621
0.000407234867484
-1.30066984258e-05
-0.000209513043474
5.69838382979e-05
0.000295877034379
-0.000352860872698
-0.000698523126424
0.000496238795033
0.000202284331395
-0.000746100833374
-0.000323471736701
0.000380455574983
0.000193611760112
-0.000106110453894
-8.75013062218e-05
0.000734854991791
-0.00044346097173
-0.00029139402006
0.000469944817728
0.000264910174068
0.000168130087061
-6.02131272899e-06
0.000374791757624
-0.000239752520788
-0.000135039236847
0.00072045437292
-0.000634717993942
-8.57363791073e-05
0.000658692940873
6.17614319772e-05
-9.37955326605e-05
0.000176332997905
-8.25374652356e-05
-0.000732265263442
0.000110150724667
0.000622114538764
-0.000325779281573
-0.000382290838503
0.000155368989697
7.64509629305e-06
-0.00016301408599
-0.000315795095081
0.000403556071958
-8.77609768793e-05
-1.11489301632e-05
-0.000137594230391
-0.000131872183494
-0.000600393079961
9.96570017471e-05
0.000720307673328
-0.000760041791601
-0.000520622300935
0.000384651862496
0.000135970438443
1.22701705163e-05
-0.000800032736137
0.000383543762179
-0.000131747356379
-0.000251796405785
-0.000411364334952
8.30912374151e-05
0.00032827309756
-0.000112439061828
-0.000117973029902
0.000230412091738
-8.61337274174e-05
-0.000455180886406
-3.45544933897e-05
0.000189923483095
-0.000765858625831
0.000778128796349
0.000247292116082
-0.000186152241698
-6.1139874364e-05
0.000107351832484
0.000276191929708
0.00030559320648
-0.000131569505522
-0.000174023700939
-0.000304012502461
-0.000112239818806
0.000588010422734
-0.000475770603928
-8.34073305952e-06
-6.65745553026e-05
0.000126336950257
-0.000106813863848
-1.95230864131e-05
0.000230951347816
-0.000132498564046
-9.84527837518e-05
0.00010767469765
0.000123276650184
0.000107021522211
0.000198571684279
5.84443040852e-05
0.000135167456035
0.000127098329834
-0.00085072414845
0.000723625818613
-0.000206058538137
7.35599741106e-05
-0.000157546856748
-4.85116813771e-05
0.000587092813702
-0.000848142284635
9.52097014001e-05
0.000752932583261
-0.000228578308695
0.000412103272595
0.00023343481765
-0.000645538090247
-0.000718723765678
-0.000129418518944
0.000193254844711
-0.00022307120073
2.98163560289e-05
-0.000206234594486
0.000862298051768
-0.00067913144761
-0.000183166604141
-0.000106724508475
0.000241259791836
0.000134506326421
-0.000133131491026
-1.37483537617e-06
0.000386604939938
0.000513124298362
-0.000899729238276
-0.000156819846367
-0.00010267049878
0.000452660898305
-0.000555195119152
0.000102534220856
0.000143574286102
0.000856165177475
-0.000776240611098
-0.000841851625783
0.000800063140251
-0.000826497414348
0.000761535243386
6.49621707233e-05
0.000947802219596
-0.000868351404414
-7.94508151458e-05
0.000195079512168
9.77588919962e-05
-0.000264010001163
-5.98089011694e-05
-0.000871557108431
0.000235271359936
0.000636285748497
-0.000597374906792
-0.000274182201628
-0.000368149752
0.000670434397273
0.000304660720479
0.000579832874058
-0.000884493594531
7.55720837197e-05
0.000596217838381
-0.000184114565792
0.00030854617805
-0.000377896517327
6.93503392846e-05
0.000257987178502
-0.00046512123854
0.000207134060003
0.000873915678376
-0.000638644318424
-0.000234378113573
-3.16152510137e-05
0.000265993364588
0.00029231345809
0.000143688641636
-0.000261661671531
0.000194784230784
0.000403684777179
-9.51385991207e-05
0.000252506071243
-0.000620655823265
-0.000325519069181
-5.2377448143e-05
-0.000124648994412
-0.000351214820232
2.56957510561e-05
0.000133203698047
-0.000227486587938
4.21553068284e-05
4.95401292197e-06
-0.000239332126488
0.000210676590472
-0.000759460470655
0.000437514286678
0.000321946183972
-0.000401416715085
7.79449783644e-05
0.000287054541466
0.000133982046556
0.000113164344184
0.000290520433002
-0.000310378063565
0.000205352102019
0.000105025961562
0.000295625252177
-0.000283581826398
-0.000607219748854
0.000106291787864
0.00050092796099
-5.98635336464e-05
-0.00013934374293
0.000921196904167
-0.000616536183704
0.000243522544402
-0.00085230469909
0.000608782154769
0.000801565433133
-0.000823296675364
3.2104355847e-05
-0.000818020518447
0.000293314408351
0.000312508149628
-0.000605822557958
0.000290823943649
0.000211014961417
-0.000501838905087
0.000107315702632
0.000267476054978
0.000263561874608
0.000282574354143
-0.000546136228735
0.00096166075897
-0.000726840412776
0.000737338202471
0.000210464017174
-4.40576778398e-06
5.02150844724e-06
0.000484327718484
-0.000848441521243
0.000851634054302
-0.000756424352883
0.000748326940427
-0.000511733497496
-0.000236593442955
0.000199349878885
0.000526843374791
-0.000236019431163
0.000334312597925
0.000446727374501
-0.000781039972411
-0.000288855105162
0.000552638758914
-0.000263783653778
0.000818640316415
0.000747562627128
0.000127875002823
-0.00078888693812
0.000661011935385
-0.000180405554416
-0.000129972509135
-0.000829588118148
0.000852570722507
-0.000119240919917
-0.000710347198443
8.59955043454e-05
0.000713107567508
-0.000799103071844
0.000743124055294
0.000109446667225
-0.000492939229066
0.000879544169024
0.00105317765773
0.000768461773348
0.000284715884383
8.01782851687e-05
0.000167113830915
-0.000345563718997
0.000638878127358
0.000867649705943
3.93414776222e-05
-0.000146155341469
-0.000787488831693
-5.43627940682e-05
0.000224823191809
-0.000356570548173
-0.000220706735085
-0.000237878959394
0.000448023374179
-0.000210144414794
0.000242208627156
-0.00052899439623
-0.000338272455137
0.000562493581496
0.00029441243751
-0.000583267542695
0.000637165168265
-0.00046264602614
-0.000174519142152
-0.000671343000564
0.000819643793033
-0.000326928770172
1.79573781966e-05
-0.000817990114341
-0.000779964524524
0.00026823102702
-0.000921147659212
0.000726997276833
0.000845989209006
-0.000685081172167
5.22785421739e-05
0.000156162497863
-0.000208441040018
0.000440254135794
-0.000357162898358
-1.14948476705e-05
0.000204749692385
2.36441626954e-05
-0.000181191019427
-0.000418417489673
0.000660626116828
-0.000164626896642
0.000811719397964
-0.000750608227785
-6.11111702853e-05
0.000826996025094
-0.000838239753392
1.12437282834e-05
0.000148394436222
-0.000279963941729
0.000704449517758
-0.000576574514859
-0.000366738904521
0.000234726173659
0.000132012730877
-0.000273324605746
-0.0003706690803
-0.000149953220642
0.000390251295586
-0.000395684174713
5.43287912942e-06
-0.000180128303514
0.000232406845701
-0.000473909893689
0.00023603093429
-9.63334419149e-06
-0.000341581476041
-4.60952901362e-05
0.000833519536803
-0.000787424246677
0.000348887100319
-0.000310659608385
0.000602014353991
-0.000435628707402
-0.000511920132016
0.000345312043588
0.000158150489123
0.000158336927251
-0.000398089448042
-2.6689782723e-05
0.000182852280604
-0.000159821273744
-2.97180736806e-06
0.000779981750959
-0.000777009943582
0.000315845155973
-0.000644488818137
0.000328643662143
0.000673710444951
-0.000212834962373
-0.000645196593867
0.00025606913388
0.000331844714025
5.35807657461e-05
0.000773415259363
-0.000473722581566
-0.000133497167287
0.000723974795594
-1.97009395383e-05
-0.000704273856025
0.00028559715261
-0.000413479814008
0.000127882661375
0.000272329817198
-0.000234582194842
7.8332944612e-05
-0.000258461248111
-0.000684868314917
-0.000104018623043
-0.000253574560332
-0.000207484749088
1.83968916177e-05
-8.74078925701e-05
-0.000694154974459
0.000275737484785
0.000610257593473
0.000804481609468
-0.0008505768996
0.000198174728012
-0.000161829296648
0.000265568069271
0.000182455304902
0.000711333216094
-0.000657752450342
0.000140977748496
0.000496187419751
-5.70625852764e-05
-0.000284047351924
0.000341109937192
-0.000709877182596
-5.66135251554e-05
0.000766490707771
-0.000392529473544
0.000207472311612
0.000185057161945
2.53248220469e-05
0.000835968233252
-0.000407079375747
3.79352541255e-05
-0.000459758293591
0.000421823039475
0.000946514100065
-0.000598497659184
-0.000348016440869
0.000625046273221
0.000321467826844
0.000603748003812
-0.000492649851332
0.000283685046636
0.00030270411863
-0.00035976670392
1.40976130058e-05
-0.000317086553996
-0.000207920460006
0.000525007013986
0.000503773493863
-0.000772874988534
0.000269101494676
0.000293759034775
-0.000371232947104
7.74739123184e-05
-0.000476006583025
-0.000303957941509
-0.000289168975749
-0.000778430156202
0.000758729216688
0.000423904996515
0.000801509802101
0.000235552204909
0.000356880086324
-6.31210515491e-05
-0.000674051273139
0.000335778817999
0.00048179366229
-0.000495790682369
0.000698724059865
-0.000886857878436
0.000831186849143
-0.000678310641868
0.000889604488646
-0.000211293846779
0.000124835787673
-9.08251971646e-05
0.000553623752025
-0.000818029629708
0.000264405877631
-0.000153437966707
0.000795898284832
-0.000642460318119
0.000116469464256
-0.000182495705182
-0.000210033768351
-0.000831872575993
0.00067843460929
0.000816255719174
-0.000734395866972
0.000778064944248
0.00037762184514
0.000321102214729
0.000830458398
-0.000787726281007
7.33960151862e-06
-0.000332238427157
0.000913967930737
-0.000288921657507
0.000597514698296
0.000172436803175
-0.000769951501383
-0.000352298903526
-0.000505281965247
0.000857580868774
0.000951849996149
-0.000473759213262
-0.0004780907829
0.000247437214262
-0.000910616802636
0.000578876178735
-0.000735156937295
0.000156280758603
0.000710312829687
-0.000131436650938
0.000263059721009
0.000530710544137
-0.000659972359712
-0.000151564627305
-0.000528605390176
0.00068017001749
-0.000257852435023
0.000543827962007
-0.000182651206602
-0.000570748101676
0.000753399308283
-0.000786179630004
0.00029038894761
0.00100594675837
-0.000524153096084
-0.00083516543698
0.000780802642925
0.000200792615175
-8.2232853712e-05
0.00075469931491
-0.000465649791504
-0.000289049523409
0.000157116435974
-0.00033752199038
-8.20433059894e-05
0.000384747424623
0.000613247078233
0.000651795195338
0.000262172735399
0.000261914409738
-0.000385437932675
0.000123523522931
-0.000694572597169
0.000524584661462
-0.000127199870332
0.000579860768654
0.000321705993112
0.000432993321795
0.00030945885029
0.000510184942754
0.000323257964847
3.36221214746e-05
0.000380617951397
0.000737208311509
0.000126851083071
-0.000563236682903
-0.00010011330502
0.000663349987931
-0.00072231272898
-0.000401892445007
0.000319849139015
0.000667654767367
-0.00013694422323
-0.000499090655299
0.000291170195288
7.05936007308e-06
0.000897840843404
-0.000384716545034
9.10683488113e-05
0.000429172879687
-0.000138652446678
-0.000109318537367
0.000239439465139
-0.000538670107222
0.000334716515563
-0.000810723098601
0.000663454390632
-0.000167215595598
0.000322532305391
-2.71934243181e-05
-0.000295338881079
-0.000192219724551
-0.000501935249907
-0.000226322979409
-0.000271582299355
0.000454566616237
-0.000182984316871
-3.71874714132e-05
-0.000927266325902
0.000713062008755
0.000214204317182
-0.00047731055127
0.000250987571853
-1.83235111914e-05
-0.000289045169663
-0.00035544364848
-0.000791009392108
0.000157590580337
0.000468681185135
0.000135066818676
0.00032628181172
-0.000416045891896
8.97640801659e-05
-0.000420897731932
0.000238402026758
0.000477794657279
-4.00084430954e-05
-0.000437786214198
5.06378720594e-05
-2.0048560157e-05
-0.000362062053241
-0.000189996956621
0.000356444412996
-0.000125826718739
-0.000116250328724
0.000242077047472
-0.000162328551365
-0.000764937774508
0.000576070024242
-0.000725830555106
0.000625717250084
-0.000729965656526
0.000744063269542
-0.000434443623374
0.000244446666744
0.000734334150414
-0.000532049819014
0.000450160507178
-0.000129803984057
-0.000320356523133
-0.000871213727868
0.000191027027853
0.000680186700014
-0.000404398585733
0.000726104578839
-0.000571917333247
0.000782381350439
0.000415893671431
-0.00101439133062
0.000579359956007
-0.000833329942852
0.000629147935343
-0.00016046675021
-0.00059028137143
0.000868315171885
0.000431009218876
0.000383350117872
-0.000814359336746
0.00017686039176
0.000557473758654
0.000227783871799
0.000171656810452
-0.000399440682259
-0.000779378913468
0.000705171751684
7.42071617802e-05
-0.000668574444291
0.000344461828717
0.000324112615579
0.00060181277189
-0.000852479386372
0.000250666614377
0.000114656495683
0.000589793022103
0.000761648876467
-0.000675653372117
-0.000331378036581
0.000408851948898
-0.000219418532527
-0.000712668546239
0.000903695574091
0.000789727041093
-0.000513989556312
0.000364588747592
9.05524299487e-05
-0.000421930466537
-0.000559320322297
0.000868779172594
0.00031378203584
-0.00068856696519
0.00037478492933
-0.000886893757773
-0.000587324294535
0.00020521453993
0.000382109754526
3.58617987502e-05
0.000744119952211
-0.000299622887316
-0.00036895155698
-0.000121875678346
0.000448157490034
-0.000251427564139
-0.000527951349334
-0.000395790698182
0.000906533510811
-0.000694869103566
0.00094142429514
-0.000291115498065
-0.000650308797077
8.97034996454e-05
0.000437581256198
-0.000527284755872
0.000406105590541
-0.00030534379213
0.000511249115831
0.000311663951928
-0.000822913067762
1.24844444346e-05
-0.000597328218785
0.000584843774354
-0.00033078392858
0.000392316754001
-7.30717944618e-05
-0.000342974097436
-0.000490178186336
-0.000204394410852
-0.000318832423854
-0.000286990134092
0.000431693565169
-0.000686298868441
0.000254605303273
0.000393413284466
-0.000682458454123
0.000316812063522
5.72024185592e-06
-0.000263909029835
-0.000156988702087
0.00097070557656
-0.000649237749718
-0.000324937660993
-0.000567963106666
0.000892900767694
-0.000704021473055
-1.00193252637e-05
0.000760196362365
-0.000750177037098
0.000393169068803
-0.000102730552816
-0.000290438515974
-0.000294101012459
-0.000607307230178
0.000349454795143
0.000336729645317
-0.000236179193287
0.000617389432237
-0.000381210238959
0.000805312016143
-0.000294062900319
0.000679966645116
0.000261457650019
-0.000157654060878
0.000358882885321
-0.000480758563695
0.000221628768357
-0.000184530266103
-0.000402712832265
0.000607218452242
-0.000204505619964
-0.000229094267653
0.000909060912768
-0.000941762813892
0.000352289825144
0.000243928013234
-0.000443029239993
0.000108031262417
0.00033499797757
-0.000119797275048
-0.000712075300938
-0.000655437771572
0.000419258578283
0.000553884452
0.000112283470715
0.000649365405764
0.000129260038974
0.000136448629364
-0.00071702430859
0.000580575679224
0.000578771876354
-0.000429585415049
-0.000149186461295
-0.000915219032413
0.000434447829401
-0.000262791018952
0.000480037904545
0.000355725084933
-0.000835762989486
0.000176059044093
0.000211446535365
-0.000478654433658
0.000267207898303
-0.000136007890185
0.000216186175361
-0.000831473683465
0.00070205516454
-0.00065066368477
0.000122058294598
0.000211248671074
-0.00069729851268
0.000486049841608
0.000814754420104
-0.000488468014969
0.000506716797089
-1.82487821191e-05
-0.00090733676317
-0.00076393005409
-0.000603484280379
0.000780344672142
0.000444189100498
0.000184958834837
-0.000551514305486
0.000723951108694
0.00055622600763
-0.000623269713551
6.70437059247e-05
2.78777983024e-05
0.000379549453156
-0.00040742725146
-0.000174508933657
0.000559457443089
-0.000546972998654
-0.000392052322237
-0.000195271972343
0.000760831160042
-0.000424429767142
-0.000336401392916
-0.000262894932275
-0.000101125705635
7.95048841862e-05
2.1620821479e-05
-0.000156293441322
0.000515176326624
0.000729475383424
-0.000849272658468
0.000671381696612
0.000266095934391
0.00064043757644
-0.000161764888102
-0.000669708795355
0.000517734925161
-0.000101499086716
-0.000416235838452
-8.57357491467e-05
-0.000469459370005
0.000469428598486
-0.000499407992385
2.99793939056e-05
0.000550993528733
-0.000345778988778
-0.000822902812902
0.000715760452682
-0.000601103956971
4.67898956558e-05
0.000510914946403
-1.90394164811e-05
0.000456873218529
-0.000272327907885
-0.000865307692708
0.000668248687594
0.000318844450862
-0.00042157500367
0.000406282066548
-0.000565925830955
0.000159643764383
-0.000246653045357
-0.000297946383462
0.000544599428814
-0.000383519289429
0.000622958754561
-9.54010048697e-05
-0.000546331314685
0.000641732319549
0.000342161039712
0.000111032605751
-0.000453193645464
-0.00022109845135
0.000934160460145
0.000782332457962
-0.000228448005968
0.000440244552169
7.74903729868e-05
-9.44376771377e-05
0.000316141026911
-0.000401122790979
0.000429000589264
-0.00044712570425
0.000374053909746
-0.000790696106397
0.000753508634983
-0.000688768296385
0.000305249006951
-0.00018638028208
-0.000414616517136
0.000261486628213
0.000153129888941
-0.000230740045022
0.000575641616018
-0.000344901570983
0.000637184043707
-0.000798948931791
0.000409729942675
-0.000477142551416
6.74126087102e-05
-0.000579857515087
-0.00024304529781
-0.000691643617873
-1.62843102347e-05
0.000707927928078
-0.000726771629295
-0.000316371365124
0.000709784649583
-0.00018638356628
-0.000139690818144
0.000697164576799
-0.000534110521507
-6.14362766035e-05
0.00059554679811
7.33184457347e-05
-0.000474441236708
-0.000723556861644
0.00026319987584
0.000460356985811
0.00059124090138
-5.91634402185e-05
0.000382220695673
-0.000206900119041
-0.000175320576616
-0.000363397498253
-3.84949467679e-05
0.000483416065442
2.33007316524e-05
-4.90284979867e-05
0.000532444563429
0.000214945611547
-8.8206475731e-05
8.4384845594e-05
-0.000238512843264
0.00018172200609
0.000600610451868
-0.000523763572488
0.000630055360353
0.000717602617986
-0.000484302133459
-0.000233300484529
-0.000864636770906
0.000671043069063
0.000193593701687
0.000376478407226
0.00013708194301
0.000311075547032
0.000286524859168
6.23622411705e-05
-1.57981214429e-05
-0.000267783704955
-5.67997291469e-05
-0.000251003752778
-0.00061430393991
0.000461301396634
0.000256301221354
-0.000667040436996
0.000256809192169
0.000420222917221
8.77767204126e-06
-0.00067946669466
0.000195164561205
-0.000163902779541
-0.000214652453286
-0.000511815623361
0.000726468076658
-0.000679590078494
0.000603800712773
-0.000908661201049
0.000304860488275
0.000789440263059
-0.000477776311135
0.000103129441484
0.000235866409136
-0.000338995850607
0.000372622343981
0.00013518673459
-0.000507809078591
-0.000535047946044
-0.000605404822318
0.000510003817441
-0.000345211580936
0.000689673409653
0.000532266108354
-0.000559185921223
0.000810471719884
-0.000372233559778
0.000462785989719
-5.65863182226e-05
-0.000390539386042
-0.000390450790909
-0.000697618243655
0.000375405621186
-0.000346651682226
-0.000130658869069
0.000341998366936
-0.000845597683411
0.000503599316475
-0.000277534574132
0.000137090139333
0.000593162054128
-0.000730252193435
-0.000170973938735
-0.000508492755924
0.000261945783746
0.000398624719667
-0.000495332492433
9.67077727742e-05
0.00030258860358
-0.000549241648939
-0.000252009948917
-0.00033464209221
0.000586652041102
-0.00045686950404
-0.000229429364402
0.000251500355025
0.000203066261222
0.000295876727343
-0.00053740561393
0.00024152888659
0.000261488913722
-0.000381727970453
-6.13012695414e-05
-0.000356771093034
-0.000386324995624
0.00074309608867
0.000373322672204
-8.67978130319e-05
-0.00032132175896
-0.000583139019486
4.97459711063e-05
0.000629236807214
0.00015110786493
-0.000229824132988
-0.000634812637785
0.000346544369916
-0.000170181763189
-0.000773838374493
0.000774991688728
-1.6151954903e-05
-0.00034361474903
-0.000622884497679
0.000561448221083
0.000775095116824
0.000162373434302
-0.000247656859526
8.52834252337e-05
-0.00030670752221
0.000630820137795
0.000466130988158
-0.000287454780197
-0.000178676207965
-0.000304729989563
0.000181104761841
0.000123625227738
0.000690302045835
-0.000685706303944
-4.59574188557e-06
-0.000237507020041
0.000188360018449
0.000158184351496
-0.00046718798283
0.000700906634182
-0.000536624019176
-0.000123811559493
0.000312171577946
0.000247625717282
-0.000599732516408
0.000352106799125
-0.000366901583567
0.000747794581462
-0.000380892997902
1.78951449585e-05
0.000672406900856
0.000655282230046
0.000253778682721
0.000397585677203
-0.00083756565615
0.000439979978937
-0.000620768162905
0.000238777808464
0.000381990354381
0.000421208339037
-0.000159431339739
0.000449848562127
0.000509811048977
0.000495716420942
-0.000422397975211
0.000903384051699
-0.000525445552515
-0.000377938499179
-0.00062088756299
0.000368877614054
-0.000559581247686
-0.000213293740859
0.000774274183048
0.000360118376098
-0.000551590074283
0.000191471698184
-0.00041659193396
-0.000204176229012
-0.000298406943607
0.000568212326486
-0.000272335599141
-0.000216351436523
-0.000296932052909
0.000513283489455
6.29851934291e-05
1.01826917059e-05
-0.000433219242755
0.000423036551058
0.000122321626284
-0.000551907041329
0.000480472884892
-0.000169397337846
0.000130707129787
0.000347461902532
-0.000478169032311
-0.000110830312496
0.000273203746797
0.000408090105163
0.000325939306938
0.000217888655059
-0.000673748472915
-0.000163185819213
0.000752978841383
0.000163242981976
-0.000729965604538
-6.0730501854e-05
-0.000380716725839
0.000210534962653
5.3915592909e-05
-0.000770389741902
0.00013604088579
0.000282713029066
0.000597334613099
-0.000880047642111
-0.000186091555087
-0.000292562878566
-1.41440192693e-05
-0.00022925616955
0.000243400188819
-0.000216589650993
0.000852875399497
0.000111396166386
0.000261926505822
-0.000200257485033
-0.000156313063123
0.000473732646494
-0.000337691760714
0.000321266735188
-0.000507358290272
-9.13767756756e-05
-0.000109228122461
0.000200604898121
0.000845192972924
-0.000470408043601
2.01027569507e-06
7.74946084994e-05
0.000632281311637
-0.000384655594356
0.000582053133288
-0.000221934757192
0.000271381308339
0.000296831018149
-0.000252493539442
0.00020918946681
0.000236008568124
-0.000795589815799
-0.00017439679971
8.30200240514e-05
-0.000594918818295
0.000891254903184
0.000577301218399
-0.000851483420019
0.000174703095322
-0.000207976845845
-6.97810646873e-05
0.00027775791054
0.000181963210644
0.0001112140125
-0.000658933589358
0.000547719576876
-0.000183540831983
0.000445027460191
-0.000665122406369
0.000171385704537
0.000493736701747
0.000460863133115
-0.000450680441405
0.00082427075593
-0.000246969537521
0.000311737259866
-0.000208607818369
-0.00021613887874
-0.000206186202472
-9.85437870855e-05
0.000526257270298
-0.000823618101623
0.000297360831342
0.000427880401428
0.000322563654093
0.00030161867976
0.000280434453527
-5.96642296004e-05
0.000182429310608
0.000129307949271
0.000149232002209
-0.000356132121238
0.000138510498412
0.000418710092594
0.000478430881215
-0.000897140973798
0.000477347774296
0.000136033737208
-0.000424754738628
0.00028872100142
-0.000812198458238
5.26481477582e-05
-0.000440376262304
0.000449153934343
-0.000227586836896
-0.000483912860316
0.000146221099594
-0.00047672736783
0.000130075685599
-0.000526727377888
0.000110491539429
0.00023604142163
8.6522232464e-05
0.000249851605966
0.000230459983593
-0.000480311589545
0.000104194732096
-0.000328351208065
0.000915967554916
-0.000740939000296
-0.000512263926674
-0.000123060586469
0.000635324513142
-0.000544160004806
0.000276052234303
0.000268107770516
0.00039298098765
0.000354813593811
0.000320815395452
-0.000539471169174
0.000218655773726
-0.00015669298094
0.000781848457739
-0.000625155476802
0.000347437588008
-0.000749552545517
0.000433181180399
0.000574378877774
-7.34509167822e-05
0.000614507044842
-0.000312888365085
-0.000769628643615
9.4269969472e-05
-0.000806345270409
0.000112571977709
0.000584592599091
-6.14825489381e-05
0.000400519945901
-6.23309458172e-05
0.000136235199283
0.000211202388733
-0.000557341190135
-0.000300431935416
0.000648226473088
-0.000347794537719
-0.000613648280473
1.63200616857e-05
-3.84259391952e-05
-0.000490419311062
0.000678525974296
-0.000205304852395
-0.000473221121904
0.000330336764061
1.66126118283e-06
-0.000521832993357
0.00067343250346
-0.000151599510112
0.000487112614196
0.000228647838515
0.000510414574739
-0.00018959917928
0.000164041010463
0.000302089977695
0.000210847268262
-0.000236147315865
0.000421204477818
7.66328951964e-05
-0.000513936426579
0.000501315968919
1.26204576626e-05
-0.000155092679765
-2.60541856737e-05
5.18902605475e-05
-0.000242640151023
-1.5957042696e-05
-0.000279602570425
7.34163679692e-05
0.000449551580653
2.61963322272e-05
-4.79875332034e-05
-0.000231615037219
-0.000119656434457
-0.000485748387863
0.000862072985086
0.000177592599158
0.000726102974931
0.000397960243034
-0.000172404352394
-0.000464943545586
0.000637347897974
-0.00013530077741
0.000784666183163
-0.000254311330787
0.000411370600478
-7.16109287429e-05
-0.00033975967172
0.000186055916829
-0.000697871540169
-0.000653975911178
0.000117351891948
-0.000110143293691
-0.000573058708193
0.000453402273738
0.000392974033215
-0.000625525336352
0.000232551303147
9.81909566166e-05
0.000313179643875
-0.000486294560205
7.83536098941e-05
0.00040794095032
0.000352235831309
-0.000106867243048
-6.60524302745e-05
0.000576056247714
-0.00080810623758
0.000455807334049
0.000191267826847
-0.00075830516061
0.000567037333781
0.000704376066634
-0.000443391385841
0.000348252786728
-0.000523108641441
-0.000135824947911
0.000520946345953
4.85017410042e-05
-0.000430614234783
-0.000142444473408
-0.000384401817181
-0.000924040660563
0.000356077553914
-0.000357017753785
0.000682957060714
0.000165853109992
0.000344561464751
0.000186539188232
-0.000297369500726
-0.000548345763571
-0.000780549379479
0.000423778286451
0.000343844589767
0.000365940059805
0.000457645436852
0.000392157518618
-0.000849802955455
0.000754804326082
-8.95848722621e-05
-0.00066521945382
0.000876355529449
0.000317745297328
0.000371928112325
-0.000894447332169
0.000210614255479
-0.000667483759508
-0.000657944726155
0.000607681104944
-9.0933506273e-06
0.000115916265901
0.00058042525542
-0.000106704653951
-0.000324912395459
0.000851169665762
0.000135381974947
0.000137821771852
0.000322774387512
0.000440564837314
-4.42154619831e-05
-0.00039634937532
0.000365126448117
0.000323904221365
0.000262747819759
0.000541273559354
-0.00037542044936
0.000254185091185
0.000329573384902
-0.000583758476071
0.000859050083824
-0.000623041515695
0.000540504465078
-0.000787474002591
0.000368953908575
0.000794394458692
0.000603525497406
0.000647579336489
0.000103533932828
0.000130803448399
-0.0002343373812
0.000468151085029
-0.000508159528133
-0.000750251968632
0.000689521466783
0.000672488251902
-0.000159896387739
-0.000273327166615
0.000147500447883
-0.000294637737016
0.000257692646537
-0.000305680179729
-0.000512995257133
0.000406290603152
-0.000608201164413
0.000301493642211
0.000508736784895
-6.58807406736e-05
0.000735782520261
-2.33762642151e-05
-0.000240799981384
0.000264176245616
0.000127101188775
-0.000481399389977
0.00036814287114
0.000113256518848
0.000183584322212
-0.000167110466558
-1.6473855635e-05
3.27647115869e-05
-0.000571944573757
-4.17037067207e-05
0.000816631826392
1.68877104036e-05
0.000284215506966
0.000229067982506
-0.00063120863948
0.000611863906304
-0.000440478201812
-0.000217800695528
0.000132487697617
0.000232101049984
-0.000426928591904
0.000905359473124
-0.000863032918379
0.000711060603346
0.000423615091062
0.000452740438396
-0.000223793923645
0.000114565801178
-0.000259110980972
0.000860923752965
0.000515357161514
-0.000774468142496
-0.000268207843041
0.000675442710537
0.00044385979587
-0.000784096732759
-0.000550060502874
0.000998972719669
-0.000438177312285
-0.000289195559707
-0.000313722132869
-0.000136837925221
-0.000242163349253
0.000785876264759
-0.0005437129155
0.000411805926002
8.39534073985e-05
-0.000495759333378
0.000477087579203
-0.000543140009473
-0.000188769208768
0.000156011749876
3.27574589126e-05
-0.000612753273767
-0.000182836542031
0.000706788199699
-0.000411612904556
-0.000295175295135
0.000497870734142
-0.000715671429661
-0.000603018587179
-0.000460236721124
0.000398935451579
0.000223704550771
0.000194344668497
-0.000418049219252
-0.000269898410777
-0.000287682403653
-0.000606961892557
0.000894644296219
-0.000623342815043
0.00104094532999
-3.68488473733e-05
7.62552415909e-05
-0.000366693757555
0.000398829085949
0.000431373028673
-0.000450412445155
0.000436805907806
-0.000452589158648
0.00039194598119
6.06431774672e-05
0.000577723116885
0.000204125340858
-0.000704421948127
0.000843507259162
0.000468551265526
-0.000681845006386
0.000372027197187
0.000242479847651
-0.000278012553331
0.000175342054549
-0.000706822199034
0.000535848260303
-0.000161405915649
0.000372608304386
-0.000808464946194
0.000195711672429
0.00052069151978
-0.000160464449809
0.000449185451219
0.000254405414831
-0.000489950366727
0.000235544951909
-0.000330431946158
-0.000450117433316
4.09617438197e-05
0.000518495699271
0.000485219419009
1.60965499131e-05
0.000526181162829
0.000128038497443
-0.000106417675949
-0.000470832241101
-0.000289974913616
0.000214678540482
-0.000238054804686
0.000688923585409
5.44096998545e-06
-0.0004432271842
-0.000534352540994
-0.000670248397983
0.000686323501088
-0.000188452766941
0.000210030662409
0.000262218167364
0.000122529257254
6.80360585343e-05
0.000152031133111
-8.44462875053e-05
0.000585539405198
0.000116892118912
2.36185030962e-05
-0.000140510622023
0.000583323905975
-0.00082548725522
-0.000209493653929
-2.76950705774e-05
0.000237188724527
-0.000517166526522
-0.000379974447269
0.000320463204081
0.00025479149774
-0.000181375129755
0.000571367680172
0.000424244502096
-3.22985208998e-05
-0.000450935987399
0.000314098062183
-0.000332846250208
-0.000490771851408
0.000281686182002
0.000349133955795
7.296792006e-05
0.000284958646465
-0.000357926566508
0.00025913426139
-0.000383149603082
0.000124015341712
6.97877457917e-05
-0.000866152087219
0.00024311057153
-1.84614922225e-05
0.000754244012485
5.30349378381e-05
-0.000293834919214
-0.000470453917482
0.000426238455503
5.18488655597e-06
-0.000708334018766
0.000235112896862
-0.000889648071189
0.000673004427887
-0.000437270238777
-0.000235734189097
4.67241634139e-05
-0.000386483835125
0.000476455459801
0.000261391523337
0.000263504774462
6.71471165819e-07
0.000156338713991
-0.000354446638191
-0.000159932864207
0.000383637414989
-0.000869038391821
-6.88230865274e-05
0.000330660566604
0.000163214859654
-2.27659310941e-05
-0.000290198700862
-0.00016073728653
0.000408968615356
-0.000149834353954
-0.000229886811125
0.000198617943255
0.000246409516947
1.96799583885e-05
-0.000416029333701
0.000453487616704
0.0004629671135
-0.000286996117907
-0.00017597099558
0.000786483382501
3.01484438979e-05
0.000444196274468
0.000454357367569
-0.000446142199167
-8.21516839493e-06
0.000213701246264
-0.000232116779519
-0.000894536992904
0.000287575100354
-0.000176986824723
0.000157230730598
-0.000409027136372
-0.000422347869068
0.00048299104654
0.000488233341079
-0.000818665287229
-0.000617500588929
0.000481675641025
0.000552244727679
7.78106326734e-05
0.000361569614377
-0.000878736140893
-0.000435481425861
0.000208417500144
0.000227063925728
0.000233648038743
-0.000457087125901
-9.48199154244e-05
0.000457060907618
-0.00064551367455
2.31669239964e-05
-0.000254781961201
0.000201464535914
-0.000106213335692
6.909403693e-05
0.000815935805074
-0.000201833387114
0.000569265202351
0.000327043670282
-0.000896308872626
0.00033615479743
0.000558489498796
7.36472092355e-05
0.000240938987132
0.000569532732735
-0.00044417786334
-0.0005937954271
3.55648647644e-05
0.000558230562304
-6.08028317517e-05
-0.000618254987373
0.000679057819136
0.000905419999784
0.00024994777612
-5.89573405809e-05
0.000470763266606
0.000462822914979
0.000506512217901
-0.00074529272845
-0.000434527232023
-0.000465202006241
-0.000692548680293
8.97377357355e-05
-0.000512085604798
-8.51819882617e-05
0.000632901565142
0.000287076662563
-0.000305400173752
0.000490719489777
-0.000444813146966
0.000528766554367
-0.000311202403089
-0.000501985481846
0.000711671874638
-0.000209686392783
-0.000670440414788
-0.000151231513474
0.000413449680833
0.000178184535648
0.000528892329759
4.54865480153e-05
-6.35917651847e-05
0.000381296795213
-3.4334577403e-05
0.000415631372627
0.000612777784378
-0.000627549872153
-4.61986007786e-05
-0.000154927315277
5.16052745164e-05
-0.000279436767166
0.000436667497776
0.000109496248351
-0.000554309395307
-7.76375916119e-05
3.42361723864e-05
-0.000307762943709
0.000273526771332
-0.000160439681308
-0.000206719887122
-0.000463591323084
0.000641775858741
0.000223044279334
5.85689643103e-05
-0.000281613243634
0.000340911237232
-0.000271560897938
-0.000161413342152
0.000299235113996
-4.51120971998e-05
-0.000192942707478
-0.000386698681652
0.000352364104262
0.000591171889377
-0.000956736765789
0.000726912632746
-0.000366803876732
0.000420410922006
-0.000580850603303
-0.000860677365189
0.000780837634533
7.98397306635e-05
0.000183516228391
-0.000446307247348
-0.000551692470606
-0.000414911080873
0.000468968733269
5.97978211065e-05
-0.000300417080263
0.000334653252657
0.000261133726391
0.000637869930569
0.000505989901117
-0.000475937685541
-0.000269355042902
-0.000275049683004
-0.000512424319577
5.84255840917e-05
-0.000358842664344
-0.000195342123492
-0.000407676463689
-0.000411769710806
0.000455192252335
-4.34225415934e-05
-2.46025595161e-05
0.000102097168015
0.000197768649424
-0.000357701513621
1.37979080178e-05
0.000504363368443
-0.000518161276456
-0.000228816640332
0.000788922546795
0.000812673868598
-0.00040458376343
-3.49393971375e-05
0.000503908130418
0.000741319210065
-0.00016074353085
0.000570762572852
4.15912383033e-05
-0.00038456533575
0.000865258362791
0.000133337440069
6.72674580629e-05
-0.000620252723161
3.71137036799e-05
-0.000748581859065
0.000515281374542
0.00056578772222
0.000324961850477
5.53401586438e-05
-3.50135132344e-05
0.000258057792584
-0.000249193979394
0.000106041144608
0.000218906000669
-0.000324947145263
-0.000278627779509
-0.000133898473294
-0.000432284225011
-0.000213229449527
0.000284899824412
-0.000155591875128
0.000705060582872
-0.000124635327457
-0.000397353477038
0.000435823869474
-0.000395636615664
-0.000185213987629
2.65631873223e-06
-0.000257438279924
0.00043683047186
-0.000123650827974
-0.000351207172919
0.000370670284324
0.00056960141273
-0.000430554019016
-0.000236486417997
-0.00028369218434
-2.19879953797e-05
-0.000651426421369
-0.000759824419706
0.000315478534232
-0.000491449529804
-5.51380924687e-05
0.000211149842359
-0.000608733772265
-5.96739266838e-05
0.000232701501239
-0.000173027574529
-0.000543016501268
0.000120618526063
-3.67402757334e-05
-0.000148063006507
0.000184803282262
-0.00051814367689
0.000289327036566
-0.000245066390164
0.000351107534782
-8.9728646242e-05
-0.0001869889889
0.000276717635128
3.56916831863e-05
0.000530096039041
0.000710726284977
-0.000713338641951
0.000864297220822
-0.00015095857887
0.000664130889363
-0.00016024027248
0.000123499996765
0.000183386147818
-0.000207736933184
-0.000481427842676
0.00051652122186
0.000688577150121
-0.000854484843769
0.000141146201822
-2.67079923896e-05
0.000112095964433
-8.53879720166e-05
0.000197687988011
-1.10827867801e-05
-0.000184551251181
0.000236156525687
0.000193856806036
-0.000243158485526
-0.000472512944124
-0.000205058625934
2.61253392905e-05
0.000711106030952
-0.000733871962044
0.000608866065191
-0.000238195780856
-0.000547566713634
0.000202665142658
2.74633371946e-05
0.000106518709362
7.44487170956e-05
-4.82523848734e-05
-0.000395701082842
0.000236554327384
-0.000444840283155
0.000151056082598
-0.000607788208673
0.000433269066503
-0.000281035865602
0.000408664996902
-0.000381868575361
-2.67964215645e-05
0.000414105966877
-0.000333190398464
0.000766447315415
-0.000672177345942
-0.000704824305659
0.000615239433396
0.000465661681355
-0.00026274060901
-0.000224906028543
0.000254722384578
-0.000691993720323
0.000885850526367
0.000497038712253
0.000870621585248
-0.000371507669539
-0.000439265675755
0.000161361045367
-0.000130281496463
0.000163038955393
-0.000479797880139
0.000123986997298
0.000738433203019
-0.000702571404267
-2.73482197664e-05
-0.000230090060148
0.000138571024829
0.000270512629991
-0.000879246402245
0.00031688332448
-3.28334412894e-06
0.000289057679487
-0.000164102617695
-8.61210792614e-05
0.000456391427696
-4.6661485038e-05
-0.000537831604675
-0.000116144306526
-0.000110721129057
8.68562744069e-05
2.38648546649e-05
0.000129828057763
-1.78956032089e-06
0.000572098733391
-0.000606344482864
-9.15270572781e-05
-0.000423309366774
0.000260467191292
-7.29588737404e-05
4.69046880516e-05
0.000178627864928
-0.000195402493994
0.000272035389196
-0.000212222563752
-8.44602829926e-05
0.000653614294328
2.91249316176e-05
-0.000310160797211
0.000160219129875
0.000302144065368
-0.000853836535966
0.000226111115282
0.00100520588357
-0.000679677003391
-0.000325528880209
0.000112246125089
7.3866182207e-05
6.17451781113e-05
-0.000135611360307
0.000234424105003
0.000109395403237
4.87550858997e-05
6.34967596838e-05
-9.0204752052e-05
0.000741808784924
0.000456686999017
-0.000781599394475
-0.000619337618776
0.000128918307659
0.000613392364361
-0.00024451475032
-3.93939816181e-05
0.000113260163835
-0.000365037775944
0.000300242473963
-0.000628593682031
-8.97893742156e-05
-1.70055165867e-05
0.000477868649706
6.62558570791e-05
-9.89224322646e-05
7.93993458515e-05
0.0003088095771
5.63692189744e-05
-0.000365178796061
-0.000135523253559
-0.000571298945474
-0.000104962026706
-0.00012937535448
-0.000187219287877
0.000348580333244
-5.20946612729e-05
-0.000107726612456
0.00040915290591
-9.95754251273e-05
-0.000377567126302
0.000337934508722
-0.00060331331135
0.000290424946266
-9.84950943612e-05
-0.000644822297239
8.53462668888e-06
1.3164243489e-05
-4.46384066488e-05
0.000177975846734
0.000607790416578
-0.000205867166509
-0.000401921042179
-4.49483766347e-05
0.000499920523102
-0.000346651546058
-0.000153268977056
0.000579552598104
-0.000344000393214
0.000522224040843
-0.000512029702458
0.000589520075446
0.000420234722238
-0.000656398864239
0.000664933490931
0.000428530060399
-0.000350585082051
0.000394358287366
-0.000337989068385
0.00034725907665
-3.00774467991e-05
-0.000317181629837
0.000320220162672
-0.000267185224824
8.73366769071e-05
0.000608396055648
-0.000284491834308
-0.000795172886813
0.000370743119664
-3.61038653842e-05
-0.000397115377362
0.000288804590915
-1.72792834869e-06
-7.49289185413e-05
4.3061250466e-05
-1.62965841675e-05
-2.67646662787e-05
-0.000346265084733
-7.53099189283e-05
0.00036205976647
0.000392954888914
0.000166156218909
-4.92641000117e-05
0.000455064394463
0.000394242974781
-0.000849307369323
-0.000103444337093
-0.000374724695214
-5.35949864876e-05
-0.000256565810714
0.000266096633875
0.00042243535589
-0.000108337293699
0.000360998754926
-0.000353659153419
0.000403622549499
0.000157584550294
-0.000182955377347
1.26281562538e-06
4.17984348571e-05
0.000314500341975
4.7441102618e-06
-0.000271529282603
0.000410100307441
-0.000501985726831
-0.000325787221478
8.53848177206e-05
0.000240402403735
0.000141377271375
-0.000157851126996
0.000105225498246
3.65626711292e-05
0.000642495148009
-0.000252994456229
0.000237037413543
-1.09048990269e-05
0.000541000938072
0.000172666991869
0.000307964120226
0.000306215996844
0.000493003231397
-0.000407046062815
0.000831294564945
-9.1786918103e-05
1.48984335015e-06
-0.000691141637345
0.000351518287964
-0.000573453045157
5.38447831444e-05
-0.000610079737349
-2.35665808345e-05
-0.000251647019746
-0.000445997814015
0.000543146806988
-9.71489929742e-05
-5.20177442173e-05
-0.000640078802553
0.000206865018033
-0.000719128944705
0.000298248571371
0.000349977901672
0.000337127011551
-0.000318174862942
-4.85188946027e-05
0.000341402669118
5.85640754146e-06
-2.67966131735e-06
-0.000684768186057
0.000687447847377
-0.000178355467927
-0.000373685431596
0.000552040899496
-0.000347310527736
7.22537461487e-05
-0.000212733598758
-0.000300396631927
0.000306097642407
-0.000130755587857
-0.000985465233563
0.000336626214658
0.000648839018922
0.00023580970389
0.000182050632064
-0.000155794989973
0.000181920329261
0.000260553901833
-7.8503269757e-05
-9.36551854925e-05
0.000321391864648
-0.000227736679154
0.000731301910113
0.000199960324467
-0.000306173660144
-7.0627513928e-05
0.000124472297069
1.13375813029e-05
0.00059645283528
-0.000290142715873
0.000290814187048
-6.47595753092e-05
8.86244299891e-05
-0.00025179502339
0.000276215733992
-0.000938079957541
0.000614478662947
0.000185364204068
-8.17744878786e-05
-0.000103589716165
0.00018538901651
-0.000267871626017
-0.000137482633279
-0.000181590546266
0.000458239434215
-0.000276648887955
0.000213541096389
-0.000360805250168
0.000685027179188
-0.000159620965549
0.000546963326701
0.000560474540821
-0.000380506278297
-0.000184955580617
-5.39745200979e-05
0.000528719325182
-0.000474744805087
0.000475477499441
8.30415593547e-05
0.000122353396791
0.000218836983237
-0.000279976857587
0.00046490717599
-0.00079775342619
-0.000245097941008
0.000594231896808
0.000149438676418
0.000228211514288
-0.000297034600829
-3.63613927838e-05
-0.000245960740935
0.000368489998182
0.000499972334112
-0.000564025925049
6.405359093e-05
-0.000592973159941
0.000207140441572
-0.000212240176983
0.000726084137912
7.84745166197e-05
0.000531405993627
-0.000609880510276
-0.00035497830935
0.000645403255614
-0.000592363231443
0.000237384922091
-0.000127178495835
0.000161399304615
0.000379338355011
-0.000540737659622
0.000857062474222
-0.000602660229785
0.000187749148925
-0.000304023748825
-0.000393594494835
0.000853232787118
0.000470416738184
-0.000135418760616
7.86549126847e-05
4.29394440435e-05
5.56252662299e-05
-0.000414254259035
0.000358628992814
-0.000165844432147
0.000423474485065
-0.000257630052929
0.000832874829201
8.39223099624e-05
-5.2497061489e-05
-3.77076905385e-05
-0.000342010853381
-0.000412053740542
-0.000391771765875
-0.000403401120942
4.7129360654e-05
0.000224604847945
-0.000153164979165
0.000542690237778
0.000479429019141
1.35742122652e-05
0.000141995024711
0.00085294605063
-0.000421936831747
0.000653832729315
-0.000258270813099
6.7500428784e-05
-0.000119518173008
-0.000159871085228
-0.000423714622359
0.000583585707593
4.92304483762e-05
0.000597731275694
-2.32278061758e-05
0.000314041993234
1.10957749259e-05
-0.000616547044444
0.00089276277844
0.000662403231764
0.000454692294345
-0.000577752880819
0.000565183833772
0.00073797769939
0.000288826191915
6.87936456566e-05
1.00889885795e-05
-7.88826342115e-05
0.000331973055349
0.000483711397133
-8.4775945555e-05
-0.000566101594681
0.000601666459417
-6.22253181972e-05
-0.000180367717635
-0.000177333795976
0.000487357851857
0.000349223838867
-0.000565362717606
0.000255859488441
0.00039775480589
-0.000506141554711
0.000402697217622
0.000467216577172
-0.000591851904637
-0.000435517811476
-0.000402047844677
0.000300556664197
-0.000252054923203
9.99358466376e-05
0.000561401458858
0.000266257200251
-0.000638501505279
-0.00057558174498
0.000511288348135
6.42933968382e-05
-0.000131093066447
-0.000420497007837
-0.000570046351239
3.94475653554e-06
0.000324503471726
0.00066227152396
-0.000362029049992
0.000348292636518
-4.67490401478e-05
-0.000403285573986
0.000450034614143
-0.000330087082138
0.000494128092602
0.000151605337719
8.26507346358e-05
0.000558717446004
-0.000373947347846
-0.00018477009815
0.000593789502109
-0.000639988102908
-0.000369176594705
0.000375033002256
0.000554935643787
-1.66887061558e-05
-0.000558893038816
0.000419332264917
-0.000108222317345
-0.00041286759726
0.000521089914603
-0.000700452429798
-0.000213666216905
0.000502492408819
0.000778789421555
-0.000788808746817
-0.000133980848341
0.000537465508843
-0.000318445606071
-0.000219019902772
0.000583023057105
-0.000255130247933
-0.00028711108812
0.000488871492702
-0.000433531334046
-0.000316692218479
-0.000497643542815
0.000557503538644
-1.48133008648e-05
0.000625564158993
-0.000588450455304
-0.000557757282672
0.000398136317114
0.000431119609559
-0.000417415224085
9.51491962536e-05
-0.000821232770285
0.000685931992862
-0.000394783979331
0.00014205516042
-0.00058253336227
6.38348547346e-05
3.65435430484e-05
0.000324227964897
-0.000596563564036
0.000398846360779
0.0007739768919
-0.000340795711507
0.000298169495806
0.000208342722102
0.000736515830762
-0.000370575770959
0.000405280460089
-6.0660847816e-05
-0.00034461961226
4.79394809187e-05
0.000223917380614
0.000234322053598
0.000220284548964
-0.000638407460184
-0.000445643550036
0.000626507551738
-0.000466685516351
0.000556389015975
1.97509770758e-05
7.80333940426e-05
-0.000115741084557
-0.000465144624963
0.000672009642997
0.000192605122677
-0.000323360710541
-0.000160109130017
0.000352714252689
-0.000222389866735
-0.000214939341064
0.000373123692554
-7.5021945152e-05
-0.000618039354854
0.000194324732498
0.000500648815152
-0.000789844374861
-0.000350879796477
-3.76125891813e-05
0.000517041608326
-0.000497103770583
-0.000336226172248
0.000810019700963
-0.000752288306964
-5.77313939991e-05
-0.000357769950754
0.000856327622536
-0.000495278708248
-0.000361048914285
0.000461099999767
-0.000472182786544
-0.000697290569783
-9.58996699164e-05
-0.000400114437846
-0.000300337991961
8.69408837601e-07
7.85299370154e-05
-0.000579236614539
7.72508876966e-05
0.000470836487679
-0.000583052670239
-3.79781889862e-05
0.000621030859234
-0.00070730626267
0.000571783009114
5.27596693913e-05
-1.62902352474e-05
-0.000758764084054
0.000441953010646
0.000316811073419
-0.000511612600366
-0.000561513586298
-0.00070968320605
0.000834828364824
0.000675191753359
5.13013842303e-05
-1.3400165041e-05
0.000554401103114
0.000191059814096
0.000625752476603
-0.000115941427603
8.05612008413e-05
-0.000827289577358
0.000311338799402
-0.000563133822792
-0.000304365717132
0.000284617595219
-0.000208380868166
-5.94492392276e-05
0.000865166527841
-8.63771062879e-05
0.000532846193832
-0.000146708687832
-0.000572420256876
0.000277615929603
0.000299105785606
0.000432796432602
-0.000760295926666
0.00032749949408
-0.000656626916865
0.000274742690459
0.00072976459767
-0.000692763408817
0.000598325731682
9.44098265663e-05
3.00624704957e-05
-0.000167952438853
-0.000434707790923
-1.23499908484e-05
-0.00042536987642
-0.000152383004403
-0.000667372067582
0.000259048895435
0.00024344351338
0.000623922652317
-0.000769432927803
-0.000572078564254
0.00045427977786
-0.000104645309623
-0.000163319963848
-0.000532889282703
-0.000586336586497
-0.000535321685927
0.00037542529819
0.000614109633253
4.8293598511e-05
-1.35393382658e-05
-0.000171927289771
-9.59443362374e-05
-0.000508965705302
-0.000476499528255
0.0002073784267
-0.000228811234516
0.000272581837163
0.000274381489526
4.52940128015e-05
0.000512209525843
0.000460106639461
0.000516788513936
0.000580545957378
-0.000453615054618
-0.000247339725168
-0.000515401759814
-0.000281024432036
0.00021498295803
0.000903267551661
-0.000854634889449
-0.000183795467781
-0.000873024944671
0.000886545024175
-0.000581952308226
0.000567139007361
-2.12109541463e-05
-0.000929290307294
0.000950501261437
-9.0540705504e-05
0.000293920167685
0.000116180139765
-0.000499732528205
0.000328900530029
-0.000124122098965
0.000850225073897
-0.000532651864659
0.000457629919509
0.000377842477653
-0.000291147018172
0.000806428392719
0.000232093193453
0.000243384305974
-0.000132624468304
0.000262100351293
0.000362269158378
-0.000829457141203
-0.000364956993586
-5.49305928794e-05
0.000493370949031
-0.000649380281514
-0.000810195552175
0.000469399840659
0.000692491546155
0.00019506019181
-9.45563210344e-05
0.000132654995322
-0.000851612060837
0.00025669324257
0.000665562409948
0.000348076095686
0.000357889736698
-0.000853168444953
0.000360006821575
-0.000506474682979
-0.000778579225303
0.000389271441148
0.000389307784165
0.000372150259933
-0.000337055216522
-0.000540113601988
-0.000312365784398
0.000192974317101
-0.000545401972725
-0.000437597870814
0.000258921662849
-0.000297462687417
-0.000491273772523
0.000332737834921
0.00015853593762
-0.000309546737024
0.000194213564841
5.3154131317e-05
-0.000419674640176
-0.000247588893263
1.57789674671e-05
0.000518119306056
0.000707172465981
-0.00100083022422
0.000510475171176
0.000612078252958
-0.0003078876247
-0.000120332597127
0.000468585383858
0.000713734147065
9.79367669319e-05
0.000298039503745
0.000394452042418
-0.000339914965605
-0.000189937419416
0.00048510996627
-0.000471945722796
0.000252938780715
0.000132979963655
-0.000385918744377
0.000859932995442
-0.000188889926602
-0.000766101486917
0.000528594466879
3.67972726887e-05
0.000210231681362
0.00050080411227
0.000105993274217
-0.000324612972963
-2.30495618731e-05
0.000149855791867
0.00032098069582
-0.000186432272736
0.000120342420238
6.60898525105e-05
-0.000211165843134
0.000292368028354
-0.000531320789834
0.000504993864897
-0.000802566466387
0.000629888600719
-0.000261249907985
0.000497931887557
-0.000859440962597
0.000414290076426
-0.000113693090537
0.000806375179407
-0.000182452527095
0.000140452080922
0.000232671611632
-0.000371024485517
-0.000792370632516
0.00073463923852
0.000336994382065
-0.000632275116968
-7.50311457e-05
-0.000264269889247
-0.000847945758934
0.000409768446653
-0.00025938324646
0.000631410443644
-0.00115703265245
0.000831658246
0.00072248513239
-0.00065661061839
0.000704904216902
-4.13000235172e-05
-0.000476861252937
0.000465392830251
-0.000393665981071
0.000186290518944
-0.000437160835585
9.25412233329e-05
-0.000736366858653
0.000273363239874
-0.000838473796879
0.000298360194897
-0.000706777421928
-0.000450255230531
-0.000494220161665
0.000404931359081
0.000147109540395
-0.0005384513217
0.000150539812277
-0.000914469866553
0.000700194808803
0.000331367171701
-0.000693396221689
-0.000172978226806
-0.00044948647529
0.000390142574052
8.51981665354e-05
0.000391259052781
-0.000405271160786
-0.000792924300957
-0.000543317996776
-0.000430655142581
0.000373722945984
-0.000573412168953
0.000199689222962
-0.000198355618272
-0.000419688694546
0.000595209336273
-0.000336866343728
8.48114205277e-05
-0.000212700431534
0.000429194306912
-0.000337894507177
-0.000518786148127
0.000424357024953
-0.000524580654355
0.000100223629409
-0.000640938177163
-0.000534506565175
-0.000883220464422
0.000769956680536
-0.000380648896365
0.000186526978672
-6.76234399632e-05
0.000491980464922
-0.000425313018891
0.00031884514016
0.000106467878719
-0.000294827070502
0.000538270583877
-0.000223995133953
-0.000646870958109
0.000402955452187
0.00024391550594
0.000399373743774
3.58689386828e-05
0.000724327423684
0.000146531934752
-0.000580378606898
-0.00040499968695
0.000249772358309
0.000863883356963
-0.000622173936367
-9.91659302178e-05
0.000372197593989
0.000125734293576
-0.000323639810645
0.000559538530082
-0.000371789381152
-0.000422844846328
3.30481420896e-05
0.000464738817326
0.000341804607878
-0.000722453504238
0.000450088540308
0.000104048823644
-0.000351591613809
0.00084046917485
0.000803625337338
-0.000481679153357
-0.000108229931893
-0.00038752940147
-0.000442559644808
0.000146132711241
0.000310689445468
-0.000494804011261
-0.000373436856062
-0.00041557614809
0.000537077692758
7.4628932359e-05
-0.000611706625116
-0.000310454790956
-0.000208331357163
0.000758755739062
-0.000405642430817
-0.000446613444664
-8.6496426094e-05
-0.000360853376447
-4.65738750199e-05
-0.000761056341
0.000367461846157
-0.000128576230288
-0.000123223041192
-0.000501458423095
-0.000429480643473
0.00068578186483
-0.000106982277526
0.000644059970287
0.000337323626309
0.000887138837989
-0.00041068337818
-0.000493439107825
-0.000550312169717
-0.000515738209225
-3.75087067496e-05
0.000650525435568
-0.000455360874364
-0.000212974941108
6.37426940118e-05
-6.56232420374e-05
0.000384468382197
-0.00065595733094
-0.00047362550019
0.000104292985288
-0.000586838458202
0.000482545472916
0.00015705499302
-0.000842136165177
-0.00053529555179
0.000163506170643
0.000538810872333
-0.000140674555223
0.000561922904798
-0.000578783578746
-2.44543279359e-05
-0.000361824047609
0.000221044792096
-0.000498552606271
-0.000150827675222
1.18250554629e-05
0.000280139434014
1.04688993281e-05
1.40942336261e-05
0.000730594530596
0.000108125202777
-0.000838719733389
-0.000324730965625
0.000754217119162
-0.000433114904426
1.0040279701e-05
-0.000567037763954
0.000196368683657
0.000329932937182
0.000360962123116
-0.000276150702582
-0.000252418915698
-0.00035965933726
0.00044689749059
1.73441069264e-05
-0.000375817896926
0.000857692860421
-0.000366863361095
-8.63302843587e-05
1.03602118468e-05
-0.00061811268728
0.000162751812917
-0.000145152977732
-0.000623157622093
0.000521427874765
-0.000362891937132
-0.000137262878661
-0.000548105924755
-0.000446184081321
-0.000337874243387
-0.000132065027777
0.000599324135854
0.000380780263103
-1.55377985778e-05
-0.000402112829997
-0.000678281223
-0.000304145097747
-0.000450642750671
0.000344174871952
-0.000592050249411
0.000160434302276
-0.000757172158075
-0.000135567214363
-6.19950648088e-05
0.000689366418324
7.95786677416e-05
-0.00071185378471
-0.000429298436493
6.18607219203e-05
-0.000598702555259
0.000675984846027
1.33815722962e-05
0.000826218752228
-0.000231009415955
-2.17431578252e-05
-4.4567617756e-05
3.10165115705e-05
-4.78661226344e-05
0.000643270173015
0.000370510432919
0.000192278073051
7.39378761886e-05
5.81271515888e-05
0.000825165667207
-0.000534776719591
0.000658205582384
0.000343486513857
0.000320410579023
-0.000461085134259
-0.000483683761396
-0.000151896589399
0.000837828582251
0.000564968844242
0.000320725776035
-0.000867515986796
0.000546790210766
-0.000755919900243
0.000862851264032
-0.000705796271022
-0.000665043966869
-6.55081653603e-05
0.000197807297164
-0.00073799575668
0.000851402392058
-0.000586996514419
-3.78009478749e-05
-0.000740327848474
-5.87752233657e-05
-0.00053244266892
-0.000655376055156
0.000853183352322
-0.000763452784487
-7.52669488999e-05
-0.000277020561698
0.000841989405943
-0.000396693040382
0.000588971113467
0.000586862795265
0.000261512542014
0.000316625672472
-0.000280653191524
0.000502366968965
-0.000863415883238
0.000845853482826
0.000452187501761
0.000822697934684
-0.000783789503245
-0.000403009240138
0.000448610906336
0.000295115625377
0.000710099820056
0.000637904403949
-0.000213337978833
0.000214327741691
-0.000789051302462
0.000574723560797
0.000136666362019
-0.000829589646723
0.000580157332745
0.000312605445707
8.14930264956e-05
0.000509515280074
-0.000591008306566
-4.25138498298e-05
0.000698675336587
-0.00065616148675
7.65495551877e-05
0.000505573280853
-0.000582122836048
-0.000479377801476
0.000693705543167
-0.000527905037465
9.4373703424e-05
0.000407286511396
0.000460957556131
-0.000773323340577
-0.000512021094493
0.00084901547659
0.000195022514973
-0.000254178256424
5.9155741375e-05
0.000218457299039
4.44530085e-05
-0.000161493716832
2.09402347834e-05
-0.000335437037489
0.00031449680268
-9.26528678972e-05
0.000315292444105
-0.000222639576213
0.000194059834763
0.000684781327613
-0.000302790973244
-0.000525382814262
0.00068194174765
0.000183316615139
0.000143670331842
0.000721496196003
-0.000867997755525
0.000792966609828
0.000759072159753
-0.000889204203243
0.000936234886652
-0.000690332313008
0.000396100659511
0.000764670898051
-0.000192887888931
-0.000551937299292
0.000269671121818
-0.00077160637173
-0.00069482200054
0.000118247485724
0.000642941247593
-0.000388828981561
0.000677878504972
0.000499119386317
0.00091774177341
-0.000488837637056
-0.000976150794606
-0.000881632494509
0.000540622270096
-0.000798800828538
0.0010705385288
-0.000800005904625
0.000735551094425
-0.000195939538036
0.000331889403471
-0.000292711803925
0.000156710279455
-0.00047722171119
-0.000653161422514
-0.000453382594145
0.000423403200239
-0.000539675418732
0.000680075052593
-0.000441715223908
-0.00053080835366
0.000331119130698
-0.000526999819987
-0.000258289684245
-0.000637873575632
-0.000662727525028
0.000458551295966
-0.000668613951286
0.000650202477023
-9.19719147418e-05
0.000642965261398
-0.000728701640587
-0.000304258277931
0.000652052815652
-0.000323152285657
8.93245034311e-05
0.000380603851874
-0.000532816644812
0.000494582351677
-3.7394829486e-05
-0.000792623945276
0.000694687178344
0.000138187650855
0.000259283267503
-0.000608738062645
-0.000445128997155
0.000710237091326
-0.000521347164721
-0.000183935963541
-3.02889952086e-05
-0.00016779269124
0.00036605155663
0.000379364516418
-0.000749208769812
0.000768349302974
6.76924505321e-06
-0.000313510586354
0.000380879673195
0.000730378851122
0.000440266577244
-0.00043297034688
0.000702641468695
0.000463342887636
0.000437566399491
0.000850402286988
0.000573199755157
0.000525402926796
0.000935720430367
-0.000514754582987
0.000812236412051
0.000298542676699
-0.000467699983688
0.000261197028135
-0.000277792018316
0.000775457364096
-0.000447957870008
-0.000473023536871
0.000363892654945
-0.000235095668375
0.000728697727844
0.000667468228488
-0.000618386231752
0.000383273334886
0.000403802401677
0.000350453399869
-0.000186627471097
-0.000257944512687
7.42193082411e-05
-0.000101911796164
3.82377254454e-05
0.00034945873753
-0.000282631552585
1.02224620054e-05
0.000119582891945
-4.31982701488e-05
4.87619916251e-05
0.000502750083487
0.000564514158302
0.000662786816093
-0.000553340148837
0.000302251160936
-0.000441206979375
0.000138955818427
-0.000593047180003
0.000432802025731
0.000160245154261
0.000556513849397
-0.000503359718085
0.00064971478514
-0.000407234937491
0.000885933101552
-0.000460423964741
0.000827759749977
-0.000928330084224
-0.00038251310811
0.000760909733733
-0.000702012558284
-0.000274138236207
0.000513158009972
-0.000580364694313
-0.000468116501162
-0.000421300779082
0.000846248335115
-6.32497341182e-05
-0.000532616058656
2.69136300323e-05
-0.000578659447138
-0.000322246466487
0.000559631388578
5.5337157411e-05
0.000138079451354
0.000504885809968
0.000293865016992
-0.000596655990284
-0.000794826290972
-4.72986375415e-05
0.000578346028609
0.000636133433281
0.000715057181259
-3.4523500709e-05
-0.000680533680536
4.01441097844e-05
0.000554672167648
-0.000338563728175
-0.000216108439463
0.000273647735614
-0.000522359195956
-0.000133891527093
-0.000388467668852
0.000586136598467
-0.000312488862851
0.00063450962893
-0.000594365519138
0.000357825904978
0.000163333826378
0.000544594101689
-0.000208110569868
0.000640861682777
-0.000457545067643
-0.000111955412907
-0.00056614129292
-2.69058870817e-05
-0.000101893570273
-0.00026389013198
3.49359614956e-05
0.000565953665326
0.000319979436232
-0.000475239171287
-0.00043483662364
0.000493964694059
-0.00044786139234
0.000669110911228
0.000123855698602
-0.000451020247065
0.000614354073438
0.00053059500831
-0.000738705578179
0.000476223022297
0.000729761235984
-0.000846793840099
-0.000130744688951
-0.000169157306953
-0.000109130881928
-0.000138104694363
-0.00030968262822
0.000689809363925
0.000750171845197
0.000452622186963
0.000278740988892
-0.000316198831774
-0.000243955794435
-0.000112731725219
-0.000297199312057
0.000213380647941
-0.000292961920469
2.24877467225e-06
0.000245747673171
0.000255193742908
-0.000136935257941
-0.000359025435348
-0.000231124483891
0.000219478119433
0.00017256069972
0.000108832862958
0.000640937734341
-0.000350755293716
-9.58949357709e-05
0.000131964795066
-0.000408383798644
-0.00046240072408
-0.000407135328538
-0.00015739622677
0.000373504666254
-0.000243428980642
0.000377320507742
0.000110329221037
-0.00057020445951
0.000188651912382
0.000417477917391
-0.000500726258556
-0.000606515292883
0.000600048382845
-0.00030084348708
0.000178588365639
-0.000972039592928
-0.000785898681722
-0.000694478065987
-0.000267054860032
0.000983445117292
0.000887271921263
-0.00127193302955
0.00106576591048
0.000932516380825
0.00064751833803
0.000650484904571
0.000258038425038
-0.00075489699708
-0.000763566333331
0.000974815915875
-0.00085227304388
)
;

boundaryField
{
    bottomWall
    {
        type            calculated;
        value           uniform 0;
    }
    leftWall
    {
        type            calculated;
        value           uniform 0;
    }
    rightWall
    {
        type            calculated;
        value           uniform 0;
    }
    movingTop
    {
        type            calculated;
        value           uniform 0;
    }
    front
    {
        type            empty;
    }
    back
    {
        type            empty;
    }
}


// ************************************************************************* //
