/*--------------------------------*- C++ -*----------------------------------*\
  =========                 |
  \\      /  F ield         | OpenFOAM: The Open Source CFD Toolbox
   \\    /    O peration     | M anipulation
\*---------------------------------------------------------------------------*/
FoamFile
{
    format      ascii;
    class       volScalarField;
    location    "0";
    object      phi;
}

dimensions      [0 0 0 0 0 0 0];

internalField   nonuniform List<scalar>
800
(
    5.1144237321333167e-21
    1.2135636680502769e-19
    2.4375077864725533e-18
    2.0633057955413460e-18
    2.9694923889651426e-17
    5.0487428193268484e-16
    5.2063941062040201e-15
    3.1578376522230634e-15
    2.3333439563047205e-14
    2.8425948654599509e-13
    1.5050090232393892e-12
    6.5407422533697560e-13
    2.4813403893592983e-12
    2.1659963585049173e-11
    5.8877885417538771e-11
    1.8334763337579377e-11
    3.5711242687046625e-11
    2.2336314361475624e-10
    3.1172837853421149e-10
    6.9556003029438586e-11
    6.9556003029160343e-11
    3.1172837853192563e-10
    2.2336314361148048e-10
    3.5711242686332335e-11
    1.8334763337151615e-11
    5.8877885415968691e-11
    2.1659963584327213e-11
    2.4813403892683221e-12
    6.5407422530863296e-13
    1.5050090231691528e-12
    2.8425948653083462e-13
    2.3333439563047205e-14
    3.1578376520230757e-15
    5.2063941062040201e-15
    5.0487428193268484e-16
    2.9694923889651426e-17
    2.0633057955413460e-18
    2.4375077864725533e-18
    1.2135636680502769e-19
    5.1144237321333167e-21
    2.0633057955413460e-18
    2.4375077864725533e-18
    4.8958652648689687e-17
    8.3239696765186502e-16
    1.1979787316941820e-14
    1.0140671031935296e-14
    1.0457322106310245e-13
    1.2739626340058373e-12
    9.4133813703909343e-12
    5.7095044131285538e-12
    3.0228914307819253e-11
    2.6387237556655769e-10
    1.0010441594639473e-09
    4.3505199836851097e-10
    1.1825939415841496e-09
    7.3967714518106354e-09
    1.4406943550472930e-08
    4.4863686686226626e-09
    6.2612318574300341e-09
    2.8060894380650265e-08
    2.8060894380556754e-08
    6.2612318573841215e-09
    4.4863686685568670e-09
    1.4406943550232827e-08
    7.3967714516380640e-09
    1.1825939415526138e-09
    4.3505199835400998e-10
    1.0010441594272451e-09
    2.6387237555512341e-10
    3.0228914306408516e-11
    5.7095044128240464e-12
    9.4133813703909343e-12
    1.2739626339251518e-12
    1.0457322106310245e-13
    1.0140671031935296e-14
    1.1979787316941820e-14
    8.3239696765186502e-16
    4.8958652648689687e-17
    2.4375077864725533e-18
    2.0633057955413460e-18
    2.9694923889651426e-17
    5.0487428193268484e-16
    1.0140671031935296e-14
    1.1979787316941820e-14
    1.7241209391236307e-13
    2.1004092926295735e-12
    2.1659963585193688e-11
    1.8334763337946102e-11
    1.3547659486153902e-10
    1.1825939415526138e-09
    6.2612318571712209e-09
    3.7976290891843376e-09
    1.4406943551313418e-08
    9.0111123541288757e-08
    2.4494742966104735e-07
    1.0645371411513677e-07
    2.0734352277668116e-07
    9.2924919978656283e-07
    1.2968717292208400e-06
    4.0385003750272161e-07
    4.0385003750137583e-07
    1.2968717292130581e-06
    9.2924919977541249e-07
    2.0734352277357073e-07
    1.0645371411265275e-07
    2.4494742965451541e-07
    9.0111123538284900e-08
    1.4406943550785151e-08
    3.7976290890197634e-09
    6.2612318568790408e-09
    1.1825939414895421e-09
    1.3547659486153902e-10
    1.8334763336784822e-11
    2.1659963585193688e-11
    2.1004092926295735e-12
    1.7241209391236307e-13
    1.1979787316941820e-14
    1.0140671031935296e-14
    5.0487428193268484e-16
    2.9694923889651426e-17
    3.1578376520230757e-15
    5.2063941062040201e-15
    1.0457322106310245e-13
    1.2739626339251518e-12
    1.8334763336784822e-11
    2.1659963585193688e-11
    2.2336314363024308e-10
    1.9497677860583978e-09
    1.4406943550737090e-08
    1.2195214427961360e-08
    6.4567441450898584e-08
    4.0385003749491434e-07
    1.5320729214855191e-06
    9.2924919984603185e-07
    2.5259612140179014e-06
    1.1320572764546820e-05
    2.2049464937523792e-05
    9.5826579607963089e-06
    1.3373676515401808e-05
    4.2946493445670431e-05
    4.2946493445555926e-05
    1.3373676515330467e-05
    9.5826579606813242e-06
    2.2049464937229801e-05
    1.1320572764282663e-05
    2.5259612139505423e-06
    9.2924919981505692e-07
    1.5320729214293445e-06
    4.0385003747741454e-07
    6.4567441447885555e-08
    1.2195214427310948e-08
    1.4406943551649594e-08
    1.9497677860583978e-09
    2.2336314363024308e-10
    2.1659963585193688e-11
    1.8334763337946102e-11
    1.2739626340058373e-12
    1.0457322106310245e-13
    5.2063941062040201e-15
    3.1578376522230634e-15
    2.3333439563047205e-14
    2.8425948653083462e-13
    5.7095044128240464e-12
    9.4133813703909343e-12
    1.3547659486153902e-10
    1.1825939414895421e-09
    1.2195214427310948e-08
    1.4406943551649594e-08
    1.0645371411478164e-07
    6.6583614699756858e-07
    3.5252628554514194e-06
    2.9840705827245314e-06
    1.1320572764961897e-05
    5.0735287229343562e-05
    1.3791280933533602e-04
    8.3648347232608670e-05
    1.6292473338101266e-04
    5.2319539703823655e-04
    7.3017799685343979e-04
    3.1733404933510909e-04
    3.1733404933436895e-04
    7.3017799685003170e-04
    5.2319539703335363e-04
    1.6292473337911208e-04
    8.3648347230656808e-05
    1.3791280933165835e-04
    5.0735287227652383e-05
    1.1320572764546800e-05
    2.9840705825952191e-06
    3.5252628554514194e-06
    6.6583614699756858e-07
    1.0645371411478164e-07
    1.4406943550737090e-08
    1.2195214427961360e-08
    1.1825939415526138e-09
    1.3547659486153902e-10
    9.4133813703909343e-12
    5.7095044131285538e-12
    2.8425948654599509e-13
    2.3333439563047205e-14
    6.5407422530863296e-13
    1.5050090231691528e-12
    3.0228914306408516e-11
    2.6387237555512341e-10
    3.7976290890197634e-09
    6.2612318568790408e-09
    6.4567441447885555e-08
    4.0385003747741454e-07
    2.9840705825952191e-06
    3.5252628554514194e-06
    1.8664469114101209e-05
    8.3648347227311163e-05
    3.1733404932802285e-04
    2.6861747344349846e-04
    7.3017799688264559e-04
    2.3447990925386910e-03
    4.5670450120173936e-03
    2.7700528241592984e-03
    3.8659201395389530e-03
    8.8953890369233828e-03
    8.8953890369055898e-03
    3.8659201395234879e-03
    2.7700528241408309e-03
    4.5670450119793364e-03
    2.3447990925386910e-03
    7.3017799686317419e-04
    2.6861747344349846e-04
    3.1733404931638757e-04
    8.3648347227311163e-05
    1.8664469114101209e-05
    3.5252628554514194e-06
    2.9840705827245314e-06
    4.0385003749491434e-07
    6.4567441450898584e-08
    6.2612318571712209e-09
    3.7976290891843376e-09
    2.6387237556655769e-10
    3.0228914307819253e-11
    1.5050090232393892e-12
    6.5407422533697560e-13
    2.4813403892683221e-12
    2.1659963584327213e-11
    4.3505199835400998e-10
    1.0010441594272451e-09
    1.4406943550785151e-08
    9.0111123538284900e-08
    9.2924919981505692e-07
    1.5320729214293445e-06
    1.1320572764546800e-05
    5.0735287227652383e-05
    2.6861747344349846e-04
    3.1733404931638757e-04
    1.2038599948134903e-03
    3.8659201393868949e-03
    1.0508660465379438e-02
    8.8953890370834891e-03
    1.7325852036125352e-02
    3.9866367823370566e-02
    5.5637998277274052e-02
    3.3746151800981582e-02
    3.3746151800936576e-02
    5.5637998277125685e-02
    3.9866367823104792e-02
    1.7325852035980978e-02
    8.8953890370834891e-03
    1.0508660465099207e-02
    3.8659201393868949e-03
    1.2038599948134903e-03
    3.1733404932802285e-04
    2.6861747344349846e-04
    5.0735287229343562e-05
    1.1320572764961897e-05
    1.5320729214855191e-06
    9.2924919984603185e-07
    9.0111123541288757e-08
    1.4406943551313418e-08
    1.0010441594639473e-09
    4.3505199836851097e-10
    2.1659963585049173e-11
    2.4813403893592983e-12
    1.8334763337151615e-11
    5.8877885415968691e-11
    1.1825939415526138e-09
    7.3967714516380640e-09
    1.0645371411265275e-07
    2.4494742965451541e-07
    2.5259612139505423e-06
    1.1320572764282663e-05
    8.3648347230656808e-05
    1.3791280933165835e-04
    7.3017799686317419e-04
    2.3447990925386910e-03
    8.8953890370834891e-03
    1.0508660465099207e-02
    2.8565500784296462e-02
    6.5728528615508000e-02
    1.2802169265392818e-01
    1.0836802322295548e-01
    1.5123975969197456e-01
    2.4935220877549527e-01
    2.4935220877524591e-01
    1.5123975969167208e-01
    1.0836802322252202e-01
    1.2802169265328808e-01
    6.5728528615508000e-02
    2.8565500784296462e-02
    1.0508660465379438e-02
    8.8953890370834891e-03
    2.3447990925386910e-03
    7.3017799688264559e-04
    1.3791280933533602e-04
    8.3648347232608670e-05
    1.1320572764546820e-05
    2.5259612140179014e-06
    2.4494742966104735e-07
    1.0645371411513677e-07
    7.3967714518106354e-09
    1.1825939415841496e-09
    5.8877885417538771e-11
    1.8334763337579377e-11
    3.5711242686332335e-11
    2.2336314361148048e-10
    4.4863686685568670e-09
    1.4406943550232827e-08
    2.0734352277357073e-07
    9.2924919977541249e-07
    9.5826579606813242e-06
    2.2049464937229801e-05
    1.6292473337911208e-04
    5.2319539703335363e-04
    2.7700528241408309e-03
    4.5670450119793364e-03
    1.7325852035980978e-02
    3.9866367823104792e-02
    1.0836802322252202e-01
    1.2802169265328808e-01
    2.4935220877674211e-01
    4.1111229050627385e-01
    5.7375342073654034e-01
    4.8567178524647114e-01
    4.8567178524695692e-01
    5.7375342073654023e-01
    4.1111229050627385e-01
    2.4935220877674211e-01
    1.2802169265392818e-01
    1.0836802322295548e-01
    3.9866367823370566e-02
    1.7325852036125352e-02
    4.5670450120173936e-03
    2.7700528241592984e-03
    5.2319539703823655e-04
    1.6292473338101266e-04
    2.2049464937523792e-05
    9.5826579607963089e-06
    9.2924919978656283e-07
    2.0734352277668116e-07
    1.4406943550472930e-08
    4.4863686686226626e-09
    2.2336314361475624e-10
    3.5711242687046625e-11
    6.9556003029160343e-11
    3.1172837853192563e-10
    6.2612318573841215e-09
    2.8060894380556754e-08
    4.0385003750137583e-07
    1.2968717292130581e-06
    1.3373676515330467e-05
    4.2946493445555926e-05
    3.1733404933436895e-04
    7.3017799685003170e-04
    3.8659201395234879e-03
    8.8953890369055898e-03
    3.3746151800936576e-02
    5.5637998277125685e-02
    1.5123975969167208e-01
    2.4935220877524591e-01
    4.8567178524695692e-01
    5.7375342073654023e-01
    8.0073740291663009e-01
    9.4595946890655525e-01
    9.4595946890655525e-01
    8.0073740291663009e-01
    5.7375342073654034e-01
    4.8567178524647114e-01
    2.4935220877549527e-01
    1.5123975969197456e-01
    5.5637998277274052e-02
    3.3746151800981582e-02
    8.8953890369233828e-03
    3.8659201395389530e-03
    7.3017799685343979e-04
    3.1733404933510909e-04
    4.2946493445670431e-05
    1.3373676515401808e-05
    1.2968717292208400e-06
    4.0385003750272161e-07
    2.8060894380650265e-08
    6.2612318574300341e-09
    3.1172837853421149e-10
    6.9556003029438586e-11
    6.9556003029438586e-11
    3.1172837853421149e-10
    6.2612318574300341e-09
    2.8060894380650265e-08
    4.0385003750272161e-07
    1.2968717292208400e-06
    1.3373676515401808e-05
    4.2946493445670431e-05
    3.1733404933510909e-04
    7.3017799685343979e-04
    3.8659201395389530e-03
    8.8953890369233828e-03
    3.3746151800981582e-02
    5.5637998277274052e-02
    1.5123975969197456e-01
    2.4935220877549527e-01
    4.8567178524647114e-01
    5.7375342073654034e-01
    8.0073740291663009e-01
    9.4595946890655525e-01
    9.4595946890655525e-01
    8.0073740291663009e-01
    5.7375342073654023e-01
    4.8567178524695692e-01
    2.4935220877524591e-01
    1.5123975969167208e-01
    5.5637998277125685e-02
    3.3746151800936576e-02
    8.8953890369055898e-03
    3.8659201395234879e-03
    7.3017799685003170e-04
    3.1733404933436895e-04
    4.2946493445555926e-05
    1.3373676515330467e-05
    1.2968717292130581e-06
    4.0385003750137583e-07
    2.8060894380556754e-08
    6.2612318573841215e-09
    3.1172837853192563e-10
    6.9556003029160343e-11
    3.5711242687046625e-11
    2.2336314361475624e-10
    4.4863686686226626e-09
    1.4406943550472930e-08
    2.0734352277668116e-07
    9.2924919978656283e-07
    9.5826579607963089e-06
    2.2049464937523792e-05
    1.6292473338101266e-04
    5.2319539703823655e-04
    2.7700528241592984e-03
    4.5670450120173936e-03
    1.7325852036125352e-02
    3.9866367823370566e-02
    1.0836802322295548e-01
    1.2802169265392818e-01
    2.4935220877674211e-01
    4.1111229050627385e-01
    5.7375342073654023e-01
    4.8567178524695692e-01
    4.8567178524647114e-01
    5.7375342073654034e-01
    4.1111229050627385e-01
    2.4935220877674211e-01
    1.2802169265328808e-01
    1.0836802322252202e-01
    3.9866367823104792e-02
    1.7325852035980978e-02
    4.5670450119793364e-03
    2.7700528241408309e-03
    5.2319539703335363e-04
    1.6292473337911208e-04
    2.2049464937229801e-05
    9.5826579606813242e-06
    9.2924919977541249e-07
    2.0734352277357073e-07
    1.4406943550232827e-08
    4.4863686685568670e-09
    2.2336314361148048e-10
    3.5711242686332335e-11
    1.8334763337579377e-11
    5.8877885417538771e-11
    1.1825939415841496e-09
    7.3967714518106354e-09
    1.0645371411513677e-07
    2.4494742966104735e-07
    2.5259612140179014e-06
    1.1320572764546820e-05
    8.3648347232608670e-05
    1.3791280933533602e-04
    7.3017799688264559e-04
    2.3447990925386910e-03
    8.8953890370834891e-03
    1.0508660465379438e-02
    2.8565500784296462e-02
    6.5728528615508000e-02
    1.2802169265328808e-01
    1.0836802322252202e-01
    1.5123975969167208e-01
    2.4935220877524591e-01
    2.4935220877549527e-01
    1.5123975969197456e-01
    1.0836802322295548e-01
    1.2802169265392818e-01
    6.5728528615508000e-02
    2.8565500784296462e-02
    1.0508660465099207e-02
    8.8953890370834891e-03
    2.3447990925386910e-03
    7.3017799686317419e-04
    1.3791280933165835e-04
    8.3648347230656808e-05
    1.1320572764282663e-05
    2.5259612139505423e-06
    2.4494742965451541e-07
    1.0645371411265275e-07
    7.3967714516380640e-09
    1.1825939415526138e-09
    5.8877885415968691e-11
    1.8334763337151615e-11
    2.4813403893592983e-12
    2.1659963585049173e-11
    4.3505199836851097e-10
    1.0010441594639473e-09
    1.4406943551313418e-08
    9.0111123541288757e-08
    9.2924919984603185e-07
    1.5320729214855191e-06
    1.1320572764961897e-05
    5.0735287229343562e-05
    2.6861747344349846e-04
    3.1733404932802285e-04
    1.2038599948134903e-03
    3.8659201393868949e-03
    1.0508660465099207e-02
    8.8953890370834891e-03
    1.7325852035980978e-02
    3.9866367823104792e-02
    5.5637998277125685e-02
    3.3746151800936576e-02
    3.3746151800981582e-02
    5.5637998277274052e-02
    3.9866367823370566e-02
    1.7325852036125352e-02
    8.8953890370834891e-03
    1.0508660465379438e-02
    3.8659201393868949e-03
    1.2038599948134903e-03
    3.1733404931638757e-04
    2.6861747344349846e-04
    5.0735287227652383e-05
    1.1320572764546800e-05
    1.5320729214293445e-06
    9.2924919981505692e-07
    9.0111123538284900e-08
    1.4406943550785151e-08
    1.0010441594272451e-09
    4.3505199835400998e-10
    2.1659963584327213e-11
    2.4813403892683221e-12
    6.5407422533697560e-13
    1.5050090232393892e-12
    3.0228914307819253e-11
    2.6387237556655769e-10
    3.7976290891843376e-09
    6.2612318571712209e-09
    6.4567441450898584e-08
    4.0385003749491434e-07
    2.9840705827245314e-06
    3.5252628554514194e-06
    1.8664469114101209e-05
    8.3648347227311163e-05
    3.1733404931638757e-04
    2.6861747344349846e-04
    7.3017799686317419e-04
    2.3447990925386910e-03
    4.5670450119793364e-03
    2.7700528241408309e-03
    3.8659201395234879e-03
    8.8953890369055898e-03
    8.8953890369233828e-03
    3.8659201395389530e-03
    2.7700528241592984e-03
    4.5670450120173936e-03
    2.3447990925386910e-03
    7.3017799688264559e-04
    2.6861747344349846e-04
    3.1733404932802285e-04
    8.3648347227311163e-05
    1.8664469114101209e-05
    3.5252628554514194e-06
    2.9840705825952191e-06
    4.0385003747741454e-07
    6.4567441447885555e-08
    6.2612318568790408e-09
    3.7976290890197634e-09
    2.6387237555512341e-10
    3.0228914306408516e-11
    1.5050090231691528e-12
    6.5407422530863296e-13
    2.3333439563047205e-14
    2.8425948654599509e-13
    5.7095044131285538e-12
    9.4133813703909343e-12
    1.3547659486153902e-10
    1.1825939415526138e-09
    1.2195214427961360e-08
    1.4406943550737090e-08
    1.0645371411478164e-07
    6.6583614699756858e-07
    3.5252628554514194e-06
    2.9840705825952191e-06
    1.1320572764546800e-05
    5.0735287227652383e-05
    1.3791280933165835e-04
    8.3648347230656808e-05
    1.6292473337911208e-04
    5.2319539703335363e-04
    7.3017799685003170e-04
    3.1733404933436895e-04
    3.1733404933510909e-04
    7.3017799685343979e-04
    5.2319539703823655e-04
    1.6292473338101266e-04
    8.3648347232608670e-05
    1.3791280933533602e-04
    5.0735287229343562e-05
    1.1320572764961897e-05
    2.9840705827245314e-06
    3.5252628554514194e-06
    6.6583614699756858e-07
    1.0645371411478164e-07
    1.4406943551649594e-08
    1.2195214427310948e-08
    1.1825939414895421e-09
    1.3547659486153902e-10
    9.4133813703909343e-12
    5.7095044128240464e-12
    2.8425948653083462e-13
    2.3333439563047205e-14
    3.1578376522230634e-15
    5.2063941062040201e-15
    1.0457322106310245e-13
    1.2739626340058373e-12
    1.8334763337946102e-11
    2.1659963585193688e-11
    2.2336314363024308e-10
    1.9497677860583978e-09
    1.4406943551649594e-08
    1.2195214427310948e-08
    6.4567441447885555e-08
    4.0385003747741454e-07
    1.5320729214293445e-06
    9.2924919981505692e-07
    2.5259612139505423e-06
    1.1320572764282663e-05
    2.2049464937229801e-05
    9.5826579606813242e-06
    1.3373676515330467e-05
    4.2946493445555926e-05
    4.2946493445670431e-05
    1.3373676515401808e-05
    9.5826579607963089e-06
    2.2049464937523792e-05
    1.1320572764546820e-05
    2.5259612140179014e-06
    9.2924919984603185e-07
    1.5320729214855191e-06
    4.0385003749491434e-07
    6.4567441450898584e-08
    1.2195214427961360e-08
    1.4406943550737090e-08
    1.9497677860583978e-09
    2.2336314363024308e-10
    2.1659963585193688e-11
    1.8334763336784822e-11
    1.2739626339251518e-12
    1.0457322106310245e-13
    5.2063941062040201e-15
    3.1578376520230757e-15
    2.9694923889651426e-17
    5.0487428193268484e-16
    1.0140671031935296e-14
    1.1979787316941820e-14
    1.7241209391236307e-13
    2.1004092926295735e-12
    2.1659963585193688e-11
    1.8334763336784822e-11
    1.3547659486153902e-10
    1.1825939414895421e-09
    6.2612318568790408e-09
    3.7976290890197634e-09
    1.4406943550785151e-08
    9.0111123538284900e-08
    2.4494742965451541e-07
    1.0645371411265275e-07
    2.0734352277357073e-07
    9.2924919977541249e-07
    1.2968717292130581e-06
    4.0385003750137583e-07
    4.0385003750272161e-07
    1.2968717292208400e-06
    9.2924919978656283e-07
    2.0734352277668116e-07
    1.0645371411513677e-07
    2.4494742966104735e-07
    9.0111123541288757e-08
    1.4406943551313418e-08
    3.7976290891843376e-09
    6.2612318571712209e-09
    1.1825939415526138e-09
    1.3547659486153902e-10
    1.8334763337946102e-11
    2.1659963585193688e-11
    2.1004092926295735e-12
    1.7241209391236307e-13
    1.1979787316941820e-14
    1.0140671031935296e-14
    5.0487428193268484e-16
    2.9694923889651426e-17
    2.0633057955413460e-18
    2.4375077864725533e-18
    4.8958652648689687e-17
    8.3239696765186502e-16
    1.1979787316941820e-14
    1.0140671031935296e-14
    1.0457322106310245e-13
    1.2739626339251518e-12
    9.4133813703909343e-12
    5.7095044128240464e-12
    3.0228914306408516e-11
    2.6387237555512341e-10
    1.0010441594272451e-09
    4.3505199835400998e-10
    1.1825939415526138e-09
    7.3967714516380640e-09
    1.4406943550232827e-08
    4.4863686685568670e-09
    6.2612318573841215e-09
    2.8060894380556754e-08
    2.8060894380650265e-08
    6.2612318574300341e-09
    4.4863686686226626e-09
    1.4406943550472930e-08
    7.3967714518106354e-09
    1.1825939415841496e-09
    4.3505199836851097e-10
    1.0010441594639473e-09
    2.6387237556655769e-10
    3.0228914307819253e-11
    5.7095044131285538e-12
    9.4133813703909343e-12
    1.2739626340058373e-12
    1.0457322106310245e-13
    1.0140671031935296e-14
    1.1979787316941820e-14
    8.3239696765186502e-16
    4.8958652648689687e-17
    2.4375077864725533e-18
    2.0633057955413460e-18
    5.1144237321333167e-21
    1.2135636680502769e-19
    2.4375077864725533e-18
    2.0633057955413460e-18
    2.9694923889651426e-17
    5.0487428193268484e-16
    5.2063941062040201e-15
    3.1578376520230757e-15
    2.3333439563047205e-14
    2.8425948653083462e-13
    1.5050090231691528e-12
    6.5407422530863296e-13
    2.4813403892683221e-12
    2.1659963584327213e-11
    5.8877885415968691e-11
    1.8334763337151615e-11
    3.5711242686332335e-11
    2.2336314361148048e-10
    3.1172837853192563e-10
    6.9556003029160343e-11
    6.9556003029438586e-11
    3.1172837853421149e-10
    2.2336314361475624e-10
    3.5711242687046625e-11
    1.8334763337579377e-11
    5.8877885417538771e-11
    2.1659963585049173e-11
    2.4813403893592983e-12
    6.5407422533697560e-13
    1.5050090232393892e-12
    2.8425948654599509e-13
    2.3333439563047205e-14
    3.1578376522230634e-15
    5.2063941062040201e-15
    5.0487428193268484e-16
    2.9694923889651426e-17
    2.0633057955413460e-18
    2.4375077864725533e-18
    1.2135636680502769e-19
    5.1144237321333167e-21
);

boundaryField
{
    xMin
    {
        type codedFixedValue;
        value uniform 0;
        name xMinGaussianDirichlet;
        code
        #{ 
            const scalar t = this->db().time().value();
            const scalar denom = 1.0 + 4.0*t;
            const scalar invDenom = 1.0/denom;
            const scalar mu = 1;
            const vectorField& Cf = patch().Cf();
            scalarField values(patch().size(), 0.0);
            forAll(Cf, i)
            {
                const scalar x = Cf[i].x();
                const scalar y = Cf[i].y();
                values[i] = invDenom*exp(-mu*(x*x + y*y)*invDenom);
            }
            operator==(values);
        #};
    }
    xMax
    {
        type codedFixedValue;
        value uniform 0;
        name xMaxGaussianDirichlet;
        code
        #{ 
            const scalar t = this->db().time().value();
            const scalar denom = 1.0 + 4.0*t;
            const scalar invDenom = 1.0/denom;
            const scalar mu = 1;
            const vectorField& Cf = patch().Cf();
            scalarField values(patch().size(), 0.0);
            forAll(Cf, i)
            {
                const scalar x = Cf[i].x();
                const scalar y = Cf[i].y();
                values[i] = invDenom*exp(-mu*(x*x + y*y)*invDenom);
            }
            operator==(values);
        #};
    }
    yMin
    {
        type codedFixedValue;
        value uniform 0;
        name yMinGaussianDirichlet;
        code
        #{ 
            const scalar t = this->db().time().value();
            const scalar denom = 1.0 + 4.0*t;
            const scalar invDenom = 1.0/denom;
            const scalar mu = 1;
            const vectorField& Cf = patch().Cf();
            scalarField values(patch().size(), 0.0);
            forAll(Cf, i)
            {
                const scalar x = Cf[i].x();
                const scalar y = Cf[i].y();
                values[i] = invDenom*exp(-mu*(x*x + y*y)*invDenom);
            }
            operator==(values);
        #};
    }
    yMax
    {
        type codedFixedValue;
        value uniform 0;
        name yMaxGaussianDirichlet;
        code
        #{ 
            const scalar t = this->db().time().value();
            const scalar denom = 1.0 + 4.0*t;
            const scalar invDenom = 1.0/denom;
            const scalar mu = 1;
            const vectorField& Cf = patch().Cf();
            scalarField values(patch().size(), 0.0);
            forAll(Cf, i)
            {
                const scalar x = Cf[i].x();
                const scalar y = Cf[i].y();
                values[i] = invDenom*exp(-mu*(x*x + y*y)*invDenom);
            }
            operator==(values);
        #};
    }
    zMin
    {
        type empty;
    }
    zMax
    {
        type empty;
    }
}
