/*--------------------------------*- C++ -*----------------------------------*\
  =========                 |
  \\      /  F ield         | OpenFOAM: The Open Source CFD Toolbox
   \\    /   O peration     | Website:  https://openfoam.org
    \\  /    A nd           | Version:  14
     \\/     M anipulation  |
\*---------------------------------------------------------------------------*/
FoamFile
{
    format      ascii;
    class       volVectorField;
    location    "constant";
    object      C;
}
// * * * * * * * * * * * * * * * * * * * * * * * * * * * * * * * * * * * * * //

dimensions      [0 1 0 0 0 0 0];

internalField   nonuniform List<vector> 
800
(
(-4.83333333333 -4.83333333333 0.05)
(-4.66666666667 -4.66666666667 0.05)
(-4.66666666667 -4.33333333333 0.05)
(-4.83333333333 -4.16666666667 0.05)
(-4.83333333333 -3.83333333333 0.05)
(-4.66666666667 -3.66666666667 0.05)
(-4.66666666667 -3.33333333333 0.05)
(-4.83333333333 -3.16666666666 0.05)
(-4.83333333333 -2.83333333333 0.05)
(-4.66666666667 -2.66666666666 0.05)
(-4.66666666667 -2.33333333333 0.05)
(-4.83333333333 -2.16666666666 0.05)
(-4.83333333333 -1.83333333333 0.05)
(-4.66666666667 -1.66666666666 0.05)
(-4.66666666667 -1.33333333333 0.05)
(-4.83333333333 -1.16666666666 0.05)
(-4.83333333333 -0.833333333328 0.05)
(-4.66666666667 -0.666666666662 0.05)
(-4.66666666667 -0.333333333328 0.05)
(-4.83333333333 -0.166666666661 0.05)
(-4.83333333333 0.166666666673 0.05)
(-4.66666666667 0.333333333339 0.05)
(-4.66666666667 0.666666666673 0.05)
(-4.83333333333 0.83333333334 0.05)
(-4.83333333333 1.16666666667 0.05)
(-4.66666666667 1.33333333334 0.05)
(-4.66666666667 1.66666666667 0.05)
(-4.83333333333 1.83333333334 0.05)
(-4.83333333333 2.16666666667 0.05)
(-4.66666666667 2.33333333334 0.05)
(-4.66666666667 2.66666666667 0.05)
(-4.83333333333 2.83333333333 0.05)
(-4.83333333333 3.16666666667 0.05)
(-4.66666666667 3.33333333333 0.05)
(-4.66666666667 3.66666666667 0.05)
(-4.83333333333 3.83333333333 0.05)
(-4.83333333333 4.16666666667 0.05)
(-4.66666666667 4.33333333333 0.05)
(-4.66666666667 4.66666666667 0.05)
(-4.83333333333 4.83333333333 0.05)
(-4.16666666667 -4.83333333333 0.05)
(-4.33333333333 -4.66666666667 0.05)
(-4.33333333333 -4.33333333333 0.05)
(-4.16666666667 -4.16666666667 0.05)
(-4.16666666667 -3.83333333333 0.05)
(-4.33333333333 -3.66666666667 0.05)
(-4.33333333333 -3.33333333333 0.05)
(-4.16666666667 -3.16666666666 0.05)
(-4.16666666667 -2.83333333333 0.05)
(-4.33333333333 -2.66666666666 0.05)
(-4.33333333333 -2.33333333333 0.05)
(-4.16666666667 -2.16666666666 0.05)
(-4.16666666667 -1.83333333333 0.05)
(-4.33333333333 -1.66666666666 0.05)
(-4.33333333333 -1.33333333333 0.05)
(-4.16666666667 -1.16666666666 0.05)
(-4.16666666667 -0.833333333329 0.05)
(-4.33333333333 -0.666666666662 0.05)
(-4.33333333333 -0.333333333328 0.05)
(-4.16666666667 -0.166666666662 0.05)
(-4.16666666667 0.166666666672 0.05)
(-4.33333333333 0.333333333339 0.05)
(-4.33333333333 0.666666666673 0.05)
(-4.16666666667 0.833333333339 0.05)
(-4.16666666667 1.16666666667 0.05)
(-4.33333333333 1.33333333334 0.05)
(-4.33333333333 1.66666666667 0.05)
(-4.16666666667 1.83333333334 0.05)
(-4.16666666667 2.16666666667 0.05)
(-4.33333333333 2.33333333334 0.05)
(-4.33333333333 2.66666666667 0.05)
(-4.16666666667 2.83333333333 0.05)
(-4.16666666667 3.16666666667 0.05)
(-4.33333333333 3.33333333333 0.05)
(-4.33333333333 3.66666666667 0.05)
(-4.16666666667 3.83333333333 0.05)
(-4.16666666667 4.16666666667 0.05)
(-4.33333333333 4.33333333333 0.05)
(-4.33333333333 4.66666666667 0.05)
(-4.16666666667 4.83333333333 0.05)
(-3.83333333333 -4.83333333333 0.05)
(-3.66666666667 -4.66666666667 0.05)
(-3.66666666667 -4.33333333333 0.05)
(-3.83333333333 -4.16666666667 0.05)
(-3.83333333333 -3.83333333333 0.05)
(-3.66666666667 -3.66666666667 0.05)
(-3.66666666667 -3.33333333333 0.05)
(-3.83333333333 -3.16666666666 0.05)
(-3.83333333333 -2.83333333333 0.05)
(-3.66666666667 -2.66666666666 0.05)
(-3.66666666667 -2.33333333333 0.05)
(-3.83333333333 -2.16666666666 0.05)
(-3.83333333333 -1.83333333333 0.05)
(-3.66666666667 -1.66666666666 0.05)
(-3.66666666667 -1.33333333333 0.05)
(-3.83333333333 -1.16666666666 0.05)
(-3.83333333333 -0.83333333333 0.05)
(-3.66666666667 -0.666666666663 0.05)
(-3.66666666667 -0.333333333329 0.05)
(-3.83333333333 -0.166666666662 0.05)
(-3.83333333333 0.166666666672 0.05)
(-3.66666666667 0.333333333338 0.05)
(-3.66666666667 0.666666666672 0.05)
(-3.83333333333 0.833333333339 0.05)
(-3.83333333333 1.16666666667 0.05)
(-3.66666666667 1.33333333334 0.05)
(-3.66666666667 1.66666666667 0.05)
(-3.83333333333 1.83333333334 0.05)
(-3.83333333333 2.16666666667 0.05)
(-3.66666666667 2.33333333334 0.05)
(-3.66666666667 2.66666666667 0.05)
(-3.83333333333 2.83333333333 0.05)
(-3.83333333333 3.16666666667 0.05)
(-3.66666666667 3.33333333333 0.05)
(-3.66666666667 3.66666666667 0.05)
(-3.83333333333 3.83333333333 0.05)
(-3.83333333333 4.16666666667 0.05)
(-3.66666666667 4.33333333333 0.05)
(-3.66666666667 4.66666666667 0.05)
(-3.83333333333 4.83333333333 0.05)
(-3.16666666667 -4.83333333333 0.05)
(-3.33333333333 -4.66666666667 0.05)
(-3.33333333333 -4.33333333333 0.05)
(-3.16666666667 -4.16666666667 0.05)
(-3.16666666667 -3.83333333333 0.05)
(-3.33333333333 -3.66666666667 0.05)
(-3.33333333333 -3.33333333333 0.05)
(-3.16666666667 -3.16666666666 0.05)
(-3.16666666667 -2.83333333333 0.05)
(-3.33333333333 -2.66666666666 0.05)
(-3.33333333333 -2.33333333333 0.05)
(-3.16666666667 -2.16666666666 0.05)
(-3.16666666667 -1.83333333333 0.05)
(-3.33333333333 -1.66666666666 0.05)
(-3.33333333333 -1.33333333333 0.05)
(-3.16666666667 -1.16666666666 0.05)
(-3.16666666667 -0.83333333333 0.05)
(-3.33333333333 -0.666666666663 0.05)
(-3.33333333333 -0.33333333333 0.05)
(-3.16666666667 -0.166666666663 0.05)
(-3.16666666667 0.166666666671 0.05)
(-3.33333333333 0.333333333338 0.05)
(-3.33333333333 0.666666666672 0.05)
(-3.16666666667 0.833333333338 0.05)
(-3.16666666667 1.16666666667 0.05)
(-3.33333333333 1.33333333334 0.05)
(-3.33333333333 1.66666666667 0.05)
(-3.16666666667 1.83333333334 0.05)
(-3.16666666667 2.16666666667 0.05)
(-3.33333333333 2.33333333334 0.05)
(-3.33333333333 2.66666666667 0.05)
(-3.16666666666 2.83333333333 0.05)
(-3.16666666666 3.16666666667 0.05)
(-3.33333333333 3.33333333333 0.05)
(-3.33333333333 3.66666666667 0.05)
(-3.16666666666 3.83333333333 0.05)
(-3.16666666666 4.16666666667 0.05)
(-3.33333333333 4.33333333333 0.05)
(-3.33333333333 4.66666666667 0.05)
(-3.16666666666 4.83333333333 0.05)
(-2.83333333333 -4.83333333333 0.05)
(-2.66666666667 -4.66666666667 0.05)
(-2.66666666667 -4.33333333333 0.05)
(-2.83333333333 -4.16666666667 0.05)
(-2.83333333333 -3.83333333333 0.05)
(-2.66666666667 -3.66666666667 0.05)
(-2.66666666667 -3.33333333333 0.05)
(-2.83333333333 -3.16666666666 0.05)
(-2.83333333333 -2.83333333333 0.05)
(-2.66666666667 -2.66666666666 0.05)
(-2.66666666667 -2.33333333333 0.05)
(-2.83333333333 -2.16666666666 0.05)
(-2.83333333333 -1.83333333333 0.05)
(-2.66666666667 -1.66666666666 0.05)
(-2.66666666667 -1.33333333333 0.05)
(-2.83333333333 -1.16666666666 0.05)
(-2.83333333333 -0.833333333331 0.05)
(-2.66666666667 -0.666666666664 0.05)
(-2.66666666667 -0.33333333333 0.05)
(-2.83333333333 -0.166666666663 0.05)
(-2.83333333333 0.16666666667 0.05)
(-2.66666666667 0.333333333337 0.05)
(-2.66666666667 0.666666666671 0.05)
(-2.83333333333 0.833333333338 0.05)
(-2.83333333333 1.16666666667 0.05)
(-2.66666666667 1.33333333334 0.05)
(-2.66666666667 1.66666666667 0.05)
(-2.83333333333 1.83333333334 0.05)
(-2.83333333333 2.16666666667 0.05)
(-2.66666666667 2.33333333333 0.05)
(-2.66666666666 2.66666666667 0.05)
(-2.83333333333 2.83333333333 0.05)
(-2.83333333333 3.16666666667 0.05)
(-2.66666666666 3.33333333333 0.05)
(-2.66666666666 3.66666666667 0.05)
(-2.83333333333 3.83333333333 0.05)
(-2.83333333333 4.16666666667 0.05)
(-2.66666666666 4.33333333333 0.05)
(-2.66666666666 4.66666666667 0.05)
(-2.83333333333 4.83333333333 0.05)
(-2.16666666667 -4.83333333333 0.05)
(-2.33333333334 -4.66666666667 0.05)
(-2.33333333334 -4.33333333333 0.05)
(-2.16666666667 -4.16666666667 0.05)
(-2.16666666667 -3.83333333333 0.05)
(-2.33333333334 -3.66666666667 0.05)
(-2.33333333334 -3.33333333333 0.05)
(-2.16666666667 -3.16666666667 0.05)
(-2.16666666667 -2.83333333333 0.05)
(-2.33333333333 -2.66666666667 0.05)
(-2.33333333333 -2.33333333333 0.05)
(-2.16666666667 -2.16666666667 0.05)
(-2.16666666667 -1.83333333333 0.05)
(-2.33333333333 -1.66666666667 0.05)
(-2.33333333333 -1.33333333333 0.05)
(-2.16666666667 -1.16666666667 0.05)
(-2.16666666667 -0.833333333332 0.05)
(-2.33333333333 -0.666666666665 0.05)
(-2.33333333333 -0.333333333331 0.05)
(-2.16666666667 -0.166666666664 0.05)
(-2.16666666667 0.16666666667 0.05)
(-2.33333333333 0.333333333337 0.05)
(-2.33333333333 0.66666666667 0.05)
(-2.16666666667 0.833333333337 0.05)
(-2.16666666667 1.16666666667 0.05)
(-2.33333333333 1.33333333334 0.05)
(-2.33333333333 1.66666666667 0.05)
(-2.16666666667 1.83333333334 0.05)
(-2.16666666667 2.16666666667 0.05)
(-2.33333333333 2.33333333333 0.05)
(-2.33333333333 2.66666666667 0.05)
(-2.16666666666 2.83333333333 0.05)
(-2.16666666666 3.16666666667 0.05)
(-2.33333333333 3.33333333333 0.05)
(-2.33333333333 3.66666666667 0.05)
(-2.16666666666 3.83333333333 0.05)
(-2.16666666666 4.16666666667 0.05)
(-2.33333333333 4.33333333333 0.05)
(-2.33333333333 4.66666666667 0.05)
(-2.16666666666 4.83333333333 0.05)
(-1.83333333334 -4.83333333333 0.05)
(-1.66666666667 -4.66666666667 0.05)
(-1.66666666667 -4.33333333333 0.05)
(-1.83333333334 -4.16666666667 0.05)
(-1.83333333334 -3.83333333333 0.05)
(-1.66666666667 -3.66666666667 0.05)
(-1.66666666667 -3.33333333333 0.05)
(-1.83333333334 -3.16666666667 0.05)
(-1.83333333334 -2.83333333333 0.05)
(-1.66666666667 -2.66666666667 0.05)
(-1.66666666667 -2.33333333333 0.05)
(-1.83333333334 -2.16666666667 0.05)
(-1.83333333334 -1.83333333333 0.05)
(-1.66666666667 -1.66666666667 0.05)
(-1.66666666667 -1.33333333333 0.05)
(-1.83333333333 -1.16666666667 0.05)
(-1.83333333333 -0.833333333332 0.05)
(-1.66666666667 -0.666666666665 0.05)
(-1.66666666667 -0.333333333332 0.05)
(-1.83333333333 -0.166666666665 0.05)
(-1.83333333333 0.166666666669 0.05)
(-1.66666666667 0.333333333336 0.05)
(-1.66666666667 0.66666666667 0.05)
(-1.83333333333 0.833333333337 0.05)
(-1.83333333333 1.16666666667 0.05)
(-1.66666666667 1.33333333334 0.05)
(-1.66666666667 1.66666666667 0.05)
(-1.83333333333 1.83333333334 0.05)
(-1.83333333333 2.16666666667 0.05)
(-1.66666666667 2.33333333333 0.05)
(-1.66666666666 2.66666666667 0.05)
(-1.83333333333 2.83333333333 0.05)
(-1.83333333333 3.16666666667 0.05)
(-1.66666666666 3.33333333333 0.05)
(-1.66666666666 3.66666666667 0.05)
(-1.83333333333 3.83333333333 0.05)
(-1.83333333333 4.16666666667 0.05)
(-1.66666666666 4.33333333333 0.05)
(-1.66666666666 4.66666666667 0.05)
(-1.83333333333 4.83333333333 0.05)
(-1.16666666667 -4.83333333333 0.05)
(-1.33333333334 -4.66666666667 0.05)
(-1.33333333334 -4.33333333333 0.05)
(-1.16666666667 -4.16666666667 0.05)
(-1.16666666667 -3.83333333333 0.05)
(-1.33333333334 -3.66666666667 0.05)
(-1.33333333334 -3.33333333333 0.05)
(-1.16666666667 -3.16666666667 0.05)
(-1.16666666667 -2.83333333333 0.05)
(-1.33333333334 -2.66666666667 0.05)
(-1.33333333334 -2.33333333333 0.05)
(-1.16666666667 -2.16666666667 0.05)
(-1.16666666667 -1.83333333333 0.05)
(-1.33333333334 -1.66666666667 0.05)
(-1.33333333334 -1.33333333333 0.05)
(-1.16666666667 -1.16666666667 0.05)
(-1.16666666667 -0.833333333333 0.05)
(-1.33333333333 -0.666666666666 0.05)
(-1.33333333333 -0.333333333332 0.05)
(-1.16666666667 -0.166666666665 0.05)
(-1.16666666667 0.166666666668 0.05)
(-1.33333333333 0.333333333335 0.05)
(-1.33333333333 0.666666666669 0.05)
(-1.16666666667 0.833333333336 0.05)
(-1.16666666667 1.16666666667 0.05)
(-1.33333333333 1.33333333334 0.05)
(-1.33333333333 1.66666666667 0.05)
(-1.16666666667 1.83333333333 0.05)
(-1.16666666667 2.16666666667 0.05)
(-1.33333333333 2.33333333333 0.05)
(-1.33333333333 2.66666666667 0.05)
(-1.16666666666 2.83333333333 0.05)
(-1.16666666666 3.16666666667 0.05)
(-1.33333333333 3.33333333333 0.05)
(-1.33333333333 3.66666666667 0.05)
(-1.16666666666 3.83333333333 0.05)
(-1.16666666666 4.16666666667 0.05)
(-1.33333333333 4.33333333333 0.05)
(-1.33333333333 4.66666666667 0.05)
(-1.16666666666 4.83333333333 0.05)
(-0.83333333334 -4.83333333333 0.05)
(-0.666666666673 -4.66666666667 0.05)
(-0.666666666673 -4.33333333333 0.05)
(-0.833333333339 -4.16666666667 0.05)
(-0.833333333339 -3.83333333333 0.05)
(-0.666666666672 -3.66666666667 0.05)
(-0.666666666672 -3.33333333333 0.05)
(-0.833333333338 -3.16666666667 0.05)
(-0.833333333338 -2.83333333333 0.05)
(-0.666666666671 -2.66666666667 0.05)
(-0.66666666667 -2.33333333333 0.05)
(-0.833333333337 -2.16666666667 0.05)
(-0.833333333337 -1.83333333333 0.05)
(-0.66666666667 -1.66666666667 0.05)
(-0.666666666669 -1.33333333333 0.05)
(-0.833333333336 -1.16666666667 0.05)
(-0.833333333335 -0.833333333333 0.05)
(-0.666666666668 -0.666666666667 0.05)
(-0.666666666668 -0.333333333333 0.05)
(-0.833333333335 -0.166666666666 0.05)
(-0.833333333334 0.166666666668 0.05)
(-0.666666666667 0.333333333335 0.05)
(-0.666666666667 0.666666666668 0.05)
(-0.833333333333 0.833333333335 0.05)
(-0.833333333333 1.16666666667 0.05)
(-0.666666666666 1.33333333333 0.05)
(-0.666666666665 1.66666666667 0.05)
(-0.833333333332 1.83333333333 0.05)
(-0.833333333332 2.16666666667 0.05)
(-0.666666666665 2.33333333333 0.05)
(-0.666666666664 2.66666666667 0.05)
(-0.833333333331 2.83333333333 0.05)
(-0.83333333333 3.16666666667 0.05)
(-0.666666666663 3.33333333333 0.05)
(-0.666666666663 3.66666666667 0.05)
(-0.83333333333 3.83333333333 0.05)
(-0.833333333329 4.16666666667 0.05)
(-0.666666666662 4.33333333333 0.05)
(-0.666666666662 4.66666666667 0.05)
(-0.833333333328 4.83333333333 0.05)
(-0.166666666673 -4.83333333333 0.05)
(-0.333333333339 -4.66666666667 0.05)
(-0.333333333339 -4.33333333333 0.05)
(-0.166666666672 -4.16666666667 0.05)
(-0.166666666672 -3.83333333333 0.05)
(-0.333333333338 -3.66666666667 0.05)
(-0.333333333338 -3.33333333333 0.05)
(-0.166666666671 -3.16666666667 0.05)
(-0.16666666667 -2.83333333333 0.05)
(-0.333333333337 -2.66666666667 0.05)
(-0.333333333337 -2.33333333333 0.05)
(-0.16666666667 -2.16666666667 0.05)
(-0.166666666669 -1.83333333333 0.05)
(-0.333333333336 -1.66666666667 0.05)
(-0.333333333335 -1.33333333333 0.05)
(-0.166666666668 -1.16666666667 0.05)
(-0.166666666668 -0.833333333334 0.05)
(-0.333333333335 -0.666666666667 0.05)
(-0.333333333334 -0.333333333333 0.05)
(-0.166666666667 -0.166666666667 0.05)
(-0.166666666667 0.166666666667 0.05)
(-0.333333333333 0.333333333334 0.05)
(-0.333333333333 0.666666666668 0.05)
(-0.166666666666 0.833333333335 0.05)
(-0.166666666665 1.16666666667 0.05)
(-0.333333333332 1.33333333333 0.05)
(-0.333333333332 1.66666666667 0.05)
(-0.166666666665 1.83333333333 0.05)
(-0.166666666664 2.16666666667 0.05)
(-0.333333333331 2.33333333333 0.05)
(-0.33333333333 2.66666666667 0.05)
(-0.166666666663 2.83333333333 0.05)
(-0.166666666663 3.16666666667 0.05)
(-0.33333333333 3.33333333333 0.05)
(-0.333333333329 3.66666666667 0.05)
(-0.166666666662 3.83333333333 0.05)
(-0.166666666662 4.16666666667 0.05)
(-0.333333333328 4.33333333333 0.05)
(-0.333333333328 4.66666666667 0.05)
(-0.166666666661 4.83333333333 0.05)
(0.166666666661 -4.83333333333 0.05)
(0.333333333328 -4.66666666667 0.05)
(0.333333333328 -4.33333333333 0.05)
(0.166666666662 -4.16666666667 0.05)
(0.166666666662 -3.83333333333 0.05)
(0.333333333329 -3.66666666667 0.05)
(0.33333333333 -3.33333333333 0.05)
(0.166666666663 -3.16666666667 0.05)
(0.166666666663 -2.83333333333 0.05)
(0.33333333333 -2.66666666667 0.05)
(0.333333333331 -2.33333333333 0.05)
(0.166666666664 -2.16666666667 0.05)
(0.166666666665 -1.83333333333 0.05)
(0.333333333332 -1.66666666667 0.05)
(0.333333333332 -1.33333333333 0.05)
(0.166666666665 -1.16666666667 0.05)
(0.166666666666 -0.833333333335 0.05)
(0.333333333333 -0.666666666668 0.05)
(0.333333333333 -0.333333333334 0.05)
(0.166666666667 -0.166666666667 0.05)
(0.166666666667 0.166666666667 0.05)
(0.333333333334 0.333333333333 0.05)
(0.333333333335 0.666666666667 0.05)
(0.166666666668 0.833333333334 0.05)
(0.166666666668 1.16666666667 0.05)
(0.333333333335 1.33333333333 0.05)
(0.333333333336 1.66666666667 0.05)
(0.166666666669 1.83333333333 0.05)
(0.16666666667 2.16666666667 0.05)
(0.333333333337 2.33333333333 0.05)
(0.333333333337 2.66666666667 0.05)
(0.16666666667 2.83333333333 0.05)
(0.166666666671 3.16666666667 0.05)
(0.333333333338 3.33333333333 0.05)
(0.333333333338 3.66666666667 0.05)
(0.166666666672 3.83333333333 0.05)
(0.166666666672 4.16666666667 0.05)
(0.333333333339 4.33333333333 0.05)
(0.333333333339 4.66666666667 0.05)
(0.166666666673 4.83333333333 0.05)
(0.833333333328 -4.83333333333 0.05)
(0.666666666662 -4.66666666667 0.05)
(0.666666666662 -4.33333333333 0.05)
(0.833333333329 -4.16666666667 0.05)
(0.83333333333 -3.83333333333 0.05)
(0.666666666663 -3.66666666667 0.05)
(0.666666666663 -3.33333333333 0.05)
(0.83333333333 -3.16666666667 0.05)
(0.833333333331 -2.83333333333 0.05)
(0.666666666664 -2.66666666667 0.05)
(0.666666666665 -2.33333333333 0.05)
(0.833333333332 -2.16666666667 0.05)
(0.833333333332 -1.83333333333 0.05)
(0.666666666665 -1.66666666667 0.05)
(0.666666666666 -1.33333333333 0.05)
(0.833333333333 -1.16666666667 0.05)
(0.833333333333 -0.833333333335 0.05)
(0.666666666667 -0.666666666668 0.05)
(0.666666666667 -0.333333333335 0.05)
(0.833333333334 -0.166666666668 0.05)
(0.833333333335 0.166666666666 0.05)
(0.666666666668 0.333333333333 0.05)
(0.666666666668 0.666666666667 0.05)
(0.833333333335 0.833333333333 0.05)
(0.833333333336 1.16666666667 0.05)
(0.666666666669 1.33333333333 0.05)
(0.66666666667 1.66666666667 0.05)
(0.833333333337 1.83333333333 0.05)
(0.833333333337 2.16666666667 0.05)
(0.66666666667 2.33333333333 0.05)
(0.666666666671 2.66666666667 0.05)
(0.833333333338 2.83333333333 0.05)
(0.833333333338 3.16666666667 0.05)
(0.666666666672 3.33333333333 0.05)
(0.666666666672 3.66666666667 0.05)
(0.833333333339 3.83333333333 0.05)
(0.833333333339 4.16666666667 0.05)
(0.666666666673 4.33333333333 0.05)
(0.666666666673 4.66666666667 0.05)
(0.83333333334 4.83333333333 0.05)
(1.16666666666 -4.83333333333 0.05)
(1.33333333333 -4.66666666667 0.05)
(1.33333333333 -4.33333333333 0.05)
(1.16666666666 -4.16666666667 0.05)
(1.16666666666 -3.83333333333 0.05)
(1.33333333333 -3.66666666667 0.05)
(1.33333333333 -3.33333333333 0.05)
(1.16666666666 -3.16666666667 0.05)
(1.16666666666 -2.83333333333 0.05)
(1.33333333333 -2.66666666667 0.05)
(1.33333333333 -2.33333333333 0.05)
(1.16666666667 -2.16666666667 0.05)
(1.16666666667 -1.83333333333 0.05)
(1.33333333333 -1.66666666667 0.05)
(1.33333333333 -1.33333333334 0.05)
(1.16666666667 -1.16666666667 0.05)
(1.16666666667 -0.833333333336 0.05)
(1.33333333333 -0.666666666669 0.05)
(1.33333333333 -0.333333333335 0.05)
(1.16666666667 -0.166666666668 0.05)
(1.16666666667 0.166666666665 0.05)
(1.33333333333 0.333333333332 0.05)
(1.33333333333 0.666666666666 0.05)
(1.16666666667 0.833333333333 0.05)
(1.16666666667 1.16666666667 0.05)
(1.33333333334 1.33333333333 0.05)
(1.33333333334 1.66666666667 0.05)
(1.16666666667 1.83333333333 0.05)
(1.16666666667 2.16666666667 0.05)
(1.33333333334 2.33333333333 0.05)
(1.33333333334 2.66666666667 0.05)
(1.16666666667 2.83333333333 0.05)
(1.16666666667 3.16666666667 0.05)
(1.33333333334 3.33333333333 0.05)
(1.33333333334 3.66666666667 0.05)
(1.16666666667 3.83333333333 0.05)
(1.16666666667 4.16666666667 0.05)
(1.33333333334 4.33333333333 0.05)
(1.33333333334 4.66666666667 0.05)
(1.16666666667 4.83333333333 0.05)
(1.83333333333 -4.83333333333 0.05)
(1.66666666666 -4.66666666667 0.05)
(1.66666666666 -4.33333333333 0.05)
(1.83333333333 -4.16666666667 0.05)
(1.83333333333 -3.83333333333 0.05)
(1.66666666666 -3.66666666667 0.05)
(1.66666666666 -3.33333333333 0.05)
(1.83333333333 -3.16666666667 0.05)
(1.83333333333 -2.83333333333 0.05)
(1.66666666666 -2.66666666667 0.05)
(1.66666666667 -2.33333333333 0.05)
(1.83333333333 -2.16666666667 0.05)
(1.83333333333 -1.83333333334 0.05)
(1.66666666667 -1.66666666667 0.05)
(1.66666666667 -1.33333333334 0.05)
(1.83333333333 -1.16666666667 0.05)
(1.83333333333 -0.833333333337 0.05)
(1.66666666667 -0.66666666667 0.05)
(1.66666666667 -0.333333333336 0.05)
(1.83333333333 -0.166666666669 0.05)
(1.83333333333 0.166666666665 0.05)
(1.66666666667 0.333333333332 0.05)
(1.66666666667 0.666666666665 0.05)
(1.83333333333 0.833333333332 0.05)
(1.83333333333 1.16666666667 0.05)
(1.66666666667 1.33333333333 0.05)
(1.66666666667 1.66666666667 0.05)
(1.83333333334 1.83333333333 0.05)
(1.83333333334 2.16666666667 0.05)
(1.66666666667 2.33333333333 0.05)
(1.66666666667 2.66666666667 0.05)
(1.83333333334 2.83333333333 0.05)
(1.83333333334 3.16666666667 0.05)
(1.66666666667 3.33333333333 0.05)
(1.66666666667 3.66666666667 0.05)
(1.83333333334 3.83333333333 0.05)
(1.83333333334 4.16666666667 0.05)
(1.66666666667 4.33333333333 0.05)
(1.66666666667 4.66666666667 0.05)
(1.83333333334 4.83333333333 0.05)
(2.16666666666 -4.83333333333 0.05)
(2.33333333333 -4.66666666667 0.05)
(2.33333333333 -4.33333333333 0.05)
(2.16666666666 -4.16666666667 0.05)
(2.16666666666 -3.83333333333 0.05)
(2.33333333333 -3.66666666667 0.05)
(2.33333333333 -3.33333333333 0.05)
(2.16666666666 -3.16666666667 0.05)
(2.16666666666 -2.83333333333 0.05)
(2.33333333333 -2.66666666667 0.05)
(2.33333333333 -2.33333333333 0.05)
(2.16666666667 -2.16666666667 0.05)
(2.16666666667 -1.83333333334 0.05)
(2.33333333333 -1.66666666667 0.05)
(2.33333333333 -1.33333333334 0.05)
(2.16666666667 -1.16666666667 0.05)
(2.16666666667 -0.833333333337 0.05)
(2.33333333333 -0.66666666667 0.05)
(2.33333333333 -0.333333333337 0.05)
(2.16666666667 -0.16666666667 0.05)
(2.16666666667 0.166666666664 0.05)
(2.33333333333 0.333333333331 0.05)
(2.33333333333 0.666666666665 0.05)
(2.16666666667 0.833333333332 0.05)
(2.16666666667 1.16666666667 0.05)
(2.33333333333 1.33333333333 0.05)
(2.33333333333 1.66666666667 0.05)
(2.16666666667 1.83333333333 0.05)
(2.16666666667 2.16666666667 0.05)
(2.33333333333 2.33333333333 0.05)
(2.33333333333 2.66666666667 0.05)
(2.16666666667 2.83333333333 0.05)
(2.16666666667 3.16666666667 0.05)
(2.33333333334 3.33333333333 0.05)
(2.33333333334 3.66666666667 0.05)
(2.16666666667 3.83333333333 0.05)
(2.16666666667 4.16666666667 0.05)
(2.33333333334 4.33333333333 0.05)
(2.33333333334 4.66666666667 0.05)
(2.16666666667 4.83333333333 0.05)
(2.83333333333 -4.83333333333 0.05)
(2.66666666666 -4.66666666667 0.05)
(2.66666666666 -4.33333333333 0.05)
(2.83333333333 -4.16666666667 0.05)
(2.83333333333 -3.83333333333 0.05)
(2.66666666666 -3.66666666667 0.05)
(2.66666666666 -3.33333333333 0.05)
(2.83333333333 -3.16666666667 0.05)
(2.83333333333 -2.83333333333 0.05)
(2.66666666666 -2.66666666667 0.05)
(2.66666666667 -2.33333333333 0.05)
(2.83333333333 -2.16666666667 0.05)
(2.83333333333 -1.83333333334 0.05)
(2.66666666667 -1.66666666667 0.05)
(2.66666666667 -1.33333333334 0.05)
(2.83333333333 -1.16666666667 0.05)
(2.83333333333 -0.833333333338 0.05)
(2.66666666667 -0.666666666671 0.05)
(2.66666666667 -0.333333333337 0.05)
(2.83333333333 -0.16666666667 0.05)
(2.83333333333 0.166666666663 0.05)
(2.66666666667 0.33333333333 0.05)
(2.66666666667 0.666666666664 0.05)
(2.83333333333 0.833333333331 0.05)
(2.83333333333 1.16666666666 0.05)
(2.66666666667 1.33333333333 0.05)
(2.66666666667 1.66666666666 0.05)
(2.83333333333 1.83333333333 0.05)
(2.83333333333 2.16666666666 0.05)
(2.66666666667 2.33333333333 0.05)
(2.66666666667 2.66666666666 0.05)
(2.83333333333 2.83333333333 0.05)
(2.83333333333 3.16666666666 0.05)
(2.66666666667 3.33333333333 0.05)
(2.66666666667 3.66666666667 0.05)
(2.83333333333 3.83333333333 0.05)
(2.83333333333 4.16666666667 0.05)
(2.66666666667 4.33333333333 0.05)
(2.66666666667 4.66666666667 0.05)
(2.83333333333 4.83333333333 0.05)
(3.16666666666 -4.83333333333 0.05)
(3.33333333333 -4.66666666667 0.05)
(3.33333333333 -4.33333333333 0.05)
(3.16666666666 -4.16666666667 0.05)
(3.16666666666 -3.83333333333 0.05)
(3.33333333333 -3.66666666667 0.05)
(3.33333333333 -3.33333333333 0.05)
(3.16666666666 -3.16666666667 0.05)
(3.16666666666 -2.83333333333 0.05)
(3.33333333333 -2.66666666667 0.05)
(3.33333333333 -2.33333333334 0.05)
(3.16666666667 -2.16666666667 0.05)
(3.16666666667 -1.83333333334 0.05)
(3.33333333333 -1.66666666667 0.05)
(3.33333333333 -1.33333333334 0.05)
(3.16666666667 -1.16666666667 0.05)
(3.16666666667 -0.833333333338 0.05)
(3.33333333333 -0.666666666672 0.05)
(3.33333333333 -0.333333333338 0.05)
(3.16666666667 -0.166666666671 0.05)
(3.16666666667 0.166666666663 0.05)
(3.33333333333 0.33333333333 0.05)
(3.33333333333 0.666666666663 0.05)
(3.16666666667 0.83333333333 0.05)
(3.16666666667 1.16666666666 0.05)
(3.33333333333 1.33333333333 0.05)
(3.33333333333 1.66666666666 0.05)
(3.16666666667 1.83333333333 0.05)
(3.16666666667 2.16666666666 0.05)
(3.33333333333 2.33333333333 0.05)
(3.33333333333 2.66666666666 0.05)
(3.16666666667 2.83333333333 0.05)
(3.16666666667 3.16666666666 0.05)
(3.33333333333 3.33333333333 0.05)
(3.33333333333 3.66666666667 0.05)
(3.16666666667 3.83333333333 0.05)
(3.16666666667 4.16666666667 0.05)
(3.33333333333 4.33333333333 0.05)
(3.33333333333 4.66666666667 0.05)
(3.16666666667 4.83333333333 0.05)
(3.83333333333 -4.83333333333 0.05)
(3.66666666667 -4.66666666667 0.05)
(3.66666666667 -4.33333333333 0.05)
(3.83333333333 -4.16666666667 0.05)
(3.83333333333 -3.83333333333 0.05)
(3.66666666667 -3.66666666667 0.05)
(3.66666666667 -3.33333333333 0.05)
(3.83333333333 -3.16666666667 0.05)
(3.83333333333 -2.83333333333 0.05)
(3.66666666667 -2.66666666667 0.05)
(3.66666666667 -2.33333333334 0.05)
(3.83333333333 -2.16666666667 0.05)
(3.83333333333 -1.83333333334 0.05)
(3.66666666667 -1.66666666667 0.05)
(3.66666666667 -1.33333333334 0.05)
(3.83333333333 -1.16666666667 0.05)
(3.83333333333 -0.833333333339 0.05)
(3.66666666667 -0.666666666672 0.05)
(3.66666666667 -0.333333333338 0.05)
(3.83333333333 -0.166666666672 0.05)
(3.83333333333 0.166666666662 0.05)
(3.66666666667 0.333333333329 0.05)
(3.66666666667 0.666666666663 0.05)
(3.83333333333 0.83333333333 0.05)
(3.83333333333 1.16666666666 0.05)
(3.66666666667 1.33333333333 0.05)
(3.66666666667 1.66666666666 0.05)
(3.83333333333 1.83333333333 0.05)
(3.83333333333 2.16666666666 0.05)
(3.66666666667 2.33333333333 0.05)
(3.66666666667 2.66666666666 0.05)
(3.83333333333 2.83333333333 0.05)
(3.83333333333 3.16666666666 0.05)
(3.66666666667 3.33333333333 0.05)
(3.66666666667 3.66666666667 0.05)
(3.83333333333 3.83333333333 0.05)
(3.83333333333 4.16666666667 0.05)
(3.66666666667 4.33333333333 0.05)
(3.66666666667 4.66666666667 0.05)
(3.83333333333 4.83333333333 0.05)
(4.16666666667 -4.83333333333 0.05)
(4.33333333333 -4.66666666667 0.05)
(4.33333333333 -4.33333333333 0.05)
(4.16666666667 -4.16666666667 0.05)
(4.16666666667 -3.83333333333 0.05)
(4.33333333333 -3.66666666667 0.05)
(4.33333333333 -3.33333333333 0.05)
(4.16666666667 -3.16666666667 0.05)
(4.16666666667 -2.83333333333 0.05)
(4.33333333333 -2.66666666667 0.05)
(4.33333333333 -2.33333333334 0.05)
(4.16666666667 -2.16666666667 0.05)
(4.16666666667 -1.83333333334 0.05)
(4.33333333333 -1.66666666667 0.05)
(4.33333333333 -1.33333333334 0.05)
(4.16666666667 -1.16666666667 0.05)
(4.16666666667 -0.833333333339 0.05)
(4.33333333333 -0.666666666673 0.05)
(4.33333333333 -0.333333333339 0.05)
(4.16666666667 -0.166666666672 0.05)
(4.16666666667 0.166666666662 0.05)
(4.33333333333 0.333333333328 0.05)
(4.33333333333 0.666666666662 0.05)
(4.16666666667 0.833333333329 0.05)
(4.16666666667 1.16666666666 0.05)
(4.33333333333 1.33333333333 0.05)
(4.33333333333 1.66666666666 0.05)
(4.16666666667 1.83333333333 0.05)
(4.16666666667 2.16666666666 0.05)
(4.33333333333 2.33333333333 0.05)
(4.33333333333 2.66666666666 0.05)
(4.16666666667 2.83333333333 0.05)
(4.16666666667 3.16666666666 0.05)
(4.33333333333 3.33333333333 0.05)
(4.33333333333 3.66666666667 0.05)
(4.16666666667 3.83333333333 0.05)
(4.16666666667 4.16666666667 0.05)
(4.33333333333 4.33333333333 0.05)
(4.33333333333 4.66666666667 0.05)
(4.16666666667 4.83333333333 0.05)
(4.83333333333 -4.83333333333 0.05)
(4.66666666667 -4.66666666667 0.05)
(4.66666666667 -4.33333333333 0.05)
(4.83333333333 -4.16666666667 0.05)
(4.83333333333 -3.83333333333 0.05)
(4.66666666667 -3.66666666667 0.05)
(4.66666666667 -3.33333333333 0.05)
(4.83333333333 -3.16666666667 0.05)
(4.83333333333 -2.83333333333 0.05)
(4.66666666667 -2.66666666667 0.05)
(4.66666666667 -2.33333333334 0.05)
(4.83333333333 -2.16666666667 0.05)
(4.83333333333 -1.83333333334 0.05)
(4.66666666667 -1.66666666667 0.05)
(4.66666666667 -1.33333333334 0.05)
(4.83333333333 -1.16666666667 0.05)
(4.83333333333 -0.83333333334 0.05)
(4.66666666667 -0.666666666673 0.05)
(4.66666666667 -0.333333333339 0.05)
(4.83333333333 -0.166666666673 0.05)
(4.83333333333 0.166666666661 0.05)
(4.66666666667 0.333333333328 0.05)
(4.66666666667 0.666666666662 0.05)
(4.83333333333 0.833333333328 0.05)
(4.83333333333 1.16666666666 0.05)
(4.66666666667 1.33333333333 0.05)
(4.66666666667 1.66666666666 0.05)
(4.83333333333 1.83333333333 0.05)
(4.83333333333 2.16666666666 0.05)
(4.66666666667 2.33333333333 0.05)
(4.66666666667 2.66666666666 0.05)
(4.83333333333 2.83333333333 0.05)
(4.83333333333 3.16666666666 0.05)
(4.66666666667 3.33333333333 0.05)
(4.66666666667 3.66666666667 0.05)
(4.83333333333 3.83333333333 0.05)
(4.83333333333 4.16666666667 0.05)
(4.66666666667 4.33333333333 0.05)
(4.66666666667 4.66666666667 0.05)
(4.83333333333 4.83333333333 0.05)
)
;

boundaryField
{
    zMin
    {
        type            empty;
    }
    zMax
    {
        type            empty;
    }
    xMin
    {
        type            calculated;
        value           nonuniform List<vector> 
20
(
(-5 -4.75 0.05)
(-5 -4.25 0.05)
(-5 -3.75 0.05)
(-5 -3.25 0.05)
(-5 -2.75 0.05)
(-5 -2.25 0.05)
(-5 -1.75 0.05)
(-5 -1.25 0.05)
(-5 -0.749999999995 0.05)
(-5 -0.249999999994 0.05)
(-5 0.250000000006 0.05)
(-5 0.750000000007 0.05)
(-5 1.25000000001 0.05)
(-5 1.75 0.05)
(-5 2.25 0.05)
(-5 2.75 0.05)
(-5 3.25 0.05)
(-5 3.75 0.05)
(-5 4.25 0.05)
(-5 4.75 0.05)
)
;
    }
    xMax
    {
        type            calculated;
        value           nonuniform List<vector> 
20
(
(5 -4.75 0.05)
(5 -4.25 0.05)
(5 -3.75 0.05)
(5 -3.25 0.05)
(5 -2.75 0.05)
(5 -2.25 0.05)
(5 -1.75 0.05)
(5 -1.25000000001 0.05)
(5 -0.750000000007 0.05)
(5 -0.250000000006 0.05)
(5 0.249999999994 0.05)
(5 0.749999999995 0.05)
(5 1.25 0.05)
(5 1.75 0.05)
(5 2.25 0.05)
(5 2.75 0.05)
(5 3.25 0.05)
(5 3.75 0.05)
(5 4.25 0.05)
(5 4.75 0.05)
)
;
    }
    yMin
    {
        type            calculated;
        value           nonuniform List<vector> 
20
(
(-4.75 -5 0.05)
(-4.25 -5 0.05)
(-3.75 -5 0.05)
(-3.25 -5 0.05)
(-2.75 -5 0.05)
(-2.25 -5 0.05)
(-1.75 -5 0.05)
(-1.25000000001 -5 0.05)
(-0.750000000007 -5 0.05)
(-0.250000000006 -5 0.05)
(0.249999999994 -5 0.05)
(0.749999999995 -5 0.05)
(1.25 -5 0.05)
(1.75 -5 0.05)
(2.25 -5 0.05)
(2.75 -5 0.05)
(3.25 -5 0.05)
(3.75 -5 0.05)
(4.25 -5 0.05)
(4.75 -5 0.05)
)
;
    }
    yMax
    {
        type            calculated;
        value           nonuniform List<vector> 
20
(
(-4.75 5 0.05)
(-4.25 5 0.05)
(-3.75 5 0.05)
(-3.25 5 0.05)
(-2.75 5 0.05)
(-2.25 5 0.05)
(-1.75 5 0.05)
(-1.25 5 0.05)
(-0.749999999995 5 0.05)
(-0.249999999994 5 0.05)
(0.250000000006 5 0.05)
(0.750000000007 5 0.05)
(1.25000000001 5 0.05)
(1.75 5 0.05)
(2.25 5 0.05)
(2.75 5 0.05)
(3.25 5 0.05)
(3.75 5 0.05)
(4.25 5 0.05)
(4.75 5 0.05)
)
;
    }
}


// ************************************************************************* //
