/*--------------------------------*- C++ -*----------------------------------*\
  =========                 |
  \\      /  F ield         | OpenFOAM: The Open Source CFD Toolbox
   \\    /   O peration     | Website:  https://openfoam.org
    \\  /    A nd           | Version:  14
     \\/     M anipulation  |
\*---------------------------------------------------------------------------*/
FoamFile
{
    format      ascii;
    class       surfaceScalarField;
    location    "57.999999999956";
    object      phi;
}
// * * * * * * * * * * * * * * * * * * * * * * * * * * * * * * * * * * * * * //

dimensions      [0 3 -1 0 0 0 0];

internalField   nonuniform List<scalar> 
4035
(
-7.18692750511e-06
-2.68778901162e-05
3.40648172951e-05
-6.51457602657e-06
4.80043759898e-05
-4.86767274786e-05
-3.33924661437e-05
8.20691932836e-05
-8.20691936246e-05
0.000926311015624
-0.000167570093576
-0.000758740922043
1.77550253255e-05
0.000237699939653
-0.000255454964988
-0.000646111619895
3.31593400966e-05
0.000612952279794
-0.00099031567319
0.000464954255892
0.000978072399625
-0.000452710982341
0.000426771533291
-0.00136876848628
-0.000381557183732
0.00132355413673
0.000359189345535
-8.9318886324e-05
-0.000395437350704
0.000125566891484
-0.000274941461794
-0.000767277451487
0.00075648929637
0.000285729616918
0.00119509214095
-0.000859018204168
9.06975965023e-05
5.36174751479e-05
-0.0009990674067
0.000970732871231
-2.52829396773e-05
6.37659357769e-05
-0.00117461984826
0.000936890972147
0.000173962940331
0.000929655438996
0.000573338291905
-0.0011509531908
-0.000352040540102
0.000606826674474
-0.000762626364291
-0.000119141771977
-0.000368063176404
-0.000699948204051
0.0007704420578
0.000297569322642
0.000648789806502
-0.000699823047856
0.00032275203012
-0.000271718788768
0.000334002429553
-0.000191443745955
0.00021663066193
0.00066001950276
-0.000778507147738
-7.15638610014e-05
0.000558661714764
0.00102766880363
-0.000555678547553
-0.000390398693761
-0.000525800587457
-0.0012434006837
0.000316850946283
0.000113312793123
-0.000674348261089
0.000613501929518
1.97255475105e-05
-1.32626731106e-05
7.56063188785e-05
7.37285779916e-05
0.000229933345613
-6.84475876638e-05
2.21265295671e-05
-0.000183612287515
-0.000345867978285
0.000575801323899
0.000241334222877
0.000166396784665
-0.000381958821904
0.000295512547367
0.000133785085808
-0.000106511115304
-0.000325846156414
0.000448234805065
-0.000508763596821
-0.000285339186529
-1.50552025038e-06
1.50552025161e-06
3.02221711706e-08
4.0831343642e-06
-5.618876787e-06
1.53574242302e-06
-6.28287108769e-05
-6.8447587662e-05
0.000242632860418
-0.000876551016785
0.000633918156363
-0.000314913113381
-8.46574215414e-05
0.000399570534916
0.00015550714558
-0.00096695160518
0.000811444459591
0.000903581967373
-0.000425190120955
-0.000902110795934
0.000423718949505
-0.000777889151404
0.000753577418915
0.000281531209713
-0.000257219477207
-0.00137407576535
9.87499405718e-05
0.000497436673376
0.000793281402627
0.000645543883399
-0.000685247867122
0.00046717638493
-0.000434771731233
0.000110829392131
-0.000143234045834
-0.000428510307692
0.000580773579235
0.000351772523397
0.000684141739647
-0.000337102943332
-0.00128989057297
0.000252917750946
-0.00112045181078
0.000845899515853
-6.25506484011e-05
0.000932575932903
-0.000876152730361
4.23267380401e-05
-4.48161864866e-05
0.00106041738093
-0.000865263762788
-0.000150337431664
-0.000115556865255
-0.00125425244903
0.0011069517816
0.000262857532698
-0.000578206502096
0.000739095168237
0.000120642543568
0.000681232805476
-0.000788487346797
-0.000321255766384
0.00080300281372
-0.000367902168935
0.000210443238611
-0.000354061444207
0.000171815750104
-0.000252526037139
-0.00106436221054
2.61719705838e-05
-0.000604437857216
-2.65756667894e-05
0.000515456658751
0.00109733484941
-0.000238569068534
-3.70485779808e-05
0.000381252822544
0.000805950138798
-0.000650366680519
0.000354677155754
-8.03058970904e-06
-1.74382213013e-06
-7.22947817904e-05
-0.000125092664958
-0.000631854986691
0.000659577700282
-0.00018802490144
0.000160302187851
0.000238278827812
-0.000270177239612
-0.000208976869554
0.000345771342048
-0.000314905217089
-9.70830078256e-05
9.71499536027e-05
0.000232892104334
-0.000554388199913
0.000571489885276
0.000221177142446
0.00271711925512
-2.99265943628e-05
-0.00268719266068
0.000242612857186
0.000544427638121
-0.000787040495308
-0.00161462427303
8.31786568011e-05
0.00153144561622
-0.00148216819703
0.000689406918782
0.00135235170381
-0.000559590425568
0.000597987840206
-0.00187460444953
-0.000734571921928
0.00201118853123
0.000762055039694
-0.000210144307893
-0.000883406027008
0.000331495295212
-0.000101066006962
-0.0011750305873
0.000819435763649
0.000456660830652
0.00137078478774
0.000109868284431
-0.000882665231988
-4.45683976543e-05
-0.00101132982569
4.03948072809e-05
0.0010155034161
3.32671083195e-05
-0.00139374445236
0.000214042252977
0.00114643509099
0.00131794850912
0.000218121560354
-0.000122421250311
-0.0014136488191
0.000586203562597
4.60718379423e-06
-0.000691876753359
-0.000645523115702
-0.00105211223721
0.000446155098876
0.00125148025403
0.000407921952178
-0.00101257826203
-5.51228145409e-05
0.000659779124566
0.000664426304738
0.000405134501164
-0.000307505766206
0.000731814023332
-0.00149892265839
3.24685493001e-05
0.00109973708353
0.00234919619496
-0.000403699243617
-0.00112515000909
-0.000984501504589
-0.00193457788054
0.000485676791818
0.000159789307481
-0.00123008191273
0.000934987326912
-0.000180471200296
0.000156691169118
-4.46675564773e-05
0.000183492644217
0.00337404764785
-0.00405082782932
-0.000333184918972
0.00100996510046
0.000321197366353
0.000526721582604
0.000413752278153
-0.000530877188445
0.000136829642852
3.15345675536e-05
-9.83289965107e-05
0.000220173461544
-0.000161122848209
0.00112617816439
-0.0011852287777
0.00359422110941
-0.000362583825319
0.00036258382533
0.00018381702007
-0.000346883357716
-0.000199517487664
0.0005464008454
0.000312694342566
0.000659577700304
0.000260470792641
-0.00271079409057
0.00245032329794
-0.000454021249492
-0.00128162759464
0.00173564884414
-5.88029874773e-05
-0.00221945286686
0.00227825585434
0.0010541812979
-0.000589314993634
-0.000998782763272
0.000533916459005
-0.000769809663583
0.000998077120932
0.000146206224678
-0.000374473681946
-0.00160373228606
-1.38469677894e-06
0.000835307319262
0.00125249591289
0.000593905192774
-0.000848323984724
0.000872709436377
-0.000751130214658
0.000250720035444
-0.00037229925716
-0.000482684586733
0.00090137277361
0.000923261722308
0.000589704983227
-0.000450540550617
-0.00159874663716
0.000445554901702
-0.00121325572171
-9.8811055713e-05
0.000861526226836
0.000968896324702
-1.94328737345e-05
-0.000950848147723
-0.000151968178333
0.00123548870238
-0.000134265385434
-0.000949255138556
0.000242235581596
-0.00145499396803
0.000131579513814
0.00108117887263
-0.00057837479656
2.48974022224e-05
0.000699683619055
0.000874739004775
-0.000339289240378
-0.00101813435115
0.0010002402667
0.000130877524409
-0.000537212598319
-0.000616856550096
-0.000380010414305
0.000245736749744
-0.00272381075604
-0.0010309075592
-0.00133314835712
0.000180633333536
0.00139475060517
0.00147589219579
-0.000573679076219
-0.000181657428831
0.00204043666313
0.00105748309894
-0.000745425318953
0.00222106999665
0.00102806261929
-0.000310234206429
-5.82507125547e-05
-0.00330200039569
0.00405082782931
6.13345749436e-05
-0.000810162008578
-0.000375144197076
0.000313820206148
-0.000383251797772
-0.000608748949403
-0.000323125499807
0.000452439185622
-0.000159424448148
1.6047846205e-05
0.000134951281899
0.000159482042899
-0.000855994576384
0.00101033273962
-0.00106457768692
0.00106457768693
0.000654098328097
0.000285391157455
-0.00200406717247
0.00171867601503
-0.00204676065684
-0.000938191405431
7.91732012559e-05
3.25414657964e-05
-0.000477292599099
0.000285848853138
0.000293149458699
-0.000569158851808
-0.00019346751249
-0.00024640682169
-0.000114913954669
0.000101651281554
0.000126420268207
0.000701134564919
0.000276937834703
0.000319175743014
0.000726347317922
0.00021054365422
0.000273636335579
-0.000790686659418
-0.000360266531381
-0.000342451854353
0.000239274807005
-0.000217148277439
-0.000269488789815
0.000885769474746
-3.98699588825e-05
9.61674438868e-06
0.000470445096159
-0.000298629346073
-0.000318042250639
0.000576360161279
0.000162735006972
0.000208457992347
0.000115775464173
-0.000117519286302
-0.000154401775441
-0.000649722315432
-0.000252388480502
-0.000303950973383
-0.000669939911143
-0.000195323851647
-0.000246220961641
0.000847626516034
0.000259325265567
0.000293238316122
-0.000383080649283
0.000195055747848
0.000188409235994
0.00104757829886
-0.000385512799518
-0.000662065499347
-0.0008809838326
0.000742729705356
0.000138254127238
-9.93675720681e-05
0.000264135324498
-0.000164767752439
-0.00080965854741
0.000253967881131
0.000555690666303
3.67982991744e-05
-0.000426677100516
0.000389878801336
-0.000113685332733
0.00044536107522
-0.000331675742489
-0.000541870220485
0.000428184887753
0.000830980261592
-0.000310617640351
-0.000520362621207
0.000241188745059
-0.000649247426565
0.000408058681514
-0.000848140193333
0.000678361740862
0.000169778452504
-0.000798937991124
-1.07205562552e-05
0.000885759431449
0.000161818867404
-0.000282250575381
0.000182883003308
0.000443493078447
-0.000406694779281
-0.000797449242013
0.000383232671012
0.000414216571004
0.000873692848708
-0.000819331908033
-5.43609407183e-05
0.000633316708053
0.000240376140608
0.00123905548475
-0.000753200100683
-0.00048585538407
0.000876459305119
0.000362596179629
0.00116166391144
-0.000635225227329
-0.00052643868414
0.000408463810757
0.00112373032604
-0.000498095155263
-0.000625635170774
0.000699886358728
0.000423843967313
-0.000821909763604
4.47659760759e-05
0.000777143787521
-0.00102649847922
0.000600094457837
0.000426404021387
-0.000255188874134
0.000496377619198
0.000139130747116
-0.000547085640816
0.000407954893709
0.000442426136439
-0.000859869847406
0.000417443710937
-0.000812652252233
0.000882701548607
-7.00492963497e-05
0.000895523758587
-0.00101425461395
0.000118730855367
-0.000439120852292
0.000410868762949
2.82520893317e-05
-0.00021051458493
-0.000586934657086
-0.00013428220155
-0.000514965225002
7.3201643028e-05
-0.000895111406636
-0.000629936102096
-0.000251047730508
-0.000119457537867
-0.000693194714325
0.000695921818192
4.68078871559e-05
-0.000316130469504
-0.000532009723831
0.000655662387364
0.000175317874264
-1.1400751833e-05
0.000711287110561
0.000561626390376
-0.000573027142206
0.000373159589935
-0.000818814586263
0.000445654996325
0.000869743909697
-0.000496584319778
-0.00016136933717
0.00082427250988
-0.000662903172708
0.000715089967952
-0.000484322741944
-0.000335009166101
0.000272706860089
-0.000757029602062
-0.000606304557738
0.00056440512089
4.18994368728e-05
-0.000610896002158
0.000437161944662
0.000173734057494
0.000455975671765
0.000216257227966
-0.000672232899789
-0.000921318117362
0.000102503531073
-0.000288001409306
0.00104038441344
-0.000170640503751
0.000405159186109
0.000636208520967
7.18574387869e-05
-0.000708065959816
0.00114911586819
-0.000324843358313
0.000651020712933
0.000873582297694
-0.000311955907316
-0.000447112916385
-0.000163783085777
0.000185818186681
-0.000632931103069
0.000471950504068
0.000177245019943
-0.000649195524035
0.000320622617897
0.000271131329431
-0.000591753947298
-0.000285681939833
0.000674354265908
-0.000218378594186
0.000608368446958
-4.39633260486e-05
0.00060160374446
-0.000164441799815
0.000733957243229
-9.77487222923e-05
0.000673038275228
-0.000201087771186
0.000473588493773
-0.00033445774666
0.000331712077209
-0.000336927353732
-0.000689571125487
0.00020177464307
0.000639453824826
-0.000841228467904
-0.000431554533896
0.000685522415032
-0.00069886307379
0.000388245433464
-0.000258046312328
0.000700472448761
-0.000388414242138
-5.07066101627e-05
0.000200569856367
0.000694953902214
-2.05013329219e-05
0.000447803348116
-0.000833316147634
0.000605377909971
0.000277323638657
-0.000656016008393
-0.000358238605556
-0.000242852426695
-0.000617017420725
-0.000521850915443
9.54196356409e-05
0.000426431279805
-0.000218103305691
0.00081819776353
-0.000450346288456
-0.000290211429178
0.000740557717607
-0.000105070974273
-0.000768407320119
0.000873478294401
3.11997557483e-05
0.000722415641884
-0.000753615397589
-1.1785511964e-05
0.000482376328531
-0.000470590816549
-0.000738934103781
0.00102423320251
-0.000285299098732
-1.66759136512e-05
-0.00050517500177
8.36972388668e-05
0.000669088489853
-0.000752785728733
-0.000585170126021
0.000422518845922
-0.000434304357887
0.000670722930932
-0.000468948287867
0.00069319871515
-0.000309966044145
-0.000636577665719
-0.000162360325395
0.000761086982666
0.000124672448784
-0.00050532327574
7.86461752305e-05
0.00042843600973
1.69250654892e-05
0.00046257161191
8.96547477501e-05
-0.00055222635967
-0.00038253970363
1.41006695728e-05
0.00036843903405
0.000743767357304
-0.000516227923832
-0.000227539433474
0.000525974752342
0.000217792604974
0.000337512983235
7.3355779701e-05
0.00025913444445
5.00088004221e-06
0.000658152301488
-0.000195580689582
-0.000577202613588
0.00066089985245
0.00010618950431
-0.000845123608095
-0.00077624958334
0.000718550142308
5.76994410611e-05
0.000848472795185
-0.000788348439619
-6.01243555724e-05
-0.000802274514928
-0.000938144732618
0.00077342789891
0.00016471683371
-0.00020671184092
-0.000569537742421
0.000228467964689
0.00062000483049
-0.000296577310855
-0.000641567421761
-0.000235534468376
-0.00066521100971
0.000900745478076
0.000527772877454
0.00049646032505
-0.000470028155019
0.000453352241366
-0.000479935233013
9.73955293772e-05
-0.000268149905811
0.000533147826192
0.000438952861778
-0.000755083331294
-0.000469163121606
-0.000171957011771
0.000641120133394
1.76257851167e-05
0.000638036602286
0.000542634181466
-0.000662091719296
-6.20732613104e-05
0.000410856603918
0.000112235138665
-0.000523091742572
-0.000292994606508
7.07961574947e-05
-0.00053995927909
0.000374223936764
0.000329524843255
-0.000703748780019
-0.00042498730191
-0.000314776464299
0.000739763766206
-0.000726161112823
0.000301173810907
-0.00065521033843
0.000113884606628
0.000541325731806
-0.000375598797662
4.1190114075e-05
0.000334408683568
-0.000292004674109
4.26619026904e-05
0.000249342771405
-0.00021258305059
4.36024025554e-05
0.000168980648022
-4.07067241511e-05
-0.000576310696577
-0.000700655252278
8.93017909694e-05
0.00061135346132
-0.000136658073055
4.36957769031e-05
9.29622961229e-05
0.000624498214664
0.000245034615919
-0.000869532830582
-0.000636297947996
-6.43573042804e-05
0.00024481731267
-0.000191898898328
-5.29184143499e-05
-0.000351937176057
-0.000548053501183
0.00043457550758
0.000113477993608
0.000727140058649
-0.000667541712441
-5.95983460988e-05
-0.000853865019172
0.000484437607819
0.000369427411356
-6.26137781435e-05
4.24604211922e-05
2.01533569392e-05
0.000725087720391
-0.000555158877409
-0.000169928842962
0.000138878365549
-0.000269970146375
0.000131091780811
3.05671581686e-05
-0.000325504116965
0.000294936958774
0.000180078345237
-0.000202908308665
2.28299634348e-05
1.14832346221e-05
3.93822811801e-05
-5.08655158194e-05
-0.000191044596728
0.000188362761876
2.68183484206e-06
9.7114802847e-05
-0.00032234180695
0.000225227004081
0.000292063267837
-0.000194948464974
3.68492193689e-05
-0.000828522718523
0.000791673499168
0.000767507552272
-0.000860415094789
9.29075425088e-05
-0.000328349795106
0.000891094423967
-0.000562744628871
-0.000316218102194
0.000159832377687
0.0001563857245
-1.55984142707e-05
-0.000360000383388
-4.2363714107e-05
-0.000784686007287
0.000827049721448
-0.000565908547458
-0.000393906666197
-0.000459958352972
0.000875618848156
-0.000364532510105
-0.000511086338059
-1.7318439083e-05
-0.000274686235026
0.000547269053055
-0.000790632547042
0.000827481766418
-0.000713278006384
0.000303536627507
0.000409741378864
-1.87491218974e-05
-0.000193833928695
4.09351794322e-05
0.000298299804128
-0.00033923498354
-0.000690022193577
0.00048737248063
0.000202649712942
-0.000735558428408
-0.000326076767773
0.000367011947219
0.000210854942643
-0.000112427311871
-9.84276307686e-05
0.000724652143156
-0.000433843726423
-0.000290808416734
0.000460524293956
0.000264127849197
0.000173656773582
6.42157166024e-06
0.000363937710827
-0.000244374756078
-0.00011956295474
0.000711762546709
-0.000632922663982
-7.88398826518e-05
0.000655320922379
5.6441624379e-05
-0.000115269256087
0.000182252564157
-6.69833080797e-05
-0.000736609068804
0.000110586084216
0.000626022984601
-0.000329334450086
-0.000383943556314
0.000174919762804
-7.67059606741e-06
-0.000167249166734
-0.00031491942599
0.000403752439507
-8.88330135173e-05
-1.95590305296e-05
-0.000117099042532
-0.000131934834236
-0.000604674234554
9.4217394683e-05
0.000721742276982
-0.000762449001126
-0.000501641917129
0.000378501605835
0.000123140311323
1.42264614728e-05
-0.00080485900851
0.000382088519182
-0.000132641280618
-0.000249447238562
-0.00041199602327
8.42648239034e-05
0.000327731199361
-9.51611983785e-05
-0.000137188080161
0.000232349278533
-8.83938866023e-05
-0.000459659614581
-1.86936713747e-05
0.000193613434166
-0.000770474703916
0.000784701165396
0.000248701949166
-0.000203685780609
-4.50161685949e-05
0.00010847953407
0.000273608985109
0.000298207963169
-0.000129853593318
-0.000168354369855
-0.000303516489201
-0.00011351658374
0.000587406974612
-0.000473890390873
-1.93296007416e-05
-4.32841774041e-05
0.000147569646432
-0.000113580569419
-3.39890770068e-05
0.000218091326636
-0.000127590749749
-9.05005768903e-05
0.000103547603918
0.000114543722707
0.000105897759405
0.000192310203764
7.05860727103e-05
0.000140268869916
0.000129943571739
-0.000853462102034
0.000723518530299
-0.000192150329348
6.45595795804e-05
-0.000151895176721
-4.02551526282e-05
0.00059315288616
-0.000850657665986
9.39324216047e-05
0.000756725244393
-0.000229497899624
0.000412057262148
0.000233213108899
-0.000645270371053
-0.000722003730161
-0.000128653935804
0.000195470019968
-0.000238315754041
4.28457340484e-05
-0.000210430454469
0.0008643305609
-0.000681888775215
-0.000182441785688
-0.000115528633581
0.000254406999123
0.000126307971606
-0.000115624606669
-1.06833649419e-05
0.000385644180937
0.000514277704017
-0.000899921884942
-0.000161395377972
-0.000108574768408
0.000447754155202
-0.000536444305855
8.86901506451e-05
0.000142326830747
0.000854634277958
-0.000775461076706
-0.000842741009361
0.000802871050484
-0.000817566303699
0.000756550672087
6.10156316578e-05
0.000924205726997
-0.00085008440201
-7.41213250373e-05
0.000175130130844
0.000116933136989
-0.000244843256751
-7.74985502035e-05
-0.000873694290133
0.000234512781319
0.000639181508809
-0.00059957822654
-0.000274116063581
-0.000363229210576
0.000664403021481
0.000303361647344
0.000578947731722
-0.000882309379073
8.34219347031e-05
0.000595900311686
-0.000183843049554
0.000316816769342
-0.000370820811568
5.40040422135e-05
0.000253720071208
-0.000459970209556
0.000206250138357
0.000875393093045
-0.000640880311725
-0.000215924053306
-5.16098391757e-05
0.000267533892484
0.000291516197425
0.00012486953989
-0.00026205762006
0.000193504317833
0.00039666890063
-7.98521313089e-05
0.000251603204532
-0.000614832415103
-0.000332413589136
-3.84072224388e-05
-0.000141087971351
-0.000344237733965
1.18241448186e-05
0.000134263649693
-0.000211515912484
2.04713157614e-05
2.67836291051e-05
-0.000242707682419
0.000215146390986
-0.000755808108669
0.00043461317655
0.000321194932116
-0.000390681748696
6.46049809386e-05
0.00028470191758
0.000139899050357
9.70758033482e-05
0.000299593097269
-0.000307261063857
0.000195390318698
0.000111870745147
0.000296453095926
-0.00026588593776
-0.000601606896152
0.000109329428943
0.000492277467204
-4.47585507038e-05
-0.000158149757969
0.00091907836078
-0.00061571671344
0.000245601158522
-0.00085228957723
0.00060668841871
0.000800049018066
-0.000812992296466
2.83062892165e-05
-0.00081890597413
0.000297800207195
0.000314039597294
-0.000611839804511
0.000287856526186
0.000216033259221
-0.00050388978539
9.26914903922e-05
0.000271246220448
0.000268444576841
0.000283295081867
-0.000551739658708
0.000960823782266
-0.000723348908995
0.000724114065665
0.000200091661294
-1.75653066158e-05
2.90485412436e-05
0.000486011517485
-0.000850544027601
0.000852577549739
-0.000758645128119
0.000755385703023
-0.000517712597236
-0.000237673105768
0.000200226825618
0.000529223771678
-0.000241367245476
0.000335826395936
0.000448849481679
-0.000784675877619
-0.000294816035454
0.000555567152374
-0.0002607511169
0.000821837913421
0.00075238610918
0.00012582574654
-0.00077295921156
0.000647133465025
-0.000170198975016
-0.000137062088854
-0.000822159964696
0.000833982350083
-0.000114482651706
-0.000707677312933
8.85955338868e-05
0.000717549944045
-0.000806145477929
0.000731449410529
0.000102532939522
-0.00049393625506
0.000879580436003
0.00105152137877
0.000768030122397
0.000283491256363
6.3839743564e-05
0.000184862205605
-0.000347369493991
0.000645169701178
0.000870099373183
5.2968544145e-05
-0.000166549113565
-0.000790026901337
-5.27141080136e-05
0.00022050968382
-0.000353150964447
-0.000222379451986
-0.000242943303557
0.0004435839222
-0.000200640618634
0.000243108300842
-0.000528447487369
-0.000335691402972
0.000556868545415
0.000294140969853
-0.000588957005292
0.000642418388208
-0.000469966426182
-0.00017245196201
-0.000676703944083
0.000809374128928
-0.000324936521106
1.60349236467e-05
-0.000820893932145
-0.000787444500901
0.000269731903672
-0.000919197737198
0.000725730224698
0.000847141877784
-0.00068440687081
6.03385872075e-05
0.000141188307374
-0.000201526894591
0.00044295080728
-0.000358685983388
-2.59882473224e-05
0.000221458267288
1.4694453696e-05
-0.000166589630429
-0.000416196347159
0.000659304648002
-0.000167729681333
0.000797328324687
-0.000736592487865
-6.07358367766e-05
0.000804598348635
-0.000813814225216
9.21587654175e-06
0.000141088581523
-0.000270942174845
0.000689407540675
-0.000563581794115
-0.0003630065306
0.00024733038392
0.000115676146653
-0.000271560973564
-0.000366857236299
-0.000134784680822
0.000379686450164
-0.00039469831838
1.50118682161e-05
-0.000167720325702
0.000228058912899
-0.000472781948093
0.00022983864454
2.29590966546e-06
-0.00034653364363
-4.72335657016e-05
0.00083327047994
-0.00078603691425
0.000345229511544
-0.000304039397457
0.000588629533199
-0.000429147490317
-0.000500563333938
0.000339440485741
0.000141002425299
0.000145939126307
-0.000390313882382
-3.53378681534e-05
0.000176526175512
-0.000150962474821
-1.80785758204e-06
0.000779316400542
-0.000777508542969
0.000322376243398
-0.000652844348026
0.000330468104641
0.000672671539086
-0.000227955945447
-0.000643831584876
0.000244636185438
0.000326407443225
5.26386984186e-05
0.000751959650164
-0.000463887794337
-0.000137719101818
0.000699165954286
-1.76587947113e-05
-0.000681507159598
0.000282225914732
-0.000403920801692
0.00012169488696
0.000263770072556
-0.000221108169865
8.58088378778e-05
-0.000253529163594
-0.000671224027576
-0.000101735183966
-0.000265930727261
-0.000221503685023
2.96047866936e-05
-8.02375059974e-05
-0.000692797071645
0.000276600724487
0.000616517213258
0.000803369310143
-0.000850602875851
0.000186326410153
-0.000142724007606
0.000270272468887
0.000173311453317
0.000687157133369
-0.000634518434974
0.000139325311633
0.000503093076582
-6.43565164251e-05
-0.000275150985361
0.000339507501802
-0.000688080246866
-5.31461204442e-05
0.000741226367324
-0.00039019450205
0.000199415458209
0.000190779043834
2.45879413566e-05
0.000833883171926
-0.000407479150542
3.9559950378e-05
-0.000463925329271
0.000424365378896
0.000938337868537
-0.00059290357776
-0.000345434290782
0.00061942551351
0.000318912355029
0.000612338420748
-0.000498453814115
0.000281199156575
0.000290781563992
-0.000355138080412
1.10857074142e-05
-0.000322857572376
-0.000202033772121
0.000524891344507
0.000503587517722
-0.000772404830384
0.000268817312658
0.000287834625043
-0.0003708183152
8.29836901757e-05
-0.000481490501071
-0.000305953999814
-0.000285307571851
-0.000756566833958
0.000738908039213
0.000416211595199
0.000801561452557
0.000232709580002
0.00035934475453
-7.15101294934e-05
-0.000668036106194
0.000332344703223
0.000481842631825
-0.000492950575969
0.000693938442121
-0.000885698034465
0.000834000237212
-0.000677616928088
0.000887435502208
-0.000209818574122
0.000111737702754
-6.80419258503e-05
0.000551108374421
-0.000817131657321
0.0002660232829
-0.00015244790384
0.000796261820513
-0.000643813916682
0.000137494013457
-0.000174329652972
-0.000215864849088
-0.000831371614708
0.000678923710861
0.000807616847724
-0.000717296486313
0.000757691293582
0.000374797790071
0.000319140652047
0.000832328361193
-0.000782024364132
-9.26844815219e-06
-0.000316235668816
0.0009062355652
-0.000286810051693
0.000586920122256
0.00016671696879
-0.000753637090997
-0.000352505855795
-0.000504694967072
0.00085720082286
0.000949885413005
-0.000472394037083
-0.000477491375926
0.000246526198112
-0.000908591697466
0.000570007448722
-0.000718499636071
0.000148492187372
0.000694387576545
-0.000124380127826
0.000268472654782
0.000517542415971
-0.000639963666262
-0.000150708621333
-0.000532228481036
0.000682937102365
-0.000258443604658
0.000544292457794
-0.000181850685188
-0.00057309988126
0.000754950566432
-0.000784000478754
0.000291049902784
0.0010034630845
-0.000521620452675
-0.000837877135046
0.000785163027046
0.000203310292913
-8.1151890644e-05
0.000738483604654
-0.000459933288838
-0.00027855031582
0.000163569275287
-0.000333768250311
-8.68615974298e-05
0.000377643161415
0.000614411135322
0.000646276578748
0.000259958986452
0.000257092790578
-0.00038184673644
0.000124753945875
-0.000701617668588
0.00053168882563
-0.000113645925323
0.000561400080494
0.000309776311368
0.000428707293285
0.000307447416701
0.000501926712224
0.000316638805046
4.270594949e-05
0.000381982359826
0.000736800626613
0.000126104297127
-0.000548836719615
-9.41507529221e-05
0.000642987472613
-0.000723808502597
-0.000392322418512
0.00030546082109
0.000647165716126
-0.000129623300127
-0.000498311299322
0.000296277527205
5.64997376993e-06
0.000898579846505
-0.000384302142495
7.41995205622e-05
0.000422279361651
-0.000122686264392
-0.000113725524623
0.000239641686561
-0.000538271032639
0.000336538926646
-0.000818029427709
0.000656747412691
-0.000169374932064
0.000311953221467
-1.40056668298e-05
-0.000297947554643
-0.000193223136937
-0.000499573934707
-0.000218337419215
-0.000280916786787
0.00044778364683
-0.000166866860055
-3.57309050939e-05
-0.000926077811191
0.000713050867134
0.000213026944049
-0.000463113769643
0.000244776350424
-2.98948385893e-05
-0.000295278940823
-0.000357565407196
-0.000770442606767
0.000141362574856
0.000473866378008
0.000138472042744
0.000307495586398
-0.000412356621429
0.000104861035047
-0.000417802864078
0.000243473211099
0.000476993519876
-5.04365128936e-05
-0.000426557006974
3.817988931e-05
4.28053188127e-06
-0.000351992368885
-0.000191056815993
0.000357453600654
-0.000109764600521
-0.000135606853281
0.000245371453798
-0.000161251612941
-0.000764826198254
0.000582484174132
-0.000698789822659
0.000604639069774
-0.000704743365965
0.000715829073369
-0.000435222275785
0.000244165459788
0.000726746850244
-0.000524097137302
0.000442957766425
-0.0001182213369
-0.000324736429519
-0.000864270680111
0.000189290651141
0.000674980028969
-0.000401060692584
0.000710837003954
-0.000559582191714
0.000759673852957
0.000412915566887
-0.00100581914464
0.000580666347544
-0.000833054828042
0.000638204513468
-0.000164338135456
-0.000590233690558
0.000867171525259
0.000431703908253
0.000382269364184
-0.00081397327245
0.00017662642511
0.000550120425129
0.000224430082547
0.000168217270487
-0.000392647353033
-0.000778952087345
0.000703494744618
7.54573427149e-05
-0.000653628307642
0.000343696610917
0.000309931696711
0.00060051779581
-0.000849393631124
0.000248875835291
0.000113093917917
0.000576313622764
0.000770213453016
-0.000681617919127
-0.000322166465723
0.000405150155903
-0.000217994101365
-0.000708696744167
0.000897987395308
0.000787820242008
-0.000511219517521
0.000362984733488
9.30685676754e-05
-0.000415235033384
-0.000552372906627
0.000859820323326
0.000314258189201
-0.000688337597301
0.000374079408092
-0.000886276740719
-0.000580379067292
0.000213547057665
0.000366832009682
3.46276715962e-05
0.000744688728938
-0.000285819342178
-0.000367808965461
-0.000134358209779
0.0004418537962
-0.000252279620092
-0.000526672467255
-0.000394183837675
0.000905124749499
-0.000694581095284
0.000936748092666
-0.000288682678065
-0.000648065414596
8.33636989036e-05
0.000441927757619
-0.000525291456505
0.000401305886206
-0.000305981290956
0.000512390225433
0.000312168227326
-0.000824558452759
1.05614289198e-05
-0.000599035819035
0.000588474390101
-0.000329643965745
0.000388692958769
-8.69123806932e-05
-0.00032544424074
-0.000497353109449
-0.000204264559131
-0.000323885705463
-0.000287954099056
0.000427361771834
-0.000667405386311
0.000240043614469
0.000396948534144
-0.000692227474968
0.000317445643506
-5.49242201569e-06
-0.000268868467595
-0.000148934396491
0.000964264986632
-0.000645352631601
-0.000323675073276
-0.000568097848593
0.000891772921864
-0.000686880034757
-1.04925187172e-05
0.000756719532814
-0.000746227014098
0.000388062286403
-9.30791798083e-05
-0.000294983106609
-0.000297990258299
-0.0006074076479
0.000348964043237
0.000335835217636
-0.000241594221474
0.000625325492499
-0.000383731271019
0.000807705643579
-0.000295315418137
0.000677560614948
0.000259187477722
-0.000157416653886
0.000341508311808
-0.00047586652156
0.00022259622209
-0.000199766258666
-0.000407877220302
0.000612090632746
-0.000204213412454
-0.000226844550855
0.000904405165804
-0.000935541295021
0.000351979305602
0.000243921006077
-0.000429133016909
0.000110222390877
0.000318910626039
-0.000118736508008
-0.000712635106701
-0.000664900081299
0.000423305859832
0.000555426023481
0.000115195225161
0.000655018227862
0.000119193818803
0.000139780728659
-0.000726548686481
0.000586767957831
0.000583064212222
-0.000434870897566
-0.000148193314663
-0.000913908763837
0.000424708945866
-0.000256491675367
0.000483296970468
0.00035673782539
-0.000840034795841
0.000175186991915
0.000205155109474
-0.000476640535661
0.000271485426177
-0.000155750191847
0.000219589935403
-0.000835064959104
0.000706411023298
-0.000653180857737
0.000120952376692
0.000216117957019
-0.00070743314616
0.000491315189149
0.00081983589712
-0.00047774739947
0.000487998935746
-1.02515362478e-05
-0.0008978071974
-0.000764398579
-0.000596973594381
0.000773600019492
0.00044878212428
0.000189422389196
-0.000539304294123
0.000706021262929
0.000559934741884
-0.00062541993324
6.54851913437e-05
1.78101487735e-05
0.000372513273143
-0.000390323421887
-0.000193237414061
0.000561884381675
-0.000551322952762
-0.000376952762202
-0.000203426305057
0.000769751777185
-0.000430827570261
-0.000338924206911
-0.000256748688869
-8.74102199556e-05
9.01895373106e-05
-2.7793173874e-06
-0.000166412154068
0.000507920465893
0.00072959945946
-0.000848335967472
0.000681106460466
0.000264852321235
0.000640272428258
-0.000161725658423
-0.000673339300678
0.000501651881304
-0.000101170240858
-0.000400481640448
-7.3651786183e-05
-0.000462792519662
0.000451749970854
-0.000486231778805
3.44818079481e-05
0.000541541130907
-0.000327994073251
-0.000814967695748
0.000698413237937
-0.00058531932001
5.31577870207e-05
0.000516768325011
-2.59974286144e-05
0.000463797777372
-0.00025951826293
-0.000865558270655
0.00067023441901
0.000322666520452
-0.000415745700268
0.000409334980151
-0.000573047550324
0.000163712570193
-0.000239041572582
-0.000282876877924
0.000521918450525
-0.000382904798288
0.000622546484838
-9.77263978292e-05
-0.000547051307637
0.000644777705454
0.000340239039604
0.000114782886696
-0.000455021926294
-0.000219945440305
0.000932996307435
0.000785012097681
-0.000229586074195
0.000423402171235
7.82497100862e-05
-9.32461158543e-05
0.000316852793648
-0.000392454312013
0.0004102644608
-0.000444596902204
0.000357684521545
-0.000795128149659
0.00075939724457
-0.000688379318047
0.000305474519748
-0.000186291727042
-0.000407567611305
0.000240951606528
0.000166616004762
-0.000230784447576
0.000581082347985
-0.000350297900414
0.000641709995928
-0.000803435654348
0.000412570763073
-0.000470935485445
5.83647223945e-05
-0.000573010271633
-0.000241957424118
-0.000696599530618
-1.32315297014e-05
0.000709831060338
-0.000735026215217
-0.000322726142662
0.000719674676814
-0.000190664821147
-0.000140982044288
0.000691102469416
-0.000521823752697
-5.1704716022e-05
0.000573528468738
6.27959076094e-05
-0.000455250219606
-0.000733918913402
0.000268921615136
0.000464997298273
0.000598757369351
-6.28296075659e-05
0.000380671235974
-0.000208936532725
-0.000171734703248
-0.000347441859066
-4.48805594342e-05
0.000474711363626
1.32875721271e-05
-3.8828333872e-05
0.000513539697508
0.000215723963045
-8.93036948432e-05
8.36179179435e-05
-0.000238019693388
0.000182781996101
0.000602230101585
-0.000515765368403
0.000625094797346
0.000716303592726
-0.000484650793433
-0.000231652799289
-0.000860831519344
0.000669766536151
0.000191064983229
0.000381306185166
0.000150245538017
0.00029160825818
0.000278572083437
6.66574280935e-05
4.57776567908e-06
-0.00027046370344
-6.72568630165e-05
-0.000249722984642
-0.000615835286016
0.000461955881943
0.00025434771078
-0.000674230985317
0.000257196642522
0.000408969344314
1.29511649319e-06
-0.000677327977235
0.000192677183794
-0.000145124483064
-0.000202684817707
-0.000503241264834
0.000705926082516
-0.000675582308568
0.000602726293153
-0.000905649311504
0.000302923018352
0.000788484822497
-0.000476316595177
9.09011218434e-05
0.000241520593085
-0.000332421714937
0.000373430653494
0.000138997996736
-0.00051242865021
-0.000528379786039
-0.000608893781221
0.000511167383381
-0.000332586840176
0.000676283451089
0.000537143223695
-0.000549966706984
0.0007903428476
-0.000359687847646
0.000452756415328
-6.88451842905e-05
-0.000375751717902
-0.000390768274662
-0.000697208203826
0.000375952437437
-0.000336485895229
-0.000126627874441
0.000331967220545
-0.000830394691281
0.00049842747073
-0.000257322073281
0.000137742307682
0.000598551373466
-0.000736293681146
-0.000169006131179
-0.000508321846058
0.000267760085311
0.000404039722638
-0.000498053705429
9.40139827799e-05
0.000287365156769
-0.000526406729344
-0.000258324673737
-0.000317014339626
0.000575339013397
-0.000451374487688
-0.000216030898626
0.000260630924318
0.000187152722502
0.000299397018546
-0.000536307723251
0.000236910704696
0.000261812355236
-0.000364088784879
-6.5044232022e-05
-0.000357661677137
-0.000389415157207
0.00074707683433
0.000369277901611
-9.07058181727e-05
-0.000321196919972
-0.000560652086581
5.09562106039e-05
0.000623270647527
0.000150329371962
-0.000227249453488
-0.000633582065893
0.000339989595371
-0.000183603870831
-0.000752651524707
0.00076067451384
-2.50714140769e-05
-0.000330066666319
-0.000599379903728
0.000547675187691
0.000766054561419
0.000144222205857
-0.000236699229341
9.24770234816e-05
-0.00030863956635
0.000618571263057
0.000450550538846
-0.00029069598072
-0.000159854558124
-0.000298075855887
0.000181096012811
0.000116979843074
0.00069359581012
-0.000688851503679
-4.74430644543e-06
-0.000242603724252
0.000201320652999
0.000138668942344
-0.000467820627365
0.000701810986341
-0.000532032533815
-0.000105399273121
0.000306719926119
0.00025073983535
-0.0006011523732
0.00035041253784
-0.000356178137903
0.00073442830169
-0.000378250163778
1.95471303682e-05
0.000674048679772
0.000653107552533
0.000251297613274
0.000399311955346
-0.000844066912213
0.00044475495688
-0.000615197522384
0.000245523660726
0.000369673861695
0.000408148335602
-0.000160218899535
0.000448628320569
0.000499876682533
0.000475903423381
-0.000413107515755
0.000903192271327
-0.00052511031278
-0.000378081958557
-0.000612355670407
0.000354030996677
-0.000559548022168
-0.000212856808229
0.000779452303617
0.000343379920989
-0.000529169770486
0.000185789849508
-0.000404345454155
-0.000210852068194
-0.000290481087508
0.000568538989199
-0.00026914197066
-0.00022452679128
-0.000277370811895
0.000501897603175
5.07471778365e-05
1.86688073606e-05
-0.000433262721942
0.000414593914573
0.000120611200844
-0.000555482098425
0.000471534650819
-0.000179926392642
0.000123017102021
0.000350548647568
-0.000473565749602
-0.00011704785353
0.00026127005939
0.000404496375928
0.000325700843935
0.000218591613855
-0.000677052400257
-0.000159325180342
0.000735638803115
0.000179302644457
-0.000735122754226
-6.00053954152e-05
-0.000373598573129
0.000189994702296
3.78632423214e-05
-0.000758780247529
0.000134227858346
0.000281389900116
0.000599087098944
-0.000880476999064
-0.000179891309689
-0.000296749225978
-1.09253706704e-06
-0.000240129398689
0.000241221935737
-0.000216599577562
0.000855781086366
0.000116260366567
0.000253017535044
-0.000196336496221
-0.000156814468237
0.000460858088504
-0.00032663023013
0.000324697585262
-0.000504588894959
-6.896601041e-05
-0.000116914536975
0.000185880547406
0.000844938014164
-0.000470858606076
2.66518929244e-05
6.35376443774e-05
0.000634367444912
-0.000383627609565
0.000557661694901
-0.000214281773913
0.000274781515906
0.000293757473286
-0.000261777467073
0.000208859052716
0.00023549001374
-0.000795038035904
-0.00016100741093
9.20414005079e-05
-0.000594964659468
0.00089047720683
0.00058007211874
-0.000854188182332
0.00018144836515
-0.000220082681124
-5.37359063509e-05
0.000273818587462
0.000184334739756
0.000112413842223
-0.000666124639399
0.000553710797176
-0.000194163838924
0.000435115445469
-0.000663792822265
0.000179000419499
0.000484792402808
0.000460468369622
-0.000441799562266
0.000827905135474
-0.000247833016725
0.000305717444258
-0.00021481632243
-0.000211610137991
-0.000205592699863
-9.24831560168e-05
0.000525301724024
-0.000823631931327
0.000298330207297
0.000415683211964
0.000316000199504
0.000286948415026
0.000270713279882
-6.80451148134e-05
0.00018891868752
0.000116798756728
0.000144072825291
-0.000353009358016
0.000118281295341
0.000419186156397
0.000478250177454
-0.000897436333856
0.000479237036347
0.000140588308543
-0.000423593457655
0.000283005149116
-0.000816274644868
6.48317822291e-05
-0.000428357166385
0.000429652282889
-0.000206982568368
-0.000468424892203
0.000141794662081
-0.000460909643406
0.00012442374818
-0.000508259817874
0.000107778177448
0.000224051740811
9.19484586954e-05
0.000234556569761
0.00023899546743
-0.000473552037206
8.66372449995e-05
-0.000326370857296
0.000914526535589
-0.000740563595262
-0.00049181837544
-0.00011825577927
0.00061007415471
-0.000534009413848
0.00026071979666
0.000273289617173
0.000381817095427
0.000352611206262
0.000318049472189
-0.000540543868315
0.000222494396119
-0.000158495465418
0.000783466872352
-0.000624971406947
0.000340312107388
-0.000759881039711
0.000437154897047
0.00057065168105
-7.83742138461e-05
0.000588768393816
-0.000301819978781
-0.000767745681923
9.31367918901e-05
-0.000805771898599
0.00011304061881
0.000578061850604
-6.77185813204e-05
0.000399516389136
-6.51077055745e-05
0.000141743535004
0.000198568572378
-0.00056256416544
-0.000285038608416
0.000634388420719
-0.000349349812259
-0.000617056117194
1.80202981533e-05
-3.69455431418e-05
-0.000482344457112
0.000680570969401
-0.000207540413318
-0.000473030556092
0.000325168838092
9.93654508012e-06
-0.000522075503983
0.000676032458682
-0.000153956954712
0.000473871808346
0.000224541429601
0.000512246634165
-0.000194197161981
0.000146844811354
0.000303705727481
0.000196051491236
-0.000229994454352
0.000420773498177
8.66773177783e-05
-0.000518484513041
0.000503308132741
1.51763802902e-05
-0.000144849562796
-3.62880516364e-05
7.56703328192e-05
-0.000246786395033
-9.21184708095e-07
-0.000271736998349
6.61442984684e-05
0.00044568362247
1.39662664146e-05
-4.13385437771e-05
-0.00023039845456
-0.000122571332231
-0.000486322448998
0.000862056247657
0.000175567539184
0.000722419856126
0.000393605843585
-0.000175288363836
-0.000464991039884
0.000640279403711
-0.000138598114082
0.000793616341944
-0.000253502165019
0.000411421540014
-6.77881074406e-05
-0.000343633432578
0.000172711569603
-0.000675952834478
-0.000656376768067
0.000124344234284
-0.000109863621563
-0.00057649517038
0.000453923838142
0.000391263900959
-0.000608278662718
0.000217014761742
9.39292940744e-05
0.000317492245932
-0.000471459871097
6.43749136927e-05
0.000407084957387
0.000348070539719
-0.000122843535632
-6.8861933213e-05
0.000580029316585
-0.000807645158223
0.000455139302416
0.000192130096431
-0.000763559288111
0.000571429191688
0.000710965215689
-0.00043262396432
0.000352771832992
-0.000528121637999
-0.000138003001389
0.000524650923478
3.3689188755e-05
-0.000430511364096
-0.000145983806288
-0.000380165608912
-0.000922887882729
0.000354790034132
-0.000357684200869
0.000683385044798
0.000169970865794
0.000342275768369
0.000170952096405
-0.000287999949932
-0.000543364916263
-0.00078321490537
0.000425553228222
0.000350697134784
0.000368977542036
0.000458271810952
0.000392788854532
-0.000851060665485
0.000755917397946
-9.10572113759e-05
-0.00066486018658
0.000877457967345
0.000317164175812
0.000359119275274
-0.000895388480554
0.000195863713773
-0.000647238201487
-0.000658035561496
0.000611305557917
-2.05555313365e-05
0.000115195701991
0.000580726116199
-0.000118182000016
-0.000326341585052
0.000851643309071
0.000141948734132
0.000119321325256
0.000312695631413
0.000441659926062
-4.08321431982e-05
-0.000400827782865
0.000360714411884
0.000306989045851
0.000268349967537
0.000544135238824
-0.000374164373034
0.00023846560535
0.000331559985279
-0.000570025590654
0.000858426077398
-0.000622936063658
0.000543917998262
-0.000791751015
0.000373871818621
0.000778010989438
0.000587864658078
0.000631307515424
0.000111173837793
0.00011574064758
-0.000226914485401
0.000459017478381
-0.000509453991268
-0.000755909606917
0.00069590421151
0.00068116523943
-0.000154040247393
-0.000274671636469
0.00016490703594
-0.000275304573863
0.000258723083816
-0.000300061627603
-0.000510113966308
0.000391931966314
-0.000595058535237
0.000286418968876
0.000508396130868
-6.7140526622e-05
0.000736229016472
-4.03233490192e-05
-0.000228432652307
0.00026875600131
0.00012898115104
-0.000483975048529
0.000366497809871
0.000117477238652
0.000189677998748
-0.000153321266551
-3.63567322096e-05
4.22946581532e-05
-0.000573173373094
-4.3882744108e-05
0.000815482194559
1.77882853764e-05
0.000265149287799
0.000236748315368
-0.000618685809095
0.000607771759212
-0.000428771339687
-0.000219641289839
0.000138630063237
0.000224354670243
-0.000427373288956
0.000905623466406
-0.000863738736843
0.00071340130519
0.000423713422891
0.00045374454445
-0.000210758318823
9.38437818565e-05
-0.00025733796647
0.000857855762241
0.000516551680364
-0.000773889646843
-0.00027193070455
0.000681672083407
0.000440742241432
-0.000780031481838
-0.000547502357314
0.00099365745619
-0.000440722840491
-0.000294883741437
-0.000308810570963
-0.000141699280164
-0.000241633873581
0.000787388957213
-0.000545755083644
0.000415343161773
8.58436253681e-05
-0.000501186787152
0.000478313947785
-0.000547175881004
-0.000176794469507
0.000162971909096
1.3822560394e-05
-0.000612802764942
-0.000182235270966
0.000710957982323
-0.00041535517675
-0.00029560280559
0.000501888903187
-0.000721530193034
-0.000605799727933
-0.000445480323829
0.000380436091819
0.000208491453905
0.000205983429764
-0.000414474883685
-0.00027122843784
-0.000287300454606
-0.000606806811461
0.000894107266065
-0.000619605463247
0.00103335774138
-4.0170565257e-05
6.45350626149e-05
-0.000359518169235
0.000398151432534
0.000417087166175
-0.000443084594786
0.000432099034388
-0.000455869755537
0.000391086817505
6.47829380253e-05
0.000577769843685
0.000205697028659
-0.000704450968991
0.000842705096223
0.000468714989335
-0.00068157179757
0.000358617364662
0.000230151029163
-0.000285367712764
0.000176792944349
-0.000704243886985
0.000535237755801
-0.000166483739309
0.000365052311686
-0.00080780037574
0.000194997610795
0.000524520478985
-0.000164952407577
0.000447957556703
0.000253836871905
-0.000494023871208
0.00024018699931
-0.00033068877272
-0.000452526132659
3.88024887214e-05
0.000523081892942
0.000490168168491
1.31399642408e-05
0.000528970657206
0.000112755836285
-0.000115535153687
-0.000471675057661
-0.0002955438085
0.000202483061674
-0.000242806410699
0.000688776871322
1.78170584939e-05
-0.000444374065456
-0.000536146572477
-0.000672531453203
0.000692986127452
-0.000191097224249
0.000215026098341
0.000252133394601
0.000125509766813
4.44808397306e-05
0.000152607492157
-8.93719456676e-05
0.000588567084283
0.000126312487249
3.43516745502e-05
-0.000160664161779
0.000584221607265
-0.000825855480848
-0.000215366590913
-1.16744458491e-05
0.000227041036744
-0.000517375018566
-0.000380061315293
0.000321542825109
0.000244462908657
-0.000178318610197
0.00057112562279
0.000428167126762
-3.70803092582e-05
-0.000452163620348
0.000310464340183
-0.000333905775142
-0.000489726156189
0.000283404116545
0.000335167146509
6.74546565141e-05
0.000287857618919
-0.000355312275442
0.00026247213927
-0.000381786912993
0.000119314773712
7.1604332357e-05
-0.000865415306298
0.000242479242637
-1.72338561775e-05
0.00075346287264
6.85921427444e-05
-0.000297024795057
-0.000472207252453
0.000431375109248
-1.28835292403e-05
-0.000709795020627
0.000236764464529
-0.000890603296369
0.000677164209628
-0.000441507138191
-0.000235657071446
4.17531015102e-05
-0.000385386534089
0.000475818982375
0.000261809032874
0.00025306363664
1.56923646576e-05
0.000153962331771
-0.000352803124062
-0.000174257536517
0.000382748990412
-0.00086783673203
-7.65086600349e-05
0.000326177740325
0.000164864489458
-2.40456703318e-05
-0.00028604644006
-0.000166117180295
0.000409025674097
-0.00014655353483
-0.000218573762831
0.000208994579595
0.000226120865868
1.52610567683e-05
-0.000416088839631
0.000450892888276
0.000465659343495
-0.000291604326793
-0.000174055016704
0.000786414704288
2.90674902665e-05
0.000440539999521
0.000459067288212
-0.000446989001083
-1.20782871312e-05
0.000218633866213
-0.000233694584308
-0.000893895543309
0.000287088731846
-0.000176555381723
0.000159777595444
-0.000409224834002
-0.000422376628319
0.00048715956634
0.000489380179779
-0.000820068952502
-0.000624889479622
0.000486886478239
0.000545350699971
7.97440973735e-05
0.000361680485706
-0.00087905550428
-0.000437088610921
0.000212198516688
0.000224890094246
0.000237290970852
-0.00046229206102
-9.31900374154e-05
0.000461385584465
-0.000652482808712
1.55747855655e-05
-0.000245973240141
0.000196334509001
-8.9809430877e-05
6.66785961811e-05
0.000818342082758
-0.000199797640068
0.000569201195786
0.000326789877325
-0.000895991073123
0.00033597043229
0.000558136833773
7.26928185281e-05
0.000229556367882
0.000560786479721
-0.000432657554082
-0.000598527886596
4.05995478196e-05
0.000557928338799
-6.13248667235e-05
-0.000624644290827
0.000685969157556
0.000905171628073
0.000235792515993
-5.99770202961e-05
0.000475320182056
0.000466035388595
0.000499715264087
-0.000748128938255
-0.000433948408744
-0.000465973476193
-0.000692604673751
9.32520428617e-05
-0.000515628671186
-8.66311790245e-05
0.000640341976211
0.000283598475497
-0.000313493314096
0.000495377046864
-0.000449558456793
0.000535402082172
-0.000313559173934
-0.000505352660596
0.000714548143376
-0.000209195482788
-0.000670417695504
-0.000151564162828
0.000403697557424
0.000177584441767
0.000521646873181
4.9004807868e-05
-6.28285190754e-05
0.00038297378699
-3.40964191346e-05
0.000417070206123
0.000616329423549
-0.000633132996853
-4.39194033927e-05
-0.000142355325804
7.25854275039e-05
-0.000278926634913
0.000438704230358
0.00011177958421
-0.000561338041003
-8.57862470149e-05
3.21168158973e-05
-0.000300309093724
0.000268192277831
-0.000163503895155
-0.000202998977268
-0.000468136108887
0.000645720550645
0.000216092563452
5.58992891973e-05
-0.000271991852646
0.000337100311172
-0.000283096268978
-0.000167146378352
0.000286467703617
-6.3772236414e-05
-0.000179034174289
-0.000385807792724
0.000351711373586
0.000598666062458
-0.000955504542142
0.00072825508866
-0.000370125477322
0.000424476321388
-0.000587980216549
-0.000859616347316
0.000780826152991
7.87901943187e-05
0.000177264250241
-0.000433755925602
-0.000552265626954
-0.000412414948944
0.000474321564699
6.10805174757e-05
-0.000297530030444
0.000329646846345
0.000265861703428
0.000643115218035
0.000512034883437
-0.00047889107193
-0.000269237866332
-0.000276832230858
-0.000514918784148
5.80765933638e-05
-0.000355606623808
-0.000198742560923
-0.000407057167014
-0.000407872296418
0.00044509904754
-3.72267511405e-05
-4.885654341e-05
0.000112394187787
0.000182571844079
-0.000356829380609
1.89422376021e-05
0.000497037828247
-0.000515980065855
-0.000228162167778
0.000794252382659
0.000800075707466
-0.00039557933154
-3.56096699324e-05
0.00050993123463
0.000751249177102
-0.000164481219268
0.000572906933956
5.7866165288e-05
-0.00038331040602
0.000861913770875
0.000140993003494
4.48875438998e-05
-0.000603910844691
4.32587581167e-05
-0.00074674077576
0.000515087976465
0.000573115400924
0.000324250242232
4.7546256997e-05
-3.02586855173e-05
0.000246351248961
-0.000244409804527
0.00012140429784
0.000204928298397
-0.000326332596249
-0.000263498549963
-0.000136861719617
-0.000435695768682
-0.00021678704004
0.000279417414658
-0.00016261865794
0.00070472852921
-0.000124002413019
-0.000398950656603
0.000439710512123
-0.000398968392469
-0.000189011824085
9.61234830174e-06
-0.000255585588444
0.000438157861623
-0.000120665615696
-0.000353010828919
0.000373238996623
0.000559708586047
-0.000437946785277
-0.000236284200032
-0.000284114491619
-1.59471359882e-05
-0.00065141630067
-0.000764893134085
0.000320797205629
-0.000494852222333
-3.83640301003e-05
0.000201335939184
-0.000608902341273
-5.40365400738e-05
0.000218991076616
-0.000164954536557
-0.00052344649622
0.000110338980484
-2.89661678185e-05
-0.000138418407932
0.00016738457574
-0.000522705183964
0.000294543016186
-0.000230991895091
0.000352396192921
-6.91641474127e-05
-0.000192458530598
0.000261622678022
3.62188810371e-05
0.000536896519889
0.000698981271237
-0.000713344912548
0.000863445335014
-0.000150100422473
0.000669588682055
-0.000141569134261
0.00011260296643
0.000187108753684
-0.000192454948009
-0.000474526631896
0.000518151090878
0.000670206317357
-0.000853518971519
0.000140174058966
-3.60245748161e-05
0.000101560451527
-6.55358767266e-05
0.000188732391095
-1.58280409348e-05
-0.000166259703398
0.000238845130914
0.000193027639508
-0.000245976314725
-0.000475553878321
-0.000193062432188
4.88866875915e-05
0.000711161761679
-0.000735207432015
0.000615755432508
-0.000242516435891
-0.000552205878754
0.000201907978335
1.19666184107e-05
0.000127932431946
8.63353193288e-05
-7.23690529102e-05
-0.000396799483148
0.000227122104277
-0.000444458311977
0.000136522240226
-0.000612334119704
0.000439882157701
-0.000274502143325
0.000395978283139
-0.000383501566328
-1.2476716798e-05
0.00041379534164
-0.000329506309925
0.00076676131034
-0.000673624518459
-0.000706750994725
0.000615693783342
0.000467885801398
-0.000267886652328
-0.000224759432105
0.000267605166138
-0.000692075162925
0.000885102802433
0.000489895183892
0.000869773518425
-0.000377018886843
-0.000438817764185
0.000145549253052
-0.000137573105308
0.000151395665687
-0.000480243602045
0.000122947393654
0.000738640278747
-0.000704012607158
-3.49964807116e-05
-0.000220589107734
0.000151757095314
0.000269961881315
-0.000878864222588
0.000314284628777
-6.22627428271e-06
0.000297242302639
-0.00016615052185
-8.63209248621e-05
0.000447474450492
-3.49036874065e-05
-0.000534785831726
-0.00012159093633
-9.08770865853e-05
7.71187235088e-05
1.37583630779e-05
0.000138468274667
-2.57124383791e-05
0.000579017109491
-0.0005947446371
-8.1208197426e-05
-0.000420712693263
0.00025465631788
-9.65002501806e-05
6.02121985643e-05
0.000177698355497
-0.000196169626794
0.000282846944548
-0.000217093502971
-7.79112253064e-05
0.000642523391818
3.54334422469e-05
-0.000309935585572
0.000166628368584
0.000301917861625
-0.000854183488581
0.000224273696333
0.000991794455492
-0.00067294334542
-0.000318851110074
9.40091730257e-05
6.32003688115e-05
5.29443233712e-05
-0.000116144692183
0.000233686501763
0.000101976456621
3.90259686741e-05
4.16585395334e-05
-7.76831143658e-05
0.000736311266336
0.000456108354297
-0.000782449939353
-0.000619619979015
0.00013727552194
0.000604371025424
-0.000250340028715
-2.86672338952e-05
9.18676027032e-05
-0.000368249050631
0.000302921991041
-0.000629292848343
-7.67486137627e-05
-1.03399478663e-05
0.000470808317483
6.50157602857e-05
-0.000121493583651
8.75045066442e-05
0.000304236916817
6.19988746697e-05
-0.000366235791493
-0.00013422171658
-0.000570022170406
-9.00655148793e-05
-0.000136848970533
-0.000192428782784
0.000337978035836
-6.07778296503e-05
-9.018464518e-05
0.00039898928189
-8.91574936395e-05
-0.000381777991797
0.000339670359061
-0.000578886680918
0.000277066702132
-8.86248108941e-05
-0.000645177720828
7.14915451652e-06
3.10038503864e-06
-2.0987086539e-05
0.000161980090017
0.000615235990534
-0.000203380056102
-0.000408954063598
-4.64305606958e-05
0.000496697183341
-0.000351844632335
-0.000144852551003
0.000583240062527
-0.000350530482516
0.000522493258244
-0.000491479891212
0.000569729601293
0.00042154259961
-0.000658887853152
0.000666037007662
0.000418405253734
-0.000353800272785
0.000397041737448
-0.000335042862782
0.000349873992274
-4.38228162393e-05
-0.000306051176049
0.000323215651209
-0.000254623508473
7.11695838961e-05
0.000595933227624
-0.000288944181737
-0.000804102041084
0.00037327447083
-4.64379550415e-05
-0.000386824766908
0.000298914710353
-1.53162348666e-05
-9.20964966612e-05
2.98192834539e-05
6.74054627383e-06
-3.65598297412e-05
-0.000349396344442
-6.63493558362e-05
0.000359961428188
0.000393286381115
0.000185040036823
-5.87275495502e-05
0.000441358499276
0.000393213904049
-0.00083457240327
-9.6400540075e-05
-0.000377165209533
-6.06100488407e-05
-0.000249325536735
0.000261609735832
0.00042441480845
-0.000113950468271
0.000345266782275
-0.000354535230421
0.000389926807765
0.000164661924859
-0.000166536036202
1.13890062098e-05
1.84302772314e-05
0.00031073885516
1.01640491337e-05
-0.000257276993542
0.000409034088849
-0.000495275744732
-0.000312424254128
6.79887630924e-05
0.000244435491057
0.000127829765191
-0.000164186497412
8.96117312588e-05
3.6147058887e-05
0.000649822098678
-0.000252288931271
0.00025136774654
-1.10467464333e-05
0.000547943266327
0.000183263005974
0.000310894619215
0.000306919129277
0.000498884488195
-0.000400306184889
0.000825309400931
-0.000101965630701
-1.0164930846e-05
-0.000695961515923
0.000335874545523
-0.000550156319437
4.00251348742e-05
-0.000611759416292
-3.80436237377e-05
-0.000253686666332
-0.00042877103035
0.000521947841899
-9.31768115175e-05
-6.12813850801e-05
-0.000640867555001
0.000197536768687
-0.000689355144123
0.0002842867621
0.000350101658655
0.000336225415388
-0.000321952723598
-3.75654456466e-05
0.000332188474165
1.76855180999e-05
-8.00895848564e-06
-0.000660202510716
0.000668211469168
-0.000173046712172
-0.000379860006425
0.00055290671861
-0.000347538067091
9.37206478474e-05
-0.000211503019962
-0.000291160641954
0.000311197112945
-0.000134404168596
-0.000984300943342
0.000335431370076
0.00064886957326
0.000241389190785
0.00018867700664
-0.000138949486479
0.000187836174075
0.000252684172819
-6.4007166189e-05
-0.000101072675846
0.00032691593116
-0.000225843255339
0.000718682137935
0.000215354317075
-0.000305163747979
-9.37547906426e-05
0.00013377992552
1.10140276082e-05
0.000604221962931
-0.000279392834969
0.000295085199619
-5.30475457432e-05
6.68059088113e-05
-0.000243012135403
0.000274960745938
-0.000934502849271
0.000611377349465
0.000175970892195
-6.44869686511e-05
-0.000111483923561
0.0001726235289
-0.000271130670951
-0.000126313706385
-0.000179204547432
0.000443323596572
-0.000264119049136
0.000218415081102
-0.000363133278017
0.000687298115697
-0.000159078539332
0.000533499255363
0.000564666308468
-0.000366465155781
-0.000189605156604
-5.31163543644e-05
0.000508718590802
-0.000455602236405
0.000462869181252
7.96816488821e-05
0.00011491919155
0.000233994164083
-0.000279010332707
0.000464065975257
-0.000797971750401
-0.000249672387087
0.000584839533592
0.000147632036633
0.000224502218828
-0.00030101087885
-1.79358646825e-05
-0.000238901626048
0.000364411392865
0.000481887384714
-0.00054441951972
6.25321350349e-05
-0.00058604700843
0.000202795210653
-0.000211444345529
0.000732051270402
7.54039001614e-05
0.00053757463755
-0.000612978537698
-0.000343382690468
0.000620449392601
-0.000570255431876
0.000226872741411
-0.000143760752174
0.000155220448847
0.000364570948182
-0.000519791397024
0.000856622066356
-0.000584674502433
0.000172259553466
-0.0003045042342
-0.000392703969635
0.000852480768872
0.000453828443138
-0.0001349178171
8.66124060585e-05
2.76425861676e-05
5.28991822373e-05
-0.000408574998286
0.000355675816043
-0.000165599060229
0.000424172741598
-0.000258573681368
0.000828675091717
9.77726844426e-05
-6.14745969936e-05
-1.62085173958e-05
-0.000347220185702
-0.000394935870582
-0.000397434477492
-0.000406667563593
5.80875124366e-05
0.000227310277896
-0.00016073809872
0.000540589110782
0.000484703498924
1.41809892695e-05
0.000145046591095
0.000852686817355
-0.000420982909099
0.000660836126288
-0.000255405801666
7.99367075065e-05
-0.000141218092578
-0.000165293072223
-0.000412059050425
0.000577352122639
3.81386749133e-05
0.00059435550784
-1.02357505665e-05
0.000305320950175
-9.74334013145e-06
-0.000616946300496
0.000891907046429
0.000657805947981
0.000436602662574
-0.000554858441831
0.000544380840021
0.000719451551768
0.000274623895709
5.47340507198e-05
3.24393871477e-05
-8.71734378892e-05
0.000331030463722
0.00046624574331
-8.58096514813e-05
-0.0005649131849
0.000605512732732
-6.10831696639e-05
-0.00019545858304
-0.000161370797582
0.000486697880378
0.000351971506404
-0.000563581644401
0.000257239784728
0.000385283607085
-0.000500928934209
0.000404528394128
0.000467816275071
-0.000591818688097
-0.000438078149504
-0.000405988762707
0.000293277418864
-0.000259588230109
8.39830821234e-05
0.000556321812546
0.000265986730746
-0.000614162380944
-0.000554275349637
0.000493910260082
6.03650895721e-05
-0.000127011971317
-0.000402157799148
-0.000575185257977
1.02720730891e-05
0.000310036198958
0.000663642682616
-0.00036072069158
0.000331327926222
-3.87873685273e-05
-0.000404727196852
0.00044351456537
-0.000329706940636
0.000476551751987
0.000135571880676
8.19976386987e-05
0.000552071283625
-0.000360716103442
-0.000191355180193
0.000599690004293
-0.000643609407678
-0.000359409554288
0.000377095072378
0.000560584355957
-1.23370684248e-05
-0.000541938281206
0.000408172854499
-0.000106560791653
-0.000394194427229
0.000500755218914
-0.000709175223118
-0.000208589387411
0.000483213283139
0.000775379466154
-0.000785871984868
-0.000116709806616
0.000520754218215
-0.000319878287973
-0.000200875930247
0.000558078436654
-0.000238129916738
-0.000278823488625
0.000469861164368
-0.00042231490736
-0.000318383964098
-0.000480004078703
0.000551772604857
-1.11834940792e-05
0.000607388862214
-0.000564130104117
-0.000557745184937
0.000398666645598
0.000432020948953
-0.000406656273073
0.00010060587576
-0.000828589403629
0.000689991289551
-0.000386961790094
0.000151432949949
-0.000580204289611
7.07269010097e-05
3.83080236843e-05
0.000327041795028
-0.000596183765695
0.000386778211399
0.000783875745028
-0.000346720847981
0.000283719531558
0.000215995732522
0.00074618572347
-0.000377208181435
0.000405847509329
-7.28045572832e-05
-0.000333042952059
7.11263674615e-05
0.00021952924508
0.000223794351491
0.000224123430149
-0.000645238263626
-0.000445221175309
0.000629091464518
-0.000472531150267
0.000555894849183
9.8667177156e-06
8.64019642674e-05
-0.000102610481687
-0.000448262367366
0.000645799136048
0.000190703925998
-0.000325108094588
-0.000161234916742
0.000351938842751
-0.000214226680524
-0.00022471802824
0.000363386970595
-6.89079852572e-05
-0.000609407037233
0.000197347986805
0.000504898304031
-0.000799782045468
-0.000355161118979
-3.86731108742e-05
0.000523376609802
-0.000498116173456
-0.00033493865458
0.000805830276259
-0.000748955878243
-5.68743980127e-05
-0.000340616879825
0.000861431575972
-0.000497317598798
-0.000364113977171
0.000441696055019
-0.000457524095943
-0.000698907841643
-0.000106866418022
-0.000407261516559
-0.000301913706554
-1.37871585713e-05
0.000101291665213
-0.000581152664711
8.58769199846e-05
0.00046698253753
-0.000590289891737
-3.92641297755e-05
0.000629554021519
-0.000704593350219
0.000570371633637
6.18831742411e-05
-1.20694119947e-05
-0.000758017973695
0.000442713959381
0.000315304014308
-0.000491466265323
-0.000568205507511
-0.000708857492248
0.000833529941033
0.000665412639225
3.74342978402e-05
-1.39320711938e-05
0.000561875337528
0.000189470876907
0.000603962858368
-0.000104086175873
8.68998786502e-05
-0.000835512626995
0.000298242015921
-0.000541254151317
-0.000302251053317
0.000279335912842
-0.000203176476123
-3.99117421255e-05
0.000862444182481
-8.70647163267e-05
0.000526031931478
-0.000139395625897
-0.000549959518214
0.000280015073049
0.000300478916611
0.000431757633817
-0.000759927023341
0.000328169389522
-0.000650432927209
0.00027042251291
0.000729384743396
-0.000694107224803
0.000600861108942
0.000117031348868
1.67485766622e-05
-0.000153496802273
-0.000431177700181
-1.10774593417e-05
-0.000408833910746
-0.000146024531074
-0.00067556207777
0.000251886508165
0.000231326774987
0.000629135122679
-0.000769545773157
-0.000548229536636
0.000455442813265
-0.000112353821826
-0.00016013833909
-0.000512489686843
-0.000587254669966
-0.000531898582086
0.000377858334687
0.000608551504591
4.92544433879e-05
-1.47259514813e-05
-0.000156718164437
-0.000114412506522
-0.000509009607867
-0.000475291335477
0.000191047277587
-0.000212921112891
0.0002545433267
0.00027895592868
4.03501170898e-05
0.000511422487765
0.000445386606513
0.000523202226654
0.000565437945922
-0.000442928767666
-0.000244212259292
-0.000510425763695
-0.000272013415944
0.000227322161183
0.000901815208204
-0.000855728135937
-0.000176683203135
-0.00086710176106
0.000868279053376
-0.0005762936424
0.000565110148321
-1.9958291391e-05
-0.000926777152382
0.000946735443778
-8.99289098703e-05
0.000281083048894
0.000127951039946
-0.000484054430143
0.000315426843694
-0.000122861683892
0.000845281540018
-0.000527047997468
0.000458140012206
0.000378855733332
-0.000289983723157
0.000805071699621
0.000212615982276
0.000250253198994
-0.000127370187961
0.000245559657963
0.000362163936247
-0.000829984563609
-0.000366214116585
-4.96800324112e-05
0.000475680859665
-0.000628023434197
-0.000819551896191
0.000472831048209
0.000677500666159
0.000194522188866
-7.99144346867e-05
0.000135187741155
-0.000850506331693
0.000255541672224
0.000671014137269
0.000334676751281
0.000362681578786
-0.000859999177585
0.0003587505623
-0.000491571910955
-0.000778145329457
0.000390017681148
0.000388127648304
0.00037925153288
-0.000339568779961
-0.000537944872329
-0.00031144875879
0.000184520217723
-0.000544894398365
-0.000424524452651
0.000264669894527
-0.000296062091754
-0.000496027320888
0.000334041549525
0.000161985771358
-0.000314653592163
0.000174271253657
5.29009488056e-05
-0.000418892768596
-0.000239857291763
1.80618654405e-05
0.000523482081179
0.000702447717039
-0.000998841215407
0.000495775108034
0.00059566131663
-0.000308918567202
-0.000105171257698
0.000457943090687
0.000720973811062
9.63256617764e-05
0.000285449696449
0.000392050969726
-0.000327969469107
-0.000185723309716
0.000477988533831
-0.00047488814878
0.000253381757046
0.000132428175153
-0.000385809932211
0.000855191327366
-0.000185424791161
-0.000776200811833
0.000533597087585
2.46739132465e-05
0.000214563513976
0.000499708932164
0.000113258283617
-0.00032135783654
-3.14654574314e-05
0.000159169354255
0.000307813183268
-0.000191473044773
0.000105338489064
8.61345557008e-05
-0.000215616455877
0.000292342314633
-0.000531330588678
0.000500292480022
-0.000802067146833
0.000626613370032
-0.000266184957881
0.000493846105534
-0.000841771508994
0.000410216975109
-0.000109885461109
0.000815419898732
-0.000186284776052
0.000121887356978
0.000241499613614
-0.000369909342195
-0.000787398456634
0.000730524058622
0.000335840936581
-0.00063004053077
-7.45528194503e-05
-0.000258716220697
-0.00085090568145
0.000410182840962
-0.000245972129728
0.000604589494401
-0.00114604414738
0.000830628942821
0.000720925941952
-0.000651360526742
0.000700614970131
-4.80952459129e-05
-0.000467884819945
0.000469229290678
-0.000395462868186
0.000191208867835
-0.000435764223214
0.00010272127115
-0.000737276732695
0.000279271752034
-0.000835412614678
0.00029746774236
-0.00070129890232
-0.000444745245056
-0.000493760607841
0.000410372264955
0.000142534453668
-0.000541891221119
0.000146175819108
-0.000910574398075
0.000706247859583
0.000333319071273
-0.000694039762857
-0.000162283038137
-0.000447637716558
0.000390603850332
8.49507395947e-05
0.000391437963976
-0.000407036378244
-0.000791093059477
-0.000544641781423
-0.000428929123228
0.000359764920669
-0.000548917447409
0.00018915252676
-0.000188464615955
-0.000419801722646
0.000599803442857
-0.000328136858613
6.8548628493e-05
-0.000217690353479
0.000430997914352
-0.000335559088325
-0.000508464921398
0.000413774497022
-0.000520400510004
0.000106626012974
-0.000633262726403
-0.000531619148024
-0.000882776925628
0.000770171778009
-0.000382044129709
0.000203261560285
-7.61203111617e-05
0.000489894808179
-0.000409789828342
0.00031859722752
9.11926008083e-05
-0.000285107310051
0.000516434085062
-0.000224035265202
-0.000629776564055
0.000398482244207
0.000231294319878
0.000386557251493
3.54983082784e-05
0.000721221224534
0.000154242590119
-0.000582416611369
-0.000403957661424
0.00023681114048
0.000869989199809
-0.000624954583891
-8.73715265952e-05
0.000360223806923
0.000133622298605
-0.000312106306926
0.000545368047464
-0.000373108494003
-0.000418330972112
2.54043312473e-05
0.00046294507807
0.000340334201023
-0.000722378330736
0.000439633020819
0.000102808629763
-0.000353705561836
0.000839942935447
0.000801234430245
-0.000480039498131
-0.00011054330729
-0.000390643479866
-0.000443316584533
0.00013095894727
0.000310794958754
-0.000494638008316
-0.000371404076797
-0.000406169041269
0.000536122743346
7.1199970409e-05
-0.000607322713758
-0.000316107702863
-0.000192357218546
0.000758221801621
-0.00040707431643
-0.000435914739601
-0.000107489962654
-0.000356211058212
-3.41123636578e-05
-0.000760613822164
0.000367909852512
-0.000128022805433
-0.000106084100873
-0.000506214816771
-0.000430762333692
0.00068511004447
-0.000104748426347
0.000640871169689
0.000336999674987
0.000886956385291
-0.000411137402914
-0.000482974562919
-0.000546259033793
-0.000515302843591
-5.88480083563e-05
0.0006489230184
-0.000456245834606
-0.000217658600974
4.3964077057e-05
-5.10742244552e-05
0.000369671451983
-0.000655956615156
-0.000469588980522
9.98691695615e-05
-0.000582622458174
0.000482753288609
0.000159754203063
-0.000844161073867
-0.000520826230635
0.000147717736626
0.00053876521489
-0.0001400985693
0.000558009181765
-0.000586847700717
-1.32847747376e-05
-0.000362209833167
0.000218160684705
-0.000490316933045
-0.000137706501188
5.10153759986e-06
0.000278035728038
6.49395719473e-06
4.49607610233e-06
0.000732958719283
0.000111039459584
-0.000843998178863
-0.000324640091856
0.000750243307948
-0.000431102655904
8.28900980147e-06
-0.000548982999911
0.000182125763631
0.000335256826294
0.000349021779098
-0.00028047315062
-0.000237725594318
-0.000357935722312
0.000446063419937
5.14550249086e-06
-0.000377920887119
0.000862902291026
-0.000365890208778
-8.91317175193e-05
1.00338278788e-05
-0.000615302612237
0.000159056777627
-0.000130222380313
-0.000622133146414
0.000527505199483
-0.000365519428129
-0.000144534010735
-0.000554531252215
-0.000449744340002
-0.000339967738241
-0.00013876244305
0.000580608007845
0.000378839231152
-1.57029554756e-05
-0.00040397246171
-0.000674770596753
-0.000288399568114
-0.000432959671974
0.000341767071166
-0.000589695771429
0.000165795674263
-0.00073245113831
-0.000132549323631
-6.36454740604e-05
0.000684912014654
7.82286955132e-05
-0.000708269226285
-0.000430638993804
6.37169952235e-05
-0.00059654190124
0.000672770918006
1.21410966464e-05
0.000834989328898
-0.00023518588604
-7.51128850448e-06
-4.22125654373e-05
5.43718857328e-05
-3.28015521636e-05
0.000638754466678
0.000370131774341
0.00018030182296
5.83057116031e-05
8.04567314465e-05
0.000824687209358
-0.000533637306574
0.000641511294996
0.000344647711226
0.000321294558175
-0.000461393127485
-0.00048808237412
-0.000155184533264
0.000845175822821
0.000568804371012
0.000324604853712
-0.000872372817893
0.00054776796418
-0.000756312148427
0.000867471960828
-0.000707717757762
-0.00066622253767
-6.45153740394e-05
0.000201249423159
-0.000745975223405
0.00085249549296
-0.000586472210063
-3.97273638199e-05
-0.000744973801576
-6.11716763473e-05
-0.000535394323876
-0.00065889104677
0.000860140469931
-0.000766310090071
-7.76880887851e-05
-0.000281243545032
0.000850047916039
-0.00039076443777
0.000571066260745
0.000588745654775
0.000250746857229
0.000318858186388
-0.00028362716312
0.000502512173397
-0.000866626150568
0.000847159884622
0.000451697016436
0.000821828790778
-0.000780866299284
-0.000402027068131
0.000445245648725
0.000294518117472
0.000707058003956
0.000618336631692
-0.000207480027763
0.000213450821488
-0.000787861444723
0.000574410623227
0.000137913204746
-0.000827484330231
0.000580703637832
0.000311203408592
7.26048985614e-05
0.00049785784829
-0.000570462746876
-3.81811894072e-05
0.000675469258384
-0.000637288068998
7.15862993243e-05
0.000489089444439
-0.000560675743725
-0.000479530087431
0.000692980908917
-0.000509448229467
8.71333221197e-05
0.000399109248983
0.00046146262906
-0.000772911387848
-0.000512169897293
0.000848010833872
0.000193035692902
-0.000246604483192
5.35687902812e-05
0.00021088510879
4.34006229791e-05
-0.000160919909283
1.86961969501e-05
-0.000330020042863
0.000311323845914
-9.24969991087e-05
0.000315977343865
-0.000223480344759
0.000194619070409
0.000677759529087
-0.000308085667387
-0.000514523162514
0.000680726266663
0.000181187504215
0.000143692071494
0.000718752110989
-0.000864913296029
0.00079036047658
0.00074731304412
-0.000887549092102
0.000935493671959
-0.000684639083914
0.000394427654741
0.000762540887256
-0.00019216925362
-0.000551037867293
0.000270543161952
-0.000770117096657
-0.000681794963431
0.000118213169331
0.000620280086236
-0.000384739694964
0.000663290010784
0.000495210135728
0.000903586656839
-0.000479944664639
-0.000960944754767
-0.000871939406055
0.000533269887249
-0.000778226963231
0.00106393627982
-0.000797237395394
0.000719510104168
-0.000194362200941
0.000330754283483
-0.000290729176686
0.000156357601191
-0.000477554967544
-0.000636569205254
-0.000440428323457
0.000405946515509
-0.000518925179285
0.000659450957418
-0.000427658493221
-0.000508060081335
0.000318907554574
-0.000516193910362
-0.000257318290775
-0.000637793115866
-0.000660110277072
0.000449258208891
-0.000653782327543
0.000653600660161
-9.56723213583e-05
0.000640770915159
-0.000719610797768
-0.000291938221797
0.000641288034057
-0.000325861190337
8.3469699636e-05
0.000369882541724
-0.000532806767396
0.000494514877113
-3.15865080024e-05
-0.000788863947635
0.000692538285859
0.00013613680586
0.000259767888142
-0.000608731931379
-0.000429703142539
0.000707753755755
-0.000522328964594
-0.000174375051515
-3.25967014447e-05
-0.000160106079592
0.000362587770901
0.000377969946677
-0.000737567551375
0.000766967179098
5.51192121837e-06
-0.000312427017788
0.000379603024568
0.000728632138088
0.000427419500387
-0.000429996450744
0.000700539612697
0.000462433026145
0.000438312451924
0.000849439429626
0.000574282048867
0.000505988545559
0.000932023879938
-0.000511477314374
0.000811264133815
0.000295634926684
-0.000458578906588
0.000257708242198
-0.00027851012418
0.000775025254921
-0.000446855865402
-0.000460733998316
0.000359929829888
-0.000235769773227
0.000728176896851
0.000668130054802
-0.000619459485731
0.000382695021202
0.000389199517014
0.000346058497789
-0.000185756309937
-0.000258560703925
7.49484164097e-05
-0.000101869534808
3.58242913603e-05
0.000340946660668
-0.000279612085727
7.76174169176e-06
0.000119882608305
-4.4276289427e-05
4.75878265141e-05
0.000502027429194
0.000563609324787
0.000643828198256
-0.000541295258772
0.000298223124155
-0.000431203219887
0.000132980095754
-0.000576661620199
0.000422171061288
0.000154490558944
0.000536107876552
-0.000483206927752
0.000623060988297
-0.000392909959127
0.000883468944702
-0.000456512783087
0.000819108962726
-0.000916471136057
-0.00037672927031
0.000747312140192
-0.000692951199474
-0.000267993555345
0.0005080073253
-0.000561152862086
-0.000466483111906
-0.000418583648221
0.000842427615537
-5.87168590678e-05
-0.000513275205518
2.28817522137e-05
-0.000557281793344
-0.000313408262162
0.000540281003579
5.22389353992e-05
0.000144673382496
0.0004960975327
0.000284164301458
-0.000592249968825
-0.000794790532347
-4.64379355607e-05
0.000572092882895
0.000634635095561
0.000692799212161
-3.74736403436e-05
-0.000655325571862
3.85198402485e-05
0.000535216218181
-0.000326200641285
-0.000209015576866
0.000263202802247
-0.000502883844419
-0.00012748717887
-0.000375396665548
0.000567793678448
-0.000304590876194
0.000610098432039
-0.000571578591805
0.000358291058369
0.000162116496211
0.000547714564133
-0.000206936879583
0.000638472366957
-0.000457284862742
-0.000113201403822
-0.000552608540446
-2.40530797465e-05
-9.68232265204e-05
-0.000254385416286
3.13070410023e-05
0.000564768890416
0.000318700054286
-0.000462726289594
-0.000435446496291
0.00049442315872
-0.00044761527157
0.000667156041384
0.000123204435198
-0.000453351610109
0.000615468106321
0.000530957203348
-0.000737894082937
0.000474986787766
0.000731748120838
-0.000846161269824
-0.0001316447297
-0.000162943979904
-0.000100804168424
-0.000142991759914
-0.000298550312973
0.000687973325613
0.000749515860514
0.000452042242765
0.000278396510735
-0.000315204066476
-0.000238842741507
-0.00011333208277
-0.000294195751501
0.000214107809057
-0.000289212421855
3.26986821944e-06
0.000246125043513
0.000246231692577
-0.00013059188001
-0.000358329359868
-0.000231032874546
0.000215549576271
0.000165486961806
0.000108331202728
0.000638164235054
-0.00034256982042
-9.17627341468e-05
0.000126867226949
-0.000396353610334
-0.000444711364862
-0.000396309993177
-0.000151577259898
0.000360592836764
-0.000236169088571
0.000363656267441
0.000103938298314
-0.000551387273554
0.000189320095177
0.00041586002672
-0.000495044842372
-0.000605535120572
0.000598998564582
-0.000303041088533
0.000177350232819
-0.000956786557031
-0.000784997142128
-0.000682660876779
-0.000268147901236
0.000975622433501
0.000878441535642
-0.00125915826014
0.00106353389074
0.000922541858506
0.000640164404473
0.000638947782285
0.000253073133359
-0.000749906927982
-0.000758190155339
0.000956798744808
-0.000847388759719
)
;

boundaryField
{
    bottomWall
    {
        type            calculated;
        value           uniform 0;
    }
    leftWall
    {
        type            calculated;
        value           uniform 0;
    }
    rightWall
    {
        type            calculated;
        value           uniform 0;
    }
    movingTop
    {
        type            calculated;
        value           uniform 0;
    }
    front
    {
        type            empty;
    }
    back
    {
        type            empty;
    }
}


// ************************************************************************* //
