/*--------------------------------*- C++ -*----------------------------------*\
  =========                 |
  \\      /  F ield         | OpenFOAM: The Open Source CFD Toolbox
   \\    /   O peration     | Website:  https://openfoam.org
    \\  /    A nd           | Version:  14
     \\/     M anipulation  |
\*---------------------------------------------------------------------------*/
FoamFile
{
    format      ascii;
    class       volScalarField;
    location    "1";
    object      phi;
}
// * * * * * * * * * * * * * * * * * * * * * * * * * * * * * * * * * * * * * //

dimensions      [];

internalField   nonuniform List<scalar> 
800
(
-5.40351582269e-14
-5.40351582269e-14
-5.40351582269e-14
-5.40351582269e-14
-5.40351582269e-14
-5.40351582269e-14
-5.40351582269e-14
-5.40351582269e-14
-5.40351582269e-14
-5.40351582269e-14
-5.40351582269e-14
-5.40351582269e-14
-5.40351582269e-14
-5.40351582269e-14
-5.40351582269e-14
-5.40351582269e-14
-5.40351582269e-14
-5.40351582269e-14
-5.40351582269e-14
-5.40351582269e-14
-5.40351582269e-14
-5.40351582269e-14
-5.40351582269e-14
-5.40351582269e-14
-5.40351582269e-14
-5.40351582269e-14
-5.40351582269e-14
-5.40351582269e-14
-5.40351582269e-14
-5.40351582269e-14
-5.40351582269e-14
-5.40351582269e-14
-5.40351582269e-14
-5.40351582269e-14
-5.40351582269e-14
-5.40351582269e-14
-5.40351582269e-14
-5.40351582269e-14
-5.40351582269e-14
-5.40351582269e-14
-5.40351582269e-14
-5.40351582269e-14
-5.40351582269e-14
-5.40351582269e-14
-5.40351582269e-14
-5.40351582269e-14
-5.40351582269e-14
-5.40351582269e-14
-5.40351582269e-14
-5.40351582269e-14
-5.40351582269e-14
-5.40351582269e-14
-5.40351582269e-14
-5.40351582269e-14
-5.40351582269e-14
-5.40351582269e-14
-5.40351582269e-14
-5.40351582269e-14
-5.40351582269e-14
-5.40351582269e-14
-5.40351582269e-14
-5.40351582269e-14
-5.40351582269e-14
-5.40351582269e-14
-5.40351582269e-14
-5.40351582269e-14
-5.40351582269e-14
-5.40351582269e-14
-5.40351582269e-14
-5.40351582269e-14
-5.40351582269e-14
-5.40351582269e-14
-5.40351582269e-14
-5.40351582269e-14
-5.40351582269e-14
-5.40351582269e-14
-5.40351582269e-14
-5.40351582269e-14
-5.40351582269e-14
-5.40351582269e-14
-5.40351582269e-14
-5.40351582269e-14
-5.40351582269e-14
-5.40351582269e-14
-5.40351582269e-14
-5.40351582269e-14
-5.40351582269e-14
-5.40351582269e-14
-5.40351582269e-14
-5.40351582269e-14
-5.40351582269e-14
-5.40351582269e-14
-5.40351582269e-14
-5.40351582269e-14
-5.40351582269e-14
-5.40351582269e-14
-5.40351582269e-14
-5.40351582269e-14
-5.40351582269e-14
-5.40351582269e-14
-5.40351582269e-14
-5.40351582269e-14
-5.40351582269e-14
-5.40351582269e-14
-5.40351582269e-14
-5.40351582269e-14
-5.40351582269e-14
-5.40351582269e-14
-5.40351582269e-14
-5.40351582269e-14
-5.40351582269e-14
-5.40351582269e-14
-5.40351582269e-14
-5.40351582269e-14
-5.40351582269e-14
-5.40351582269e-14
-5.40351582269e-14
-5.40351582269e-14
-5.40351582269e-14
-5.40351582269e-14
-5.40351582269e-14
-5.40351582269e-14
-5.40351582269e-14
-5.40351582269e-14
-5.40351582269e-14
-5.40351582269e-14
-5.40351582269e-14
-5.40351582269e-14
-5.40351582269e-14
-5.40351582269e-14
-5.40351582269e-14
-5.40351582269e-14
-5.40351582269e-14
-5.40351582269e-14
-5.40351582269e-14
-5.40351582269e-14
-5.40351582269e-14
-5.40351582269e-14
-5.40351582269e-14
-5.40351582269e-14
-5.40351582269e-14
-5.40351582269e-14
-5.40351582269e-14
-5.40351582269e-14
-5.40351582269e-14
-5.40351582269e-14
-5.40351582269e-14
-5.40351582269e-14
-5.40351582269e-14
-5.40351582269e-14
-5.40351582269e-14
-5.40351582269e-14
-5.40351582269e-14
-5.40351582269e-14
-5.40351582269e-14
-5.40351582269e-14
-5.40351582269e-14
-5.40351582269e-14
-5.40351582269e-14
-5.40351582269e-14
-5.40351582269e-14
-5.40351582269e-14
-5.40351582269e-14
-5.40351582269e-14
-5.40351582269e-14
-5.40351582269e-14
-5.40351582269e-14
-5.40351582269e-14
-5.40351582269e-14
-5.40351582269e-14
-5.40351582269e-14
-5.40351582269e-14
-5.40351582269e-14
-5.40351582269e-14
-5.40351582269e-14
-5.40351582269e-14
-5.40351582269e-14
-5.40351582269e-14
-5.40351582269e-14
-5.40351582269e-14
-5.40351582269e-14
-5.40351582269e-14
-5.40351582269e-14
-5.40351582269e-14
-5.40351582269e-14
-5.40351582269e-14
-5.40351582269e-14
-5.40351582269e-14
-5.40351582269e-14
-5.40351582269e-14
-5.40351582269e-14
-5.40351582269e-14
-5.40351582269e-14
-5.40351582269e-14
-5.40351582269e-14
-5.40351582269e-14
-5.40351582269e-14
-5.40351582269e-14
-5.40351582269e-14
-5.40351582269e-14
-5.40351582269e-14
-5.40351582269e-14
-5.40351582269e-14
-5.40351582269e-14
-5.40351582269e-14
-5.40351582269e-14
-5.40351582269e-14
-5.40351582269e-14
-5.40351582269e-14
-5.40351582269e-14
-5.40351582269e-14
-5.40351582269e-14
-5.40351582269e-14
-5.40351582269e-14
-5.40351582269e-14
-5.40351582269e-14
-5.40351582269e-14
-5.40351582269e-14
-5.40351582269e-14
-5.40351582269e-14
-5.40351582269e-14
-5.40351582269e-14
-5.40351582269e-14
-5.40351582269e-14
-5.40351582269e-14
-5.40351582269e-14
-5.40351582269e-14
-5.40351582269e-14
-5.40351582269e-14
-5.40351582269e-14
-5.40351582269e-14
-5.40351582269e-14
-5.40351582269e-14
-5.40351582269e-14
-5.40351582269e-14
-5.40351582269e-14
-5.40351582269e-14
-5.40351582269e-14
-5.40351582269e-14
-5.40351582269e-14
-5.40351582269e-14
-5.40351582269e-14
-5.40351582269e-14
-5.40351582269e-14
-5.40351582269e-14
-5.40351582269e-14
-5.40351582269e-14
-5.40351582269e-14
-5.40351582269e-14
-5.40351582269e-14
-5.40351582269e-14
-5.40351582269e-14
-5.40351582269e-14
-5.40351582269e-14
-5.40351582269e-14
-5.40351582269e-14
-5.40351582269e-14
-5.40351582269e-14
-5.40351582269e-14
-5.40351582269e-14
-5.40351582269e-14
-5.40351582269e-14
-5.40351582269e-14
-5.40351582269e-14
-5.40351582269e-14
-5.40351582269e-14
-5.40351582269e-14
-5.40351582269e-14
-5.40351582269e-14
-5.40351582269e-14
-5.40351582269e-14
-5.40351582269e-14
-5.40351582269e-14
-5.40351582269e-14
-5.40351582269e-14
-5.40351582269e-14
-5.40351582269e-14
-5.40351582269e-14
-5.40351582269e-14
-5.40351582269e-14
-5.40351582269e-14
-5.40351582269e-14
-5.40351582269e-14
-5.40351582269e-14
-5.40351582269e-14
-5.40351582269e-14
-5.40351582269e-14
-5.40351582269e-14
-5.40351582269e-14
-5.40351582269e-14
-5.40351582269e-14
-5.40351582269e-14
-5.40351582269e-14
-5.40351582269e-14
-5.40351582269e-14
-5.40351582269e-14
-5.40351582269e-14
-5.40351582269e-14
-5.40351582269e-14
-5.40351582269e-14
-5.40351582269e-14
-5.40351582269e-14
-5.40351582269e-14
-5.40351582269e-14
-5.40351582269e-14
-5.40351582269e-14
-5.40351582269e-14
-5.40351582269e-14
-5.40351582269e-14
-5.40351582269e-14
-5.40351582269e-14
-5.40351582269e-14
-5.40351582269e-14
-5.40351582269e-14
-5.40351582269e-14
-5.40351582269e-14
-5.40351582269e-14
-5.40351582269e-14
-5.40351582269e-14
-5.40351582269e-14
-5.40351582269e-14
-5.40351582269e-14
-5.40351582269e-14
-5.40351582269e-14
-5.40351582269e-14
-5.40351582269e-14
-5.40351582269e-14
-5.40351582269e-14
-5.40351582269e-14
-5.40351582269e-14
-5.40351582269e-14
-5.40351582269e-14
-5.40351582269e-14
-5.40351582269e-14
-5.40351582269e-14
-5.40351582269e-14
-5.40351582269e-14
-5.40351582269e-14
-5.40351582269e-14
-5.40351582269e-14
-5.40351582269e-14
-5.40351582269e-14
-5.40351582269e-14
-5.40351582269e-14
-5.40351582269e-14
-5.40351582269e-14
-5.40351582269e-14
-5.40351582269e-14
-5.40351582269e-14
-5.40351582269e-14
-5.40351582269e-14
-5.40351582269e-14
-5.40351582269e-14
-5.40351582269e-14
-5.40351582269e-14
-5.40351582269e-14
-5.40351582269e-14
-5.40351582269e-14
-5.40351582269e-14
-5.40351582269e-14
-5.40351582269e-14
-5.40351582269e-14
-5.40351582269e-14
-5.40351582269e-14
-5.40351582269e-14
-5.40351582269e-14
-5.40351582269e-14
-5.40351582269e-14
-5.40351582269e-14
-5.40351582269e-14
-5.40351582269e-14
-5.40351582269e-14
-5.40351582269e-14
-5.40351582269e-14
-5.40351582269e-14
-5.40351582269e-14
-5.40351582269e-14
-5.40351582269e-14
-5.40351582269e-14
-5.40351582269e-14
-5.40351582269e-14
-5.40351582269e-14
-5.40351582269e-14
-5.40351582269e-14
-5.40351582269e-14
-5.40351582269e-14
-5.40351582269e-14
-5.40351582269e-14
-5.40351582269e-14
-5.40351582269e-14
-5.40351582269e-14
-5.40351582269e-14
-5.40351582269e-14
-5.40351582269e-14
-5.40351582269e-14
-5.40351582269e-14
-5.40351582269e-14
-5.40351582269e-14
-5.40351582269e-14
-5.40351582269e-14
-5.40351582269e-14
-5.40351582269e-14
-5.40351582269e-14
-5.40351582269e-14
-5.40351582269e-14
-5.40351582269e-14
-5.40351582269e-14
-5.40351582269e-14
-5.40351582269e-14
-5.40351582269e-14
-5.40351582269e-14
-5.40351582269e-14
-5.40351582269e-14
-5.40351582269e-14
-5.40351582269e-14
-5.40351582269e-14
-5.40351582269e-14
-5.40351582269e-14
-5.40351582269e-14
-5.40351582269e-14
-5.40351582269e-14
-5.40351582269e-14
-5.40351582269e-14
-5.40351582269e-14
-5.40351582269e-14
-5.40351582269e-14
-5.40351582269e-14
-5.40351582269e-14
-5.40351582269e-14
-5.40351582269e-14
-5.40351582269e-14
-5.40351582269e-14
-5.40351582269e-14
-5.40351582269e-14
-5.40351582269e-14
-5.40351582269e-14
-5.40351582269e-14
-5.40351582269e-14
-5.40351582269e-14
-5.40351582269e-14
-5.40351582269e-14
-5.40351582269e-14
-5.40351582269e-14
-5.40351582269e-14
-5.40351582269e-14
-5.40351582269e-14
-5.40351582269e-14
-5.40351582269e-14
-5.40351582269e-14
-5.40351582269e-14
-5.40351582269e-14
-5.40351582269e-14
-5.40351582269e-14
-5.40351582269e-14
-5.40351582269e-14
-5.40351582269e-14
-5.40351582269e-14
-5.40351582269e-14
-5.40351582269e-14
-5.40351582269e-14
-5.40351582269e-14
-5.40351582269e-14
-5.40351582269e-14
-5.40351582269e-14
-5.40351582269e-14
-5.40351582269e-14
-5.40351582269e-14
-5.40351582269e-14
-5.40351582269e-14
-5.40351582269e-14
-5.40351582269e-14
-5.40351582269e-14
-5.40351582269e-14
-5.40351582269e-14
-5.40351582269e-14
-5.40351582269e-14
-5.40351582269e-14
-5.40351582269e-14
-5.40351582269e-14
-5.40351582269e-14
-5.40351582269e-14
-5.40351582269e-14
-5.40351582269e-14
-5.40351582269e-14
-5.40351582269e-14
-5.40351582269e-14
-5.40351582269e-14
-5.40351582269e-14
-5.40351582269e-14
-5.40351582269e-14
-5.40351582269e-14
-5.40351582269e-14
-5.40351582269e-14
-5.40351582269e-14
-5.40351582269e-14
-5.40351582269e-14
-5.40351582269e-14
-5.40351582269e-14
-5.40351582269e-14
-5.40351582269e-14
-5.40351582269e-14
-5.40351582269e-14
-5.40351582269e-14
-5.40351582269e-14
-5.40351582269e-14
-5.40351582269e-14
-5.40351582269e-14
-5.40351582269e-14
-5.40351582269e-14
-5.40351582269e-14
-5.40351582269e-14
-5.40351582269e-14
-5.40351582269e-14
-5.40351582269e-14
-5.40351582269e-14
-5.40351582269e-14
-5.40351582269e-14
-5.40351582269e-14
-5.40351582269e-14
-5.40351582269e-14
-5.40351582269e-14
-5.40351582269e-14
-5.40351582269e-14
-5.40351582269e-14
-5.40351582269e-14
-5.40351582269e-14
-5.40351582269e-14
-5.40351582269e-14
-5.40351582269e-14
-5.40351582269e-14
-5.40351582269e-14
-5.40351582269e-14
-5.40351582269e-14
-5.40351582269e-14
-5.40351582269e-14
-5.40351582269e-14
-5.40351582269e-14
-5.40351582269e-14
-5.40351582269e-14
-5.40351582269e-14
-5.40351582269e-14
-5.40351582269e-14
-5.40351582269e-14
-5.40351582269e-14
-5.40351582269e-14
-5.40351582269e-14
-5.40351582269e-14
-5.40351582269e-14
-5.40351582269e-14
-5.40351582269e-14
-5.40351582269e-14
-5.40351582269e-14
-5.40351582269e-14
-5.40351582269e-14
-5.40351582269e-14
-5.40351582269e-14
-5.40351582269e-14
-5.40351582269e-14
-5.40351582269e-14
-5.40351582269e-14
-5.40351582269e-14
-5.40351582269e-14
-5.40351582269e-14
-5.40351582269e-14
-5.40351582269e-14
-5.40351582269e-14
-5.40351582269e-14
-5.40351582269e-14
-5.40351582269e-14
-5.40351582269e-14
-5.40351582269e-14
-5.40351582269e-14
-5.40351582269e-14
-5.40351582269e-14
-5.40351582269e-14
-5.40351582269e-14
-5.40351582269e-14
-5.40351582269e-14
-5.40351582269e-14
-5.40351582269e-14
-5.40351582269e-14
-5.40351582269e-14
-5.40351582269e-14
-5.40351582269e-14
-5.40351582269e-14
-5.40351582269e-14
-5.40351582269e-14
-5.40351582269e-14
-5.40351582269e-14
-5.40351582269e-14
-5.40351582269e-14
-5.40351582269e-14
-5.40351582269e-14
-5.40351582269e-14
-5.40351582269e-14
-5.40351582269e-14
-5.40351582269e-14
-5.40351582269e-14
-5.40351582269e-14
-5.40351582269e-14
-5.40351582269e-14
-5.40351582269e-14
-5.40351582269e-14
-5.40351582269e-14
-5.40351582269e-14
-5.40351582269e-14
-5.40351582269e-14
-5.40351582269e-14
-5.40351582269e-14
-5.40351582269e-14
-5.40351582269e-14
-5.40351582269e-14
-5.40351582269e-14
-5.40351582269e-14
-5.40351582269e-14
-5.40351582269e-14
-5.40351582269e-14
-5.40351582269e-14
-5.40351582269e-14
-5.40351582269e-14
-5.40351582269e-14
-5.40351582269e-14
-5.40351582269e-14
-5.40351582269e-14
-5.40351582269e-14
-5.40351582269e-14
-5.40351582269e-14
-5.40351582269e-14
-5.40351582269e-14
-5.40351582269e-14
-5.40351582269e-14
-5.40351582269e-14
-5.40351582269e-14
-5.40351582269e-14
-5.40351582269e-14
-5.40351582269e-14
-5.40351582269e-14
-5.40351582269e-14
-5.40351582269e-14
-5.40351582269e-14
-5.40351582269e-14
-5.40351582269e-14
-5.40351582269e-14
-5.40351582269e-14
-5.40351582269e-14
-5.40351582269e-14
-5.40351582269e-14
-5.40351582269e-14
-5.40351582269e-14
-5.40351582269e-14
-5.40351582269e-14
-5.40351582269e-14
-5.40351582269e-14
-5.40351582269e-14
-5.40351582269e-14
-5.40351582269e-14
-5.40351582269e-14
-5.40351582269e-14
-5.40351582269e-14
-5.40351582269e-14
-5.40351582269e-14
-5.40351582269e-14
-5.40351582269e-14
-5.40351582269e-14
-5.40351582269e-14
-5.40351582269e-14
-5.40351582269e-14
-5.40351582269e-14
-5.40351582269e-14
-5.40351582269e-14
-5.40351582269e-14
-5.40351582269e-14
-5.40351582269e-14
-5.40351582269e-14
-5.40351582269e-14
-5.40351582269e-14
-5.40351582269e-14
-5.40351582269e-14
-5.40351582269e-14
-5.40351582269e-14
-5.40351582269e-14
-5.40351582269e-14
-5.40351582269e-14
-5.40351582269e-14
-5.40351582269e-14
-5.40351582269e-14
-5.40351582269e-14
-5.40351582269e-14
-5.40351582269e-14
-5.40351582269e-14
-5.40351582269e-14
-5.40351582269e-14
-5.40351582269e-14
-5.40351582269e-14
-5.40351582269e-14
-5.40351582269e-14
-5.40351582269e-14
-5.40351582269e-14
-5.40351582269e-14
-5.40351582269e-14
-5.40351582269e-14
-5.40351582269e-14
-5.40351582269e-14
-5.40351582269e-14
-5.40351582269e-14
-5.40351582269e-14
-5.40351582269e-14
-5.40351582269e-14
-5.40351582269e-14
-5.40351582269e-14
-5.40351582269e-14
-5.40351582269e-14
-5.40351582269e-14
-5.40351582269e-14
-5.40351582269e-14
-5.40351582269e-14
-5.40351582269e-14
-5.40351582269e-14
-5.40351582269e-14
-5.40351582269e-14
-5.40351582269e-14
-5.40351582269e-14
-5.40351582269e-14
-5.40351582269e-14
-5.40351582269e-14
-5.40351582269e-14
-5.40351582269e-14
-5.40351582269e-14
-5.40351582269e-14
-5.40351582269e-14
-5.40351582269e-14
-5.40351582269e-14
-5.40351582269e-14
-5.40351582269e-14
-5.40351582269e-14
-5.40351582269e-14
-5.40351582269e-14
-5.40351582269e-14
-5.40351582269e-14
-5.40351582269e-14
-5.40351582269e-14
-5.40351582269e-14
-5.40351582269e-14
-5.40351582269e-14
-5.40351582269e-14
-5.40351582269e-14
-5.40351582269e-14
-5.40351582269e-14
-5.40351582269e-14
-5.40351582269e-14
-5.40351582269e-14
-5.40351582269e-14
-5.40351582269e-14
-5.40351582269e-14
-5.40351582269e-14
-5.40351582269e-14
-5.40351582269e-14
-5.40351582269e-14
-5.40351582269e-14
-5.40351582269e-14
-5.40351582269e-14
-5.40351582269e-14
-5.40351582269e-14
-5.40351582269e-14
-5.40351582269e-14
-5.40351582269e-14
-5.40351582269e-14
-5.40351582269e-14
-5.40351582269e-14
-5.40351582269e-14
-5.40351582269e-14
-5.40351582269e-14
-5.40351582269e-14
-5.40351582269e-14
-5.40351582269e-14
-5.40351582269e-14
-5.40351582269e-14
-5.40351582269e-14
-5.40351582269e-14
-5.40351582269e-14
-5.40351582269e-14
-5.40351582269e-14
-5.40351582269e-14
-5.40351582269e-14
-5.40351582269e-14
-5.40351582269e-14
-5.40351582269e-14
-5.40351582269e-14
-5.40351582269e-14
-5.40351582269e-14
-5.40351582269e-14
-5.40351582269e-14
-5.40351582269e-14
-5.40351582269e-14
-5.40351582269e-14
-5.40351582269e-14
-5.40351582269e-14
-5.40351582269e-14
-5.40351582269e-14
-5.40351582269e-14
)
;

boundaryField
{
    zMin
    {
        type            empty;
    }
    zMax
    {
        type            empty;
    }
    xMin
    {
        type            cyclic;
    }
    xMax
    {
        type            cyclic;
    }
    yMin
    {
        type            cyclic;
    }
    yMax
    {
        type            cyclic;
    }
}


// ************************************************************************* //
