/*--------------------------------*- C++ -*----------------------------------*\
  =========                 |
  \\      /  F ield         | OpenFOAM: The Open Source CFD Toolbox
   \\    /   O peration     | Website:  https://openfoam.org
    \\  /    A nd           | Version:  14
     \\/     M anipulation  |
\*---------------------------------------------------------------------------*/
FoamFile
{
    format      ascii;
    class       volScalarField;
    location    "19";
    object      p;
}
// * * * * * * * * * * * * * * * * * * * * * * * * * * * * * * * * * * * * * //

dimensions      [0 2 -2 0 0 0 0];

internalField   nonuniform List<scalar> 
2646
(
-1.64708355693e-11
-0.000161216244072
9.06952329988e-05
0.000222674692571
6.82250383964e-05
0.00606959952839
-0.0004662272071
-0.00270574358396
-0.000357506725209
-0.00484904761274
-0.000765565347198
-0.00213209623117
-0.00849220786783
-0.00170252267886
-0.00592628874821
0.00468650480446
0.00454777528445
-9.10162554811e-05
0.00111298003769
-0.000844575880888
0.000784172548844
-0.000690698884799
0.00183334185139
0.0029914896284
0.00404589415371
0.000279831408287
-0.000473405244454
-0.00243775548205
-0.00240813874328
-0.0013500231969
-0.00165469430535
-0.000154839819446
-0.000311042407735
0.00373933714647
0.00422049014953
-0.000111953610941
-0.00297740558434
-0.00260661125548
-0.00966925838863
0.00250022893573
0.00531121246984
0.00470482937953
0.00345105184893
0.00317508569854
0.00378020367871
0.0035676978117
0.00394079522109
-0.00884005621771
-0.00203210398241
-0.00442758053085
-0.00510407255898
-0.00858194915266
-0.00915986559451
-0.0099725848644
-0.00117747778321
-0.00189743238956
-0.00917423292098
-0.00860862672063
-0.00883903192217
-0.00937985119485
-0.00560890187191
-0.00912645675792
-0.0118357441892
-0.00144258250283
-0.00984706646462
-0.000163102087814
-0.00770410880579
0.000274270151313
-0.00880696626632
-0.00375831154171
-0.00652661264334
-0.00867200269155
-0.0030536991653
-0.0026671435495
-0.00989925063889
-0.00934411062994
-0.000140636084363
0.000218600919596
-0.00854083761697
-0.0104461559599
0.000167314804418
-0.00182205239421
-0.00695761224425
-0.00842003342987
-0.00932301704605
-0.00938277692012
-0.00277437755622
0.00433432044357
-0.0185902970154
-0.0122638859879
-0.0405379168468
0.000392372766341
-0.041154433159
-0.0364776464229
-0.041200135863
-0.0236056576289
-0.0198408679279
-0.0423416106652
0.00247989258798
-0.0327695799327
-0.000251983466503
-0.0298908611579
0.00176446803086
-0.0265809650099
-0.0484116377184
-0.0351440387029
0.00713321265492
-0.0337948585471
-0.00562960795627
-0.0230139042134
-0.0118307975088
-0.00111599314729
0.00299215940487
0.00354142005052
-0.00228689305707
0.00429806670684
-0.0100946625662
-0.0323948433908
-0.043924300635
-0.0290014391196
-0.0106239251889
-0.0389199328553
-0.00975683605936
-0.0135366214406
-0.027857472814
-0.012143218216
-0.00995436496057
0.0136112490298
-0.0267092588615
0.00288774890261
-0.0297959556039
-0.0142961582138
-0.0318335570064
-0.0371002023873
-0.0144830271296
-0.00360614819175
-0.0049383829058
-0.0378850841372
-0.0144846095432
-0.0173626075122
-0.0317637079945
-0.014879950062
-0.0193212162737
-0.0353131806019
-0.00246432390554
-0.0318425841338
-0.00305914663365
-0.0379121969308
-0.000665999438896
-0.0414735637051
-0.00208814390267
-0.0347002112748
-0.00587828835429
-0.0118009220573
-0.00138691207435
-0.00508554478174
-0.0105136216186
-0.00934888862637
-0.0287057850198
-0.00311835813131
0.0395963733495
-0.00554614709251
-0.0057046337269
-0.0379928902144
-0.0272797292997
-0.0294906116882
-0.0232405293449
0.198434666027
0.0329358607602
0.0386972579912
0.0384286196179
0.0335699976395
-0.00355923632114
-0.00673600306522
-0.000690726587427
-0.000988716550127
0.000981229841731
-0.00243007767035
0.000167976947073
-1.72742061564e-06
-0.0044340622943
-0.000412067201396
-0.00261802912054
-0.000859356682027
0.00433029715486
0.00268782952134
0.00467569569773
0.00433712336463
-0.00959792763516
-0.00786616953567
-0.00078863583188
-0.000913543706191
-0.00960708925904
-0.00975655551307
0.00018335572321
0.000114930050907
-0.0027449969736
-0.0033720452984
-0.00411397611246
-0.0054105954811
-0.00965655657732
-0.00858585912353
-0.00827956467809
-0.00863509492855
-0.010848814233
-0.0022664672119
-7.27208932586e-05
-0.0394295282087
-0.00622720995568
0.00234069864086
0.00412130935442
-0.0305181459061
-0.0311705007938
-0.0248026336983
-0.0412745141595
-0.00825947512793
-0.000128915143864
-0.00708077851337
-0.00572041310497
-0.0340158165368
-0.0369007618002
-0.0226562186044
-0.0103950613318
-0.024680154778
-0.0158008836769
-0.00331876325787
-0.000475196311734
-0.00188332460252
0.000536680608771
-0.0283061582932
-0.0235641074144
-0.00711501049931
-0.0398990223948
-0.0127004885382
-0.00626021385245
-0.0067196618484
-0.0303084045574
-0.00296683806887
-0.0013033516701
-0.0396909109265
-0.000363144963495
-0.0248197086652
-0.0319138311162
-0.000479694993725
0.000510079663655
-0.0318382871219
-0.0302155886771
-0.0104803928513
-0.0108473300451
-0.0391707769589
-0.0399250031643
-0.03964009535
-0.055064757398
-0.0471202711196
-0.0321398200109
-0.0326128755866
-0.0263013619936
-0.021611662242
-0.0468687759691
-0.0041748243827
-0.00534102155482
0.00184209500366
-0.0549866583168
-0.0546085174689
-0.0412283323429
-0.0353358988849
-0.0362771694518
-0.0449312958627
-0.0389936791588
-0.0537241932306
-0.0467777336547
-0.0434480227816
-0.0204393879494
0.00142517921686
-0.000743404452246
-0.0131452067528
-0.0416943182259
-0.026773580995
-0.00922495171333
-0.00656951428148
-0.0114882526834
-0.02486084953
-0.0110225387536
-0.0394906379292
-0.0119575672925
-0.00795805680874
-0.0139437957674
-0.00398488341736
-0.00565632855037
-0.00818344594707
-0.0364154438356
-0.0278435849175
-0.013798198616
-0.0147707488391
-0.0112838946375
-0.00237777783273
-0.0232853369765
-0.0169782281384
-0.0069712342149
-0.0403386103902
-0.0109063923892
-0.00736573624595
0.00376169303788
-0.00695660030067
-2.73660961757e-05
-0.0245082187366
-0.025937272238
-0.00496842900352
-0.000138190422296
-0.00622623657376
-0.00904922138982
-0.00576548973504
-0.00698776163651
-0.0385152545695
-0.0104762901093
-0.0116507190266
-0.00261946273485
-0.0257122193112
-0.00423864787651
-0.0115390863091
-0.00245676296021
-0.00498696600582
-0.0159227261879
-0.0108966918062
-0.0192670975476
-0.0004225580429
-0.000595447099567
-0.00562388703291
-0.0198224825049
-0.0441728898842
-0.0314732563594
-0.0413787351865
-0.0209902134504
-0.0404063627015
-0.00919538212387
-0.0441258818809
-0.00923227515137
-0.00716298784427
-0.00860690440891
-0.0208293221435
-0.035955602972
-0.041716887544
-0.0491273045865
-0.008133347552
-0.0181984602612
-0.0581868793305
-0.0119660909918
-0.0179194641334
-0.0868602247736
-0.00753114808214
-0.0271254893348
-0.0309561538324
-0.0231771224007
-0.0677440345127
-0.0162385398612
-0.0862197402577
-0.052886761743
-0.0844869227392
-0.0761359123513
-0.063418722617
-0.0627633926837
-0.0658186851861
-0.0106159699553
-0.00896718731501
-0.00719453787299
-0.0717387593314
-0.0363389069248
-0.0356482701673
-0.0210471573457
-0.0276301088659
-0.00865039587391
-0.0417792740856
-0.00845182807216
-0.0111186838172
-0.0168610540996
-0.04832989877
-0.047402314615
-0.0313991351944
-0.0361547088143
-0.0437570480928
-0.0872242605989
-0.0315917391919
-0.0311834882276
-0.0853985928336
-0.0427586547741
-0.0354767167828
-0.0337571867803
-0.0792696211387
-0.0125255731385
-0.0195906464837
-0.0813151802374
0.0042699591541
-0.0564965627046
-0.013420343507
-0.0306953111536
-0.01008914775
-0.0589150987491
-0.0115885849483
-0.0356586319348
-0.035629954946
-0.0775433245772
-0.02759132058
-0.0790285901181
-0.0127457065342
-0.0757954747023
-0.0377700281396
-0.0403829088643
-0.034039934895
0.00329180741814
-0.0654836114998
-0.0827902053222
-0.0462369878842
-0.0476791198268
0.00212522007999
-0.0424515743389
-0.085900084904
-0.0113606931857
-0.0493347271897
-0.0480123727395
-0.0151179707131
-0.00952384282544
-0.0320851929114
-0.00192278880955
-0.00983114788554
-0.0836727376523
-0.0777026477012
-0.00869849720301
-0.0870913430555
-0.0551597042123
-0.0056312786992
-0.0868770118066
-0.0571921800375
-0.00863050081062
-0.00891414889713
-0.00958336539426
-0.0268404956719
-0.0435644015644
-0.0692822957927
-0.0594883308166
-0.00866853637954
-0.00855344725947
-0.00707631068294
-0.00322622039256
-0.0869438128553
-3.62250916099e-05
-0.0694440558682
-0.00834391383288
-0.00712364335592
-0.0622806108654
-0.00762637440581
-0.075317783056
-0.00778921921002
-0.0662527931686
-0.00826001398552
-0.0703371499424
-0.0685906661559
-0.0734110735061
0.00350768768801
-0.0595573895813
-0.0618658396483
-0.0642023356546
-0.0100660174029
-0.0427331221242
-0.0744974167575
-0.0810442264
-0.0648017050354
-0.0438431406249
-0.00689674329509
-0.0561658782362
-0.0338299867838
-0.08212207519
-0.00459179887119
-0.0109009038984
-0.00542955838173
-0.0322964116472
-0.0103401455685
-0.023947049347
-0.032024413111
-0.0443629428313
-0.0284091877126
-0.00907961044353
-0.0310428056918
-0.0433475825389
-0.0736594260447
-0.00957125763878
-0.00899177246504
-0.0151612958331
-0.0143180047128
-0.0308469200782
-0.0127981018264
-0.0293773394692
-0.0125916337133
-0.0169618404092
-0.0348469420232
-0.0440986640393
-0.0234532534465
-0.0384870100274
-0.0239882870236
-0.0136669319006
-0.0405327030109
-0.00359593257629
-0.00991990853021
-0.00739616867832
-0.0734254569472
-0.0238052620787
-0.0104809405968
-0.0844969719647
-0.0098710611207
-0.039604107976
-0.0785025970096
-0.0361261160934
0.00364785637952
-0.00890973075963
-0.026476645425
-0.0229950794188
-0.00863893892186
-0.0192330829316
-0.0281113565616
-0.0111793769688
-0.0136754441653
-0.00356973209734
-0.0105426272043
-0.0502133599477
-0.0322823343011
-0.0826954746766
-0.0505973008539
0.00368186298972
-0.0856468832165
-0.0359565012965
-0.0416681733398
-0.0441141416258
-0.0359963064919
-0.0647657511768
-0.00826682821527
-0.0581910007855
-0.070686047506
-0.0477554861968
-0.0347866394794
-0.0736292070099
-0.00522687546523
-0.0390250779446
-0.00655665635711
-0.0122329133391
-0.0527247588318
-0.0414082537217
-0.051363794606
-0.0539721488446
-0.0103249430746
-0.0223333314279
-0.00189458271201
-0.087246879695
-0.0106907605533
-0.0441711828008
-0.0385078099389
-0.0441876150147
-0.0355720532813
-0.0467119215458
-0.00650950309897
-0.0451055422791
-0.0467933940176
-0.0362861508003
-0.0668039022669
-0.0860352044422
-0.037533369165
0.00263814944562
-0.0258299682193
-0.00714084036751
-0.0528459048308
-0.0374824178198
-0.0443930704735
-0.0217018617379
-0.0773637847738
-0.0468918376571
-0.0413561648704
-0.00853231261856
-0.0100100625316
-0.0338797596318
0.00176903295898
-0.0306094845282
-0.0196204535064
-0.0116902960726
-0.0241933573838
-0.0444668303222
-0.0730081642167
-0.0495651487208
-0.0310776068968
-0.00277271107454
-0.0766657086341
-0.0140561877644
-0.00762827127189
-0.0464593160751
-0.0383808210634
-0.00761439244171
-0.0290032303719
-0.0781074425533
-0.00962889391512
0.00322681773122
-0.00918461056323
-0.00917302403304
-0.00419473597237
-0.0109696447051
-0.00244215356469
-0.0620052811545
-0.0105245180635
-0.0119523606117
-0.0822608202803
-0.00882613219598
-0.040222127191
-0.00855125960573
-0.0377785437514
-0.0470833471689
-0.00971758733804
-0.0107815279583
-0.0311922318327
-0.0504615612552
-0.0196418564073
-0.0322075962236
-0.00160631704198
-0.00018391387897
-0.00634090655992
-0.0270071335259
-0.0262629694899
-0.0307365325884
-0.0332256640908
-0.0242344449066
-0.0204974914143
-0.000511249961033
-0.0155654463786
-0.0103450272698
-0.000366301829655
-0.0103456642044
-0.003760876132
-0.0111302946003
-0.0108299830153
-0.0340815832601
-0.0438555925271
-0.0717942581532
-0.0108854509633
-0.0134417421926
-0.0760275172177
-0.0176151707751
-0.0539708541516
-0.0379680368427
-0.0255416068883
-0.0758390219311
-0.0711326986863
-0.000220785286869
-0.0344193795457
-0.0318565766491
-0.0150933030479
-0.00890115492559
-0.0669278455714
-0.0286640445862
-0.0333736824011
-0.0485309503404
-0.00557083272205
-0.080501342934
-0.0616646379581
-0.0783333362265
-0.00121213038781
-0.0131394552363
-0.0324743005539
-0.0766320874489
0.00256437496088
-0.00617530383123
-0.0569208315681
-0.0114518117591
-0.00938503116832
-0.0083537554374
-0.0763741031164
0.00133428891248
-0.00954188811864
-0.0238029939924
-0.0476344433924
-0.0599008383092
-0.0235721728667
-0.0523161297965
-0.0410391620487
-0.0397362147685
-0.0712057030255
-0.0731919873697
-0.000387687229052
-0.0686569839748
-0.00961696528146
-0.0273182990006
-0.028484009138
-0.0348326276585
-0.0506884203971
-0.000402478938204
-0.0289490515495
-0.0365369692999
-0.0151225664331
-0.035694260484
-0.0435570709534
-0.00873190286025
-0.00467740851692
-0.023639855182
-0.00332423983019
-0.00371648805976
-0.0269091244307
-0.0738468679563
-0.0088360656308
-0.0410007717717
-0.0439827764078
-0.0122840905551
-0.0383916495372
-0.0151542166105
-0.0739576623874
-0.0199869736223
-0.013860813419
0.0016504216593
-0.0410283802902
-0.0718887644044
-0.0250474497628
-0.00120702859751
-0.0077151493536
-0.0454707068791
-0.0102928391375
-0.0396013467899
-0.0521088650603
-0.00764067871674
0.00494317080887
-0.0049886708188
-0.00684087914886
-0.0311797375861
-0.00746263710272
0.0030838911877
-0.010399457512
-0.0227557429529
-0.00914588161017
-0.061755292605
-0.0501307672642
-0.0189992313236
-0.0259476950981
-0.0436906218739
-0.020186783598
-0.0768701662805
-0.0391880089226
-0.0141505920815
-0.00407640087237
-0.0412973770641
-0.0160213166462
-0.0409737310242
-0.0409315801178
-0.00126016435015
-0.00657045306992
-0.0252494980992
-0.0093662741934
-0.00301736957577
-0.0770413283856
-0.0593759580479
-0.048245366276
-0.083532447761
-0.0258919799491
-0.00851179621212
-0.00867159320404
-0.00169685812029
-0.0599856812411
-0.00853614589418
-0.0215275706016
-0.0102544954277
-0.0156565182754
-0.000734064531715
-0.0428647588232
-0.0178322943973
-0.02730734939
-0.00471164878634
-0.0711057989907
-0.0115870980273
-0.0259132011619
-0.0388586393665
-0.0741072055343
-0.0106254475355
-0.0199259939498
-0.0192505637851
-0.0111581370146
-0.0619588557689
-0.0179139627719
-0.0301724474569
-0.0248278435925
-0.0226592870175
-0.0331440576432
-0.0214580250133
-0.0663042529197
-0.0830700601488
-0.0266302279699
-0.0438125449372
-0.0162052197877
-0.0340650388796
-0.0695843514335
-0.0479718988473
-0.0065806277144
-0.0207009603912
-0.0327200487443
-0.00447820891956
-0.0112472152396
-0.0227440292697
-0.0629887116928
-0.0571939393261
-0.0624287766116
-0.0489651420833
-0.0209744048077
-0.0390015256694
-0.0719332184283
-0.0201448933368
-0.0641386212779
-0.0154052019452
-0.0386192417726
-0.00648478413297
-0.0177799537308
-0.0419330882831
-0.0263755164306
-0.0476454285347
-0.000663510035795
-0.0242335067552
-0.0333038099138
-0.0081711292944
-0.00971275810576
-0.0622217175757
-0.0217666514351
0.00347178760999
-0.0611353931819
-0.0460670168243
-0.0122725197571
-0.00225843655337
-0.000232993290953
-0.0609300613597
-0.0277038149015
-0.0121828750235
-0.0359425152272
-0.0250665386643
-0.0193132032168
-0.0849636692052
-0.0164397249793
-0.0200061618174
-0.020070572289
-0.0289607497939
-0.0546067854433
-0.0600940850381
-0.0182116482116
-0.0263634979518
-0.064222675037
-0.0360360431546
-0.0662840747643
-0.0625317408046
-0.060156613826
-0.000253167614735
-0.000225008396501
-0.0100726843337
-0.0325867896302
-0.0268372407961
-0.0452215301839
-0.0190021419868
-0.0238857521153
-0.0545073057999
-0.0389363290662
-0.0555547960944
0.00197832842035
-0.0102296269383
-0.0677177655089
-0.00515945595609
-0.0249199919087
-0.0200695869658
-0.0263255728709
-0.0604486177218
-0.0271404366567
-0.0273527192151
-0.0719802608714
-0.0405848598763
-0.0141486481428
0.00150587453455
-0.00780079695428
-0.0457900164351
-0.0300131160459
-0.0235510051239
-0.0272542940542
-0.036896001569
-0.00767538739997
-0.0297430745933
-0.0353286781095
-0.0688074761084
-0.0447484211755
-0.000984397590158
-0.00275102675419
-0.00922823091497
-0.0317762385509
-0.0581158988909
-0.0153648701198
-0.0282071895884
-0.0239571430413
-0.0314811128893
-0.0430244369735
-0.0493657746578
-0.0417077081825
-0.0550008551243
-0.0366108373495
-0.00904233885503
-0.0595449303919
-0.0174568207893
-0.0388351830505
-0.0274638124727
-0.0575030186109
-4.14621510038e-05
-0.0218556338198
-0.0180865458689
-0.0703428450823
-0.041373432824
-0.0192659192102
-0.0330085339847
-0.0721808092536
-0.0532191754278
-0.0284801029432
-0.0499747569059
-0.0405441674911
-6.63793369466e-05
-0.0311927530676
-0.0640430010915
-0.0424067363859
-0.0133262251721
-0.00684819313699
-0.0191090594032
-0.073049639275
-0.00912162366346
-0.0290873788671
-0.0757590622418
-0.0324946883678
-0.0333156385795
-0.0146524853556
-0.00332396046285
-0.0126895231598
-0.0411380670293
-0.0403446275988
-0.0102975643585
-0.0375530382264
-0.0553976268342
-0.055057913183
-0.00331851830401
-0.0462171069581
-0.000312387422664
-0.0143698047116
-0.0373433087953
-0.0397227241068
-0.0732248667011
-0.0331372969938
-0.0543766986153
-0.0601682405046
-0.0392497392817
-0.0276146546521
-0.0535786478214
-0.0395396752317
-0.0492325043463
-0.0334962019044
-0.000913009675806
-0.0171993137366
-0.0353354886096
-0.0773538893878
-0.0130235346041
-0.0672249813384
-0.0765960421679
-0.0300109785404
-0.0510990961883
-0.0703875791203
-0.0058230280322
-0.0365755664339
-0.0833240661236
-0.0100395713724
-0.0392020724699
-0.0372487198637
-0.067248125335
-0.0672601333086
-0.0381818333199
-0.044553563149
-0.0586828095735
-0.00144340077962
-0.0732826737792
-0.0215283661573
-0.0301313578296
-0.0851822884523
-0.0346446619571
-0.0347315341065
-0.084964960653
-0.00296159633266
-0.0594809068037
-0.00253280795208
-0.00977815214833
-0.0304248318484
-0.0801870936817
-0.0384426229452
-0.0191119263602
-0.0594778101546
-0.060962755156
-0.035066485204
-0.040019142795
-0.0119242849803
-0.0459590537088
-0.0343298716683
-0.0403168950382
-0.0163345407854
-0.0651866183913
-0.041925444544
-0.0358860387542
-0.0579643769609
-0.0465375843718
-0.0397148431654
-0.0541111896985
-0.066361803843
-0.00676586067959
-0.0328581484455
-0.0361571201518
-0.0115236860073
-0.0733863797267
-0.0547613780774
-0.0643223742484
-0.0640539606176
-0.00677292971503
-0.0605799214831
-0.042273644847
-0.0503625719529
-0.0780359131567
-0.0318073217221
-0.00640776675075
-0.051119375877
-0.0467662189439
-0.0262092285626
-0.0347054953641
-0.0352308320266
-0.0201621629278
-0.0416758554753
-0.0170502614666
-0.0355270010315
-0.0323099873052
0.00343748460981
-0.0560380744898
-0.00951958530295
-0.027229610028
-0.0490506502467
-0.0362490323403
-0.0424459175415
-0.0280303917746
-0.0481378625151
-0.0231806429015
-0.022731126554
-0.0338334445927
-0.0245967258855
-0.038821628083
-0.0493683538609
-0.0248444202497
-0.0400049459819
-0.0345442225298
-0.0656913596004
-0.0455775503097
-0.0383711340652
-0.0857356309595
-0.0299279192063
-0.0433567609975
-0.0786520488528
-0.0339206284665
-0.0802554628065
-0.0433969109798
-0.0379934058117
-0.0765868254417
-0.0416447833974
-0.0279990740343
-0.00450128853927
-0.00920674378527
-0.0382852043441
-0.0279248500958
-0.0149038234256
-0.0819395251904
-0.0347904867943
-0.0455524301278
-0.0287629891925
-0.0123158837819
-0.0304834331632
-0.046890934464
-0.0364759731399
-0.0227184818417
-0.0624423589069
-0.0622901080694
-0.0276422424872
-0.00323151419089
-0.0654555416129
-0.0140897705159
-0.0177793735106
-0.064000589201
-0.0206916791993
-0.0376903022743
-0.0302742010232
-0.0818475929392
-0.0307905982045
-0.0588703149317
-0.00651580768168
-0.000658174542363
-0.0353582997089
-0.0460445424438
-0.0441247653893
-0.0125571857984
-0.0186897270064
-0.00915847182975
-0.0156162714191
-0.00838244036813
-0.0379125132334
-0.00727037882117
-0.0461931134223
-0.00647977199504
-0.0109662874989
-0.0842196077425
-0.00256094604468
-0.0465201018031
-0.0499699800962
-0.0197900113746
-0.0502560700851
-0.0449721412594
-0.0335119052236
-0.0133144837912
-0.0422911847942
-0.0515240627639
-0.0328742654872
-0.0469736822987
-0.00130588921166
-0.0126414141281
-0.0345785326045
-0.0348623908399
-0.0309839739446
-0.0430645715066
-0.0504828591215
-0.0352899093403
-0.0141034849001
-0.0220333140677
-0.035498742771
-0.0678421653971
-0.0452901148369
-0.0560222055554
-0.0413280708807
-0.042359416724
-0.0437239261393
-0.0352418760026
-0.0115392130928
-0.0550684691842
-0.0236292745463
-0.0352159999879
-0.0435186177971
-0.0623322069213
-0.0779411758152
-0.0237139253027
-0.00433015623012
-0.0567804838411
-0.0348072831854
-0.0387657718322
-0.0158137912374
-0.0413786716548
-0.00496433451463
-0.00748550988071
-0.00810335553994
-0.0548291949443
-0.0161652860503
-0.014789910354
-0.0212980228211
-0.00599094389399
-0.00743264986975
-0.0105424442162
-0.0178747626446
-0.0358376323919
-0.035035620917
-0.0139117627456
-0.0298586554302
-0.0302966015893
-0.0584527558065
-0.000513482382474
-0.019765982714
-0.0163278756967
-0.0303044880373
-0.0540953861807
-0.0542972011682
-0.0536273224841
-0.0176430812661
-0.00254847872102
-0.0197381026873
-0.030502568294
-0.0447099504402
-0.0331098867158
-0.0669374697298
-0.067874569881
-0.0348314748147
-0.0188176264682
-0.00139150997429
-0.00209059870964
-0.0346224915653
-0.0850220075518
-0.0237987384558
-0.0409951270766
-0.00567511760251
-0.00325354650249
-0.0117291737655
-0.0351078074247
-0.032320394673
-0.0149238787175
-0.0342578263226
-0.0260334587635
-0.0299021319862
-0.0293012166341
-0.0689733133408
-0.00681042173059
-0.048007517637
-0.00972936223003
-0.0567468749381
-0.0155343580149
-0.0382875858204
-0.0269902255973
-0.0266933183867
-0.0198018455256
-0.0253161515863
-0.0401111135002
-0.072188739196
-0.0638939482995
-6.9703240506e-05
-0.0404346879105
-0.0353089649744
-0.0259093013832
-0.0856743872289
-0.00963077946177
-0.0535189016313
-0.0061955130073
-0.0168530685026
-0.0438601740587
-0.00372628049376
-0.0353617044362
-0.0372749378036
-0.0269595062412
-0.0192163228251
-0.0405548063223
-0.0389068867648
-0.0381693558718
-0.0234082290267
-0.0039910585312
-0.0106777232046
-0.0541827493104
-0.0324108345304
-0.0570738656188
-0.0221512868203
-0.00735934463521
-0.0217990450284
-0.0370844872802
-0.00516683063747
-0.0190285167283
-0.0515395296653
-0.0455349648209
-0.0561145426926
-0.0558580126191
-0.00729397400697
-0.084998589335
-0.0385968633919
-0.0178458483369
-0.0109720709982
-0.0422047952308
-0.0366915390158
-0.0348987337674
-0.0466614112591
-0.0621216537614
-0.0351332302377
-0.0360311855371
0.00142736309216
-0.0327193384044
-0.00490787309027
-0.0519387526035
-0.0329655255654
-0.0392226876863
-0.0373611150796
-0.00496630478871
3.74106790346e-05
-0.0795962667558
-0.0368217307162
-0.0411434493854
-0.0331990261292
-0.0104375450912
-0.0219643886921
-0.0309111331832
-0.00754786282569
-0.0356123534793
-0.0169476776786
-0.0370834298278
-0.028423921389
-0.0205319251343
-0.0440933632027
-0.0353256120951
-0.0706413210597
-0.0289442702975
-0.0127118277848
-0.0336979396392
-0.00614957766238
-0.00459400077191
-0.00340504485903
-0.0396273295314
-0.0115550050729
-0.0237004177276
-0.0182719550055
-0.00421027428349
-0.053706936363
-0.0302097753472
-0.0324067411174
-0.0480459200895
-0.0143635807177
-0.0040685180174
-0.0319771741525
-0.000835036676155
-0.0329661313435
-0.0362160049567
-0.0212568691924
-0.0786212803737
-0.0247095880411
-0.0274060687914
-0.0370682071557
-0.0189247607648
-0.00181949711323
-0.070212583848
-0.0181641770688
-0.0331609880874
-0.0144211072142
-0.0331928750897
-0.0328122589297
-0.024882568033
-0.0182110399873
-0.0476225311969
-0.0101914948131
-0.0659010137924
-0.0332383333585
-0.026071372851
-0.0515634538724
-0.0413089587519
-0.0325738800338
-0.0307509838291
-0.0235822501563
-0.0452355766038
-0.0235032155385
-0.0435985492817
-0.034666651157
-0.0587624014112
-0.0715098293088
-0.0487845083194
-0.0331550770397
-0.0602784090522
-0.0361298008363
-0.0230563016456
-0.0242345808083
-0.00560525555743
-0.020532268608
-0.0356700726749
-0.0248435612821
-0.0342531429519
-0.00492337704582
-0.0674455065576
-0.00763733271512
-0.0312166897413
-0.0466571421036
-0.026957328648
-0.0375848328711
-0.0341201983197
-0.0241342700099
-0.0230877802689
-0.0170365281701
-0.0143223054865
-0.0384624385893
-0.0304911429297
-0.0211364647602
-0.00141475593647
-0.0749303999372
-0.0582877993703
-0.0348929507709
-0.0315118696954
-0.0118531236297
-0.0295248866156
-0.0276832689891
-0.0173966415833
-0.0324234729191
-0.0496492042044
-0.00306413334013
-0.0162671399838
-0.0599632805943
-0.0570071539321
-0.00363389282922
-0.0215294686601
-0.0246033840385
-0.00166749665519
-0.0545559251203
-0.0434370223137
-0.0397395285337
-0.0564869250314
-0.0438274354711
-0.0269143211783
-0.0226218651004
-0.0470108865884
-0.000144289547848
-0.0303999365675
-0.0304771661661
-0.0261845150886
-0.0427168284555
-0.0338026960428
-0.0474747388743
-0.0355006865685
-0.0213981458975
-0.0347967977253
-0.0442395690067
-0.0215685459049
-0.0396751646929
-0.00330906304132
-0.0122069202201
-0.0323117632956
-0.054960148515
-0.00528427875255
-0.046083268591
-0.0541197132166
-0.0508623759644
-0.0305540087652
-0.0544530563742
-0.0530210312575
-0.0238766456426
-0.0342012307352
-0.0406689383523
-0.00239526143313
-0.0132368042911
-0.0544394320867
-0.0337399231886
-0.0497148858571
-0.0456626649093
-0.0119055640682
-0.0355651649241
-0.0134923663863
-0.0330048160418
-0.00456607565153
-0.0601640547898
-0.0471837792266
-0.0537509913491
-0.0684495285653
-0.00434999199564
-0.0185559349482
-0.0474219241849
-0.0680612659186
-0.0144480542074
-0.025169702314
-0.0284197703699
-0.0786314546219
-0.0784914572534
-0.0105587574038
-0.0390898962326
-0.000316578713683
-0.063446418289
-0.0243950056362
-0.0416974368789
-0.00622643301386
-0.0411439212181
-0.0427407889317
-0.0393341714512
-0.00305089632482
-0.0131172002832
-0.0033868746398
-0.0189042636766
-0.0326366021436
-0.0445442615934
-0.0826116320151
-0.00411906139542
-0.0433526919045
-0.00491613654429
-0.0291215040797
-0.000573564855912
-0.00100066786262
-0.0188107903122
-0.0460161918252
-0.0600638173069
-0.0232792287606
-0.0373565951093
-0.012147440179
-0.013967626175
-0.0146339938178
-0.0444602337078
-0.0304651956638
-0.00613627105178
-0.0530183303693
-0.00682957655067
-0.0328676431475
-0.0113837279673
-0.0852763139566
-0.0151398114324
-0.0362769311886
-0.00359151006
-0.00611088088016
-0.0279391530223
-0.0589468932544
-0.070370328552
-0.0200866723522
-0.0436709685134
-0.0626985407211
-0.0392922935434
-0.0807927852851
-0.00600252458939
-0.0847333501703
-0.0623325228022
-0.0486306020612
-0.0375684417675
-0.0405290807338
-0.0548215749038
-0.00850599973009
-0.0174792341885
-0.028094282942
-0.0499164940018
-0.0569866773576
-0.00543895261682
-0.053849343979
-0.0632313344983
-0.0244675562076
-0.0209550161653
-0.0336674843088
-0.0448389320154
-0.0592386336616
-0.0120849243194
-0.0648130281044
-0.0315542406669
-0.0601935733238
-0.0364599288877
-0.0133594573815
-0.0816600609484
-0.0386492872765
-0.0251906540477
-0.0511727240703
-0.0462358018067
-0.0441250008752
-0.0558108274414
-0.0653749862979
-0.0344147105513
-0.0207746793441
-0.00915883181556
-0.0394787468244
-0.0288521391751
-0.0537012118661
-0.00642748667316
-0.014530685796
-0.0214898064587
-0.0164451918172
-0.0379255703424
-0.0639485578823
-0.0215212753969
-0.0254587042587
-0.0151419304131
-0.0327090801183
-0.0275857864858
-0.00231421013543
-0.0585276349719
-0.0586526340122
-0.0109428547698
-0.0188587677679
-0.0387368739372
-0.0373809901674
-0.0482854076493
-0.0525987009918
-0.0578666772464
-0.0699264334738
-0.0489596841291
-0.0145023734039
-0.0427353450288
-0.0784128515987
-0.0575839674692
-0.0698072005516
-0.039501601092
-0.0364070621788
-0.0389889161001
-0.0871790003317
-0.0445809955314
-0.0367105767296
-0.0417745086932
-0.0533995698325
-0.0371519641588
-0.0650021867411
-0.0371485108858
-0.0438131129303
-0.0467272787027
-0.0434665260335
-0.0672715533574
-0.0651226578757
-0.0519859479241
-0.0672850413562
-0.0755646970478
-0.0379581728313
-0.0510933784967
-0.0327978581801
-0.0508995554642
-0.056095280099
-0.0489535389604
-0.0642559545808
-0.0741866039369
-0.0373710198658
-0.0172502481468
-0.0791323147986
-0.0247180283159
-0.0495060630868
-0.0515398955812
-0.0111328547319
-0.0275010667095
-0.0539962297628
-0.0194529943913
-0.0413351679237
-0.0812659580361
-0.0159734141572
-0.0296924520358
-0.0783339233047
-0.0215285594174
-0.0478176757411
-0.0245307265245
-0.0319979024153
-0.0827809104048
-0.0190567046869
-0.0477509088484
-0.0503198474696
-0.0415546002469
-0.0428706823432
-0.0447880713329
-0.0503075289153
-0.0291311828022
-0.0287648835667
-0.0721300751138
-0.0239595537764
-0.0405789531773
-0.0643836591702
-0.0841712987868
-0.015631239005
-0.052272856111
-0.0536420955027
-0.0699965967065
-0.0691018304456
-0.0502050332809
-0.0822513958339
-0.0419781915093
-0.0693826434979
-0.0795781456781
-0.0207420628681
-0.0504405573525
-0.0616408978256
-0.0272655213215
-0.00717950341515
-0.0468869516553
-0.00983902264891
-0.0557442545865
-0.0421720762318
-0.0596725273958
-0.0436398246445
-0.0588898289944
-0.0630999373871
-0.045458597846
-0.045313982795
-0.0476907472662
-0.0150017829716
-0.0200206217819
-5.98787820726e-05
-0.0382992881868
-0.0543759538158
-0.011897499931
-0.0607854123224
-0.0501904019137
-0.0491795562933
-0.0320056673546
-0.0395052633837
-0.0643721687689
-0.0599371971647
-0.045738136249
-0.0337821747601
-0.0746047662259
-0.0192438719852
-0.0409991702125
-0.0301502841951
-0.0821963851185
-0.0314588259749
-0.00666171261545
-0.0494304235114
-0.0292086926547
-0.0193884226237
-0.0369519178372
-0.076454302596
-0.0354168025902
-0.00530854742415
-0.010628817217
-0.0155851392074
-0.0545494444922
-0.0233415854877
-0.0258466202825
-0.0227022593874
-0.0596356515528
-0.0242242146845
-0.036041212181
-0.00752890756362
-0.00766302761125
-0.0500734350902
-0.0342908906576
-0.00119079010003
-0.0128785226869
-0.0578410217097
-0.0866002896694
-0.074597390009
-0.00553696258971
0.00328102435161
-0.00830750331436
-0.0459844243256
-0.051273310447
-0.0653301332935
-0.0316330209882
-0.029466376737
-0.0839577390507
-0.0147456401713
-0.0544279972777
-0.0827719173907
-0.0298153191248
-0.0787273809957
-0.0352146441472
-0.0277502387912
-0.0835303877783
-0.00233749332343
-0.0184599688599
-0.0810439888499
-0.0843811406215
-0.0382888612894
-0.0624764967887
-0.0323430315931
-0.0468859869612
-0.0635731387785
-0.0857269917354
-0.0271490649318
-0.0104725026336
-0.0268633105892
-0.0286868474367
-0.0542050594869
-0.056904922769
-0.0801258227632
-0.0373250048965
-0.0582289364446
-0.0401234102788
-0.0703394409652
-0.0664212884377
-0.0523372430523
-0.0264710852029
-0.00940018232569
-0.0610627574339
-0.0374511107441
-0.03565374416
-0.0377091833492
-0.0383214251616
-0.00168492960421
-0.0404824951123
-0.0119668432417
-0.0691416819081
-0.0791982766542
-0.0711794258166
-0.0438515592416
-0.0245854590389
-0.0129725876591
-0.0584989096935
-0.0803865547886
-0.0415955986534
-0.0369836513216
-0.026615326208
-0.0465404503349
-0.0432047874967
-0.0294049815429
-0.0525284127048
-0.0379778162615
-0.0616473773877
-0.0638341373195
-0.040568327847
-0.0411148300155
-0.0318950848235
-0.0202959636936
-0.0447200535006
-0.0171789530922
-0.0421345977275
-0.0347499679112
-0.0336506232556
-0.0446794250612
-0.0185152061133
-0.0555037397758
-0.0120622935018
-0.0742474884931
0.00305884815208
-0.0685453894612
-0.0578430285902
-0.0397222860813
-0.0582648060888
-0.0391968194941
-0.0493785581056
-0.0104396123632
-0.0495162874149
-0.0234613060342
-0.0467342749959
-0.0324484497919
-0.0547534199119
-0.00140882678129
-0.0392590256611
-0.010415539448
-0.0679566563682
-0.0778591095615
-0.0138680754319
0.00230608398038
-0.0433657007085
-0.0386707708518
-0.0277693135283
-0.0412285775799
-0.0716177560239
-0.0338364645707
-0.0393698646864
-0.0164060765104
-0.0461860997537
-0.0182131628376
-0.0459410130038
-0.0737993550037
-0.0633044746323
-0.0400878072671
-0.0224224803661
-0.0762997386373
-0.027835563274
-0.017986970787
-0.0126620297041
-0.0281661046355
-0.0418037361422
-0.0520781637767
-0.0638879822379
-0.0752424802255
-0.0444953414832
-0.0814516317781
-0.0655189697302
-0.0798912653956
-0.0676435737315
-0.0708792213038
-0.0353920740174
-0.0371642543442
-0.0156021636743
-0.0220211307
-0.0277099062801
-0.00342339817046
-0.0119564517681
-0.0423202958263
-0.0427100648578
-0.0111028285705
-0.0479314350919
-0.0255699575957
-0.0848991213461
-0.0199630853178
-0.079341667916
-0.0321579406743
-0.0476838943919
-0.0210474044012
-0.0202657576188
-0.0776349381721
-0.0147375831032
-0.0407373304174
-0.0223507091134
-0.0224025825784
-0.0506127728645
-0.0213815525346
-0.0170852706653
-0.0154063268454
-0.0349379059485
-0.0481275375055
-0.0243156189348
-0.0702615147895
-0.0518519715925
-0.0411037955971
-0.0137170477383
-0.0228364755878
-0.0215272939143
-0.0310527479163
-0.0468524730556
-0.0419604006648
-0.0390962989967
-0.0814713078639
-0.0742768388883
-0.0605425478361
-0.0101833333169
-0.0443325257789
-0.0466032659839
-0.028815803312
-0.0651395353607
-0.0173170585446
-0.0590805658228
-0.0764300012016
-0.00443792920303
-0.00178388427588
0.00195314098424
-0.0166491662151
-0.0825144620888
-0.039359256815
-0.0179838024177
-0.0487258916333
-0.0502211923369
-0.0133298889204
-0.0538816504548
-0.0487378673135
-0.0158063037179
-0.0184640055204
-0.0559403853725
-0.0154206760336
-0.00563960192628
-0.0380691760886
-0.0426034153672
-0.0510604793795
-0.0122724058658
-0.065285011665
-0.016957850431
-0.0501274015243
-0.0573929017801
-0.0249450819517
-0.0371326535593
-0.0271363534301
-0.0177257300682
-0.0630352735649
-0.0195115868629
-0.0595785482859
-0.0410636032143
-0.0522821690584
-0.056771656907
-0.0345556610775
-0.0826996737175
-0.0652178248323
-0.0245934079607
-0.0535126077489
-0.0376318346199
-0.032267929996
-0.0314378256641
-0.020208416368
-0.0594486542253
-0.00670935422224
-0.008083863623
-0.0228134961727
-0.0298230713891
-0.0367870540039
-0.0317686297254
-0.00568569620993
-3.94914552029e-05
-0.0366517269495
-0.0482241378733
-0.0360163182358
-0.0470185802035
-0.00705933645904
-0.0134870055086
-0.036688351161
-0.0498392456863
-0.0223826419071
-0.00612480617244
-0.06233383793
-0.0343479253659
-0.0557443679065
-0.0105174388914
-0.0224803288887
-0.0254234489937
-0.0466113761929
-0.0603425827116
-0.049358947593
-0.0146812429382
-0.0466250666564
-0.0793211976517
-0.0686981020541
-0.0348366684419
-0.00256683299577
-0.0103144491064
-0.0566994810666
-0.0202231129422
-0.0424970858978
-0.0130046584664
-0.00433201747479
-0.061517832525
-0.0196270695946
-0.0204984489788
-0.0806537682112
-0.0125944554685
-0.0605317088604
-0.0077734211189
-0.0369766026339
-0.067424132551
-0.0250349000779
-0.0314856961669
-0.0146567232592
-0.0620910276147
-0.0679083753
-0.0238602936779
-0.0568388444228
-0.0272332325771
-0.0446838632755
-0.0340018533699
-0.0304276697232
-0.0300965472117
-0.0160958662982
-0.0140904420411
-0.0290587861467
-0.0593167961476
-0.0449770094432
-0.0518282092107
-0.0309355323323
-0.0608417935225
-0.0147686473882
-0.0133531845771
-0.0101463211803
-0.0484456365411
-0.0571817502845
-0.0333205474901
-0.0193313861886
-0.0818612678378
-0.0336302513333
-0.000691479360443
-0.0235344966951
-0.0593606962444
-0.0218591339007
-0.0164521114983
-0.0656230091195
-0.0301264320344
-0.00142813408545
-0.0777659683156
-0.0383745715937
-0.0363784654894
-0.0216204119354
-0.0348390512692
-0.0452387351163
-0.0681948156134
-0.068047334289
-0.0167179283239
-0.00254547395582
-0.00284765980823
-0.0320506776077
-0.00345790974027
-0.0281126043967
-0.0157980770106
-0.0440558459446
-0.0450887496855
-0.0242674802772
-0.0145756697604
-0.0730692363301
-0.0434847810933
-0.020336594676
-0.0142268227291
-0.0164242152835
-0.00359264946016
-0.0210052328805
-0.0815787539278
-0.011453026142
-0.0376587271409
-0.012621960018
-0.00639752568271
-0.0205777601085
-0.0236568638944
-0.0379494981627
-0.0652921947584
-0.0316537013267
-0.0100141833445
-0.0357011851047
-0.044024953252
-0.024299216564
-0.0801444557842
-0.00995517876718
-0.0222604149759
-0.00869603526639
-0.029083736665
-0.0308115740092
-0.0246271628328
-0.0157587304826
-0.0273459916923
-0.0527463325077
-0.00559058723526
-0.0585979173724
-0.0223684023477
-0.0332027636756
-0.00943001792662
-0.00473240076913
-0.0284621117577
-0.00798104477946
-0.0464792718051
-0.0499261581983
-0.00895455364146
-0.0148794398117
-0.0469604268316
-0.0772426168311
-0.0185818519553
-0.0814403268979
-0.0398857353612
-0.0336430011315
-0.0029597905172
-0.0725883868752
-0.0507689847134
-0.0384942296065
-0.0343919119269
-0.0298745281281
-0.00428138268976
-0.0251273022874
-0.0870006972314
-0.0405911758468
-0.0690055269086
-0.05273211207
-0.0100429865101
-0.0510011060882
-0.0700848019364
-0.0165062489421
-0.00708906986196
-0.0831698965604
-0.0263340768696
-0.0264974966189
-0.0485571065614
-0.0755948199472
-0.0533975623524
-0.0118772116731
-0.061912473569
-0.0415923100422
-0.0451691217634
-0.0514651321602
-0.0385347570451
-0.0221512401047
-0.0373770299461
-0.033099699976
-0.0434972971431
-0.0305815414125
-0.0250451892128
-0.0365319076896
-0.0188792702282
-0.0854927985363
-0.0409750085358
-0.0286019271191
-0.000942908449851
-0.00899463101068
-0.0297546225007
-0.00244676779951
-0.065430919428
-0.00113360173834
-0.00792743935902
-0.0308681461748
-0.00519173810955
-0.0306943031904
-0.0404788444584
-0.0521139177751
-0.0375110242748
-0.00159938376068
-0.0273376064978
-0.0353786490776
-0.0713566967689
-0.0665434045352
-0.00288319479169
-0.000107649863206
-0.0679681377698
-0.0268632817618
-0.0325025090822
-0.0294480740267
-0.028885356455
-0.0290610899299
5.88300534011e-05
-0.00267852824388
-0.0412538612918
-0.0550880194955
-0.0357698973335
-0.00303954522179
-0.000772017656074
-0.0677585326299
-0.028194475998
-0.000836727674615
-0.0299699957547
-0.0574729957413
-0.0540594999727
-0.0708908312833
-0.0300489416744
-0.035898879343
-0.0506340718212
-0.0335820714994
-0.0382321769776
-0.00477393792816
-0.0113480899536
-0.0546575526941
-0.0172565038652
8.837795309e-05
-0.0330909063856
-0.0242031845579
-0.0707611874211
4.26970385458e-05
-0.034662128642
-0.0302004983223
-0.0489387239514
-0.0658166376755
-0.0514919169425
-0.0279718082175
-0.0445127774091
-0.0597830893888
-0.0121096363213
-0.00196285702537
-0.00865311712057
-0.052201552555
-0.0388877053494
-0.0567682568391
-0.0596078723825
-0.0739569865962
-0.0493800815764
-0.0554066924001
-0.00399412554348
-0.0681501738762
-0.0300715150577
-0.0111700226148
-0.0334050874705
-0.0335694919649
-0.0321093983026
-0.0554360905523
-0.0289357827299
-0.0323508113592
-0.00150388110257
-0.029144644978
-0.0345609927608
-0.0289036335069
-0.0878799918366
-0.0749393994429
-0.0276030784432
-0.0307693205494
-0.0283541373891
-0.0697323922076
-0.0259486780559
-0.0871433961097
-0.0317025699356
-0.0564705503316
-0.0520833973071
-0.0536168376891
-0.00994009360059
-0.0717163082796
-0.0176742435986
-0.0312674492977
-0.000450353153718
-0.0256207811153
-0.0525777773701
-0.0650943400666
-0.062794797622
-0.0342023442948
-0.0765491870399
-0.0712258280066
-0.00130735204152
-0.0477403525427
-0.0515722826923
-0.0034855930701
-0.030867851174
-0.0129134396782
-0.0244270084153
-0.022246650378
-0.0209851746638
-0.0322181088573
-0.035643951142
-0.0275717064297
-0.0293481690193
-0.0262970054922
-0.0227809678666
-0.0139180556621
-0.0536858613057
-0.0220092945064
-0.0650202133612
-0.0562001409707
-0.0727287539502
-0.0477864082018
-0.0298599810173
-0.0749089891742
-0.040844932499
-0.0734956909747
-0.0646099183794
-0.0267754320512
-0.035459359994
-0.0104803275635
-0.0528213349022
-0.0735935771086
-0.0748786350641
-0.0270258880109
-0.00958493316411
-0.0468733951549
-0.0305068317497
-0.0333899386342
-0.0109455883726
-0.000752107348802
-0.030461911718
-0.0126818834477
-0.0730178240768
-0.0143399311089
-0.0123108289714
-0.0307443061327
-0.0104503570298
-0.0114384002402
-0.0108981805392
-0.0212921938985
-0.010257639815
0.000153084917761
-0.012107530156
-0.015816170448
-0.0101931680301
-0.0150449040123
-0.0129523911893
-0.0126462525634
-0.0136858147993
-0.0121521509756
-0.0123955688595
-0.0135313064229
-0.0115754676882
-0.0121063352886
-0.0130939192553
-0.0484601271329
-0.0128184143438
-0.0473414187828
-0.0105642317984
-0.0112571694787
-0.0132303542373
-0.0111960219727
-0.0116484917949
-0.0137036292921
-0.0118313747629
-0.00967192718686
-0.0112882924863
-0.00886854439853
-0.00977526312203
-0.00816660659568
-0.0105475369872
-0.0104623732962
-0.00810043512852
-0.00666427470544
-0.0377029214029
-0.0114880102405
-0.000340661376196
-0.00567699868919
-0.00901020708511
-0.0500493338125
-0.0474463437
-0.0361325673569
-0.0145282718703
-0.0487542742594
-0.0490323190968
-0.0134468123911
-0.00430610439452
0.00251403238684
0.000923778706697
-3.43259342084e-05
-0.00619039446609
0.00310260961556
-0.000390812237376
-0.0405066588817
-0.0407628084719
-0.00034419554989
-0.00903316205153
-0.0149194900183
-0.0371224591106
-0.00680646039945
-0.00795407629904
-0.00503565158368
-0.0197943017213
-0.0178868232976
0.000765902018238
-0.0384966690459
-0.050068489745
-0.0319478036088
-0.0346753728311
-0.024154193499
-0.0286785945886
-0.0400757189947
-0.0266176659221
-0.0184850485076
-0.0336893356367
-0.0446435183104
-0.0107218526125
-0.00380254564784
-0.0468381129436
0.000115725807121
-0.00386713979671
-0.0161986905325
0.0022219006994
0.00209112727549
-0.04194284176
-0.0583193741414
-0.0583222371221
-0.0510258575114
-0.0370624498285
-0.0326400561066
-0.0448127416866
-0.0396710323994
-0.0472600449474
-0.00303921993231
-0.0364227515086
-0.0287177644857
-0.0233253308861
-0.0369541716203
-0.0430810193518
-0.0443835489669
-0.0165747278482
-0.00298839263725
-0.0106024969024
-0.0166139695058
-0.00611312608959
-0.00475436372825
-0.0492652536035
-0.00173007293292
-0.000997972415632
-0.0433218283508
-0.0225835757082
-0.0265529166354
-0.0467181230265
-0.0483297221874
-0.0405768085945
-0.00494029155901
-0.0372629830411
-0.0073577525625
-0.0154356059145
-0.0161925036318
-0.00550883800054
-0.00215763293212
0.00288257457535
-0.00634762123925
8.92461213856e-05
-0.00357346511082
-0.0416829914658
-8.42608881228e-05
-0.0138638730614
-0.016813204851
-0.00956868402859
-0.0222300602941
-0.00351225876446
-0.0378105332364
-0.00636016027647
-0.0124112975765
-0.0166667861533
-0.00966819034674
-0.00722180499957
-8.9389424277e-05
-0.0166109405699
-0.0142946869745
-0.0226106775692
-0.000717188779689
-0.00789530055551
-0.00343001543829
-0.016004272343
-0.0349227020487
-0.00548226894878
-0.0173379643529
-0.019393516604
-0.0173010520932
-0.0272645306423
-0.00763388284991
0.00246043273209
0.00272450141501
-0.00912477023984
0.00410782600129
-0.000387177248229
-0.000212957814159
-0.000167537067443
6.99234641397e-06
-0.00222106778245
-0.0104925933804
-0.0406667694382
-0.0154620634061
-0.019993352071
-0.0531203176513
-0.0301297886891
-0.00561611310933
-0.0176635672458
-0.0381558428944
-0.00828883056945
-0.0239345250758
-0.019174774742
-0.0367972675783
-0.0222286246236
-0.0316854490196
-0.030173119673
-0.0316761973135
-0.0272305800931
-0.045423304601
-0.0513291173102
-0.000901639800158
-0.0268803138009
-0.00465653738972
-0.00491224267282
-0.0185517857886
-0.00476290096381
0.00213200201477
-0.046574860247
-0.0603645122725
-0.048440407267
-0.0357029220966
-0.0289017167775
-0.0429667665303
-0.0196376175538
-0.0346364313504
-0.0298713980322
-0.0387054693787
-0.024373346399
0.00144386986681
-0.0371877981846
-0.0145470911721
-0.0406539117349
0.00139323480278
-0.0467206821497
-0.0509290310896
-0.0471096138222
-0.0498084013331
-0.0538822403104
-0.0423411328232
-0.0456329956934
-0.0167636498563
-0.0172768195249
-0.0167668478647
-0.0188035563448
-0.00707555414375
-0.0143022757214
-0.0484001217596
-0.00103526888962
-0.00815115406331
-0.0226136284261
-0.0185534062225
-0.00821820749142
-0.00656234887473
0.000380967658848
-0.0406010738036
-0.023695292862
-0.0527871731447
-0.0147595844435
-0.0318155206009
-0.0254259259685
-0.00948825052939
-0.0348694154541
-0.00577200026465
-0.00658087325327
-0.0337288585579
-0.0370460799383
-0.0015053027954
-0.00140343844869
-0.0142776419854
-0.0153442210467
-0.0167152106227
-0.00527167981431
-0.0118529873473
-0.00332115341763
-0.015124807909
-0.000424932744037
-0.0151513736316
-0.013627245412
-0.00568911616816
0.00226571782247
-0.0439582477468
-0.0500536556356
-0.0177918678464
-0.0212874461361
-0.0281858398188
-0.00755195497684
-0.00894504006587
-0.00522254791404
-0.000893430287066
-0.00658900941377
-0.0357251268942
-0.0150411207498
-0.0195976347446
-0.0360504863568
-0.0408514267037
-0.000647274170766
-0.0118671497446
-0.012890937942
-0.020597518113
-0.0155719122582
-0.00474259117258
-0.00224018257746
-2.85274997466e-05
-0.00626258946485
0.00324450868605
-0.0438029031297
-0.0154460006707
-0.0141987288206
-0.0216606668775
-0.0433071292094
-0.0254311705655
-0.0131430874806
0.00368633138794
-0.00797307458353
-0.002910790864
-0.000105544807655
-0.0035405232666
-0.0301109676728
-0.0453486991319
-0.0116104933217
-0.0445746496736
-0.0513742429407
-0.021656220362
-0.0282924967831
-0.0149551763211
-0.0486752406867
-0.0441150660379
-0.040282600339
-0.0110353696381
-0.0110030351847
-0.0137640847454
-0.0110073232103
-0.0154820370182
-0.0134544268824
-0.0488205485038
-0.0375739712764
-0.0495181678131
-0.0525572675617
-0.0489610595613
-0.0446762658133
-0.0138964521783
-0.00387611761864
0.00134652153659
-0.0377457910799
-0.0321191685118
0.00339285299787
-0.00879831048212
-0.00531689435694
-0.00976136326272
-0.00448918132414
-5.33236096868e-05
-0.00685961085349
0.00311901070455
-0.019909330998
-0.032950454054
-0.0427689532397
-0.0210995704757
-0.0160663752639
-0.00618943846291
-0.0415046504272
0.00150239053302
0.00218794026643
-0.0032357942601
-0.0110421789084
-0.0433923976679
-0.0413485085443
0.000607707020478
0.000760515280604
-0.0420344419888
-0.0373456304792
0.00338040241129
0.00296516514098
-0.015879114051
-0.00245341078626
-0.0199647797624
-0.0212400259819
-0.0277657328439
-0.0065691063632
0.00911766364599
-0.00845336207921
-0.0326540654432
-0.0296518729614
-0.0049333788059
-0.00370327496373
-0.0285617152398
-0.0269982413353
-0.00359631557199
-0.00511519603295
-0.00624062343096
-0.00947987071421
-0.0162763783799
-0.017616724037
-0.0255259654205
-0.0199094672018
-0.0305961223296
-0.0214842014833
)
;

boundaryField
{
    bottomWall
    {
        type            zeroGradient;
    }
    leftWall
    {
        type            zeroGradient;
    }
    rightWall
    {
        type            zeroGradient;
    }
    movingTop
    {
        type            zeroGradient;
    }
    front
    {
        type            empty;
    }
    back
    {
        type            empty;
    }
}


// ************************************************************************* //
