/*--------------------------------*- C++ -*----------------------------------*\
  =========                 |
  \\      /  F ield         | OpenFOAM: The Open Source CFD Toolbox
   \\    /   O peration     | Website:  https://openfoam.org
    \\  /    A nd           | Version:  14
     \\/     M anipulation  |
\*---------------------------------------------------------------------------*/
FoamFile
{
    format      ascii;
    class       surfaceScalarField;
    location    "19";
    object      phi;
}
// * * * * * * * * * * * * * * * * * * * * * * * * * * * * * * * * * * * * * //

dimensions      [0 3 -1 0 0 0 0];

internalField   nonuniform List<scalar> 
4035
(
1.01733223577e-05
1.10060221159e-05
-2.11793444773e-05
9.13677000031e-06
-9.19892103858e-05
9.30257627226e-05
2.01427921168e-05
-0.000113168554855
0.000113168554842
0.000418600332479
-7.60094886588e-05
-0.000342590843828
3.87018020217e-05
8.54052632285e-05
-0.000124107065225
-0.000279579657496
1.72840096643e-05
0.000262295647852
-0.000427488207682
0.000194924899164
0.000426782112694
-0.000194218804166
0.000247393890857
-0.000664114655073
-0.000194718328633
0.000611439092838
0.000128879133928
-1.83899170196e-05
-0.000206581395656
9.60921787731e-05
-0.000139989979086
-0.000418750525287
0.000386747173632
0.000171993330681
0.000608766279978
-0.000438235377038
7.6862987907e-05
-1.19009565896e-06
-0.000575964950643
0.000566901306857
1.02537394102e-05
1.4462766014e-05
-0.000585785825183
0.000456754616395
0.000114568442792
0.000503317298051
0.000273747248212
-0.000586013856144
-0.000191050690131
0.000355934651175
-0.000443802190538
-5.2122439762e-05
-0.000115482621226
-0.000278862562042
0.000284856389596
0.000109488793684
0.000346097110647
-0.000400735492555
0.000205891074999
-0.000151252693126
0.000162544053526
-0.000100309584988
6.66446653942e-05
0.000334255230767
-0.000406908645421
2.03118850169e-05
0.0002785575771
0.000474297986129
-0.000287130420188
-0.000195787713895
-0.000236658753647
-0.000544549110903
0.000131523669254
8.41739916031e-05
-0.00026971225188
0.000227978397412
-0.000105914398098
-3.64019105213e-05
2.91477537834e-05
1.04896656947e-05
0.000112882954283
-3.93073516222e-05
1.0884053264e-05
-8.44596559308e-05
-0.000151748355234
0.000264631309511
0.000121986938742
5.10467804814e-05
-0.000160684238183
0.000109800073553
0.0001071544464
-4.80369688124e-05
-0.000184548614696
0.000218109428379
-0.000224190364545
-0.00014566741909
-2.24359119263e-06
2.24359119576e-06
2.14546741556e-06
3.30294668184e-06
-7.69200530968e-06
4.38905861169e-06
-3.16153463443e-05
-3.93073516403e-05
8.7194036013e-05
-0.000349926818918
0.000262732782914
-0.000108794892066
-0.000135653216778
0.00024444810885
7.02839422467e-05
-0.000404002373612
0.000333718431374
0.000311538778718
-0.00016680096738
-0.000302092121311
0.000157354309969
-0.000288186683314
0.000279624247496
0.00010790486459
-9.93424287758e-05
-0.000503421742035
3.37950818796e-05
0.000181439976841
0.000309989067197
0.000225141702504
-0.000255506522196
0.000243553830246
-0.000155475138055
2.06188562197e-05
-0.000108697548407
-0.00011251628038
0.00024727521856
0.000160813020689
0.000236370082524
-0.000118029437557
-0.000475667237364
9.02749328966e-05
-0.000425229747369
0.000331136839326
-2.39365295031e-05
0.000359423672399
-0.000339880824437
1.42522339163e-05
-3.24946273235e-05
0.000394590186841
-0.00030844256521
-5.36529943036e-05
1.29924635836e-05
-0.00048072970585
0.00038750976398
8.02274782878e-05
-0.000223632663184
0.000285683173299
4.5854354477e-05
0.000232939550257
-0.000248688363916
-9.6767466724e-05
0.000319356618117
-0.000163646951171
6.94320355622e-05
-0.000148168833359
7.66933000649e-05
-8.39996047623e-05
-0.000423993364271
-0.000115034360557
-0.000242728812002
3.74260650612e-06
0.00025197866909
0.000396764031213
-0.000117719879813
-8.61926390089e-06
0.000180816991606
0.000277274144575
-0.00019679989339
0.000184559598122
0.000174691386155
-5.8904397086e-06
-5.56323915996e-05
-4.90405228075e-05
-0.00041286651033
0.000623501119324
-0.000210608297736
-2.63112490971e-08
2.36717568822e-05
-0.000124142064583
-7.30672915812e-05
0.000131379732047
-9.52400751823e-05
-3.92588244242e-05
3.64485804399e-05
7.49969947905e-05
-0.000248292347289
0.000228420304373
4.35437997981e-05
0.00235936551841
-1.13304590809e-05
-0.00234803505937
0.000126183050425
0.000339439819734
-0.000465622870103
-0.00125890328356
0.000171474532715
0.00108742875091
-0.00122841203445
0.000473091772058
0.00114055740537
-0.00038523714298
0.000583965941118
-0.00152616284538
-0.00069193141238
0.00163412831667
0.000435835786151
-0.000122166828023
-0.000494322436697
0.000180653478599
-3.92366555487e-05
-0.00101531666366
0.000639474976739
0.00041507834241
0.00111156296005
0.000137162594366
-0.000664759613253
-0.000107458116099
-0.000830117516195
7.59543473068e-05
0.000861621284957
-5.25552718467e-05
-0.00117511162337
0.000233697136993
0.000993969758285
0.00111414692105
0.000132270938283
-8.30106355009e-05
-0.00116340722386
0.000478236688966
3.75441532247e-05
-0.00055501749776
-0.00047915244703
-0.00075143280849
0.000363220582706
0.000867364672818
0.00030801961413
-0.000864636838141
-2.66913007944e-05
0.000583308524594
0.000353827183051
0.000258825715611
-0.00017681711251
0.000585615162301
-0.00129291221189
4.01622242543e-06
0.000994145984744
0.00195083469594
-0.00031910788464
-0.000985134786349
-0.000634035063971
-0.00157051372037
0.000289546414134
0.000235089129034
-0.00091135229494
0.000750409003055
-9.06154082927e-05
6.89980642071e-05
-1.76900075285e-05
9.40542927323e-05
0.00305682833005
-0.00377423941882
-0.00024121163453
0.000958622723311
0.000189052489547
0.000258828986237
0.000365852511746
-0.000366876317212
0.000171540465732
6.31975151941e-05
-6.95978017428e-05
0.000144070577383
-0.000116624620367
0.000956217828349
-0.000983663785376
0.00320089890744
-0.000370901954796
0.000370901954785
0.00018800066307
-0.000355559715599
-0.000203342902273
0.000558902617856
0.000267941403726
0.000623501119297
0.00016302911805
-0.00226151378314
0.00209848466501
-0.000180875003328
-0.00115026775547
0.00133114275878
-0.000226748282464
-0.00157965529086
0.00180640357328
0.00058260268942
-0.000176066184736
-0.000570589277407
0.000164052772721
-0.000436380653355
0.00074353581275
2.53578776023e-05
-0.000332513037014
-0.000964083516489
-0.000124915145143
0.000652618008253
0.000950071461752
0.0003874599048
-0.000593995553863
0.0002481718419
-0.000303844038874
0.000187153948342
-0.000131481751384
-0.000242907339362
0.000310204177926
0.00075299308783
0.000360107491933
-0.000413004485421
-0.000947566786583
0.00039648775548
-0.000716464922441
-0.000160730033028
0.000464190470011
0.000671726130781
-0.000101922449296
-0.000694718826644
-1.2018368749e-05
0.000786543790818
-0.000166079744606
-0.000608445677518
0.000293409867948
-0.0010810158399
5.24731976497e-05
0.000735132774262
-0.000406422096754
-5.28024460799e-05
0.000484582420423
0.00032047197789
-0.000198248118346
-0.000365131198895
0.000785118581475
6.62066347368e-05
-0.000463865311452
-0.000117431886702
-0.000163535859153
-2.28762930097e-05
-0.00220289132876
-0.000963113807143
-0.00103565227041
0.000192406006513
0.00113665613178
0.000872154318503
-0.000301569997859
-0.000302160750563
0.00181582548242
0.000550082529947
-0.000415944536777
0.00200823148888
0.000889450886208
-0.00018298011158
-8.29696553421e-05
-0.00295105281865
0.00377423941885
-3.59872074795e-05
-0.000787199392798
-0.000205144672318
0.000193834802012
-0.000162338418019
-0.000160238140998
-0.000228966859655
0.000133494300777
-0.000232081882195
-6.72090029941e-05
6.42102335116e-05
8.12590288843e-05
-0.000688795338418
0.000801371111529
-0.00104872513389
0.00104872513388
0.000621841691767
0.000243043151655
-0.00191360997732
0.00167056682565
-0.00186062944153
-0.000519071176393
8.08357993367e-05
4.78301304598e-05
-0.000186360737806
8.60511528213e-05
9.84956517937e-05
-0.000343731798461
-0.000100070392085
-0.000137840723465
-7.79887217007e-05
4.15868111826e-05
4.39982170397e-05
0.000294208028131
0.00013257408456
0.000133523789948
0.000337074849006
0.000119679767391
0.000142856044842
-0.00039623604663
-0.000189777809535
-0.000178126618258
0.00010594516397
-9.50611107227e-05
-0.00011824520058
0.000345657005097
-1.45201657701e-05
5.77618066031e-06
0.000162271361287
-8.55780612265e-05
-8.64170026279e-05
0.000229498082295
5.61850910081e-05
6.58511311265e-05
5.66289385447e-05
-6.25193782501e-05
-6.75131260379e-05
-0.000221927102524
-8.01650187895e-05
-9.05473704773e-05
-0.000241841504218
-6.66010609917e-05
-8.44871942502e-05
0.000315930977174
7.15787868026e-05
6.76386298839e-05
-0.000210130048061
-4.78249672139e-07
1.82902563121e-05
0.000756266586271
-0.00025119301515
-0.000505073571125
-0.000321822594143
0.000269976229561
5.18463645873e-05
-5.58658213438e-05
0.000112374557556
-5.65087362112e-05
-0.000625375242458
0.00012623253396
0.000499142708484
-5.98315383453e-05
-8.7544502096e-05
0.000147376040445
-5.05762526464e-05
0.000225550380755
-0.000174974128129
-0.000300079075288
0.000249502822631
0.000583818905172
-8.33269108359e-05
-0.000500491994354
0.000248045856476
-0.000577178173173
0.000329132316656
-0.000571308566564
0.000581385200957
-1.00766344083e-05
-0.000688685074607
6.33098321507e-05
0.000673944576977
8.23220092748e-05
-0.000107810375775
5.19445544316e-05
0.000116497085034
-0.000176328623377
-0.000286935457633
8.40021969233e-05
0.000202933260718
0.000721828996037
-0.00062434051479
-9.74884812119e-05
0.000468356912376
0.000253472083714
0.00102669368058
-0.000591092543085
-0.000435601137488
0.000677359097005
0.000349334583577
0.000988949224905
-0.000488904635794
-0.00050004458908
0.000397856681823
0.000778593354673
-0.000325651629131
-0.000452941725544
0.000449353059184
0.000329240295477
-0.000345415570169
1.88816681087e-05
0.000326533902064
-0.000663463183437
0.0004160819816
0.000247381201809
-0.000175471614962
0.000423517471421
0.000161320009064
-0.000465702359809
0.000304382350721
0.000128945749619
-0.000376727017359
0.000247781267758
-0.000697817002135
0.000661782720413
3.60342817072e-05
0.00068097021987
-0.000732288183433
5.1317963527e-05
-0.00027355587323
0.000299871052596
-2.63151793836e-05
-2.55139735641e-05
-0.000261421484065
-0.000156957803584
-0.000420220369598
4.45462001552e-05
-0.00038996177032
-0.000238786305375
-8.30362887653e-05
-0.000217432719003
-0.00048038428314
0.000243587873952
2.63883556074e-05
-9.1259421775e-05
-0.000480049144781
0.00058783943741
-4.02053225559e-06
-3.87205165906e-05
0.000488073575763
0.00032559533472
-0.000364315851312
0.000228926027887
-0.000633919362002
0.000404993334158
0.000700876535842
-0.000471950507969
-6.04138939717e-05
0.000591226985857
-0.000530813091876
0.000616945203027
-0.000306753508626
-0.000317587006151
0.000257656236662
-0.000564409745257
-0.000529850480545
0.000483524791418
4.63256890866e-05
-0.000573064174283
0.000333655478536
0.000239408695768
0.000285158726673
0.000248141542204
-0.000533300268817
-0.000773713187614
0.000139793825639
-0.000305356275222
0.000894978647773
-0.000194102111963
0.000406074011992
0.000551778031261
3.22774224039e-06
-0.00055500577342
0.000856772687387
-0.000265545701523
0.000531121058252
0.000514522200282
-0.000188926865572
-0.00047830365587
-9.47605184012e-05
0.000116495617719
-0.000594799273581
0.000414129465919
0.000121258549555
-0.000535388015468
0.000272474319811
0.000225758219606
-0.000498232539468
-0.000257376160746
0.000501038674912
-0.000215879948197
0.000528013593818
-4.44888024326e-05
0.000530250257164
-0.000196594778602
0.000577923831366
-2.61458000729e-05
0.000569196509146
-0.000155067043193
0.000378130649157
-0.000216810640102
0.00021444312499
-0.000226777749852
-0.000436685433602
0.00021742807088
0.000422593376161
-0.000640021447032
-0.000460766809907
0.000586999343846
-0.000467869468705
0.000384542557855
-0.000214752318776
0.000343698068398
-0.000289918738183
1.63628649312e-05
0.000204412747421
0.000476557472456
0.000113515732249
0.000401019139004
-0.000652212154171
0.000533797766974
0.000127984953431
-0.000500585667499
-0.000231702515967
-4.09706370651e-05
-0.000335756380286
-0.000412639409401
0.000112052367095
0.000300587042283
-0.000125855157646
0.000541937139231
-0.000239746310867
-4.3174766575e-05
0.000282921077459
-3.89369668941e-05
-0.000522119952134
0.000561056918948
-7.15723684636e-05
0.000597645108839
-0.000526072740393
2.81252234795e-05
0.000398717158693
-0.000426842382211
-0.000557153644832
0.000723982282795
-0.000166828637958
-5.62662761827e-05
-0.000356373133222
1.02547579012e-05
0.000494757258466
-0.000505012016361
-0.000219904637264
0.000362670357154
-0.000334545133703
0.000536910591901
-0.000319482521018
0.000280716947932
-0.000196714751004
-0.000462225398511
-0.000226459676109
0.000539522634393
0.000134421942564
-0.000181238472738
9.36939706452e-05
0.000218746115425
6.80426532036e-06
0.000111064680027
8.58577654976e-05
-0.00019692244552
-0.000140342599971
2.18908517098e-05
0.000118451748263
0.00058342550151
-0.000390821204046
-0.000192604297472
0.000414037790925
0.00016938771058
0.000183789748629
0.000116081303951
9.58462601e-05
1.6528297458e-05
0.000230625583337
-0.000119560903307
-0.000386736608745
0.00039699136665
2.29083953036e-05
-0.000580062040137
-0.000385134161694
0.000439648942645
-5.45147809582e-05
0.000377527914561
-0.000361412852588
-1.6115061963e-05
-0.000641173974763
-0.000671721644349
0.000525686305148
0.000146035339187
-2.37619648036e-05
-0.00036137219689
9.38612730981e-05
0.000283666641468
-0.000225575559379
-0.000446146084984
-0.000225308979186
-0.000463980544939
0.00068928952413
0.000325639369454
0.000398342913347
-0.000393354688419
0.000337088412213
-0.000161665506009
2.13229060381e-05
-8.59195240655e-05
0.000202354850533
0.000412657533826
-0.000503916955582
-0.000374489313702
-0.000241348514262
0.000615837827935
0.000162803846206
0.000425035591181
0.00036068649715
-0.000578119216171
-8.89723377178e-05
0.000416943670419
5.00356116241e-05
-0.000466979282069
-0.000177866371104
0.000132542379464
-0.000507031693184
9.19318135018e-05
0.000158762381641
-0.000250694195142
-0.000110637298943
-0.000168619413594
0.000279256712543
-0.000264155036594
0.000153517737653
-0.000532103030019
8.76846358687e-05
0.000444418394153
-0.000369391777215
1.06770264159e-05
0.000358714750818
-0.000349527642581
-1.39004344084e-05
0.000363428077005
-0.000342059586343
-4.3631689888e-05
0.000385691276246
-0.000111562045096
-0.000224194335185
-0.000516824725134
6.6376578331e-05
0.0004504481468
-0.000306931937694
-7.4778214274e-05
0.000381710151992
0.000281861819471
9.9131986501e-05
-0.000380993805968
-0.000472240331676
-4.458439345e-05
0.000118310765192
-0.000163787308479
4.54765432999e-05
-0.000172223223092
-0.000499711846059
0.000411928167829
8.77836782325e-05
0.000575638591331
-0.000405429861899
-0.000170208729481
-0.000700744851173
0.000451745898679
0.000248998952503
-0.000232048390632
-0.000104140183045
0.000336188573693
0.000518937573017
-0.000304593950237
-0.000214343622785
0.00011694481016
-0.000169325193901
5.23803837686e-05
-0.000211994695457
-0.000295683655293
0.000507678350765
-2.01170384413e-05
-0.000175072528389
0.000195189566827
-0.000121964313351
-0.000129632590348
0.000251596903722
-0.000138736730805
0.000429897511919
-0.000291160781105
-0.000149251641522
-0.00032607313854
0.000475324780074
0.000300680235384
-0.000449931876915
1.56008408217e-05
-0.000350129495637
0.000334528654821
0.000472544543305
-0.000574591653041
0.000102047109736
-0.000159588854736
0.00043705097981
-0.000277462125071
-0.000346674467948
-5.39993588697e-05
0.00040067382682
-2.407268757e-06
-0.000366984508455
-0.000134544145296
-0.000524625765701
0.000659169910989
-0.000465726451685
-0.000261454878718
-0.000439289972449
0.000487362384293
-0.000197160797312
-0.000290201586978
2.04339605558e-05
-0.000369961603131
0.000327773529559
-0.000382293869502
0.000397894710325
-0.000577499284872
0.000207581044104
0.000369918240772
5.21902568748e-05
-0.000394249843212
0.00024089265359
0.000252481051556
-0.000493373705159
-0.000490227466169
0.000397062209461
9.31652567126e-05
-0.000614928428437
-0.000263322071051
0.000504214724634
3.8370083298e-05
-6.49006258644e-05
2.6530542571e-05
0.000531330303161
-0.000379679126462
-0.000151651176699
0.000387704338224
0.000143625964942
0.000122326614913
-0.000142443653356
0.000478221852296
-0.00018015372639
-0.000298068125912
0.000581977670833
-0.0003985748094
-0.000183402861449
0.000434062893883
0.000147914776952
0.000142868196633
0.000132320702933
-0.000275188899557
-0.000483538851068
0.000158880140068
0.000324658710997
-0.000235926453533
-0.000341572831338
-3.3125484536e-05
0.000194323899769
-0.000161198415222
-0.000151518637561
0.000193732419933
-4.22137823914e-05
8.81465880856e-05
-0.000395078525771
-0.00018076479717
-0.000302774053902
0.000177063781924
0.000320749124512
-0.000432311169608
-0.000570682268337
0.00033207931135
0.000238602956948
7.82204456113e-06
-0.000390115914057
0.000367582839658
-0.000118122100162
-0.000249460739489
-0.000379900064051
6.52323648686e-05
0.000314667699196
-0.000322662637964
9.90471098951e-05
0.000223615528075
-7.18791404706e-05
-0.000427832705581
-0.000233031181407
0.000199905696889
-0.00043387541796
0.000441697462528
0.000283421615144
-1.98112087086e-05
-0.000263610406395
9.01113091092e-05
0.000277471530557
0.000372489258242
-0.000160584791759
-0.000211904466476
-0.000289788754939
-6.72274778646e-05
0.000321968953608
-0.000254741475766
0.000123170319837
-0.000355218710461
-8.5595560212e-05
-6.35261354365e-05
0.000149121695655
0.000390106734469
-0.000215414199989
-0.000174692534471
0.000173181514509
0.000216925219969
0.000123370673559
0.000249118584689
-7.73487445449e-05
0.000115718827864
5.26038114901e-05
-0.000353925533523
0.000301321722031
-0.000384389436422
0.000168975236442
-0.000256401643224
-0.000127987793192
0.000338172775846
-0.00040549709536
4.13750191587e-05
0.000364122076213
-0.000102523127943
0.000128060154699
7.36442793388e-05
-0.000201704434038
-0.000342922998299
-6.25740970526e-05
0.00021422520747
-9.10778921823e-05
-0.000123147315251
-0.000179794441329
0.000403368885207
-0.00031755275369
-8.58161315175e-05
-1.31279899025e-05
0.000130072800071
0.000269610952122
-0.000362702277726
9.30913256138e-05
0.000147795326434
0.000240344719911
-0.000388140046337
-0.000107825436875
-6.14997570196e-05
0.000330284166811
-0.000555867921092
0.000225583754306
6.04458869136e-05
0.000546288014099
-0.000465452214778
-0.000352214679412
0.00033769451365
-0.000607239345404
0.000479451963212
0.000127787382178
0.000757433515024
-0.000653311480609
-0.000104122034345
0.000428852126275
-0.000128171890887
-0.000487863194704
0.000161790056166
-0.000450508017094
0.000106430338088
0.000344077679004
-0.000311438661442
-0.000139069355647
-6.46056824257e-05
0.000218123420083
0.000182008351763
0.000433621334227
-0.000615629685996
1.04853283147e-05
0.000184228608075
-5.61684533787e-05
0.000198069898562
-0.000448441710235
0.0002503718117
3.19859970361e-05
-0.000168198514951
0.000136212517917
0.000395837285244
-0.000289406947154
-0.000462981159254
0.000207895074522
0.00025508608473
0.00012561231837
0.000365099308989
-0.000266052199087
7.8284531557e-05
0.000460094725554
-0.000262024826972
0.000149252475702
-0.000213858158125
-0.000235399531445
-0.000213042178773
8.21776583281e-05
-0.000427354529282
0.000191954997856
7.54872193446e-05
-0.000434951902899
0.000296215172093
-0.000251530346093
-0.000211450813155
0.000178367165823
-0.00028437101013
0.000187688208829
9.66828013011e-05
-0.000492376617342
0.000229054546282
0.000311099950117
0.000108728339566
0.00029741647853
0.000162678247049
-0.000332072802124
0.000303847228676
2.82255734567e-05
0.000279968120182
-0.000491962815638
-0.000386780371246
1.50483187065e-05
0.00037173205253
-0.000237760224111
6.26876957274e-05
0.000586863429561
-0.000404855077809
8.54548300326e-05
-0.000331794240867
0.000246339410838
0.000520374673749
-0.000627366740165
0.000102740974461
-0.000344353314975
0.000216903795063
0.000312650430716
-0.000529554225775
0.000328078100077
0.000155896210512
-0.000483974310599
0.000264687564744
0.000213534287542
0.000191868639075
0.000280409402634
-0.000472278041703
0.000569196409403
-0.000430175563496
0.000545048897739
0.000212384617337
0.000154091256368
-0.000276055569715
0.000333564782142
-0.000530725579454
0.000353294433608
-0.000311919414433
0.000512021884146
-0.000271005467816
-0.000241016416335
0.000207427933909
0.000506144138792
-0.000178066038724
0.000208731363269
0.000361820744347
-0.000570552107612
-0.000215371987505
0.000525358488212
-0.000309986500716
0.000542296145411
0.000569401788451
4.85391997051e-05
-0.000594878853883
0.000546339654162
-0.000276132319877
-5.59404822415e-05
-0.000590905596535
0.000682211492112
-0.000200254907539
-0.000390650689034
5.02251467518e-05
0.000396842736033
-0.000447067882784
0.000549290547943
0.000132920944216
-0.000193601383309
0.000341396709746
0.000646059397309
0.00042586742983
0.000220191967484
0.000293578829013
-1.01572138578e-05
-0.000335567407842
0.000552471202908
0.000367316649505
-0.000114861266441
5.133513101e-05
-0.000329357904105
-2.28567752941e-05
0.000244570755936
-0.000362692856092
-0.000252842390111
-0.000174570982597
0.000473167670715
-0.000298596688123
0.000132894542764
-0.000278561961872
-0.000161460235327
0.000205004035124
0.000323095388161
-0.000538467375674
0.000550175809139
-0.000308892524435
-0.00024128328471
-0.000571493861374
0.000648846266514
-0.000197100367831
6.6588013248e-06
-0.000396774715377
-0.000498730546239
0.000227725078421
-0.000591990774701
0.000491920382618
0.000341288811136
-0.000285103720126
-2.11125737368e-05
0.000348758147112
-0.000327645573365
0.00040136358479
-0.000336131219909
0.000160340853791
5.38843536872e-05
0.0001141140694
-0.000370515712616
-0.000227035729613
0.000359930272363
-0.000168426636726
0.000595257894124
-0.000608152494909
1.2894600767e-05
0.000672295138217
-0.000650500335376
-2.1794802852e-05
0.00021506630343
-0.000375651095183
0.000551896289399
-0.000503357089712
-0.000416731322359
8.78117715703e-05
0.000328919550821
-0.000149908258639
-0.000292673457707
-0.000278008810641
0.000465134585866
-0.000349055007818
-0.000116079578033
-0.000328250632335
0.000307138058604
-0.000473924048172
0.000299353065571
-0.000153745803413
-0.000273608725858
1.48606681122e-06
0.000420502698383
-0.000421988765183
0.000370283717939
-0.000359606691528
0.000424104985863
-0.000342845957005
-0.000357121236533
0.000240496616157
0.000383725021526
0.000282445402866
-0.000462599129256
5.44022665219e-05
0.0002943558806
-0.000308300011201
-3.92130342057e-05
0.00054847495679
-0.000509261922576
0.000227769862031
-0.000557800908003
0.000330031045966
0.000449022706096
-7.8028615769e-05
-0.000265943109738
0.000388247817943
0.000367941429499
7.67391109726e-05
0.000595556027299
-0.000360385218467
-2.63951527862e-05
0.000597733085613
-5.28807977763e-05
-0.000544852287786
0.000212003713423
-0.000258240079264
4.62363658238e-05
0.000366226568262
-0.000380127002666
6.36990863104e-06
-0.000334620540959
-0.000561267144188
-3.36117097206e-05
-0.000119314843817
-6.87906992532e-05
-9.49966092234e-05
-0.000180865534562
-0.000403779461297
0.00017674373167
0.000550865250189
0.000495481380678
-0.000493995313861
0.000351355141326
-0.000394986831205
0.000198106691815
0.000275060978897
0.000586574991523
-0.000509835880516
0.000213109124733
0.000337066684406
6.3865362374e-06
-0.000326622855813
0.000320236319555
-0.000538684627514
-8.55329289591e-05
0.000624217556493
-0.000337523213059
0.000253551117971
8.39720950984e-05
5.49224589723e-05
0.000496110029942
-0.000248728828137
2.78735647764e-05
-0.000431576395938
0.00040370283117
0.000760487643235
-0.000529885011457
-0.000230602631768
0.000553595044374
0.000206892598847
0.000531543575647
-0.00044385893978
0.000310217137309
0.000350517036874
-0.000344130500631
5.90484581103e-05
-0.000235740379766
-0.000278659645748
0.00051440002551
0.000164395201265
-0.000262086583729
9.76913824668e-05
0.000357952172601
-0.000346825030149
-1.11271424576e-05
-0.000237314700636
-0.000261415845609
-5.5095776485e-05
-0.000633100180523
0.000580219382782
0.000480552094678
0.000456268346476
0.000289618108445
0.000311428530795
4.65236418255e-05
-0.000238471251176
7.70110158465e-05
0.000305059339804
-0.000204143531844
0.00025926699563
-0.000564337913648
0.000348780888738
-0.00043687230494
0.000556107770935
-0.000119235466018
0.000298539614091
-0.00037331782836
0.000224529104508
-0.0003157714464
9.12423418945e-05
-0.000141646725114
0.000576037359933
-0.000434390634817
-0.000105439521179
-0.000224738917967
-0.000112784295088
-0.00054007617555
0.00039842945044
0.000557247461685
-0.000557883969034
0.000633838316374
0.000170832621292
8.84343743355e-05
0.000479629264582
-0.000605684769446
0.000208321779383
-0.000504005434672
0.000733826976246
-0.000180231931864
0.000504688114377
8.79901862292e-05
-0.000592678300562
-0.000132254146193
-0.000185063005333
0.000317317151529
0.000638073606247
-0.000304375464896
-0.000333698141351
0.000142968068605
-0.000648041639728
0.000491561645352
-0.000557161312027
6.55996666936e-05
0.00053073305846
-3.91714131098e-05
0.000196157638073
0.000405390776073
-0.000488401411588
-0.000178286354215
-0.000402648626029
0.000580934980246
-0.000104539854497
0.00019059100732
-0.000180345979638
-0.000411697701584
0.000592043681225
-0.000299526099298
9.53825674543e-05
0.000621420919636
-0.000316361579852
-0.000403274017511
0.000380417242225
7.53457013988e-05
-3.91519412929e-05
0.000549999123695
-0.000280645463301
-0.000269353660375
7.16734417363e-05
-0.000347805761608
-3.63714697339e-05
0.000386888506609
0.000395691380297
0.00057631273378
0.000157514242459
0.000310572051935
-0.000378866189448
6.82941375032e-05
-0.000542064364206
0.000327720741422
-0.000219464544305
0.000549748711152
0.000285070857566
0.000264928266135
0.000193836399118
0.000455009867405
0.00039709387262
-8.5665341818e-05
0.00031138878246
0.000238039480602
3.39907499293e-05
-0.000435677250394
-6.85160814468e-05
0.00050419333174
-0.000589984055799
-0.000402218608191
0.000365847138442
0.000505275052137
-9.9884276091e-05
-0.000495510703644
0.000216851057893
4.17227037419e-05
0.000415748153007
-0.000175403433094
0.000286303223803
0.000462436739038
-0.000299758491964
-3.62529782101e-05
8.15834661604e-05
-0.000167161527386
0.000241040528588
-0.000478355229225
0.000454741128436
-5.76789189778e-05
0.000381419201169
-0.000153796153184
-0.000227623047982
-0.000118894211073
-0.000284885250234
-0.000145117523105
-0.000130431838493
0.000455921228349
-0.000325489389822
-1.63574731477e-05
-0.000606438832524
0.000417409162557
0.000189029669987
-0.000309639670299
0.000164522147182
0.00012348514677
-0.000203585848959
-0.000354215059046
-0.000643416897976
0.000332004900559
0.000424446511541
0.000107097064107
0.000509267257949
-0.000394382956167
-0.000114884301797
-0.000345269034106
0.000120530116146
0.000390725730663
0.000120106835884
-0.000510832566548
0.000206042505228
-0.000310182688265
-0.000434720349633
-8.78621032086e-05
0.000138908883689
-0.00034109302459
8.68107887791e-05
0.000254282235829
-0.00013526384505
-0.000471174987463
0.000504519069793
-0.000569376206965
0.000500860125457
-0.000591914575836
0.000650963033971
-0.000158270902811
7.04087996031e-05
0.000555340959433
-0.000462175702721
0.000494941913853
-0.000252863042078
-0.000242078871777
-0.000697976388184
0.000100173894827
0.000597802493355
-0.00022673524897
0.000511806106525
-0.000396088660487
0.000608473277877
0.000280237805619
-0.000810122817085
0.000216901512471
-0.000297066531261
0.000544443555667
-0.000119997044127
-0.00026649768729
0.000399071771854
0.000160797449074
0.000120876124795
-0.00028167357387
8.16040759366e-05
0.000473736883504
0.000256651523988
0.000149168673682
-0.000405820197661
-0.000356436353981
0.000259825483277
9.66108707146e-05
-0.000476224732752
0.000177013617329
0.000299211115433
0.000273087237525
-0.000477628062247
0.000204540824754
3.82054289534e-05
0.000513690860456
0.000491208905004
-0.000440983758253
-0.000395019264015
0.000383892121561
-0.000121663654396
-0.000594345863765
0.000694519758587
0.000483480733449
-0.000306737001796
0.000325224559709
2.04199934327e-05
-0.000415439257454
-0.00050687746949
0.000700713868607
0.000125207147632
-0.000261797327617
0.000136590179995
-0.000420909086187
-0.000514973715856
2.9278273171e-05
0.00048569544265
7.30496224468e-05
0.000475425334348
-0.000278949070871
-0.000197275661893
6.88078602377e-05
0.0004404593977
-0.000177234456985
-0.000179201896993
-0.000203074742535
0.000475028045928
-0.000355348278527
0.000675318422598
-0.000176295477566
-0.000499022945053
0.000196430859685
0.000324957151638
-0.000521388011333
0.000135734268248
-0.000137274893117
0.000194474841485
0.00018738338214
-0.000381858223621
7.64719840302e-05
-0.000529620507275
0.000453148523252
-0.000214420305505
0.000419816672138
0.000120035021087
-0.000514417977247
-0.000296579990628
-0.00024548437358
-0.000235977552049
-0.000293576673724
0.00024932009712
-0.000516989495618
0.000267669398498
0.000353599681561
-0.000557185530519
0.00027387063675
0.000107548564397
-0.000150624263321
-0.000194644770775
0.000741753206559
-0.000534860607726
-0.000182534734301
-0.000289501797105
0.000472036531415
-0.000505684319849
-5.75624454221e-05
0.000647142805136
-0.000589580359711
0.000360763774959
-0.0001748106213
-0.000185953153653
-0.0002276890526
-0.000223702799425
0.000119162944935
0.000138286027937
-0.000173779445725
0.00054945029521
-0.000375670849489
0.000402947719436
-0.000208472877952
0.000525856463884
0.000149461958684
-0.00012221466547
0.000506746380181
-0.000437938519964
0.000217787368849
-2.25978020151e-05
-0.000301752967161
0.000530650467694
-0.00022889750053
-0.000128626107672
0.000654482571551
-0.000722971971442
0.000106206477942
7.80221301328e-05
-0.00044582305817
7.41172697821e-05
0.000371705788382
-0.000101666614148
-0.000438409561402
-0.000553420516116
0.000379641070389
0.000225713262454
7.32694486165e-05
0.000417939456387
0.000210139511643
9.69257916627e-05
-0.000523717595416
0.000426791803746
0.000503290812053
-0.000318917571113
-0.000184373240938
-0.000449032421589
0.000441686881113
-0.000292518207444
0.000202734900999
0.000216357577339
-0.00041909247834
0.000201537844893
0.000213035826371
-0.000343648071748
0.000130612245385
6.25587225618e-05
0.000231020106467
-0.000459223182611
0.000396649085563
-0.000566050682831
0.000163402056804
0.000150263178636
-0.00054621888962
0.000395955710983
0.000443775429586
-0.000431371860196
0.000544363441223
-0.000112991581042
-0.000737480101269
-0.000442880923247
-0.000535278411985
0.00061688248792
0.000403157337481
0.000141286218182
-0.000478995641694
0.000566985827942
0.000428399360688
-0.000548367672856
0.000119968312171
0.000116176930534
0.000361384149086
-0.000477561079663
-8.5756142361e-07
0.00049074965948
-0.000414277675448
-0.000498455861728
-1.65178541525e-05
0.000525855335346
-0.000231763518258
-0.000294091817095
-0.000318027837662
-0.000281612350544
-2.80488191177e-05
0.000309661169691
2.52113847228e-05
0.000481534995443
0.0003842947031
-0.000485961317246
0.000541344185817
0.000168851669189
0.000306176376746
-8.7037153456e-05
-0.000372186029153
0.000494857354419
-4.58920334916e-05
-0.000448965320906
-0.00018714627569
-0.000368721645397
0.000512161981799
-0.000461490336056
-5.0671645727e-05
0.000523078315338
-0.000493800042172
-0.000656942066378
0.000588136299032
-0.000549930870092
-5.08282280701e-05
0.00042134714169
8.07901216062e-05
0.000264439489737
-0.000256364222719
-0.000332701875665
0.000266100814676
0.000185040671501
-0.000359851292798
0.000394754072544
-0.000519025231936
0.000124271159377
-0.000219205050039
-0.00030319171023
0.000522396760232
-0.00011217889456
0.00019376236072
-9.36023412306e-06
-0.000491571064034
0.000500931298163
0.00035799332731
7.65253356266e-05
-0.00043451866294
-0.00015697819546
0.000574387358028
0.000419532892978
-0.000193819630523
0.00048089239338
1.39649610245e-05
-0.000137651322142
0.000181803654095
-0.000372177534571
0.000488354465103
-0.000393474582911
0.000513509603977
-0.000447263174957
0.000430905701814
-0.000215024616076
0.000102845721515
-6.09550494464e-05
-0.000434656115006
0.000471228761501
-3.65726464899e-05
-0.000247880614331
0.000500464635578
-0.000252584021245
0.000420183485332
-0.000507220638781
0.000315667764903
-0.000506661286702
0.000190993521788
-0.000520481936743
-0.000136460129631
-0.000410691158761
-0.000136213097706
0.00054690425646
-0.000537596406963
-0.000200919936586
0.000554519618145
-0.000124871747933
-4.50369572081e-05
0.000518773840707
-0.000424512595815
-0.000142939038305
0.00056745163412
0.000161943688262
-0.000534121222862
-0.000545880230155
0.00017754446013
0.000368335770026
0.000536040290723
1.94020573256e-05
0.000358154151124
-0.000172272148534
-0.000185882002586
-0.000424613060597
2.23944524014e-05
0.000404729294565
0.00013963414666
-0.000151025568485
0.000555754863052
9.69875766622e-05
-5.29893596231e-05
2.72602197135e-05
-9.4773345751e-05
0.00016108360291
0.00025844929007
-0.000409704171228
0.000424752489926
0.000579644306386
-0.000335238714796
-0.000244405591618
-0.000555759556978
0.000338010565575
0.000217748991383
0.000282769853364
-5.63867669079e-05
0.000496846164605
0.000350548341508
1.97353764438e-05
-0.000255923871399
-0.000236038944238
5.45762231512e-05
-9.6421925059e-05
-0.000236279950606
0.000322763881723
0.000256880424667
-0.000554376898012
0.000264487083531
0.000410200752034
7.81537130541e-05
-0.000539112734368
0.000203874019593
-0.000394224089979
-0.000216271977204
-0.000324836291986
0.000541108269209
-0.000565457728993
0.000422830413495
-0.000594789182306
0.000171958768788
0.000339444349903
-0.000152060967759
0.000228951242635
0.000147074470775
-0.000376025713399
0.000376590158115
0.000101840511891
-0.000478430670018
-0.000488481148773
-0.00045831507013
0.000448954836015
-0.000297605721984
0.000474619339312
0.000500861317486
-0.00036024041774
0.000613712501444
-0.000425405225556
0.000445825218999
0.000120450251718
-0.000513924834635
-0.000152308533932
-0.000224570421409
0.000127802954684
-0.000247239036926
-6.24006333874e-05
0.000310316216032
-0.000654867470996
0.000344551254994
-0.000491042881918
8.17056610176e-05
0.000453234327842
-0.000534939988845
-0.000192087866427
-0.000347024867948
0.00019523523616
0.000282399923879
-0.000410688988648
0.000128289064773
0.000290091303363
-0.000509296353419
-8.42952648302e-05
-0.000475457807946
0.000559753072751
-0.000278612382497
-0.000238377113122
0.000102182616733
0.000353738611629
0.000147679027631
-0.000363297091108
0.000215618063486
0.000160242452914
-0.000432595204435
-1.32278537539e-05
-0.00030933787674
-0.000275499194654
0.000584837071396
0.000399949385144
-4.94010436343e-05
-0.000343232139519
-0.000575538164283
4.04788404508e-05
0.000551826491812
6.50559961177e-05
-0.000254878561256
-0.000300880995688
0.000391367148218
9.30667857383e-06
-0.000576512394925
0.000575244482156
6.32289115116e-05
-0.000407359412156
-0.000557947504453
0.000415008466173
0.000598635832352
0.000369244404404
-0.000382480933845
1.32365294488e-05
-0.000146125605257
0.0004453367207
0.000531389908752
-0.000173599493011
-0.000357790415748
-0.000359464232383
0.000183198915007
0.000176265317381
0.000378081751632
-0.000474577002711
9.64952510833e-05
-0.000149924519174
2.47865897741e-05
0.000366580558456
-0.000165500646283
0.000497656793362
-0.00050773342778
-0.000329847059001
0.000354633648774
0.000122392819036
-0.000418984076145
0.000296591257115
-0.000318994610244
0.000533194994767
-0.000214200384541
-0.000110884168813
0.000488965920435
0.000509776501457
0.000144706070077
0.000247277953225
-0.000451463189887
0.000204185236659
-0.000510500258827
6.13057459037e-05
0.000449194512897
0.000511175982371
-0.00017386187954
0.000333565942518
0.000380305358455
0.000535410204247
-0.000373466515998
0.000397769823338
-0.000228274409113
-0.000169495414223
-0.000547001188554
0.000462705923711
-0.000193835928336
-6.82506553975e-05
0.000501889146355
0.000337123669767
-0.000489738747061
0.000152615077279
-0.000481228725413
-2.92715334375e-05
-0.000347145119949
0.000384392952883
-0.000236713925255
-4.76205073923e-05
-0.000477447868914
0.000525068376293
0.000187033217666
-7.53836443307e-05
-0.000285731371392
0.000361115015723
0.000156397770297
-0.000475315341407
0.00048458111787
1.22650467292e-05
0.000164745447298
0.000188798247698
-0.000353543694981
-4.99553162566e-05
0.000419199720659
0.00025624987193
9.8964769906e-05
9.16262374164e-05
-0.000521575327568
-8.40782218697e-05
0.000597769082347
-1.87471088841e-05
-0.000416476767414
-3.0786407535e-05
-0.000418377295914
0.000427683974486
0.000262464419455
-0.00057677949429
9.45417611936e-05
0.000103865632387
0.000260216553842
-0.000364082186226
-0.000188506723715
-0.00015514134803
-0.000148996669596
-0.000109555830117
0.000258552499737
-0.000113924481668
0.000458002160671
6.28270725589e-05
0.000337122312588
-0.000213262454246
-0.00014943040184
0.000471297259047
-0.00037675549788
0.000165684562929
-0.000354191286635
-0.00036023987641
-3.5987315943e-05
0.000396227192343
0.000320805578304
-0.000184215398303
-0.000284759967418
0.00025671114831
0.000464547292799
-0.000342154473762
0.000508005802821
-0.000170882133076
0.000133823853673
0.000250569099217
-0.000157641821963
0.000203118365277
9.17259626808e-05
-0.00028556189101
-0.000352946855677
-7.29302072229e-06
-0.000243231408177
0.000353031481733
0.000362180838086
-0.000501250193734
-2.83520100444e-06
-6.48020148336e-05
-0.000244958312905
0.000309760327748
0.00014489169688
7.02420077348e-05
-0.000536738811274
0.000466496803548
-7.13324895572e-06
0.000478362010439
-0.000501999244071
-2.73381110591e-06
0.00050473305515
0.0002789870539
-0.000354370698231
0.000507098987108
-0.000144918149018
0.000369525113608
-0.000140573870968
-0.000197612528184
-0.000217905254077
-0.000141558978305
0.000472959785067
-0.000639981969254
0.000167022184196
0.000439964408233
0.000383163453447
0.000271326100472
0.000236679702336
2.87632963214e-05
0.000103376074268
0.000266149039348
0.000178135953306
-0.000350408101837
0.000380118437647
0.000253177648077
0.000225706665685
-0.000478884313758
0.000459833839195
9.01194859962e-05
-0.000424451529905
0.000334332043907
-0.000455628708703
-7.87174621822e-05
-0.000410997240804
0.000489150953847
-0.000454949942403
-0.000490320785644
0.000113565287766
-0.000312752881694
6.5513844764e-05
-0.000513841369492
6.48760485655e-05
0.000350947080939
3.22163725085e-05
0.000362984237167
7.88777323746e-05
-0.000441861969515
0.000289831633938
-0.000285160222474
0.000512326473987
-0.000397758031186
-0.000479137021862
-8.50418624703e-05
0.000564178884343
-0.000457307358485
0.00034279488416
0.000114512474351
0.000328078290818
0.000205116703947
0.000265986259075
-0.00036183010724
9.58438481687e-05
-5.91787662043e-05
0.000612500973362
-0.000553322207147
0.000413774153491
-0.000539459713376
0.000338539776791
0.00035850027499
1.32317775265e-05
0.000520866460004
-0.000249540359555
-0.000438506637682
0.000109236676686
-0.000547646238084
2.97256873121e-05
0.000489048153395
3.21034240411e-06
0.000397327237908
-3.8612487082e-05
8.10406162304e-05
0.000332733537269
-0.000521298178249
-0.000408573489495
0.000605123769498
-0.000196550280033
-0.000477232175715
-5.2388331558e-05
-9.52191496026e-05
-0.000504834445076
0.000532428104156
-9.92237798587e-05
-0.00043320432429
0.000361334868316
-7.6159832014e-05
-0.000473249337952
0.00052788403945
-5.46347014873e-05
0.000452504390924
0.000135631908101
0.000341935534038
-7.59492749635e-05
0.000318321464597
0.000213068444161
0.000369436910667
-0.00023769491568
0.000321667010782
-3.83538366376e-05
-0.000369658824511
0.000424146628895
-5.44878043815e-05
-0.000244429687335
8.16125580775e-05
-0.000211245148421
-0.000111261008022
-0.000198958036411
-0.000354035169771
0.0001361299157
0.000349786118804
0.000172879441538
-0.000102269654484
-0.000251765515288
-2.7823408571e-05
-0.000430491661555
0.000320767144856
9.00283355789e-05
0.000604491422999
0.000427241798586
-6.85208797842e-05
-0.000416605483255
0.000485126363043
-7.42709346983e-05
0.000492210391077
-0.000267556114919
0.00034523898335
-0.000104760577148
-0.0002404784062
0.000221501541557
-0.000546337833503
-0.000460941791723
-4.67916360776e-05
-5.89796231347e-05
-0.000411164097802
0.000383340689234
0.000225026230556
-0.000514804501849
0.000289778271309
0.000124556704637
0.000220682278715
-0.000530427725428
0.000224632112788
0.000305795612672
0.000372772284075
0.000102552495995
1.33228228667e-05
0.000435632013152
-0.000277431850499
0.000145177704304
0.000114046133339
-0.00054274965657
0.00042870352324
0.000523476335581
-0.000498327947255
0.000236303120313
-0.000444524846928
-9.22139643378e-05
0.000438797694177
0.00020020449764
-0.000367478048403
-4.36860493993e-05
-0.000388490385925
-0.000530399271242
0.000240897474144
-0.000137027597215
0.000235992367125
5.92005411636e-05
0.000282734992875
0.00035169796692
-0.000401653283175
-0.000473244477008
-0.000583764961636
0.000274427084897
0.000229520080177
0.000324999537965
0.000256681156649
0.000288932474797
-0.000545613631442
0.000557789648132
-1.03278295891e-05
-0.000547461818533
0.000509858804726
0.000161719164591
0.000312900174718
-0.00046560502007
0.000257280893
-0.000535893275474
-0.000361547602046
0.000393174505443
0.000100910677778
3.93802553323e-05
0.000204207618622
7.55710840164e-05
-0.000200092902311
0.000673052687382
7.37540352865e-05
0.000345445685377
0.000432738583148
0.000358660704834
-8.80559281057e-05
-0.000270604776727
0.000357213982423
0.000450962610444
0.000108790462298
0.000369292858517
-0.000310092317354
0.000318660208249
0.000169747482941
-0.000488407691151
0.000338336437721
-0.000246610475038
0.000400681876442
-0.000545600025461
0.000253900127687
0.000612546288909
0.000477502030932
0.000492695629058
3.49066724878e-05
0.000319931440765
-0.00035483811324
0.000510618381678
-0.000390511545797
-0.000492132170853
0.000461345763326
0.00055955112614
-0.000165393038942
-0.000305797779936
-3.52952446382e-05
-0.000503374687723
0.000231281684357
-0.000333551338838
-0.000432113239939
0.000507684323941
-0.00046516745011
0.000319041844864
0.000346230308872
4.37093693387e-06
0.000490386321537
0.000171346738348
-0.000399604061126
0.000228257322785
3.63129754203e-05
-0.000323566871798
0.000300210076218
2.33567955791e-05
0.000154918813421
-0.000370656006412
0.000215737193008
-5.27522190659e-05
-0.000510365642389
3.31334666767e-05
0.000424576392143
-4.07369375535e-06
0.000452076657407
7.29917188818e-05
-0.00052846806704
0.000497746579565
-0.000500480390689
-0.000142067780123
4.55196364347e-05
0.000279704923277
-0.000209562476984
0.000435269142671
-0.000344385346233
0.000290732351938
0.000215204917419
0.000294653887309
-0.000393354967096
0.00035736765115
-0.000254437671511
0.000527524909074
0.000237845410945
-0.000492283082439
-0.000194720899843
0.000564639140617
0.000136387472483
-0.000334635590815
-0.000380664256642
0.000743884839351
-0.000171814525116
-0.000171123943349
-0.000347926194274
-4.08318789247e-05
-0.000209898921002
0.000586338531288
-0.000376439610285
0.000387191555001
5.72433976958e-05
-0.000444434952688
0.000402355191723
-0.000389032368855
-0.00037364564863
0.000109884456555
0.00026376119209
-0.00022473346884
-6.08284221702e-05
0.000585974296344
-0.00030454356425
-0.000281430732093
0.000420027411214
-0.000562095191336
-0.000435998928188
-0.000444869929476
0.000431642075712
0.000375957263836
3.8342366793e-05
-0.000414299630607
-0.000273156917228
-0.000127839672018
-0.000262847443606
0.000390687115628
-0.000450412882362
0.000816265394129
3.26963672125e-05
0.000189678796241
-0.000375631949892
0.000325606809117
0.000495189169869
-0.000414399048257
0.000379109591842
-0.000305614165196
0.00031848282951
-1.28686643128e-05
0.000514672166267
9.78288071023e-05
-0.000285913191107
0.000337759555698
0.000151105719426
-0.000219356374824
0.000315002580007
0.000205863879987
-0.000207372054207
0.000145872297199
-0.000587014315887
0.000394926449468
-0.000107661080572
0.000440394617842
-0.000307068503999
8.23350351608e-05
0.000235302551635
-0.000115792109047
0.000450124152946
0.00024836143848
-0.000416113958611
0.000167752520134
-0.00027293109402
-0.000310833867615
9.66006426346e-05
0.000394149016849
0.000351967021327
7.21796075704e-05
0.000448567663964
0.000330068865138
-2.04076954343e-05
-0.000250400102647
-0.000138647150224
0.000391170710562
-0.000219823972203
0.000562160585068
-0.000159447370532
-0.000351385196021
-0.000468765479829
-0.000515829263113
0.00055076131253
-0.000130733901308
0.000160369441229
0.000290008408991
9.6880097621e-05
0.000353115837249
8.20656516355e-05
-5.40408897741e-06
0.000514117329021
2.69819742019e-05
-8.87378839774e-05
6.17559097639e-05
0.000354743972754
-0.000564642893754
-0.000172443875357
-0.000214564295035
0.000387008170399
-0.000268597967939
-0.000210286345817
0.000310475101691
0.000374078312273
-0.000237948396567
0.000210496765703
0.000287941607785
3.05412217248e-05
-0.000315272538896
0.000274440659973
-0.000210170973345
-0.000429810995898
0.000127282672588
0.000318054048101
0.000111811803147
0.00021909452174
-0.000330906324884
0.000194777633745
-0.000343651226377
0.000148873592635
-9.43434422413e-06
-0.00036594242062
0.000119331945585
-5.283924284e-05
0.000543225564384
-0.000123304093178
-0.000276299967935
-0.00038548710608
0.000297431177977
0.000218726835209
-0.000560026318095
0.000126821993812
-0.000385828872212
0.00057636914429
-0.000330263001683
-0.000246106142605
8.72309252819e-05
-0.00032770933148
0.000188207346359
0.000271825580041
0.000397133868015
-0.000168876545224
0.000199385777803
-0.000341584631559
6.6140151385e-06
0.000369343248699
-0.000546834556697
-4.25368894525e-06
0.000343093487506
0.000106236465606
3.3963641812e-05
-0.000254891052726
-6.03814861664e-05
0.000357726140793
-0.000162948507045
-0.000365936189756
3.34657785472e-05
0.00044489623189
6.71289605232e-05
-0.000337733737251
0.000256702983587
0.000388151238372
-0.000201896905794
-0.000186254332575
0.000385290654912
3.92857372356e-05
0.000401326603964
0.00031330749851
-0.000363099627975
4.97921294655e-05
9.58710268386e-05
-0.0002015345092
-0.00042340556711
0.000160558123508
-5.05987146119e-05
0.000120174159933
-0.000369634899419
-0.000343271925075
0.000330403260763
0.000298255210201
-0.00057118630422
-0.000531627480855
0.000439413516523
0.000425881557403
-1.1290674832e-06
0.000247358421241
-0.000515956389178
-0.000375613703399
0.000150870500862
0.000224743202539
0.000171844138207
-0.000335309853294
-0.00014000548811
0.000418063370765
-0.00054879727207
9.1505508698e-05
-0.00034327102398
0.000118773440654
-0.000315954993782
0.000113257810672
0.000563359559695
-0.000203769565191
0.000270638766519
0.000203908322426
-0.000474547088941
0.000167921988409
0.000222765127223
4.06207109575e-05
0.000234278529923
0.000379433971532
-0.000339068061083
-0.000386533880739
-0.000105033396384
0.000491567277114
-3.46911819196e-05
-0.000474253687956
0.000508944869887
0.00043856075493
0.000431121686435
-4.25030984849e-05
0.000429694653501
0.000399231939343
0.000421672616542
-0.000592264599708
-0.000184869040024
-0.000203271006307
-0.000267688248665
5.69167962131e-06
-0.000348963604696
-5.44533622325e-05
0.000520950165788
0.000353268005715
-0.000229782858924
0.000374111840911
-0.00041750998133
0.000474753379033
-0.000243675399601
-0.000374915134814
0.000590519205757
-0.000215604070941
-0.000283607385458
-0.000136455480617
0.000426463889621
0.000206019845433
0.000384985989744
-2.64857147644e-05
-0.000149918291713
0.000358860486303
-3.20613129049e-05
0.000390921799216
0.000537513897716
-0.000370656820914
-0.000150918506658
-0.000299713868467
-0.000194845792182
-0.000267596853972
0.000387771013909
7.47762974553e-05
-0.000492286278778
-7.71413259613e-06
5.68396847639e-05
-0.000371052178072
0.000314212493315
-0.000113564110085
-0.000274430681055
-0.000353140656778
0.000559160502213
0.000288339348257
9.23503863467e-05
-0.000380689734596
0.000404538388162
-0.000154166576436
-0.000105188285599
0.000450633970973
0.000167160725704
-0.000386984697898
-0.000373581402716
0.000341520089822
0.000514189813981
-0.000650502944772
0.000395624383519
-0.000260580370957
0.000397825976853
-0.000511390086934
-0.000429836855067
0.000367208717802
6.26281372664e-05
0.000168729279938
-0.000461247487382
-0.000312048066752
-0.000257523608846
0.000437635742729
3.71176363083e-05
-0.000307797464826
0.000364637149597
0.000184381673182
0.000554595433406
0.00045973645175
-0.000344413063153
-0.000247851536555
-0.000176780544223
-0.000368819481238
5.89137035201e-05
-0.000366711168338
-8.23427879297e-05
-0.000353656140261
-0.000339230929308
0.000276773198366
6.2457730909e-05
0.000252662313598
4.04883471658e-06
0.000380197518578
-0.000373583503424
-5.10580665825e-05
0.000364116368004
-0.000313058301428
-0.000231732285427
0.000463027630057
0.000633117669052
-0.000376867797106
-2.09079440383e-05
0.000458543686777
0.000525597938008
-9.88061342696e-05
0.000392435105283
-0.000166093719206
-0.000348324258043
0.000572292372178
6.48266947943e-05
0.00033140049756
-0.000516519969569
-5.9018194711e-05
-0.000622084675461
0.000377679083857
0.000496854088061
0.000185131880708
0.000124412963432
-9.53465073311e-05
0.000383685855597
-0.000278701791721
-6.86118192278e-05
0.000393861958965
-0.000325250139717
-0.000295419967165
-9.44603019219e-05
-0.000395165193509
-0.000153632078559
0.000355654350708
-8.95053113518e-05
0.000236809631105
-3.26020124847e-05
-0.000390646991783
0.000408786709467
-0.000378155297983
-0.000133234788948
-6.02283157494e-05
-0.000283042708228
0.00036484541284
-0.000144163134122
-0.000198629419832
0.000357750303067
0.000433554319217
-0.000280059786303
-0.000274317111711
-0.000259896882141
-7.36544566946e-05
-0.000304073621523
-0.000476635933442
0.000222852159309
-0.000409106491882
-0.000258390194756
0.000368274651317
-0.000313988965432
-0.000138230362308
0.000394907030361
-0.000256676668039
-0.000574041145688
0.000200574629669
-0.000140045640578
-0.000261483922698
0.000401529563289
-0.000439523243596
0.000207790958171
-0.000391207452812
0.000322595633588
-0.000327570281094
-0.000135414145525
0.000462984426615
1.7548152414e-05
0.000479305935653
0.000489797455409
-0.000319769677923
0.000389840984959
-7.00713070329e-05
0.000442909523224
-0.000399911329314
0.000259865688748
0.000131635085373
-0.000399714285003
-0.000314391733906
0.000338486994734
0.000571277831574
-0.00040782942876
8.80597508385e-05
6.46744641068e-05
0.000275580232001
-0.00034025469609
0.000299560523034
4.42810243561e-05
-0.000416115152859
0.00022126936067
0.000106233599503
-0.000169473947108
-0.000392621244228
-0.000350590513067
-0.000237747987039
0.000570826002867
-0.000536862361051
0.000531787376542
-0.000174037073472
-0.000469255105529
0.000216671084287
0.000223614046959
-0.000114885707385
-4.76690482801e-05
0.00022054848982
-0.000236071692144
0.000319580718014
-0.000137002485946
0.000345822816537
-0.000549208469492
0.000307925184781
-0.000320125197889
0.000509333617481
-0.000309159959198
-0.000200173658283
0.000349886246946
-0.000317329856295
0.00057994991722
-0.000470713240532
-0.000550985141687
0.000540657312103
0.000382189192461
-0.000186346917156
-0.000265890179269
0.000142742864042
-0.000344846452718
0.000451080052224
0.000302731156087
0.00047235445394
-0.000267717260635
-0.000144954654209
0.000327550297556
-8.39943814165e-05
0.000347755573518
-0.000330840327689
0.000145559282404
0.000577835336503
-0.000504785714052
4.34524544631e-05
-0.000326495162687
-2.1864204099e-05
0.000190003403482
-0.000503992368912
0.000344041730144
-3.84810188059e-05
0.000219820711798
-0.000167440327999
-4.92226476243e-05
0.00050843501713
-0.000192767252233
-0.000507444856461
4.65030647347e-05
-0.000368671557615
0.000232313146925
0.000136358410699
5.36034024571e-05
0.000276465462681
0.000486258983871
-0.000403050788077
-0.000143287045379
-0.000343394507754
0.000261285524617
0.000181089654002
-9.94770959346e-05
0.000127508001223
-0.000219689024957
0.000181335188356
-0.000203495280702
-0.000182789065029
0.000440182847304
-3.42698747205e-05
-0.000285855323167
0.000103551405339
0.000232699309486
-0.000544747376236
0.000226643913401
0.000842829003454
-0.000514058332344
-0.000328770671134
0.000315219825445
0.000202313010573
0.000186531501059
-0.000388844511625
0.000147006430702
0.000227193656834
0.0001565313647
0.000338318043465
-0.000273643579343
0.000581552179126
0.00042108086836
-0.000621173770663
-0.000463873156825
-4.09612882753e-05
0.000535497812599
-7.2791888906e-05
-0.000183047334956
0.000385360345537
-0.000273695834458
0.000165413467058
-0.00045057368952
-0.000202041911522
-7.76680224626e-05
0.000356655076361
0.000107122095973
0.000135563792139
1.35579035203e-05
0.00030148631318
-1.29466468043e-05
-0.000288539666375
-0.000166094730621
-0.00042091958528
-0.000285270197048
-6.9567916184e-05
-0.000130875833761
0.000458426131319
2.56562697988e-05
-0.000333956280991
0.000461149753031
-0.000222069248702
-0.000284592038004
0.000267216438461
-0.000494439175199
0.000244898815629
-0.00021337982825
-0.000356985938208
6.60402888179e-05
0.00015704982111
-0.000325415121103
0.000390241815911
0.000503807136289
-0.0002667534096
-0.000282455059892
2.52982240184e-05
0.000508088860927
-0.000258255695914
-0.000249833165012
0.0005402903003
-0.000250672191857
0.000175981208936
-0.0005215700579
0.000535535018936
0.000327287867553
-0.000504132860343
0.000570173149164
0.000501927211431
-0.000272872665152
0.000280152567065
-0.000293099213868
0.000268589133488
0.000122972351968
-0.000391561485444
0.000275501325637
-0.000398805418803
0.00028522354436
0.000576006441586
-0.000125043831165
-0.000505933510828
0.000274169992566
7.70083884239e-05
-0.000362739759807
0.000191418372683
0.000161849633052
0.000117561991034
0.000219681023112
-0.000293310325835
7.36293027404e-05
-0.000219792760015
-0.000140058532777
0.00031069378879
0.000306805161052
-1.32313075902e-05
4.02132817766e-05
0.000484637125576
0.000250235935753
-0.000734873061354
-0.000136506828143
-0.000217036866839
1.62780253777e-05
-0.000302133348542
0.00023496930085
0.000298503302845
-2.40626428713e-05
0.000512362845735
-0.000304041066351
0.000465227276327
9.90810348071e-05
-0.000396168893276
-0.000108513703599
0.000328194726724
0.000383373370553
-5.01134178334e-05
-0.000379798738278
0.000357934534184
-0.000510664792899
-0.000475577830847
0.000279839417617
0.000195738413216
0.000345571778831
-0.000129834585812
0.000306265716054
1.71511424163e-05
0.00049179372748
-0.000304592497094
0.000105634460713
-2.6503660138e-07
0.000479570972261
2.15278656998e-05
0.00016743295208
0.000173476664175
0.000458278650181
-0.000335438188752
0.000662858489474
7.90627424286e-05
0.00013342060572
-0.000520575112628
0.000307687163533
-0.000478569296631
0.000224597324538
-0.000522746978447
0.000164038587689
-0.000138945449735
-0.000407701715221
0.000456278484772
-4.85767695783e-05
3.60866962014e-05
-0.000556521191899
0.000156963218606
-0.000636100240465
0.000383835702433
0.000221288067045
0.000307930496735
-0.000225690423192
-0.000149941526699
0.000386602038687
-0.000118012905199
6.09847562886e-05
-0.000574343568331
0.000513358812086
-0.000256144329596
-0.0002735368907
0.000529681220294
-0.000360928737025
-0.000172954729307
-0.000227158225989
-0.000321591505718
0.00025681374037
-0.000110941443173
-0.000795790859787
0.000324222514107
0.00047156834567
0.000182569572981
0.000128617975647
-0.000375546497488
0.000137798510448
0.0003747755084
-0.000246157532746
-1.31686841133e-07
0.000267814207983
-0.000267682521097
0.000612622079
4.04993990851e-05
-0.000356454392842
0.000183873843694
4.07234808443e-05
-1.35229347764e-07
0.000503942365647
-0.000398473677605
0.00022959713239
-0.000229804339866
0.000366162750576
-0.000186752011669
0.000212839755985
-0.00045632357608
0.00022735671643
0.000341670413587
-0.000298706735133
-4.29636784408e-05
0.000309518784083
-0.000269422706857
-0.000314598426285
-0.000169994526092
0.000473503453703
-0.000303508927616
0.000160358005403
-0.000243264240058
0.000531222967881
-4.3375165891e-05
0.000560867119689
0.000269207999533
-0.00040027608174
-0.000139932580461
-1.0008018251e-05
0.000470568802822
-0.000460560784594
0.00051788795076
0.000131571149907
0.00022349682292
7.1230848482e-05
-0.000334841254846
0.000426083131654
-0.000636254104991
-9.54310266545e-05
0.000413485074757
0.000171080433543
0.000238431981578
-0.000242685670532
-0.000251524383119
-0.00026793204347
0.000364812141089
0.000417709733472
-0.000515419799048
9.77100655549e-05
-0.000152944910724
-9.39350729346e-06
-0.000168951513456
0.000478496905746
0.000177402480481
0.000365045697779
-0.000542448178263
-0.000269538613894
0.000514437429514
-0.000454342609222
0.00018480399532
5.49473788685e-05
0.000108635821405
0.000319190646802
-0.00042782646824
0.000525937451664
-0.000535188343825
0.000277664735005
-0.000107345358092
-0.000117225063317
0.000611623046151
0.000477907607278
-0.000106201818905
1.32992349797e-05
0.000229206794133
-4.94099398091e-05
-8.44994748119e-05
0.000133909414626
-7.97673689757e-05
0.000215091190653
-0.000135323821686
0.000599804837031
-7.62097852128e-05
2.93367203548e-05
-0.000302980299681
-0.000238026058338
-0.000369933475236
-0.00019900466473
-0.000306928846099
-8.45549909002e-05
0.000110891152538
-9.1315055863e-05
0.000333927923166
0.000443131376141
1.51472740513e-05
8.93734123708e-05
0.000312175729294
-0.000151378280215
0.000491658498138
-0.000314337849809
-6.46343659898e-05
0.000100721062188
-3.61075644829e-05
-0.000338072369691
0.000374179934177
0.000183115415625
0.00039939584263
-0.000160911615495
0.000390508747886
0.000261577397423
-0.000386314066965
0.000599153822955
0.000487919085899
0.000456000478589
-0.000541042341064
0.000520876527157
0.00053700968602
0.000307913081185
0.000263973605481
-0.00025189462812
-1.20789773391e-05
0.000369418949914
0.0004745971566
-4.29550809101e-05
-0.000525020777651
0.000419987381263
-7.22209037349e-05
-1.43278502426e-05
-0.000359255653165
0.000286448345542
0.000187043641259
-0.000384656169437
0.000113810215426
0.00032637263188
-0.000360265069066
0.000223758240927
0.000159844909879
-0.000192446922366
-0.00027911376127
-0.000172349428618
0.000348323364996
-0.000148118867352
0.000317830895248
0.000386162402876
0.00030019305833
-0.000629511550599
-0.000562642073504
0.000449677123095
0.000112964950382
-8.63450095359e-05
-0.000403393737543
-0.000395481275401
-0.000129539502255
0.000338123292566
0.000497254800917
-0.000331841333858
0.000368395337675
-0.00010733734828
-0.000249758051335
0.000357095399616
-0.000237331679756
0.000555653144348
0.000355091099679
8.92396377811e-05
0.000379988814527
-0.000333154565706
-4.68342488202e-05
0.00038491150319
-0.00053583000985
-0.000376390227518
0.000258377322325
0.000400726190074
-7.33371464842e-05
-0.000489304927035
0.000338146278714
-6.71750652788e-05
-0.000421549935877
0.000488725001117
-0.000553216703531
-0.00019724735237
0.000505160433515
0.000584657048332
-0.000642219493764
-0.000352749170639
0.000578256162219
-0.000200133713844
-0.000378122448384
0.000526771005699
-0.000467374684554
-0.000386731403713
0.000504444800464
-0.00038003183705
-0.000195090639009
-0.0004645050168
0.000401510595977
-6.75826728124e-05
0.000496962748164
-0.000555980942846
-0.000176014480122
0.000132639314231
0.000249317728083
-0.000486738013224
5.23042760785e-05
-0.000449003353925
0.00037473241922
-0.000369734286714
-3.44398469332e-05
-0.000466040543772
-8.74574752008e-05
-1.08836615125e-05
0.000175271178467
-0.000411985103714
0.000343881250049
0.000526265815902
-0.000187726039112
0.000360980246125
6.06923704328e-05
0.000544336507766
-0.000219336969803
0.000299381839094
7.83820166883e-05
-0.000377763855769
-0.000214950660191
0.000232773592285
0.000240729861421
8.033050905e-05
-0.000556772171606
-0.000404938110574
0.000474953999563
-0.000334333722794
0.000530764582476
0.000111356964389
9.80653120287e-06
-0.000312786830868
-0.000403753370195
0.000560716588813
0.000179794814479
-0.000290736257656
-0.000156981937942
0.000336776752408
-0.000228473895093
-6.63915785359e-05
0.000432972136981
-0.000110947340989
-0.00040670314093
6.86307712408e-05
0.000342547307356
-0.000513671250705
-0.000261018759682
-3.60309572238e-05
0.000479162333371
-0.000181465979803
-0.000115600551458
0.000615330195294
-0.000622023995215
6.69379990506e-06
-0.000356681276156
0.000419547405872
-0.000276985165916
-0.000142562239957
0.000475388678313
-0.00043110765398
-0.000543883560308
1.19831782088e-05
-0.000250244690672
-0.000302972012862
0.000178653616371
-0.000165095712842
-0.000427985500846
-8.26792920558e-05
0.000382508111827
-0.000485387794782
-3.398215122e-05
0.000519369946016
-0.000599547119542
0.00043345238892
-3.25915320423e-05
-0.000137835475258
-0.000618145990426
0.000308466842306
0.000309679148123
-0.000500439062619
-0.00035842752937
-0.000524626650833
0.000659048593379
0.000451956494142
0.000204161830731
-1.8554570865e-05
0.000498125543132
0.000197989994517
0.000566867378131
-0.000186562019634
5.79714819347e-06
-0.000478118426001
0.000253534988676
-0.000440287000356
-0.000275302511053
0.000282742518181
-0.000207830203147
-0.000304791895077
0.000684246954354
-9.95899060342e-05
0.000398815662998
-0.000119333877169
-0.000516766363312
0.000155100327156
0.000319795855047
0.000397633173468
-0.000607230673326
0.000209597499862
-0.000195718102481
3.21822433301e-05
0.000443957596316
-0.000582076095536
0.000444424773395
-0.000145403783929
0.00018612726477
-0.000242296214836
-0.000292892128964
-2.96971614132e-06
-0.000417349516084
-0.00012369282499
-0.00050622248289
0.000261047930795
0.000244112502704
0.000393404256807
-0.000423333179978
-0.000536683393263
0.000247197977254
-5.12094334376e-05
-0.00013204372496
-0.000523968906747
-0.000533316750661
-0.000368359902994
0.000202966864058
0.000509180698682
-2.12616127845e-05
-1.4563984751e-05
-0.000374743233916
0.000105320527072
-0.00036844478238
-0.000427346077413
0.000340924482455
-0.00033967935277
0.000422361682252
0.000138505437418
8.81096361652e-05
0.000313400959808
0.000518743738509
0.000462094585913
0.000589794634328
-0.000507001832051
-0.000224941462459
-0.00051544297605
-0.000200807620549
6.05610189779e-05
0.000533021876236
-0.000351178238852
-0.00012109635356
-0.000622732571244
0.00072083101368
-0.000446468187672
0.000378885514846
2.68892984706e-05
-0.000698480447169
0.00067159114867
-1.61695702416e-05
0.000389389253961
-3.14547197729e-05
-0.000402454848679
0.000410453981428
-4.63541852456e-05
0.000650845608242
-0.000374557981707
0.000263610640719
0.000313179468756
-0.00028614780723
0.00066382689108
0.000413216503986
0.000104671446757
-0.000144601662064
0.000389660920475
0.000192272210405
-0.000357772856689
-0.000238620931517
-0.000168271052883
0.000501777792204
-0.000556687948716
-0.000498857867661
0.000311131828548
0.000634071638172
0.000214562086937
-0.00030310406155
9.79822589732e-05
-0.000360733421911
0.000117502013738
0.000540829866153
0.000351981414186
0.000166986597453
-0.00044397176337
0.000118574345985
-0.000551721941404
-0.000632689356412
0.000264826713188
0.000367862643236
0.000256579113276
-0.000303935499308
-0.00021132561177
-0.00026630245047
0.000180186286469
-0.000427939089622
-0.000499429621245
0.000141639205492
-0.0002953821087
-0.00042872862848
0.000315523077567
0.000113205550919
-0.000156310560304
0.000394758174488
-6.93530735933e-07
-0.000388783233152
-0.000327936745788
-4.70723450514e-05
0.000448161922769
0.000616504304228
-0.000810774458067
0.000531379366984
0.00061094898751
-0.000297093543104
-0.000263775608398
0.000500078728729
0.000475527189607
2.882161302e-05
0.000362787070184
0.000271284567964
-0.000343782620295
-0.000181689305381
0.000512863367478
-0.000355813546376
9.11325428617e-05
3.80230693908e-05
-0.000129155612254
0.000574857740682
-0.000236847175144
-0.000522490833488
0.000372566314313
0.000175349230763
0.000151068379667
0.000200722947804
5.85183341246e-05
-0.000339172730968
0.000122351821678
9.77740159028e-06
0.000372730710247
-0.000179297729621
0.000335405211838
-0.000156107482205
-0.000121764643416
0.000101036994656
-0.000227209631962
0.000515950673422
-0.00027201335028
0.000462108353624
-0.000141104936394
0.000361758815781
-0.000748949473059
0.000288182663125
-0.000205381493859
0.000487810018848
-9.44057620419e-05
0.000328000618828
0.000104971518153
-0.00034240396014
-0.000627730343333
0.000634424143238
0.000171862139894
-0.000485835583393
-0.000113711536156
-0.000295437889594
-0.000390485446512
0.000218670921396
-0.000235732035629
0.000550734615622
-0.000950457471482
0.000495554083713
0.000408777996059
-0.00057032614002
0.000549064527234
4.28735792285e-05
-0.000355931880666
0.000413505336544
-0.000143287469259
0.000132096315284
-0.000341275990474
-3.64878652892e-05
-0.00058387387216
0.000194527211816
-0.000443879763632
0.000232554151869
-0.000535956196512
-0.000414501275044
-0.000319936103595
0.000297891188412
0.000231790031876
-0.000393091154376
0.000213954575185
-0.000656835498457
0.00046096320486
0.000203733093297
-0.000535574427149
-0.000306840243115
-0.000205111609773
0.000267603758597
1.12260391049e-05
0.000380872118055
-0.000383279386807
-0.000320680381353
-0.000225796158288
-0.000128408170947
0.000354462486289
-0.000531544705686
0.000177082219371
-0.000182220906991
-0.000139101935294
0.000366045375431
-0.000394803152091
0.000246684284747
-0.000153080345174
0.000408745682835
-0.000299810847771
-0.000478326502984
0.000350664496313
-0.000345579818058
-5.08467824958e-06
-0.000418064137442
-0.000522630656634
-0.000354558419553
0.000618761710375
-0.000250899067134
2.73300056834e-05
3.91673773112e-05
0.000311497119003
-0.000499658964843
0.000255657453014
0.000244001511842
-0.000281891024615
0.000526003527285
-0.000216523047202
-0.000626209388801
0.000304404648041
0.000321804740715
0.000469639824329
8.44410997486e-05
0.000562701705384
8.06877435918e-05
-0.000539715216656
-0.000380140778857
0.000240505735616
0.000423273941929
-0.000324141955426
-0.000250147508519
0.000360060247782
1.69856800897e-06
-0.00029103897007
0.000509561178069
-0.000231896443051
-0.000451677033298
0.000160137127043
0.000323572382496
0.000323850862937
-0.000574749930061
0.00034778478139
0.000182402336782
-0.000211723564213
0.000308188148171
0.000308227636698
-0.000211544835398
-7.73741166353e-05
-0.000367060836046
-0.000153439004296
0.000359602762907
9.96291832143e-05
-0.000155797636594
-0.000173683179296
-0.000371662790334
0.00036140404392
0.000109935384297
-0.000471339428225
-0.000167394744726
-0.000310931758237
0.000248679079478
-0.000265070781939
-0.0003494333662
0.000138533165633
-0.000319603934031
-0.000157957145653
-0.000248023425819
0.000130798362499
-4.53254709944e-05
-0.000286590520673
-0.000362493529593
-0.000274387936895
0.000531268361558
-0.000141248682045
0.000502652725972
0.000118392762576
0.000354649286522
-0.000166441940157
-0.00049288413454
-0.000342700103141
-0.000176394855842
0.000205570626033
0.000488541112365
-0.000284667092783
-0.000171159512463
0.000291824914147
-0.000202110540426
0.000457767993424
-0.000487026075262
-0.00049191203679
0.000126475235286
-0.000423336344105
0.000296861108812
6.2072356384e-05
-0.000347176076508
-0.000524460340799
0.000292563897767
0.000168373281815
-3.57339675861e-05
0.000390085876007
-0.000515738080246
-0.000156091431892
-0.000117774567204
0.000214153175474
-0.000347402833826
-0.000209285114852
9.46893201775e-05
0.000266197579624
5.57491098152e-05
0.000135212837023
0.000347062661
5.21606178923e-05
-0.0003992232789
-0.000131793292329
0.000280972616149
-0.000192538241815
2.54644186337e-05
-0.000596948649108
0.000304275191376
0.000200320236774
0.000429733588408
-0.000183049303656
-0.000354924820846
-0.000256024166664
0.000150875211371
0.000172103294836
-0.000220828495641
0.000399666472491
-0.000370133195753
-6.43854671802e-05
7.64241241436e-06
-0.000452488966841
0.000167821874057
-0.000256856582188
-0.000445769958096
0.000461521137968
-0.000348315587045
-6.754328746e-05
-0.000481550375991
-0.000416429121882
-0.000330481996321
-9.75334355099e-05
0.000608679839404
0.000107289436853
4.48437835235e-05
-0.000231616782625
-0.000562168267329
-0.000487563327363
-0.000521645845551
0.000277644333709
-0.000413306088002
0.000147578712075
-0.000612335902907
-0.000155627858024
-5.36434943307e-05
0.000593908310757
0.000122819162334
-0.000608654745732
-0.000245484213943
5.13296277912e-05
-0.000439349105
0.000524213645984
6.96946647653e-05
0.000478320801489
-0.000112275426058
-0.000202426266968
-9.24539133838e-05
-0.000235017799004
-0.000247096776336
0.000531803018384
0.000115689394882
0.000273241650639
0.000286111877715
-0.000188578442205
0.000329299528087
-0.000233916960632
0.000609987403826
0.000117754692689
0.000118492764867
-0.000154226732453
-0.000455032458961
-7.01907723057e-05
0.000444923191526
0.000337215865097
0.000136681086938
-0.000406008728628
0.000269327641691
-0.000317476953083
0.000391548056569
-0.000329475700185
-0.00030564810457
-1.06628473864e-05
8.58999519996e-05
-0.000485568151699
0.00034943883307
-0.000258196491173
-2.46049468356e-05
-0.000417092515693
-2.99753670848e-05
-0.000307290676431
-0.000350517429484
0.000436417381485
-0.00036791934324
-3.13039356554e-05
-0.000126385371635
0.000463601236734
-0.000302342932517
0.000575584583132
0.000296888570294
0.000307644471298
0.000115521872438
-0.000109120158332
0.000242287274172
-0.000384849514129
0.00036004196686
0.0002167544976
0.000332443892481
-0.00030063139404
-0.000193341957187
0.000124129063738
0.000155127648811
0.000284371516654
0.000559412652263
-0.000142468981858
0.000196625106474
-0.000578604582191
0.000381979475725
0.000132185220081
-0.000568870653705
0.000333798319308
0.000265355503652
0.000135747914124
0.000351465097921
-0.000487213012013
-7.64942154254e-05
0.000573236168241
-0.000496741952773
4.52435310991e-05
0.000411127791848
-0.000456371323024
-0.000333577132951
0.000530202239425
-0.00053481069853
0.000154778861463
0.000334236068861
0.000200382471534
-0.000466684921996
-0.000244045677835
0.000415907817734
0.000136850964027
-0.00011565566029
-2.11953037455e-05
0.000121389115237
9.58993303704e-06
-7.21093112845e-05
-6.28765656332e-05
-4.64218160703e-05
0.00010929838171
-4.01170625241e-05
0.000145932219536
-0.000105815157024
8.5183412714e-05
0.000558406634708
-0.000109212121823
-0.000417388490634
0.000481438639063
9.0853733101e-05
0.000162533994115
0.000521712960238
-0.0007252356995
0.000611524163332
0.000544842662758
-0.000574242391893
0.000574695793454
-0.000235115504048
0.000191940737481
0.000636913545049
-0.000203461156142
-0.00040975531906
0.000187131723461
-0.00047201697371
-0.000533133458413
2.97763686859e-05
0.000550756380316
-0.000249874136818
0.000519227797193
0.000370878495465
0.000750625266993
-0.000318856158243
-0.000819414607539
-0.000730058308496
0.000403244007543
-0.000650083738349
0.000811358863866
-0.000569921166424
0.000557344100965
-0.000106715606552
0.000213071747471
-0.000193177614063
7.96417450023e-05
-0.000268694234549
-0.000529241785864
-0.000390102854819
0.000440774500546
-0.000475418958112
0.000522745561993
-0.000343617987368
-0.000470440674236
0.000293358454865
-0.000364194360681
-0.000110368822601
-0.000279592947713
-0.000500712522895
0.000471440989448
-0.000575574308059
0.000433546080046
5.80211970712e-05
0.000433652867803
-0.000617055729272
-0.000374186564211
0.000570736844244
-0.000160282862832
3.17079020201e-05
0.000305380510171
-0.000243910838847
0.000223125895441
2.17575159241e-05
-0.000566295227094
0.000537473614074
6.23312229424e-05
0.000100900941043
-0.000220063885978
-0.000439269315417
0.000509140115757
-0.000272292940613
-0.000181835170879
1.82303948358e-05
-0.000124260223623
8.6854323057e-05
0.000196066754417
-0.000593281743393
0.000513019950121
7.29300469663e-05
-0.000291900610896
0.000227990853582
0.000545735991018
0.000485614745794
-0.000261765475733
0.000448897199178
0.000405553058707
0.000283736465428
0.000675981093091
0.000264876945806
0.000394378259162
0.000626144709133
-0.000164810613348
0.000545831336943
0.000246238614754
-0.000322868064383
4.17947967086e-05
-0.000102282178021
0.000596639633856
-0.000387042133987
-0.000321088441085
0.000313922418353
-9.12567064051e-05
0.000294584220904
0.000503381865811
-0.000480392160178
0.000353570166366
0.000350140389104
0.000118867447385
-0.000118893758631
-0.000115695953834
3.12362978992e-05
-4.66978896315e-05
-6.41126641941e-05
0.000191269422532
-0.000227256630018
-4.99422119986e-05
6.69275233684e-05
-3.77797695822e-05
1.12951317703e-05
0.000364379233394
0.000406450839125
0.000525514273933
-0.00039259332968
0.000223129795103
-0.000313486603229
9.03568081015e-05
-0.000435846288453
0.000319013701007
0.000116832587428
0.000471275026567
-0.000471968557286
0.000527697012012
-0.000321833132042
0.000667748299407
-0.000332324179267
0.000681658762836
-0.000771614151713
-0.000359179813087
0.00063694114456
-0.000539452663348
-0.000279961944164
0.00037375746989
-0.000462143203603
-0.000356849418955
-0.00027649825614
0.000605738551605
-9.27396373712e-05
-0.000433696254364
-6.49622393297e-06
-0.000443502263464
-0.000228808063196
0.000413612058506
-8.58848011653e-06
-2.41573512522e-05
0.000457810219041
0.000358321229213
-0.000467533351054
-0.000565365097544
-7.46563494802e-05
0.000461457394535
0.000386401893771
0.000556113173495
2.57306856817e-05
-0.000581843859117
5.93606286385e-05
0.000408380768333
-0.000267322542762
-0.00014105822558
0.000207573147782
-0.000388418896325
-7.17267163233e-05
-0.000316692180015
0.000418733702101
-0.000211160554329
0.000557220501374
-0.000497859872706
0.000187959184711
0.000214451370817
0.000332452885645
-0.000149843190045
0.000382485120895
-0.000291631387803
-3.8895471309e-05
-0.000413055434004
-2.279085446e-05
-0.000123524247009
-0.000189925638905
2.94644725394e-05
0.000458569452523
0.000209178846872
-0.000428808849717
-0.00025873450007
0.000171124016328
-0.00014473566072
0.00055151067394
6.0013489374e-05
-0.000190892112922
0.000405343483745
0.000266106848254
-0.000415950038293
0.000348049517786
0.000434451139477
-0.000438103827143
-8.95318528208e-05
-7.66294496338e-05
-7.16602273298e-06
3.90763838152e-06
-0.000331347373975
0.000518582941894
0.000549091969082
0.000390474082727
0.000243559026554
-0.000171996978887
-0.000165597872294
-6.08141795127e-05
-0.000110534480263
9.92343299007e-05
-0.000199387221892
-4.40799527209e-05
0.000143160105439
0.000301174531697
-7.76860791479e-05
-0.000304162636389
-0.000106038595221
1.68405096179e-05
4.95165683428e-05
4.42858820546e-05
0.000426710456329
-0.00028449045396
-7.29899870742e-05
9.22103270733e-05
-0.000284150541401
-0.00040564954562
-0.000387612121954
-0.00011962839422
0.0002606866198
-0.000195172775039
0.000266899491363
0.000127475603737
-0.000454368255369
0.000142160197376
0.000276944684474
-0.000428943229562
-0.000344273328594
0.000436901934698
-0.000113442872848
9.4770505963e-05
-0.000768881647586
-0.000510515253863
-0.000576812300661
-0.000123505164551
0.000781377592256
0.000714007814114
-0.00104657463645
0.000937427419553
0.000591977852184
0.000169064444478
0.000497477021173
2.63287263716e-05
-0.000366048452647
-0.000390696686123
0.000695961361151
-0.000724741661895
)
;

boundaryField
{
    bottomWall
    {
        type            calculated;
        value           uniform 0;
    }
    leftWall
    {
        type            calculated;
        value           uniform 0;
    }
    rightWall
    {
        type            calculated;
        value           uniform 0;
    }
    movingTop
    {
        type            calculated;
        value           uniform 0;
    }
    front
    {
        type            empty;
    }
    back
    {
        type            empty;
    }
}


// ************************************************************************* //
