/*--------------------------------*- C++ -*----------------------------------*\
  =========                 |
  \\      /  F ield         | OpenFOAM: The Open Source CFD Toolbox
   \\    /   O peration     | Website:  https://openfoam.org
    \\  /    A nd           | Version:  14
     \\/     M anipulation  |
\*---------------------------------------------------------------------------*/
FoamFile
{
    format      ascii;
    class       surfaceScalarField;
    location    "8.000000000001";
    object      phi;
}
// * * * * * * * * * * * * * * * * * * * * * * * * * * * * * * * * * * * * * //

dimensions      [0 3 -1 0 0 0 0];

internalField   nonuniform List<scalar> 
4035
(
6.81361216945e-06
1.03950850097e-05
-1.7208697153e-05
6.8871238442e-06
-6.51350327028e-05
6.5061521022e-05
1.72822088541e-05
-8.23437298537e-05
8.2343729875e-05
0.00015605848266
-3.91477707201e-06
-0.000152143705585
5.07043848356e-05
3.34620553119e-05
-8.41664401452e-05
-0.000101341629791
-8.36669136463e-06
0.000109708321161
-8.36866341297e-05
5.62399052399e-05
7.75924700353e-05
-5.0145741144e-05
5.05402462393e-05
-0.000139281461226
-4.71988897517e-05
0.000135940104747
4.45421120318e-05
-3.98444330071e-06
-8.78568627642e-05
4.72991940373e-05
-1.70467012642e-05
-9.48237739313e-05
7.25615236855e-05
3.93089515188e-05
0.000114357343411
-7.7892910666e-05
1.40758134992e-05
-4.34971553323e-06
-9.93030717134e-05
9.76926751864e-05
5.96011206613e-06
1.40102641835e-05
-0.000108140875097
8.11983085618e-05
1.29323023532e-05
0.000111850445872
4.52721661355e-05
-0.000130481293676
-2.66413183229e-05
6.01138993703e-05
-7.39217177172e-05
-3.23888291525e-06
-2.82975764696e-05
-7.19714105634e-05
7.92352063022e-05
2.10337807312e-05
4.77872081469e-05
-8.8800169854e-05
5.48362509716e-05
-1.38232892544e-05
6.12915943668e-05
-3.59869064258e-05
1.92374240904e-05
6.35516899499e-05
-0.000110588255728
4.67199415376e-05
7.10696530735e-05
0.000148540519543
-4.26678923476e-05
-7.18351404514e-05
-8.26923839211e-05
-0.000121325310358
5.16489404145e-05
6.24810302599e-06
-7.71908214301e-05
5.07383427502e-05
-8.71326649982e-05
-1.22485151662e-05
1.70374503144e-05
6.88647057732e-06
0.000132201038602
-0.000116728228655
1.5176885441e-05
-3.06496953897e-05
-4.65056413002e-05
0.000178706679901
5.16134919505e-05
1.65645729942e-05
-4.06170567516e-05
1.93839889385e-05
1.24645713415e-05
1.19779178972e-07
-1.96176163296e-05
6.98150599427e-05
-8.60082061178e-05
-3.03124951275e-05
-8.96840162318e-06
8.96840163647e-06
1.44017640881e-05
1.63108251178e-05
-3.96809908413e-05
2.33701657283e-05
-7.70472378192e-05
-0.000116728228648
1.47843630239e-05
-0.000199167340945
0.000184382977921
-3.31388331489e-05
-5.60825600041e-05
8.9221393152e-05
1.98804639629e-05
-0.000137862373093
0.000117981909128
9.07802761565e-05
-5.32015885416e-05
-8.46960128853e-05
4.71173252695e-05
-7.25629587731e-05
0.000133189808822
1.67488434424e-06
-6.2301734393e-05
-0.000150930718268
-1.8852352636e-05
9.72201121295e-05
0.000170089197718
2.74975054834e-05
-6.43968943783e-05
9.04694107587e-05
-4.36318465285e-05
6.89814220502e-07
-4.75273784513e-05
-2.66444576871e-05
8.39750352969e-05
0.000142487354512
4.23862062299e-05
-5.29776266776e-05
-0.000146315305658
4.83622140667e-05
-0.000120613930678
8.37063157102e-05
-1.60700117093e-05
0.000114457594285
-0.000116695751172
-1.66141957512e-05
-8.02404049486e-06
0.00011181473373
-8.72099427911e-05
-1.6580750445e-05
0.000109676472915
-0.00022505201695
0.000132878936619
-1.75033925803e-05
-6.96558051423e-05
8.44997098516e-05
-1.3169020365e-05
7.50238506356e-05
-8.02217602966e-05
-2.14465480253e-05
0.000166619254462
-0.00012066955672
-1.84521922571e-05
-6.06084533642e-05
3.67961177823e-05
-1.98195109457e-05
-0.000166344123195
-5.53927457845e-05
-0.000141107029236
3.20020008244e-05
0.000218781501326
0.000121849084811
-3.90928491505e-05
-4.58575688483e-06
0.000185763303198
8.77338290919e-05
-5.69603823372e-05
0.000217765304022
9.27791796546e-05
8.84675438111e-06
-1.92822041607e-05
-1.0140944581e-05
-0.000500459957705
0.000771768069987
-0.000233965680239
-3.73424320432e-05
-6.39131523555e-05
-5.22271748616e-05
-1.85222230824e-05
4.07671442952e-05
-2.27036759967e-05
-1.3384953834e-05
-1.74999452499e-05
-1.60465562596e-05
-0.000178050686595
0.000142756579666
-2.86190454233e-05
0.0022461576947
0.000118635096182
-0.00236479279095
3.21334582432e-05
1.10667949053e-05
-4.32002530938e-05
-0.000454058598776
0.000289615806981
0.00016444279183
-0.000363203287218
0.000108746284204
0.000314656227626
-6.01992245915e-05
0.000934104099852
-0.000886099615721
-0.000814913781462
0.000766909297327
6.29495827088e-05
4.06034269615e-06
-0.00014958543403
8.257550866e-05
0.000329516370009
-0.00133682731226
0.000265923413613
0.000741387528527
0.000578688051595
0.000436848028374
-8.14319800743e-05
-0.000680724445566
-0.000815869481657
0.000438775025702
0.00105781890146
-0.000195217140203
-0.000638918258846
0.000327308975211
0.000506826423896
0.00141732467386
9.48869109411e-05
-5.69757400359e-05
-0.0014552358448
0.000463227893023
0.000343137969996
-0.000476849493053
-2.25856254046e-05
-0.000145524671441
3.92314234477e-05
0.000128878873425
0.000126189120591
-0.00115119151121
0.000104011745235
0.000920990645041
0.000101247566339
2.85614731562e-05
-6.68594567723e-05
0.000323715333287
-0.00153435352505
3.61938009642e-05
0.00130090064767
0.00126897238024
-0.000282795744393
-0.00113292268451
-0.000161104264507
-0.000560173206551
1.75277917337e-06
0.000496351897776
-0.00012299531791
7.06373376262e-05
-0.00011505550087
2.44128867649e-05
-2.60856145118e-05
3.71380875805e-06
0.0031309537395
-0.00375461519567
-0.000331229172557
0.000954890628719
2.49670632579e-05
7.99943118521e-05
2.67214031683e-05
-0.000101608737
0.000436121690535
0.000388745939914
-1.66625817555e-05
0.00027187482502
-0.000213106874032
0.00113810667078
-0.0011968746218
0.00340282856452
-0.000370030380301
0.000370030380296
0.000201124796522
-0.00039571301047
-0.000175442166356
0.000571155176817
0.000376055059517
0.000771768069974
7.89327203747e-05
-0.00189614100905
0.00181720828864
-7.66223110725e-05
-0.00124563246261
0.00132225477367
-0.000225799378538
-0.00142053786239
0.00164633724089
0.00016044795299
6.26235899483e-05
-0.000138431027213
-8.46405157371e-05
-3.32767016919e-05
0.000346276158198
-0.000115461524432
-0.000197537932054
-0.000243578062796
-0.000145531033354
0.000355832394411
0.000574534022931
1.69959228682e-05
-0.000245253787638
0.000139086813223
-0.000166431811221
0.000144537363626
-0.000117192365634
-2.34496556629e-05
8.59141578087e-05
0.000619172615117
3.42941281791e-05
-7.57811930386e-05
-0.000307022031223
0.000139225161421
-9.17216966152e-05
-4.48720979155e-05
6.08126014635e-05
0.000180124195095
-0.00011890488276
-0.000206750345697
-2.24532927504e-05
0.000165043666619
-3.06534170249e-05
-0.000111936956872
0.000476784617952
-0.000893045565809
-0.000163959627246
0.000580220575091
-0.000123602451994
-0.000144151426956
0.000152292354552
3.6655914479e-05
-3.73044847012e-05
-2.28010854416e-05
0.000665130541324
-0.000157705429857
-0.000490429188625
2.10815089054e-05
-8.69503234897e-05
-0.000100562996637
-0.00178556240231
-0.00110109509899
-0.000755109709372
0.000239218281474
0.000992676045825
0.000342711533966
-0.000204716873747
-0.000190109875808
0.00168127119438
0.000302999962461
-0.000154462214717
0.00192048947583
0.00103203257031
-0.00016768922829
-9.25752720498e-05
-0.00287187932916
0.00375461519573
6.61318257194e-06
-0.000889349049197
-0.000186254894318
4.12861924989e-05
-9.63576322468e-05
-6.88157531683e-05
-9.10471373738e-05
-2.67591628627e-05
-0.000116787905807
-0.000141016188956
-0.000193620896321
-8.31895417247e-07
-0.00081061325077
0.000852731338671
-0.00105857691684
0.00105857691682
0.00062670086892
0.000238562161202
-0.00192383994698
0.00168527778573
-0.00183077524875
-8.92491651024e-05
1.1356254442e-05
8.44351008538e-06
-5.73171777851e-05
2.13302713596e-05
2.19180285179e-05
-6.59709256029e-05
-7.95079211444e-06
-1.11346746306e-05
-3.24616277236e-05
2.02131125581e-05
1.9151864226e-05
6.01522557826e-05
1.74402142523e-05
1.95351990312e-05
6.65446926084e-05
1.46536159513e-05
1.63989514646e-05
-0.000101181425978
-2.92998676931e-05
-3.13663660342e-05
4.95697325716e-05
-3.43928471378e-05
-3.64384735487e-05
9.95954231572e-05
-1.58891074492e-05
-1.71003280146e-05
5.81972752396e-05
-2.14011574566e-05
-2.20244850566e-05
0.000100812340412
-1.63126305589e-05
-1.98572163078e-05
3.05411084137e-05
-2.16943540311e-05
-2.16860664479e-05
-6.33642080596e-05
-2.13318048251e-05
-2.25970637643e-05
-6.79843227535e-05
-1.92256200375e-05
-2.08669974838e-05
0.000151700730436
-1.88217938152e-05
-2.63499561604e-05
-0.000184367584714
-4.95980955283e-05
-4.16110050481e-05
0.000106501292841
-2.76121892064e-05
-7.88891036305e-05
-6.58776457746e-05
5.93268177644e-05
6.55082801168e-06
-1.44124408794e-05
3.84730781219e-05
-2.40606372414e-05
-0.000168695706661
-0.000243265115312
0.000411960821945
-0.000102786857008
1.5178647193e-05
8.76082098065e-05
-2.25283710256e-05
6.00440397735e-05
-3.75156687466e-05
-6.48408096799e-05
4.23124386513e-05
5.54808131514e-05
6.61295184321e-05
-0.000121610331586
0.000567020619851
-0.000622683139474
5.5662519566e-05
-5.00848536427e-05
0.000124139508966
-7.40546553287e-05
-0.000385072795318
0.000216377088694
0.000102752857014
3.7484358298e-06
-3.36221983079e-05
1.9209757429e-05
3.42627397847e-06
-0.00010621313099
-2.29722699428e-05
-5.95279318573e-05
8.25002017959e-05
0.000663917933577
-0.000405183509524
-0.000258734424019
0.000181957298379
0.000481960635236
0.000183470662626
-0.00012807933412
-5.53913284882e-05
0.00013045822589
5.3012436754e-05
0.000226984108149
-0.000120743400427
-0.000106240707715
9.89047740337e-05
0.000113886237968
-6.99629957873e-05
-4.39232421643e-05
8.2797062859e-05
3.10891751074e-05
-6.42907365122e-05
8.83402658794e-06
5.54567099243e-05
-0.000100335981274
6.86351872203e-05
3.17007940536e-05
8.28001192352e-05
0.00048422050059
0.000424413197945
-0.000602358793001
0.00017794559501
-3.74077190352e-05
-2.65703107699e-05
6.3978029805e-05
-0.00027785010993
0.000142471688173
0.000135378421749
0.000101630411915
-0.000103602872483
1.97246057612e-06
-0.000371368106855
0.000479815032062
-0.000108446925226
5.81799573916e-05
-8.11522273352e-05
-0.000444164362073
-0.000178518777414
1.33178221074e-06
-6.56225187227e-05
-5.09906827921e-05
-1.48869629819e-05
-0.000209610165095
-6.82399448174e-05
5.15918549778e-05
7.73496278553e-06
5.82030714438e-05
-0.000108287925084
0.000129035298965
-7.35544858185e-05
1.90122727509e-05
6.37847901003e-05
6.87397634805e-05
-4.97274907159e-05
-1.63199373926e-05
-0.000268029012895
0.000284348950332
0.000215739009721
-0.000232058947135
-4.20240447182e-05
0.000109491394691
-6.74673499227e-05
8.84341811796e-05
0.000129875846139
-0.000535059355639
0.000548442611268
-0.000418566765093
-0.000440276976227
0.000293032498078
0.000147244478091
-0.000329126530546
-0.000198837656921
0.000527964187488
-0.000188381598965
0.000644281057308
-0.000455899458267
-0.000496400933613
0.000228371920739
-0.000314443635219
0.000298670691533
-8.29316818398e-05
0.000177927291115
0.000885524446722
-0.000428045520333
-0.00045747892628
0.000127721968377
-1.82305736596e-05
5.77589725966e-05
9.14221014197e-05
-2.26823379333e-05
-0.000658486193731
0.0003293596632
-0.000247129374877
-0.000411356818846
0.000634286939753
-8.45053401958e-05
-0.000549781599562
0.000322562299
0.000151447562038
-0.000474009861122
-0.000117714677243
0.00035227124705
-0.000540652845961
0.000454923766605
-0.000161891268569
0.000292809321863
-0.000491646978743
0.000538945045348
0.000346579401417
0.000582862447228
5.14244925831e-05
0.000494183778623
-6.97705806998e-05
2.658129174e-05
-4.0155114495e-05
-6.01808667728e-05
2.62344736418e-05
6.31379480755e-05
-8.93724217138e-05
-0.000493631377737
0.000250366262374
-4.14191396127e-05
0.000107548658041
-7.56733639814e-05
3.82656449443e-05
-0.000445263961796
7.38958549185e-05
3.41644636327e-05
6.74659482822e-05
8.27203693515e-05
6.8403571982e-05
-9.60157611853e-05
0.000276351867812
-0.000133880179631
-7.55223931304e-05
-2.80804793465e-05
5.04673375476e-05
-7.70376483192e-05
-0.000593921299138
0.000285285825145
0.000308635473964
-1.1115668966e-05
7.9750856184e-05
-7.60639256213e-05
5.73401342703e-05
1.87237913459e-05
-6.43287020021e-07
-8.12869690939e-05
8.1930256124e-05
-0.000200318395784
0.000291434246689
-9.111585089e-05
0.000336303257475
0.000167895121268
-0.000504198378786
-7.96684734042e-05
0.000104499715543
-2.48312421335e-05
-0.000285958314915
-0.000307962984243
9.59888812029e-06
6.37369222595e-05
-7.33358103822e-05
-4.21566562038e-05
0.000464042314815
-0.000127739057378
7.66969781646e-05
-5.04625045215e-05
2.55965880738e-05
-8.51245199337e-05
-7.60334720277e-05
-0.000309039323308
7.61656801504e-05
2.65871768688e-05
-9.33740686076e-05
0.000108552715795
5.45667167167e-05
5.47732306342e-06
-3.61618310108e-05
9.46117554403e-05
-5.84499244337e-05
-3.891158321e-05
4.92131375952e-06
3.39902694516e-05
0.000679101079714
-0.000488363631436
-0.000190737448288
0.000497435356116
0.000181665723582
0.000337458824549
0.000142356207505
3.70404622617e-05
1.43261586149e-06
4.65743762938e-05
-8.27362073067e-05
-4.89093456347e-05
5.85082337543e-05
4.47463551126e-06
-8.41431089121e-05
-2.49679080837e-05
7.96156567236e-05
-5.4647748645e-05
6.83104714507e-05
-5.95116720416e-05
-8.79879940578e-06
-0.000519558673761
-9.81530568308e-05
7.01174915768e-05
2.80355652502e-05
4.40607988095e-05
-6.9028706896e-05
2.30112978166e-05
4.52991736355e-05
-3.94898318676e-05
-5.86632249655e-05
-2.57848606773e-05
-7.05812379066e-05
9.63660985848e-05
4.88817592403e-05
5.56179563052e-05
-0.000534427038192
0.000248468723244
-4.40910607143e-05
5.17947750432e-06
-2.87008845488e-05
9.80380294177e-05
0.000113671704226
-5.54686327795e-05
0.000113040886744
-0.00056247166552
0.00044943077873
9.31633545241e-05
3.58719444314e-05
-1.9037406588e-05
-0.000190572758509
-0.000356481443211
0.000637279799784
-0.000411493572916
-0.000225786226912
-0.000159978136668
0.000468161585555
-0.000355120698845
-3.01034230708e-05
0.000117379385437
-8.72759623693e-05
3.136309562e-05
-0.000107770002299
7.64069066703e-05
-8.19436115382e-05
0.000113306707157
-8.5694288948e-05
-2.79354651932e-05
0.000113629754142
-8.73243002157e-05
-4.70084865759e-05
0.000134332786803
-9.2940978004e-05
-5.51661935845e-05
0.000148107171599
-0.000100327318348
-6.57097184343e-05
0.000166037036793
-8.69041387341e-05
9.8664904134e-06
-8.35433944495e-05
-2.72134067277e-05
0.000110756801175
-0.000110307043142
-8.02292444972e-05
0.000190536287666
0.000110594971076
-1.95446968113e-05
-9.10502742608e-05
-0.000109520646303
2.59772518549e-05
-0.000529333152775
9.67985612079e-05
0.000432534591576
-0.000112047034611
-8.83227546789e-05
0.000119749262437
-3.14265077582e-05
0.00011827591649
-2.50191481688e-05
-9.3256768342e-05
-0.000188358735317
0.000119529970265
6.88287650743e-05
-0.000124472443812
-0.000102842950046
0.000227315393874
9.07246521683e-05
5.9967885713e-06
-9.67214407468e-05
-0.000322332928342
0.00055229907973
-0.000229966151347
-0.000159663207462
-9.78895258432e-06
0.000169452160047
-0.000423886437426
5.53619145269e-05
0.000368524522877
-0.000146533082218
-0.000143220096969
0.000289753179216
3.04698644062e-05
0.000170688308856
-0.00020115817326
-0.00019920924082
-1.99373287976e-05
0.000219146569608
1.22546097267e-05
-0.000211463850563
-1.94910580435e-05
-8.23098756048e-05
0.000101800933648
7.22983592021e-05
-8.99826079505e-05
1.76842487504e-05
-3.30638764752e-05
8.29145109318e-05
-4.9850634454e-05
-2.93584352387e-05
-0.000277898677829
0.00030725711305
4.62129608501e-05
-0.000133537261066
-0.000131828852717
-8.38296481258e-05
0.000215658500857
-0.000112907695676
-7.19679082102e-05
-0.000116390827089
8.3936806879e-05
-3.78629990329e-05
-4.60738078439e-05
5.43949099735e-05
-0.000147335887976
5.08729304038e-05
-0.000102272537983
8.27814799378e-05
-9.53844769766e-05
4.58260474477e-05
4.95584295325e-05
6.47206494967e-05
-0.000165047967842
0.000140406180983
-1.34158976871e-06
-0.000139064591232
-0.000166438115924
0.000147066357464
1.93717584782e-05
-0.000200068797522
-6.15631244762e-07
0.000141021812219
-0.000509926868799
0.000302641017746
0.000207285851044
0.00018722421363
-0.000153133229936
-3.40909836783e-05
0.000148974713427
3.82495002086e-05
-0.000100184384243
-0.000323702053195
0.000128003688414
1.73456578669e-05
-0.000145349346287
0.000155120444383
-3.4144126145e-05
-0.000120976318231
5.26956635791e-05
0.000102424780829
0.000302667777758
-5.88889550498e-05
-0.000243778822709
-8.48941443969e-05
8.40998101316e-05
7.94334261364e-07
-5.14090907805e-05
-4.39753861927e-05
-0.000438703921274
0.000271720888318
0.000166983032958
-4.27326032832e-05
5.81995460212e-05
-1.54669427468e-05
7.83216140808e-05
-0.000188628657215
-9.01595256511e-05
5.26538125054e-06
8.41317903422e-05
-9.63418573761e-06
-7.72699529999e-05
-0.000300325819185
-0.000288483336899
0.000588809156026
-2.23230790428e-05
-7.99494589398e-05
0.000133135530794
-7.12798897491e-05
-6.1855641045e-05
-0.000128902063067
5.55926068528e-05
7.33094562182e-05
-0.000270957976734
0.000293979437641
-2.30214609149e-05
3.13697468578e-05
-0.000119692501536
-0.000334000750229
-0.000104703171022
-0.000102964903949
8.0641824906e-05
-4.58848585907e-05
0.000441506229384
-0.000395621370727
6.30257659447e-05
7.01097648514e-05
0.000146963235742
-8.58702030583e-05
-6.10930326806e-05
-6.58762971203e-05
-1.18341134335e-05
6.51267962645e-05
-5.32926828364e-05
9.76834200314e-05
-0.000222155863837
-0.000418125583783
0.000204883160253
0.000213242423524
0.000164066251039
-0.000104424284901
-5.96419661348e-05
9.16371064098e-05
7.24291446364e-05
7.57069303843e-05
7.12563053584e-05
-0.000276188684148
-0.000233738184622
-1.79102800125e-05
-8.642902595e-05
0.000104339305962
-0.000169962762468
6.55384775807e-05
-0.000118565496782
-5.13972656841e-05
5.65126513435e-07
-9.20416353011e-05
1.89291373607e-05
7.31124979417e-05
-1.74634024901e-05
3.03116554961e-05
2.24568252339e-05
-5.27684807299e-05
-6.80793410603e-05
-2.39622942423e-05
-0.000175677470047
0.000524617893911
-0.000348940423812
3.17098010212e-05
8.807183925e-05
-6.27361973331e-05
-2.53356419148e-05
0.00022504750619
-0.000547380434529
0.000129002925529
-0.000191856183175
6.28532576526e-05
3.02288839072e-05
4.52376735156e-05
-7.54665574213e-05
0.000159110197538
0.000393188882194
-0.000171130602261
-0.000422182838153
0.000593313440418
1.9992498189e-05
8.31846466519e-05
-7.18283922052e-05
-9.56983155831e-05
7.98092081348e-05
-0.00012734261152
6.91138401886e-05
5.8228771333e-05
0.000933346015775
-0.000443607389948
-0.000489738625727
0.000252788786768
-0.000240534177045
-0.000188482512472
0.000168545183664
-8.63392845844e-05
2.70933491732e-05
5.92459354129e-05
-5.44817139857e-05
-3.18575705996e-05
5.37439053032e-05
5.95628018455e-05
1.75477642978e-05
6.83727546827e-05
-8.59205189745e-05
-0.000370222955245
5.27426489784e-05
-2.2430993483e-05
-0.000381392521689
-0.000118989604773
0.000500382126472
-4.33737393448e-05
-8.71184497391e-05
0.000130492189078
8.48352058998e-05
-5.77418567262e-05
-0.000181250668765
0.000182385770079
-1.1351013314e-06
2.84327969465e-05
0.000292633875956
1.34556168418e-06
2.20990085665e-05
0.000161435707265
-0.000542828228906
0.000136747807952
-8.30039026555e-05
0.000419710760213
-0.00053870036497
0.000223430351524
-6.55202374589e-05
0.00048523099769
2.17610724647e-05
-0.000149553822784
0.000180023687184
-0.000193330170036
1.20795012711e-05
-2.26418611878e-05
-9.56099029335e-05
0.00011580497925
-2.01950763106e-05
-0.000130528508349
0.000129912877096
1.47351981179e-05
-0.000146404695453
0.000498606541269
-0.000337170833984
-0.000148832828792
0.00015019036065
-1.35753184701e-06
6.09674239294e-06
-0.000165759949861
-0.000144723718099
-1.73868950152e-05
0.000162110613136
-0.000302014092125
0.000357376006648
8.72890595022e-05
-6.9741295202e-05
-1.95700956457e-05
-9.10992331053e-05
0.000110669328753
8.07418692914e-05
-0.000171538621018
8.77089729023e-05
-9.941020362e-05
5.58501602979e-05
4.68185990448e-05
-0.000102668759336
0.000124009508816
-2.3171431996e-05
-0.000100838076825
0.000138320999503
-1.03173110995e-05
6.04245526911e-05
4.86830375302e-05
-0.00010910759022
8.76592821665e-05
-4.32108211907e-05
0.000272955587794
0.000660390428042
0.000129115598588
-0.000275648680808
4.70287753649e-05
-8.48917743958e-05
9.21003088005e-05
-7.317117144e-05
8.94984175245e-05
1.12022077516e-05
-0.000100700625277
9.54952060955e-05
0.000103206157355
2.08033514555e-05
4.18137103222e-05
4.81789798539e-05
-8.99926901753e-05
1.60785295334e-05
0.000104462514458
-0.000120541043996
8.88424856878e-05
9.40050273028e-05
-0.000243791544436
-0.000251275919015
0.000495067463425
-0.000146586492785
-2.24633599532e-06
-8.80829191121e-05
0.000709803616189
-8.34470746505e-05
-4.63584447615e-06
-2.29746493473e-05
0.000106613441557
-8.36387922103e-05
0.000216511185868
0.000493292430366
-4.45229928355e-05
7.47518767432e-05
0.000101735095669
7.0348164327e-05
3.1386931345e-05
0.000343881418756
-0.000389766277346
-4.52682739032e-05
0.000101118434203
9.10248754321e-05
-0.000245249705566
0.000450132865818
-7.60302970912e-05
-1.96680184909e-05
6.60885064462e-05
-0.00013736839619
0.000107505479157
1.94637558893e-05
0.000113610447087
-0.000133074202979
3.41121127521e-05
-6.44246078961e-05
-0.000122973017428
9.43539720041e-05
0.00011602638001
-9.99478504821e-05
0.000101141031564
4.4070194702e-06
-0.00010554805104
-9.66773646819e-05
0.000174818365959
-5.52883956852e-05
1.96009954851e-05
-9.95504544265e-05
-8.91894358544e-05
0.000100391643609
-8.87282082952e-05
8.07774161801e-05
9.23184377442e-05
-0.000108631068302
-2.7889322062e-05
0.000178513355752
-0.00015062403368
0.000124800195886
-6.92075890272e-05
0.000312004857223
-0.000487682327267
5.64188945552e-05
-0.000174984391327
-3.91779531583e-05
7.32900659107e-05
0.000248429209759
0.000195903085269
-0.000363659908441
0.000167756823206
0.000940615688398
-0.000675859100526
-0.000264756587924
6.61390270718e-05
-0.000152009230127
0.000237093266209
-0.000480884810708
-0.000110076897491
-0.000336190068626
0.000446266966168
-0.000128729454786
0.000258502832319
-0.000558828651515
0.000143237210196
0.000361811401091
-0.000505048611285
-0.000164436217104
0.000136546895051
-0.000106738193288
0.000126201949177
-0.000508008851124
0.000442488613669
-7.78068532065e-06
6.70578900516e-05
-5.92772047268e-05
9.3550041341e-05
-0.000140558527921
0.000534212741794
-0.000535044637242
-0.000561249425643
0.000348142551584
0.000185421820086
0.00013591266285
-0.000118567004983
4.44836909521e-05
0.000134029664815
-0.000147372492225
2.13288752546e-06
7.10167006118e-05
-7.31495881346e-05
-1.55634336015e-05
-9.70461135568e-05
0.000112609547154
7.61543848717e-05
0.000527688523928
-0.000110956449412
0.000157776133484
0.00014179543683
0.000407559050242
0.000533056638237
-0.00016787394466
2.31502265694e-05
0.000774010444253
-0.000409754539434
-0.000364255904753
0.00026848291059
-0.000438478647056
0.000169995736437
0.000101073303778
-0.000156239497362
-1.34327719542e-05
-0.000151003445136
-0.000421655929878
0.000170380010862
0.000388529643797
0.000480518687801
-0.000383720126601
-0.00014737313393
-7.16232222207e-05
3.24452690608e-05
0.000100462946407
6.56968957639e-05
-7.34775810827e-05
0.000111152363592
-0.000176862082019
-1.44113710887e-05
0.000128021818174
0.000724871259179
-0.000317312208889
9.93139717913e-05
1.82705976935e-06
0.000506137841644
-4.40338630099e-05
-0.000462103978677
-0.000335967960595
-0.000454910822663
0.000790878783272
-0.000152940210585
0.000131340966649
2.15992439437e-05
8.91347708844e-06
8.27891973692e-05
-5.10884033068e-05
-4.04055368614e-05
-8.33085468907e-05
0.000123714083753
0.00013286993342
-7.29606215389e-05
-5.99093118879e-05
8.24007012692e-05
5.04692321456e-05
8.83916163298e-05
-0.000116327081524
0.000136757588698
9.42554035748e-05
0.000411882438084
0.000438042483676
1.17856696312e-05
-0.000121507547388
0.000109721877756
3.53004689519e-05
-5.77612014681e-05
2.24607325169e-05
-6.51776086548e-05
0.00042352693303
-0.000358349324398
1.49580884519e-05
-0.000104147524306
3.43754827823e-05
-0.000876194608233
0.000466440068849
0.000121501291759
6.78297832909e-05
0.000116248184088
-0.000442758292114
0.000377580683486
-9.36992980524e-05
-2.9273719377e-05
5.61478790482e-05
-0.000113113295516
9.69831854322e-05
-8.40224958816e-05
8.51867378969e-05
-7.67912870357e-05
8.35645844564e-05
-6.77329741823e-06
0.000125345643975
-0.00020557488847
0.000110738546736
-9.22171364956e-05
-1.852141024e-05
-1.28250666856e-05
7.72494429097e-05
-6.44243762233e-05
-0.000360903047182
-0.00012396713027
-2.89730803027e-05
-7.20963713108e-05
5.92713046286e-05
9.67536180976e-05
-0.000400275186126
0.000839050211875
0.000120049254213
-2.30660687785e-05
7.4465624392e-05
-0.000108466222823
0.000142677826
-0.000152466778585
0.000128116658658
-4.57159573914e-05
0.000581541976315
-0.000210184988816
-0.000371356987511
-3.17772833064e-05
-3.51288948493e-05
6.69061781564e-05
9.70307811881e-05
-6.90645402549e-05
-2.79662409116e-05
1.25738234235e-05
-9.14629270518e-05
0.000648987099302
-0.000417582349069
-0.000231404750229
0.000529988252092
0.000118998847193
-1.73348866424e-05
0.000581137006091
-0.000638112746154
-1.78099543215e-05
-7.0078968894e-05
8.78889232154e-05
-3.12321664722e-05
5.25624378324e-05
-1.78632055346e-05
-6.45955375566e-05
8.24587430944e-05
-9.46919904768e-05
-1.84213050376e-05
9.64089033653e-05
-4.02610243164e-05
-9.63671464215e-05
7.66991279293e-05
-1.86380116672e-05
-2.32546484806e-05
0.000348397025845
-3.74688067541e-05
-0.000310928219068
1.3325124014e-05
-0.000159911616789
0.000465488007498
-0.00037123260393
5.93862373764e-05
9.17526676394e-05
3.63639910205e-05
-0.000134504071709
0.000390684946784
-0.000256180875104
-9.50563737576e-05
-1.66506698942e-06
-0.000603062741023
0.000431932138809
0.000299232706975
4.91643188866e-05
5.31874224821e-05
0.000121630943474
2.74985571003e-06
-0.000445508147827
-0.000364771640924
5.77572941854e-05
-0.000225752844627
-0.000610299445145
2.45411786043e-05
0.000585758266396
-8.24054918776e-05
0.000318385265439
0.000147102742031
0.0006269620269
-4.58250208629e-05
-0.000108867062534
-1.26404848546e-05
0.000360615354427
7.9209871704e-05
-3.39721981866e-05
0.000334354545727
0.000196563394904
-0.000533734228872
0.000289022861322
3.14650576958e-05
-5.28662151516e-05
0.000104272671146
-8.93145826989e-05
0.000146816176871
2.50180604052e-07
8.71814330262e-05
-0.000527657976951
0.000440476543917
-2.24632608289e-05
-4.91599613989e-05
-0.000292766515061
0.000288474268018
0.000222967458188
-0.000511441726186
-2.28513264972e-05
-8.77501712904e-05
6.60779355159e-05
2.16722357761e-05
-0.000478514371731
0.000185747856654
0.000445238469386
1.83674200666e-05
-0.000115413533624
-0.000855186008762
0.000485037662938
0.000116396608633
-2.80049923025e-05
0.000190992376618
-3.8798761482e-05
-0.000152193615164
-0.000159187200454
3.52200701921e-05
3.13552494472e-05
0.000106629275532
-0.000137984524984
0.000147528893514
-0.000250371843554
-8.36967467378e-05
-2.9461874817e-05
4.60264478105e-05
-0.000342586441178
0.000342112510696
4.73930495308e-07
-1.51122383746e-05
-7.26379329136e-05
0.000107243151737
-0.000587626584595
0.000612167763108
-0.00031192245206
0.000749964935771
-4.8005080123e-05
1.8543205306e-05
0.000144321241401
-0.000124949482928
0.0001227557147
-0.00012929378291
6.5380682086e-06
-0.000119823639566
2.06576608911e-05
9.91659786891e-05
-7.22574064419e-06
0.000306458447629
-6.98883571971e-05
0.00073027878531
6.73030104067e-05
-0.000140263631932
5.2288054903e-05
-7.36198597279e-05
9.11139743201e-05
2.52826343128e-05
-5.35468630777e-05
7.09870773304e-05
4.05203224698e-05
2.61311787959e-05
-6.66515012648e-05
1.62959992528e-05
0.000128025242171
-0.000203584621949
-0.000143590009328
0.000347174631286
-7.46651044803e-05
-1.63336430153e-05
9.09987474927e-05
-0.000318890496023
-1.04080839351e-05
0.000329298579994
-1.21060717085e-05
-7.14953839292e-05
8.36014556344e-05
-0.000324709852231
0.000561803118418
8.48734154118e-05
-0.000107848064759
-1.91254183921e-05
-0.000339223906009
-2.8070971924e-05
-8.42850452252e-05
0.000104942706118
7.86196856063e-05
-4.61744165374e-05
0.000144666090671
-0.000322402562603
0.000303277144192
-9.51631034406e-05
0.00014835052592
3.42910147511e-05
-5.9500325705e-05
2.52093109557e-05
-7.52580295195e-05
-8.21298824556e-05
-0.000115458399851
0.000197588282299
2.2575204785e-06
6.87591801354e-05
-0.000369766586503
5.0876090493e-05
0.000133852082202
5.71402944152e-05
-9.79848368386e-05
2.33197323566e-05
-4.26635354356e-05
7.77713151877e-05
-6.31176992368e-05
0.00010111040362
-4.09785157887e-05
-6.01318878317e-05
0.000107390398303
7.17210962285e-06
-0.000114562507932
8.08940935494e-05
-4.98597898784e-05
-2.02253790024e-05
0.000103757215604
-8.35318366073e-05
5.4815783154e-06
-8.64780879349e-05
8.09965096249e-05
-2.30901723687e-05
0.000148847594326
0.000130985847198
-0.000169784608677
7.4343965058e-06
-0.000102490770266
-6.20660824406e-05
-4.0602676892e-05
-2.48067839234e-05
-0.000440161152061
0.00046496793601
0.000112625406157
-9.42579860866e-05
-0.000468627126889
0.000555808559879
-4.4947068079e-05
-0.000114240132366
0.000116240555111
-6.57713229618e-05
-2.14260581166e-05
-5.10082969293e-05
7.2434355045e-05
-0.000376992327145
-1.66482887842e-05
0.00010710554908
-9.04572602939e-05
0.000175616170296
-0.000118212633338
-5.74035369366e-05
7.79249115155e-06
-5.6209043269e-05
2.49768767985e-05
2.93592372504e-05
2.14151944522e-05
9.61689538806e-05
-0.000117584148333
8.11690826593e-05
-0.000101394461665
6.84130324995e-05
3.26973711154e-05
0.000187100324812
0.000185818752226
-5.1966670043e-05
-4.65561201125e-05
0.000415080642987
-6.9475796267e-05
9.87836649758e-05
-2.93078687053e-05
-2.7340985117e-05
9.57540176215e-05
-0.000111626030343
2.55232049465e-05
2.72194440324e-05
0.000200603861182
-0.000397630271445
0.000197026410254
-7.9854294938e-06
-6.41109418181e-05
-9.30798864826e-05
0.000114495080936
-1.68157541796e-05
-2.42719796331e-05
0.000109145395045
0.000130669102222
-2.51104706813e-05
-8.64848215418e-05
0.000111595292221
9.94479717344e-05
-7.57956382587e-05
-2.3652333474e-05
-7.49729211941e-05
-0.00025691646955
0.000113326460191
-1.83530607133e-05
0.000105580700432
-8.72276397227e-05
2.99721754691e-05
0.000109960408104
-0.000149233185265
3.92727771715e-05
0.000392310726467
-4.8429307695e-05
-9.31472478948e-05
6.91849536555e-05
-8.78037657767e-05
1.77247968848e-05
-2.2703777251e-05
-9.06268071548e-05
0.000113330584407
8.59196104306e-05
0.000147496945353
0.000380117920574
-0.000527614865981
-0.000155072415323
-1.53028683007e-05
-0.000109494557367
0.000125790556618
0.000115783663734
-2.46696894147e-05
-0.000582045168143
0.000371860179324
7.560884197e-05
-8.73455061362e-05
1.17366641696e-05
0.000583986057737
-0.000354497062212
-0.000229488995597
0.000478987890187
9.28882475503e-05
-8.74066692343e-05
-0.000176435459813
9.43055773432e-05
9.21612911168e-05
1.52758078088e-05
-0.000107437098925
-0.000129909625285
-0.000145461036645
-8.37737580498e-05
0.000229234794731
0.000114253225381
7.15655268298e-05
5.89680640864e-05
-6.69534935791e-05
8.85192834613e-05
1.91973454581e-05
5.85739697295e-05
-2.88876655164e-05
-6.4259582377e-05
-5.90652980539e-05
0.000273147320003
-0.000214082021912
-0.00059990157293
0.00017771873476
0.000333152489166
0.000111665454222
-0.000444817943375
9.55363270461e-05
-0.000210994726924
-0.00013756552929
0.000250335581447
-0.000575045433708
-0.00042292065275
0.000113801917774
0.000480649434517
-1.19862331878e-05
-0.000401799111058
-8.02709890025e-05
6.10453689651e-05
6.05335988373e-05
-0.000178746232167
0.000119048005408
-9.17442701347e-05
-2.73037352793e-05
6.09914850447e-05
-0.000169761165502
0.00010876968038
-2.62385849288e-05
5.77036426251e-05
-7.60456037659e-06
-8.29602900418e-05
9.05648504225e-05
0.000128157709426
-3.50619820536e-05
-9.30957273731e-05
-1.75151004113e-05
8.35930359264e-05
7.93773098645e-05
-9.61930640473e-05
0.000274085461336
-0.000333150759426
-1.21949238066e-05
4.19236998805e-05
0.000291618501078
0.000292367556672
-3.5673034724e-05
0.000166658881909
-0.000100251002935
7.73996764383e-05
-5.78112073838e-05
3.15726224552e-05
-2.73430102052e-05
-5.98212961528e-05
0.000261409634128
-0.000201588337993
-3.55172364604e-05
0.000104059537425
-6.85423009631e-05
6.56996923799e-05
-9.45873578942e-05
9.23269457306e-06
-0.000122327540665
0.000113094846084
-0.000102634568529
-3.49309607594e-05
-1.23852604353e-05
-8.67651976008e-05
9.91504580314e-05
-9.32662287696e-05
1.80507329835e-05
9.45746731723e-05
2.31751106186e-05
-9.22030910106e-07
0.000128947273085
7.07236853849e-05
-0.000583211885768
0.000512488200342
0.000599304459446
-0.000307685958418
-9.20292623438e-05
-2.0237094849e-05
0.000112266357196
9.43783159923e-05
0.000385750915554
0.000132092984393
-8.39221695726e-05
-4.81708148171e-05
-0.000197282011288
0.000515667276728
-0.000172921074819
0.000553038995374
-0.000587325402806
0.000414404327969
3.6477427487e-05
-1.73255632617e-05
1.5590444822e-05
-3.72765112701e-05
9.15916725347e-05
-1.2214362669e-05
-0.000145894145961
0.000128507250947
0.000120837418649
-6.39943267331e-05
-5.6843091903e-05
-7.44024965318e-05
-1.47449128438e-05
8.91474093653e-05
6.32664285169e-05
-0.000161995528195
0.000219135822596
0.000140680007607
-4.71299662571e-05
-0.000171071462165
5.31151229882e-06
8.18543572297e-05
-2.4140500491e-05
-5.61304885114e-05
5.62038792722e-05
6.46335393779e-05
-9.80837507944e-05
4.19934549847e-05
-0.000262083457775
0.000554451014423
-0.000125946954061
6.1952627327e-05
-0.00023918861537
-0.000508143864957
1.87841668623e-06
0.000506265448309
-7.52620393225e-05
5.45621293392e-05
-9.40327374264e-05
3.9470608075e-05
7.82633017109e-05
2.54939138906e-05
0.000149964560712
3.84524181321e-05
-0.000188416978835
0.000123166632275
-3.07224684856e-05
-9.24441637949e-05
-8.62436502399e-05
-9.75205834961e-05
8.9916023117e-05
-0.000273562517574
0.000263154433651
9.58628969926e-05
-6.90377105325e-05
0.000550998345774
-0.000114430208094
-0.000207972354498
0.00011644072929
-0.00015211376402
-3.84665449744e-05
-6.17696594449e-05
4.03231114203e-05
-0.000422269483947
-5.62448877957e-05
0.000236975660811
-0.000326539880332
8.95642195524e-05
-0.000221816824355
3.23779218598e-05
6.72572228789e-05
-9.96351447354e-05
-5.26993023051e-05
-7.32476517566e-05
-1.92445797455e-05
8.20561568228e-05
-0.000106303119713
2.42469628921e-05
0.000203940131025
-0.000142948646017
0.00011804003973
-0.000243110666354
0.000125070626604
5.30874959507e-05
-0.000493248647999
-0.000231419818418
0.000454387276627
4.17767841814e-05
-0.00013985437041
9.8077586235e-05
0.000101583034065
-0.000253583818952
0.000454187680102
-3.84904636715e-05
-5.25723368088e-05
9.10628004831e-05
0.000100202205372
4.04778022351e-05
-0.00011919243023
-0.000516601717394
1.24167902453e-05
0.000114335017102
1.14555395273e-05
-9.86707774719e-05
2.42682809407e-05
5.24245899744e-05
0.000254832523046
-0.000577181575473
0.000286139979702
0.0005517790735
-0.000139896635435
-0.000570501974231
-1.27099115077e-05
0.000159880443688
0.000165003391603
-0.000110891885224
-5.41115063759e-05
6.22676460084e-05
0.000267030933994
0.000175194348803
0.000269688171358
-0.00044488252018
-0.000145201884794
9.02543600169e-05
5.49475247808e-05
1.56628942709e-05
-8.58993407639e-05
7.02364464883e-05
2.13013220633e-05
-0.00032099728116
0.000373421871124
2.20488638231e-05
4.57980025235e-05
-0.000119852657857
-0.000358810067505
3.78127863307e-05
2.91473716607e-05
-0.000121001135658
9.1853764002e-05
-0.000220913705577
0.000253809635648
-3.28959300547e-05
-8.41095423061e-05
9.9772436569e-05
6.97266851157e-05
2.60273325051e-05
0.00010720324159
-8.97270908726e-05
-1.74761507186e-05
-8.51337984111e-05
-9.25759753725e-05
0.000177709773777
0.00014779597873
-8.94843156699e-05
0.0001451804783
-8.74133725497e-05
0.000372603241931
0.000226701217505
7.16345534866e-05
-3.96642746501e-05
-3.1970278835e-05
-0.000105012306927
0.000223052346646
-4.0101383813e-05
-1.76598176555e-05
9.80776142398e-05
0.000310461363383
-0.000174504867938
-0.000135956495472
-0.000162961266124
7.78274677064e-05
4.70962690885e-05
0.000129885764295
-8.8108980108e-05
0.000147574339308
-0.000255604908966
0.00010803056962
0.000592123062745
-8.12335405956e-05
-0.000113256456386
0.000194489996989
2.39352674106e-05
-9.97309056653e-05
7.97066224769e-05
0.000139429200094
0.000102377002819
6.14305073123e-05
-0.000163807510116
4.45827439382e-05
0.000120420647661
6.52262741368e-05
2.37947818003e-05
2.87676560325e-05
-9.64948027393e-05
0.000227615850338
0.000334187268029
-0.000344074869392
-7.36437877698e-05
-2.66072151678e-05
-5.88153339304e-05
0.000313647856963
0.000287607555446
-0.000208421625613
-0.000209820200404
2.47094310922e-05
5.34495602702e-05
-7.81589913612e-05
-0.000100562715961
-4.86704692948e-05
-0.000433962567688
0.000462291533906
-2.83289661926e-05
-3.03492888763e-05
8.95952242917e-05
-3.9273175118e-05
0.000139475380491
-5.70101314167e-05
-8.03582647657e-05
-0.000158717111909
-5.11030885498e-05
5.05362864126e-05
-0.000151099002367
-0.000189807470826
5.18732943674e-05
0.000137934176443
6.83705974144e-05
-4.31612864576e-05
-0.000257370979371
0.00017359722133
0.000112846723595
-8.36993519307e-05
0.000266447999076
4.40133642644e-05
3.47457077586e-05
9.51400565389e-05
0.000514321206188
-8.1786614596e-05
1.77530267056e-05
-5.78544105167e-05
-0.000124670235504
-6.51372353115e-05
-5.39727603186e-05
7.33567492574e-05
5.57676682795e-05
-8.76252388764e-05
-7.58123290676e-05
0.000393763842327
-0.000405360319317
1.15964769884e-05
7.50828529751e-05
3.55656067776e-05
-0.000104701718893
6.91361121192e-05
0.000175898286489
8.55113476124e-05
-5.62281216059e-05
-8.17737821093e-05
0.000138001903706
0.000105782569359
-0.000187016109952
9.11076546975e-05
-3.53399864181e-05
0.000178056091335
-2.80915306094e-05
-8.9318083994e-05
-0.000100950634093
-4.42512507035e-05
6.94925812428e-05
-9.56162889726e-05
2.61237077335e-05
-0.000250527529398
0.000100977205339
0.000233308311824
3.31396872361e-05
6.58660521663e-05
1.97631767279e-05
0.000158292914616
5.11969374236e-05
-0.000135119106993
0.000177018415757
3.70947571586e-05
3.9315762119e-05
-7.64105192754e-05
9.74352409375e-05
-3.35842917407e-05
-9.89477394431e-05
0.000132532031184
-9.68984362491e-05
-0.000109842085848
0.000202936408274
0.000351514606137
-0.000260403671929
0.000112406131824
-0.000163509220371
-0.000410873939163
-1.13955447956e-05
1.24812902707e-05
-0.000226563312224
0.000147374756947
-4.63975516077e-05
0.000402389187681
-0.000169089238132
-0.000233299949521
0.000431576628653
-8.6255427897e-05
8.0632799648e-05
-6.77004972948e-05
-0.000409928975827
0.000169629634158
0.000240299341689
-0.000279422461289
0.000396203495723
-0.000116781034406
0.000203591169422
5.02184662413e-05
0.000101063619977
-0.000126945535392
2.588191542e-05
-1.44832540312e-05
9.65610015433e-05
-8.20777475122e-05
0.000108101581823
-9.27302169948e-05
0.000110780949983
0.000124357889049
3.77527240837e-05
0.000363820387693
-0.000130512075911
-8.03882709959e-05
7.616500427e-06
-7.17274422431e-05
-7.10603540601e-07
0.000129657876634
5.51451515704e-05
9.35319192587e-05
4.08008675489e-05
-3.69763414282e-05
0.000145077923257
-9.8389078778e-05
-0.000317863989366
0.000198800393208
0.000119063596142
-8.60999354361e-05
-3.7815249722e-07
-6.34899650941e-06
-0.000132040450673
9.47487094012e-05
-2.10382482171e-05
-7.3710461184e-05
0.000141451297446
-4.095472651e-05
-8.026545537e-05
9.48811538307e-05
-1.46156984625e-05
0.000593892748884
-0.000343557167459
0.000122622530965
-2.15589109804e-05
0.000508423124288
-0.000333228775482
0.000156218455349
-0.000117603863129
0.000139203107081
-0.00029895122474
-9.44162510807e-05
9.87328365294e-05
-4.31658544535e-06
-0.000140148440056
0.000180670456455
-0.000323890553422
-3.18054788495e-05
-0.00038017684809
-0.000148363826228
4.74131921489e-05
0.00016291060166
0.000179911093361
-3.59706501848e-05
-0.000112393176049
-1.00734420021e-05
-8.74471414911e-05
7.69974859953e-05
1.60093730577e-05
8.89333330646e-05
0.000105891088752
-1.74096882723e-05
-8.46531516798e-05
0.000102062839954
2.17530583801e-05
8.73923366626e-05
9.72032366515e-06
0.000120905832043
-2.45953802535e-05
-9.63104517842e-05
0.000561369730627
-0.000559491313883
-3.64525399967e-05
-8.34001178665e-05
-2.77134825935e-05
-0.000105138811301
9.50653693013e-05
-9.29259531461e-05
-0.000410809388149
0.000503735341338
3.28307932075e-05
8.80750388418e-05
-0.000317034588233
0.000575845827257
-0.000258811238996
3.69733204054e-05
0.00018217324919
-2.7958392999e-06
9.27118624191e-05
-6.24104621559e-05
3.06331788494e-05
3.38289920728e-05
-9.61674656192e-05
6.23384735478e-05
0.000102822829658
-0.000230960022811
-0.000311868206068
-6.4115321924e-05
-4.05863969705e-05
0.000105991424233
0.000473888010894
-9.20748515361e-05
-1.3063959761e-05
-3.96435751706e-05
-7.8974357412e-05
2.79660604821e-05
-3.63038550285e-05
6.00986368296e-05
1.68196199551e-05
0.000105802911012
0.00015440364768
-0.000109820903741
-6.21822344332e-05
-8.65454670437e-05
4.80550033753e-05
-1.56889720443e-05
0.000110263645215
4.36467773104e-05
3.77096409575e-05
-8.13564182675e-05
8.16319310407e-05
-8.5079925543e-06
-7.3123938483e-05
8.07415344687e-05
1.80510206862e-05
0.000245103412977
-8.00460060298e-05
0.000539927599216
-0.000486840103217
-5.97770119537e-05
6.07583658214e-05
0.000485992239999
6.13721142514e-06
4.54546435531e-05
0.000114692211868
-3.35089923368e-05
0.00010300157358
-4.14350331606e-05
0.000161855680824
0.00011742730625
0.0001134479952
-1.70920778304e-05
-9.63559173673e-05
0.000169121520359
0.000282451686667
-0.000157381060095
0.000113371500783
-9.65518808239e-05
0.000454306741141
-0.000113214156695
-0.000341092584404
6.25644771306e-05
-4.48114504252e-05
5.72315945232e-05
-9.25715809383e-05
8.88526149474e-05
0.000337362033531
0.000689770011609
0.000372041982875
-1.19304405652e-05
0.000179790155243
-0.000167859714652
0.00013323757323
-2.66082977022e-05
-0.000101288355973
7.46811408054e-05
9.69205751089e-05
-8.96684950489e-05
-8.33290084814e-06
-0.000334253540314
-0.000191837190341
0.000103414728408
-0.000139385378586
-4.54463633466e-05
0.000160138575206
-0.000309703916685
0.000371971562715
0.00013735036341
-7.00690962427e-06
7.07438318857e-05
0.000210084976029
-0.000262753185483
5.26682094679e-05
1.19208637901e-05
-0.000117138271495
0.000109342186437
7.79608506778e-06
-5.28234332831e-06
-0.000247543699966
0.000252826043318
-0.000512660989903
-8.51113276961e-05
-9.88607739404e-07
6.14747606107e-05
5.58312944234e-06
0.000300661662412
-0.000192631092815
-0.000564977883869
6.8655688781e-05
-0.0001504294709
-3.89358710976e-05
8.32543152344e-06
0.000136340659154
-3.66523789472e-05
7.5968141067e-05
-8.31443775316e-05
6.65636270857e-05
3.87091285239e-05
4.20324059466e-05
-0.000122906909382
0.000174780203744
-9.52678540049e-05
8.31617823039e-05
-2.31450056652e-05
-7.21228483361e-05
-4.99219540046e-05
9.94803835389e-05
-8.00966860912e-06
-2.92948160902e-05
-8.14778645916e-05
0.000120709288067
1.99756018637e-05
1.95361402018e-05
-0.000134009721494
-1.13353604764e-05
-2.29768375895e-05
8.2260242036e-05
-5.92834044442e-05
7.19816440496e-05
4.64371366195e-05
-0.000118418780663
9.72641819404e-05
-0.000100060021235
-0.000214048517606
-7.78914238975e-06
0.000221837660017
-4.48007478658e-05
-1.30536626514e-05
9.20194352877e-05
-5.82431114838e-05
-3.37763238011e-05
5.88768295289e-05
-9.78127006242e-05
-0.000109484539808
0.000149248175712
0.000304939504378
0.000391140885725
-0.000215074237699
-0.000176066647994
-0.00010525246196
-2.2542835195e-05
-4.47012657551e-05
6.72441009516e-05
-0.000110147789898
0.00013686919308
2.8479308604e-06
0.000137688522781
-0.000195092059711
0.000100307541025
0.000235507342821
0.000245142091696
-0.00026954126846
-0.000110747190307
0.000111725644296
-9.78453983478e-07
7.55281333072e-05
2.1032868238e-05
-5.37389664735e-05
6.02897944868e-05
3.52381183182e-05
-5.2897935973e-05
0.000202095323225
0.000161725064457
0.000539367928494
-0.000146179046286
-0.000120200314091
6.75010117834e-05
3.10348439093e-05
0.000114043079349
-5.78888105568e-05
1.30880626911e-05
-1.54748512352e-05
2.91348500249e-05
0.000103397181155
5.09381688939e-05
-0.000116080310279
6.51421413851e-05
-3.31256020603e-05
-5.34198649826e-05
1.11365043738e-05
8.17517431797e-05
8.8391363846e-05
1.03414726854e-05
9.95278682208e-05
0.000165522872927
6.37119218156e-05
-4.13368775053e-05
0.000174884279852
0.000239809816774
-2.97248407316e-05
7.46250214174e-05
-0.000118591497548
-1.93930274402e-05
-9.17232546797e-05
-0.000105691399896
0.000101411993111
-4.25351635844e-05
-2.32058323439e-05
3.60200933895e-05
-0.000407252697316
0.000207200001212
3.26299028043e-05
-1.40500386806e-06
9.348840735e-05
-0.000146587436392
-0.000273959523148
0.000420546959507
5.42877739086e-05
-7.72646114972e-05
-2.04789558457e-05
-0.00018848161492
0.00020896057078
-4.41852086176e-05
-3.22253106566e-05
3.94470984807e-05
0.000156703671483
-0.000109290479327
4.00216419354e-05
0.000103731267434
7.99437686448e-06
-0.00012740221711
0.000116066856635
-3.24740147885e-05
-6.31422741834e-05
-2.0228821583e-05
0.000287259755591
3.42234317109e-05
9.53667517796e-05
-0.000129590183483
8.64653474296e-05
-0.000128197544987
4.17321975679e-05
5.45352272737e-06
-6.262254252e-05
1.78110920957e-05
7.35872458679e-07
7.0007959428e-05
-0.000193388028934
-6.93651565336e-05
-0.000106006363432
8.89142856024e-05
0.000219330860934
-9.71333993797e-05
2.34229381953e-05
-8.18823572168e-05
9.28096260548e-05
-6.40604359097e-05
-2.87491901418e-05
2.50040052334e-05
-0.000121314457016
3.498217454e-05
3.45665145725e-05
0.00022738405064
-0.000174715841156
9.7061705346e-05
-2.32920066799e-05
0.000251445809983
0.000139695075756
-7.27417086233e-05
0.00045758131387
0.000137638160124
3.72966711876e-05
-3.14162870416e-06
-0.000111562588763
-1.58396283409e-05
0.000126165195259
-3.96998478243e-05
-0.000160687745005
-0.000225852964464
0.000311364312056
1.66889103691e-05
-0.000113044827735
3.84645711153e-05
0.000118110922194
-8.00747671141e-05
-3.80361550766e-05
6.25649369572e-05
-1.09017634562e-06
0.00018731494999
9.56648907471e-05
-0.000104978451047
9.31356030171e-06
2.7576615175e-05
-9.33869094202e-05
-6.73593807659e-05
2.26581150132e-05
-1.75303624115e-05
6.69032992185e-05
-0.000128758940263
-0.000103108974166
0.000102130520187
4.87492818363e-05
-8.18748838964e-05
-0.000106821222404
6.62348254339e-05
0.000143950751715
-1.54435007614e-05
3.26071364311e-05
-7.67923450465e-05
-0.000123696002536
7.00199152464e-05
5.36760872876e-05
7.79943804414e-05
-8.21390341099e-05
-1.75918715537e-05
6.07840273803e-05
-0.000103319190963
3.8177157199e-05
-0.000150570333235
-0.000247857900124
-0.000398099178171
1.73888341109e-05
8.57646443322e-05
-4.57016220944e-05
4.45072149058e-05
2.75955136364e-05
-7.21027285372e-05
2.73823703999e-05
3.98617305533e-05
1.71774345054e-06
0.000426251117486
0.000124747228301
-0.000519320864394
-1.68032557335e-05
-8.68411092222e-05
0.00010364436495
-3.36742044238e-05
-7.18986053335e-05
0.000105572809759
7.18895853067e-05
0.00013334517058
-4.89614417154e-05
0.000120943085771
0.000120958084141
0.000227114257589
-8.71961887821e-05
-3.46312635617e-05
-4.08352938583e-05
-5.17515991306e-05
4.99465193376e-06
-0.000108103626093
-3.84146515099e-05
0.000107550763628
-5.72685590073e-05
0.000502507028422
7.58965357974e-05
-6.88194594882e-05
0.000115256596106
-0.000104586178247
-6.44896178159e-05
8.76649564683e-05
-2.31753386502e-05
-4.9534479829e-05
0.000335504411041
-0.000299484317631
2.33993054007e-05
0.000156406256277
-3.20483672252e-05
-8.51050065066e-05
7.58387541687e-05
-5.11757305134e-05
0.000127014484685
9.36213326844e-05
-8.01280065127e-06
-8.84820020951e-05
-0.000162933885697
-0.000212598951896
-5.83755881992e-05
0.00012527888742
4.36389884589e-05
-0.000112458447945
2.91661215656e-05
6.09053353077e-05
-0.000145179088645
8.42737533377e-05
-4.60371950236e-05
-0.000122510587804
-6.99689992104e-05
9.3368304615e-05
8.14819217452e-05
6.99357049585e-05
-0.000151417626705
6.33786190483e-05
0.000437003507463
3.33337331023e-05
0.000128521947718
0.00025032483473
-0.000280049675454
-0.000131694391824
8.05186613128e-05
0.000109873813891
-9.05266985605e-05
-8.14407891198e-06
-0.000104625546646
6.30648006659e-05
-0.000109101995687
-6.3896719168e-05
6.07145704283e-05
3.18214873909e-06
-9.60517035783e-05
0.000209378163766
-4.91968314102e-05
0.000129118211067
7.43283513145e-05
4.09282447925e-05
-7.82768823899e-05
0.000139182217697
7.24093001007e-05
9.78329430913e-05
7.14591623812e-05
-5.89157663265e-05
-2.82804224537e-05
-4.04814037213e-05
-5.20901772152e-05
5.83849356054e-05
-0.000136661817995
-2.11837985996e-05
-8.83007412042e-05
-0.000458463300775
0.000411512749485
4.69505512622e-05
0.000260418699701
-8.68214783691e-05
0.000365689036324
-0.000114243226319
-4.98493964507e-05
0.000166446433873
-0.000116597037413
-4.36710101789e-05
8.49167923717e-05
0.000230171067572
-0.000164944793417
-4.3093757369e-05
0.000117422108686
8.87601966433e-05
2.28350955757e-05
0.000117735679424
-0.000146160153368
-2.36244553131e-05
8.72595004545e-05
-4.83725072046e-05
0.000186306683658
6.65385661113e-05
-0.000583140283519
-0.000116258989201
5.94158972991e-05
0.000112387407171
5.31075390357e-05
0.000575539650183
-7.30990607489e-05
0.000154580982501
-7.52433836872e-05
-0.000219782546568
0.000308938673685
-8.91561270918e-05
-0.000422918073368
-4.93936472778e-05
-5.51913064988e-05
-4.81278844618e-05
0.000165180221693
-6.88730706956e-06
5.30965595032e-05
-7.64191595069e-06
-0.000123870671552
7.78493284034e-05
-5.71590966714e-05
-5.19428990133e-05
-2.61364750789e-05
-0.000124433858154
0.000119774614938
-3.16995760917e-05
0.000162642756949
5.11964802e-05
0.000255190528313
9.55536477366e-06
-0.00010763911557
-0.000113879190139
-2.55061884414e-05
-4.95482886703e-05
-8.42189344196e-05
7.41249113297e-05
-0.000112161066406
-0.000196095551142
0.000188306408761
-4.94446135246e-05
-8.45995235746e-05
0.000162214335721
-7.76148121368e-05
-0.000368815792833
0.000595517010305
-8.89690003996e-05
-8.55041603915e-05
0.0001744731608
-0.000110785145415
6.71141352356e-05
-0.000330494350549
0.000110711803995
-0.000170098031449
2.80852818033e-05
0.000142012749637
3.60078257035e-05
7.63795814688e-05
0.000221642190117
-5.40912248051e-05
6.26294201621e-05
-8.5381953561e-06
7.03641316473e-05
-0.000184332464453
9.53634640644e-05
6.25824959423e-05
-0.000170103683964
7.45296274309e-05
5.39798195827e-05
0.000346034848748
-6.24323138788e-05
8.34108907432e-06
7.14596941152e-05
0.000141070862817
-0.000212530556916
8.9115274975e-05
0.000500762781825
-0.000199413989746
-1.31849621673e-05
1.30949403349e-05
-4.42890770401e-05
-5.35236235815e-05
-0.000163465314314
-0.000222055850941
7.55811693058e-05
-7.87227980073e-05
0.000105286981133
-5.40905009307e-05
-0.000105202535048
3.66602340853e-05
0.000233399674512
-0.000379804369958
-0.000119761552623
0.000299672645982
-4.28593684498e-05
0.000136925932662
-3.05917633517e-05
0.000142062765913
-0.00010344195294
-2.10609810274e-06
-0.000140015665211
0.000140635686312
-1.06300786715e-05
-0.000130005607643
2.20441887613e-05
-0.000130092366685
7.69736522972e-05
-6.93571518682e-05
-8.74489970972e-05
7.89410045451e-05
0.000113099577841
-5.07284560478e-05
0.000164749271609
-0.000513689695389
-5.43145341671e-05
6.74094745024e-05
1.30168003164e-05
6.73091531612e-05
-7.52303595785e-05
-4.71625211511e-05
0.000150761039358
3.38304968241e-05
0.000188007163211
-0.000133121499739
1.25492760744e-05
7.64100100345e-05
-7.41524895529e-05
2.69184192626e-05
-0.000151352277414
-0.000190799274773
2.28041218152e-05
-7.22487353392e-05
0.00012657009096
-0.000210685390437
-0.000544323461365
0.000314357310068
-3.09242243243e-05
0.000129677008269
-0.0001204443137
-0.00011461125916
7.81587191641e-05
-0.00020392412047
0.000121319681574
8.26044388954e-05
-6.20399251211e-05
0.000227562798042
7.38765592043e-05
2.83925737603e-05
-0.000587883887584
0.000275088474516
0.000123363478742
0.000342641508962
-0.000161971052531
1.29946189952e-05
0.000239894535053
-0.000538845759734
2.78113477306e-06
-9.76745393245e-05
0.000224874591397
-1.54799288017e-05
-0.000124535736405
-3.67528608735e-05
2.78950643137e-05
-7.70918957238e-05
0.000107430063244
0.000318331636124
-0.000127233838282
-0.000191097797851
0.000156607229517
9.02729754719e-05
0.000104025700471
-0.000194298675941
1.7861185833e-05
0.000112442825722
7.2978994367e-05
0.000227262064294
-0.000155802370163
0.000113624413563
7.05102068777e-05
-0.000104019199214
-4.35411350064e-05
-8.8499315679e-05
0.000116945994838
0.000106106351802
-0.000110883686102
0.000201156661579
0.000344885804452
3.6722091032e-05
-0.000122977518929
-0.000596169295331
-6.81015758247e-05
0.000173884145186
7.05285816743e-06
0.000384178124729
-0.000170935701202
0.000129411744543
-6.30821165563e-06
-0.000123103532876
-4.2164568896e-05
-7.80357451921e-05
-0.00017790970839
1.0049993747e-05
2.71846400812e-05
0.000123576399277
4.91441580738e-05
-0.00019651665029
8.77948924901e-05
-0.000121594199421
-7.33341246972e-07
0.000113931815744
-0.000380167239404
0.000249655163474
-8.0306763979e-05
-5.43875495051e-05
1.42867975606e-06
0.000110283980828
-0.000205774687728
0.000157402180538
0.000109884384907
-0.000111217778213
7.77582527291e-06
-4.09777658858e-06
0.000115690622665
6.22877886463e-06
-0.000121919401529
0.00010455145911
1.16967249766e-05
4.00428968524e-05
-0.000381721151909
4.85703925018e-05
4.29052758827e-05
-7.99185981893e-05
8.13472779491e-05
0.000131074392371
-1.16151527892e-06
0.000112791720718
-0.00011909993237
9.39416298074e-05
0.000154740854865
-0.000248682484644
8.65765054004e-05
-0.000279964534313
0.000451908262872
0.000153479389174
0.000128972297482
-9.15149256082e-05
0.000106790733417
0.000100670207211
-0.000213926663582
-0.000477609750467
0.000420341191482
0.000239573517152
0.000144429291678
-0.00025847471696
0.000114045425299
-7.55973047624e-05
-0.000103148927399
0.000120786097584
0.000131688910269
-0.000473026378618
0.000326438942189
0.00036570687002
-0.000109978411562
-0.000255728458451
-8.87976921954e-05
-7.50098179144e-05
1.45946887163e-05
-0.000139130425116
0.000105544884565
0.000120504936238
-4.4380795974e-06
0.000153694030574
-1.10162045761e-05
0.000177778561054
-4.37559927234e-05
-0.000177981303302
-9.56716048246e-05
0.000240100896517
7.62124724467e-06
-1.61605509387e-05
-0.000340909217222
0.000150109942462
-0.000126941252873
-0.000134834282503
0.000149381902331
-1.45476198464e-05
0.000214688040901
3.8138002434e-05
0.000198378774575
2.93663936007e-05
7.62064161581e-05
9.33485039067e-05
-0.00047352535195
-3.79304576944e-05
0.000114310039163
-0.000153594267223
-0.000164384600207
3.67523084726e-05
7.94916509927e-05
0.000219993363169
0.000110621518217
0.000102349615379
0.000222879956332
-9.31178071616e-05
0.000325923311952
-0.000281909947714
0.000212851167611
-0.000103568453335
0.000130069575258
-2.66231925004e-05
-0.000434837717593
0.000182358831182
0.000252478886387
0.000222207072188
-8.02967506852e-05
-0.0001021915372
-0.000307737438619
0.000362081616565
-0.000163281223356
0.000134983127311
-7.34465773745e-05
-0.00012164548233
0.000218694604981
-0.000124752975163
0.00046205323923
-0.000646983714963
0.000184930475792
-0.000115950656621
6.66631910323e-06
0.000109284337514
-0.000121594911125
-0.00025237357754
-4.87579774176e-05
1.63544282213e-05
-0.000531330664775
0.000385151618477
-0.000126279761366
5.78206390263e-05
6.8459122342e-05
3.89024357248e-05
1.28650196382e-05
-0.000183806805319
-3.82490456333e-05
0.00018479701546
-0.000171931995816
0.000304428926312
-0.000505991223827
0.000201562297589
0.000231826690373
-0.000370712883134
-2.7386294986e-05
0.000304312870306
-9.14617027027e-05
3.16138590585e-05
7.82705258488e-05
-0.000241317360266
6.66015191268e-05
-0.00013159045947
0.000214194898377
-5.42439274577e-05
2.38160239727e-05
-7.43167751443e-05
-1.67303622303e-05
0.000167350528724
-0.000198356402508
3.10058737989e-05
0.000141227719431
-4.04761582963e-05
-0.000163386398834
0.000247692723074
-0.000162715841447
-8.49768816433e-05
-2.1772947014e-05
-4.70874142904e-05
8.43945272737e-05
-1.28550391214e-05
0.000143280602312
-1.12762716759e-05
-0.000151027930128
2.57320141322e-05
0.000350518026676
8.93255639667e-05
-0.000439843590666
0.00011873321923
8.01613213465e-05
0.000114957281416
-0.000424521967886
2.89005972147e-05
7.02118996046e-05
-0.000102685914391
6.45962015314e-05
0.000222663554072
3.07610646555e-05
-5.30433283093e-05
0.000510624642161
-0.00015380836836
1.21831755902e-05
-0.000419435872915
8.43196909175e-05
-0.00053285555016
0.00044853585922
-8.67036300482e-06
-8.7687269244e-05
-1.78783741197e-05
0.000104047534406
9.56690923603e-05
9.00867509803e-06
-0.000104677767461
-0.000237935768876
0.000487590932337
-0.000464531866081
0.000226596097197
0.000276532909242
-0.000109425005969
0.00037467985945
-0.000265254853517
7.22659236249e-05
-0.00043240428061
0.000561522491715
-3.56791575684e-05
-2.60905018759e-05
8.4810183852e-05
-0.000117340317658
0.000314366727893
-0.000265740527581
0.000444624754735
-8.93676664129e-05
3.30996441154e-06
8.6057701997e-05
-3.42262468132e-05
6.03242137825e-05
-2.60979669578e-05
8.57360581768e-05
-0.000169252730308
8.34907402471e-05
-0.000239293110384
-8.14000017493e-05
-0.000391334953693
1.74447634329e-05
-0.000108959689039
-0.000374096488106
2.45459823919e-05
6.05340475915e-05
0.000106556859819
0.000118908778693
-3.94171276987e-05
-0.000216973354713
7.10371794742e-05
-3.05168570034e-05
0.000107820275217
0.000128410540342
-0.000184392338237
0.000406599410411
3.67125118045e-05
-0.000199784510568
0.000163071998789
0.000103311212278
0.000111902384486
-0.000145248027606
0.00021184954674
0.000248518537742
-5.90253231747e-05
8.28413471475e-05
0.000114214375861
0.000298786423785
-0.000129156789639
7.22231115661e-05
0.000439267917812
0.000130352405414
0.000174983976713
-0.000275282188292
0.000100298211608
7.55540830437e-05
-7.34945159879e-05
0.00037843402033
-0.000112225482448
2.53843732244e-05
-2.96826210693e-06
0.000312924996672
-0.000427168222967
9.83448580514e-05
5.11982986397e-05
-0.000140516382627
5.55764025945e-06
0.000219316951152
-0.000161824259315
7.30265671222e-05
3.98233057604e-05
-4.74652217114e-05
-0.000108632224833
1.89051339607e-05
4.3702084688e-05
0.000430185926209
0.000293683203001
-7.72126329681e-05
0.000112159671383
-0.000461076299854
-0.000561438911305
1.01116254502e-05
0.000551327285825
0.000208976122511
-0.000383480990468
-1.71672412249e-05
-9.50582412258e-05
0.000319786729851
0.000115180994755
-7.84589037202e-05
0.000240872211872
-8.61475302791e-05
-9.20112150349e-05
0.000178158745313
0.00027423708364
0.000234186040635
0.000388479079727
6.65520531432e-05
0.000185447547295
-0.000250217674858
6.47701275902e-05
1.22833144056e-05
-0.000100765316501
-0.000219516980278
9.47640051296e-05
0.000111935307262
-0.000527474247101
-3.3964664229e-05
0.000187551206449
0.000294155426501
-0.000347873845253
5.37184186947e-05
-9.56970971861e-05
0.000154075676511
-2.37232711771e-05
7.99340815532e-05
-9.65823703441e-05
-0.000220663776528
0.000214029278801
0.000216880212522
-0.000430909491345
0.00023707981826
-0.000158991960896
-0.000200023526421
0.000425883255489
0.000149656394664
-3.38072996079e-05
3.05601750574e-05
0.000150078156525
-4.35212966963e-05
0.000108448735001
-0.000691589018479
-4.63128932004e-05
3.34578540798e-05
8.77366149048e-05
-0.000193814560513
-0.000449920803102
-8.63058913533e-05
0.000108058949733
-0.000197242787088
-9.79563407724e-05
-5.24731301359e-05
-8.92268859363e-05
-0.000429731965235
4.3193507276e-05
-0.000131302487381
0.000222160059105
9.26132837367e-05
1.81676662471e-05
0.000337598737563
-0.000110484479957
9.3917239917e-05
1.63464053023e-05
0.000118846773067
0.000129294226866
-0.000248140999906
-0.000258912822167
-0.000180532220498
1.78163790536e-05
-2.75541207812e-05
-9.98632902982e-05
-8.11454175027e-05
7.49982814408e-05
-4.72230519587e-06
0.000112112703494
0.000102478781959
-5.5626638183e-05
-0.000183666472176
-0.0004642087961
0.000362017258928
-0.000117812512946
0.000502964131411
0.00034289961602
-0.000460712128997
2.88459432714e-05
0.000289315706614
8.41061644879e-05
-7.40876444065e-05
-0.000191762830371
-8.02168018399e-06
0.000110838502724
-9.13023625202e-05
-5.72302661993e-05
3.47103920278e-05
8.41983866651e-05
-4.76677370952e-05
-2.59521226325e-05
8.709403837e-05
-9.31918838295e-05
6.09784545345e-06
-0.000278905141515
9.03154022043e-05
-0.000109740900988
1.94254987836e-05
0.000399171790178
0.000101590991613
-0.000107768610002
0.000132639887256
1.35198590082e-05
-0.000109216956193
0.000184590079304
-0.000355525780496
-3.23265100882e-05
-9.46147427878e-05
0.000184004470342
-0.000111666783483
2.94259266978e-05
8.22408567862e-05
-0.000108193631311
6.6029062405e-05
-0.000139300474107
-9.12851389303e-05
-0.000114979728603
4.91629836232e-05
6.58167449807e-05
-1.56854890242e-05
-5.09622414544e-06
-7.29167773084e-05
9.95039541834e-05
0.000193108846715
0.000161121090696
3.33962576346e-05
8.09137815271e-05
-0.000270638374384
0.000509553006668
-0.000596966379155
-4.14729780024e-06
-9.11874614e-05
0.000303183475162
-0.000357427402635
-7.97840116517e-05
0.000127250830676
7.65362568948e-05
-0.00021901303701
0.000101615081949
-2.16810003964e-05
0.000209302249898
8.25040385797e-05
-0.000390241477227
3.14816428262e-05
5.42255394224e-05
6.4254272054e-05
-9.48454889189e-05
3.0591216869e-05
-1.70670644405e-05
-6.98832590509e-05
8.16690121943e-05
-8.20511396082e-05
6.98562158032e-05
-0.000355519843588
0.000264058140871
-0.000588684340826
0.000156280060252
-2.55652275107e-05
-0.000250025765029
0.000120868975369
-8.00947196048e-05
-8.47341520575e-05
6.10108808469e-05
0.000110227432239
-6.37713448392e-05
-0.000167521726467
0.000109220536166
6.48520655763e-05
0.000225186722821
-3.01589547923e-05
-0.000108452380156
-0.000150681515369
6.10130203276e-05
0.000129520564803
-1.53061889314e-05
2.77255556124e-05
-0.000330758448664
0.000290282290384
-5.48562865247e-05
-7.14234748368e-05
0.000488266362431
-0.000464719767939
0.00035174809076
-0.000208467488472
5.88228913619e-05
9.12552651696e-05
0.000283497726917
0.000115624173555
0.000187363490552
-0.000140972445819
-8.01041887379e-05
-0.000121553396027
-0.000161348390921
-0.000278320628633
8.28127356694e-05
-8.65561252747e-05
1.72524568123e-05
-0.000121423750287
0.000652632876417
-0.000140727722238
9.72064255406e-05
9.48833197412e-06
-0.000100948226311
9.14598943303e-05
-6.48958743911e-06
0.000288640988071
-0.000138531045595
1.84717356475e-05
0.000245918292313
-6.62747499647e-06
9.55608080642e-05
-0.000157167749413
8.30801050124e-05
0.000119388257779
-5.42162385508e-05
0.000113632135854
0.000369688808468
-0.000250955589258
-7.76549482434e-05
0.000404243703069
0.000108176959611
-8.61280957883e-05
-3.84316423364e-05
-9.94437050589e-05
-6.69177730278e-05
-0.00051415471335
-9.16775357646e-05
0.000109845202013
0.000252103204981
-0.000273611804191
-0.000210430122704
5.94025903014e-05
-6.79424173516e-05
1.39696570348e-05
9.76489047973e-05
0.000274072377494
-1.86577406126e-05
-9.10831603754e-05
2.65141866391e-05
-0.000161221319996
-0.000106983622649
3.96836371676e-05
6.72999854828e-05
-1.22963810848e-05
0.000490585158905
1.40527363441e-05
-8.55481202695e-05
-5.05633448395e-05
-3.86228304424e-05
-0.000126155009836
-0.000318727510359
-5.87758493294e-05
-0.000118094773581
6.23898552727e-05
5.5704918312e-05
1.91609669607e-05
0.000377110599094
-0.000309498040332
-7.62869671736e-05
-9.1518847864e-05
-2.88253377528e-05
0.000113825178916
0.000103994043219
-0.000127133015857
0.000334502201415
0.000240962479702
-5.55122776378e-05
-0.000570547021847
0.000258678815776
7.84823068952e-05
2.36892423644e-06
0.000406143608825
-0.000154040403885
-8.07222996651e-05
-7.95033622952e-05
0.000126416919524
-1.61329387005e-05
2.52929706898e-05
1.72527921966e-05
-4.25457628868e-05
7.10859811367e-05
-8.5830893989e-05
-9.03170476497e-05
0.000111618369714
0.000558586201438
5.83129012793e-05
3.48902042838e-05
-0.000122126105972
-8.61636179462e-05
9.98086218199e-05
-0.000102910330775
0.000286914801125
4.38308418408e-05
0.000249706513837
-0.000293537355662
2.16182596119e-05
2.71655308336e-05
-4.84072183199e-05
0.000120266955704
-7.02648008591e-05
0.000100695227052
2.03160071931e-05
0.00017116204672
-0.000328930975857
-0.000164700401936
-0.000102850707694
8.91117415927e-05
2.11156906459e-05
0.000445093069163
-0.000360986904685
-5.51618517498e-05
-0.000100657484618
0.000106755330071
2.2579859011e-05
-7.90284148252e-05
-2.91652164834e-05
-2.03634773828e-06
-8.87676879834e-05
0.000108743289847
-0.000133990891262
0.000336086214468
-0.000216388497644
6.67396069461e-05
4.04325641077e-05
-0.000116960972162
0.000101654783228
5.92688572921e-05
-0.000175865894699
0.000121792445576
2.04528481814e-05
-2.65124441295e-05
-0.00014838375553
-9.97572443698e-05
-0.000110094266779
-0.00048395589226
-6.75359980972e-05
8.15887344408e-05
-0.000131802220309
-8.45862773995e-05
-8.23264437538e-05
-3.94773484542e-07
0.000109679110995
-2.17447742092e-05
8.09911861798e-05
-9.6294054486e-05
0.000106207862508
3.79713455764e-05
-0.000116430249295
-9.85404679363e-05
-0.000104754333685
-0.000236044820427
-3.33655860087e-06
0.000128351099351
-8.21381385006e-05
-8.2276088408e-05
-4.87997541107e-05
2.59008712013e-05
0.000174640141587
-0.000199265603578
2.46254619469e-05
7.11841508643e-06
2.26151940589e-05
0.000110730001205
-7.05897239682e-05
0.000500775650178
2.26607144472e-05
8.79455624917e-05
0.000415911924423
-0.000289835488072
0.000202230836768
-0.000154121782005
-4.81090547499e-05
-0.000167623764048
-0.000116803015437
-6.70991736837e-05
0.000110554563539
-4.32545780538e-05
-0.000483904510858
7.4483584118e-05
0.00012774725266
-0.000179422454339
-0.00038641119595
0.000565833650306
-1.25930037959e-05
7.36038845787e-05
-8.42663603275e-05
-0.000300145910811
-0.00019138722172
0.000491533132456
0.000126365558809
2.44503625312e-05
8.26551865531e-05
-9.68449063117e-05
-0.000107573012892
-7.21229212021e-05
9.61766765803e-05
9.06991969008e-05
-0.00011024389371
-0.000107891468434
0.00023920032383
-6.80382771006e-05
-0.000103088926999
0.00035686159028
0.000204660901445
-0.000110413488532
0.000104134017002
0.000139443079464
7.28531361319e-05
-0.000116107714187
0.000186222225362
9.25526806482e-05
-4.35771131616e-05
6.24823744525e-05
9.22244976343e-05
-0.000112419573945
-5.25848565483e-05
-6.5833924112e-05
-4.37506142197e-05
0.000290756220889
2.48013287221e-05
-4.72323222056e-05
-0.000116549681747
-0.000158203159362
8.43582810229e-05
5.19636231633e-05
-0.000136321904182
0.000229668859176
-0.000519504347228
6.64542902165e-05
-5.02909692059e-05
-0.000175645444225
0.000337514044849
0.000354978255893
-0.000584467251524
-6.22058013046e-05
3.61152994289e-05
-2.23611924292e-05
-0.000512651229815
-1.26689984355e-05
-5.80820001596e-05
0.00012271553954
-4.69188039431e-05
0.000131277084964
4.08834155116e-05
7.13521508617e-05
-3.63699763206e-05
-0.000281772867008
-0.000138113170612
-3.52449313222e-05
0.000287844516284
0.000129362421106
-6.74097937731e-05
2.1031726285e-05
0.000163044475915
-0.000554966523084
0.000168555327101
-0.000123361124813
-0.00011538133332
6.49522599965e-05
-0.000143218888333
7.82666283419e-05
-1.74607827046e-05
-9.11702855971e-05
-0.000352167378649
0.000556828280102
4.75098924203e-05
-1.40520383406e-05
0.000148032365012
-8.49573346657e-05
-0.000121256244961
-2.99795300087e-05
7.12804209491e-05
9.35097343551e-05
-0.000607664447651
7.59326928666e-05
7.24245703349e-05
6.30621346385e-05
9.3265193151e-05
0.000105686879138
-2.03075502042e-05
-8.53793289349e-05
-2.72374431303e-05
9.10558623687e-05
-0.000114121931147
5.30185997529e-05
-0.000275042527416
0.000533545359695
-0.000275055413094
0.000114489979167
0.000386285671005
-0.000454186314706
0.000213223835004
3.05362018359e-05
0.000118844651559
-5.09365544745e-05
8.77765991259e-05
-0.000128746430041
3.56507026701e-05
4.48763461849e-05
-0.000136296061548
6.88862677772e-05
-0.000588212199061
-0.00013104074321
0.00011522757139
-5.95226530751e-05
0.000157465568669
-0.000111465552087
-0.000122725674588
-5.31526508065e-05
7.74143935897e-05
0.000342158137951
-2.54938193777e-05
1.62980697729e-05
-5.97603222558e-05
-0.000124954549135
-0.000148496856068
-0.000241191039432
-0.000324642610874
-0.000139263684549
-9.21968145057e-05
-0.000579271873857
-5.80294332071e-05
3.06668388896e-05
0.000117952853007
3.66899002341e-05
-0.000115718315056
-7.03774167684e-05
-3.54941148708e-05
-8.82646489e-05
9.12679525247e-05
2.66849004873e-05
9.02882783709e-05
2.04417228353e-05
-0.000161603255499
-3.91154786401e-05
-0.0003009037296
-0.000200605517981
0.00012738012754
-2.18974335126e-05
0.000562151501095
0.000245317230354
-0.000322731623943
9.24763121542e-05
-0.000110897617191
0.00032683273049
-1.99432617891e-05
3.26584011024e-05
-4.67104394422e-05
-8.82199688824e-05
1.968427374e-05
8.83746759932e-05
0.000110604285567
-1.91095876376e-05
-9.11021801078e-05
0.000110211767746
-0.0001039289712
9.00000901616e-05
-0.000107460872866
-0.000109688285928
-9.88736178393e-06
-1.96881957658e-05
-8.18708129042e-05
9.16729865088e-05
-0.000110194396746
2.43370496037e-05
-0.00010497887451
2.13400822998e-05
-0.000110192748012
-0.000109490366639
8.98021708749e-05
-0.000104121562238
1.8742233303e-05
1.95725045182e-05
9.10317810509e-05
0.000179482387633
0.000382669113413
0.00011027170142
0.0005063151181
-1.92246306825e-05
1.91695213139e-05
0.000110412635849
-9.09871370638e-05
9.04693740585e-05
0.00011092222224
8.90247887279e-05
-8.61461634091e-05
-0.000111639982787
-2.86933469127e-05
0.000105100253579
7.28896871506e-05
0.000425692626426
0.000211587173333
3.01719203302e-05
-8.51501970327e-05
5.49782767058e-05
2.24544088581e-05
-8.26352756313e-05
5.37805651061e-05
2.90607820413e-05
0.000544667107154
-1.31572299078e-05
-0.000531509877209
-0.000454045597345
0.000800806407272
-0.000346760809877
-0.000108790134638
0.000559066629059
-0.000450276494539
-4.74617342262e-05
7.76336545591e-05
-0.000415714458185
0.000565370852823
-0.00017980255212
-1.76559243859e-05
-6.78921958804e-05
-4.47458682005e-05
6.73257272115e-05
0.000157264710306
-0.000229252966991
7.19882566723e-05
0.000281213936749
1.01234107922e-05
-3.18177648223e-05
-9.09181742181e-05
1.55848509911e-05
7.53333232234e-05
-2.28085450359e-05
5.0619275432e-05
-2.7810730393e-05
2.71531004779e-05
0.000106959431118
7.07503426572e-05
-0.000106883848174
6.52067486922e-05
2.20527517663e-05
3.41251509386e-05
6.7489931006e-05
-0.000116780337492
8.76151210048e-05
0.000147282819747
-8.45258520099e-05
8.17466255871e-05
-1.26169427451e-05
6.99570770157e-05
0.000107487421293
-4.14583588884e-05
-5.8729443875e-05
2.79644459913e-05
-7.71244073871e-05
-0.000186207977318
-0.000294676833437
0.000531957195674
-4.21909299871e-05
0.000353119149055
8.62726889835e-05
0.000267491510677
-2.87389641816e-05
-0.000441677473482
-0.000214733902155
0.000117573520789
-0.000871652910252
0.000125061983007
-8.72951139077e-05
0.000385004614555
-3.02479473257e-05
5.32419381501e-05
-5.18294507456e-05
3.19415214834e-05
-5.69085847414e-05
-0.000760364440792
6.68878876536e-05
0.000377930055721
-0.000559051826936
0.000580979876909
-0.000436179022578
-0.000242996999154
0.000218371537207
6.5009183481e-05
-1.47402156433e-05
-5.08823030779e-05
-6.44474178874e-05
0.000142274885596
-0.000750963423979
3.01292059198e-05
7.35151590336e-05
3.46640861031e-05
-0.000155640404326
-0.000274765865045
0.000155702268904
9.02160234029e-05
-0.000200551049524
0.000449019772745
-4.55420150062e-05
-4.65070360339e-06
0.000186220794365
-7.84938174514e-05
7.6124893215e-05
9.61116496726e-06
2.62139412112e-05
-5.11908180097e-05
-0.000445458237154
7.45762904368e-05
1.12546035522e-05
-0.000469056688151
0.000343327481015
9.28502949426e-06
-3.46832137148e-05
5.34070050627e-05
-0.000232132039846
8.20500353055e-05
6.11574025803e-06
-8.97787727214e-05
2.76884868436e-05
8.03442253619e-05
0.000213065782916
-4.03257518008e-05
6.82901977967e-05
5.20548942833e-05
4.43112043024e-05
0.000102623585976
-1.20773959225e-06
0.000263491265278
9.12340812e-05
9.84652015618e-06
8.02686905863e-05
0.000374234605124
-0.000384567445859
-4.66503291453e-05
-2.75006820125e-05
8.79735163169e-05
-5.73822994453e-05
-0.000348823842885
0.000460217671384
-2.55478554081e-05
5.79015021009e-05
7.30877625215e-05
-7.59620072541e-05
5.25390690588e-05
0.000420374007643
7.67254046555e-05
-0.000114067836698
-4.49084016494e-05
1.42587062605e-05
-2.04955148842e-05
-9.09638236349e-05
0.000298315573929
-0.000291702391365
-3.29135986271e-05
2.94873985698e-05
-1.24499482546e-05
1.02051944097e-05
5.09083294019e-05
6.33441941604e-05
0.000682918369765
-0.000189625939349
0.000311313634891
-0.000479363595534
0.000168049960602
-0.000605526236044
0.000456447022572
0.000149079213458
7.0521010819e-05
-0.000380019051125
0.000458578548475
-0.000296853484049
9.5525496254e-05
-8.5060664216e-05
0.000138073100985
-0.000201451491299
-0.000128461213205
0.00044488249602
-0.000186148072001
-0.000255529401453
0.000102546717265
-0.000616622851741
-3.40531757493e-05
-5.92906600457e-05
9.03798351573e-05
-0.00048664829568
-0.000198436472502
-0.000179384563984
-0.000482004043457
-0.000282048342135
0.000508644439328
-0.000379103244657
-0.00012361884245
0.000158282928558
0.000151333453426
-8.05831107717e-05
-8.17416640387e-05
-7.63075767271e-06
8.94469404668e-05
6.60518998123e-05
0.000303656233949
0.000398779696616
-0.000702435930469
0.000265550238349
0.000450504021301
-0.000360798288028
-8.97057332842e-05
0.000289155630376
-0.000343545831221
7.50645881515e-05
-0.00041861041939
0.000555980135406
-0.000266824505048
0.000539272280524
-0.000273722042127
3.28372799518e-05
8.34829835147e-05
1.5667474515e-05
-1.42334748692e-05
6.56209449964e-05
-4.35681932291e-05
0.000264351604691
-0.000585245428159
-2.02808078925e-05
-0.000340835808022
-0.000273931793271
-1.54313126592e-05
7.2949171439e-05
2.25763248141e-05
-0.000557622022081
-4.30695090359e-06
4.22857442071e-05
-3.45507814216e-05
8.69938539366e-05
6.21267065087e-07
2.74182115618e-05
5.60647719504e-05
4.62922919262e-05
-6.05257667954e-05
4.55354950493e-05
4.51246879215e-05
-6.80760041321e-05
-1.15034623936e-05
-1.03328407359e-05
0.000111393828493
6.16917748187e-05
-0.000569343394386
7.35704385044e-05
7.33719863437e-05
8.918263355e-05
7.25428994838e-05
-2.17837122052e-05
-0.000262166565621
-2.16125704119e-05
-7.53789726449e-05
3.01237605511e-05
0.000151194419246
-3.61759614711e-08
2.02513551158e-05
0.000179662963875
0.000155119154112
-5.04802661357e-05
-3.56010836146e-05
-3.31737431503e-05
0.000119810358116
2.01799545504e-05
6.05194943706e-05
0.000119912615656
-0.000131221043958
-0.000139719709407
-0.000398045549012
-0.000413441751511
-0.000401560681619
-0.000212297692364
0.000302003425648
-0.000313398970455
0.000238334382303
0.000444117973423
-0.000258317957028
2.21157812607e-05
1.09097946334e-05
-9.756371925e-05
-6.47961452325e-05
6.38917537963e-05
3.3714000771e-05
2.24837065812e-05
-0.000571170605783
-9.48256976757e-05
-0.000741606081057
-5.38963448943e-05
0.0001861950144
0.000251297022443
-0.00130615663138
0.00102687888536
0.000119041372794
-3.06059196211e-05
0.000320049177763
-1.72419488287e-05
-5.48295715781e-05
-2.27895475071e-05
0.000699219422276
-0.000842398497935
)
;

boundaryField
{
    bottomWall
    {
        type            calculated;
        value           uniform 0;
    }
    leftWall
    {
        type            calculated;
        value           uniform 0;
    }
    rightWall
    {
        type            calculated;
        value           uniform 0;
    }
    movingTop
    {
        type            calculated;
        value           uniform 0;
    }
    front
    {
        type            empty;
    }
    back
    {
        type            empty;
    }
}


// ************************************************************************* //
