/*--------------------------------*- C++ -*----------------------------------*\
  =========                 |
  \\      /  F ield         | OpenFOAM: The Open Source CFD Toolbox
   \\    /   O peration     | Website:  https://openfoam.org
    \\  /    A nd           | Version:  14
     \\/     M anipulation  |
\*---------------------------------------------------------------------------*/
FoamFile
{
    format      ascii;
    class       volScalarField;
    location    "27.00000000001";
    object      p;
}
// * * * * * * * * * * * * * * * * * * * * * * * * * * * * * * * * * * * * * //

dimensions      [0 2 -2 0 0 0 0];

internalField   nonuniform List<scalar> 
2646
(
1.42712717594e-09
9.54478669892e-05
0.000235827930138
0.000473469417497
-0.00012369823661
0.0134825778826
0.000746448459824
-0.0064923329399
-0.0024153894003
-0.012440428733
-0.00117147630057
-0.00537512453336
-0.0183665518105
-0.00936864005951
-0.0118657291476
0.00801165876114
0.00193841208397
0.000941375490162
-0.00233232825272
-0.00130508903179
0.000236201940475
-0.000403749266211
0.000380410390146
-0.000583319441025
0.00904429450934
0.00222071772633
-0.00444813121306
-0.00430133879588
-0.00782026216084
-0.00195659038246
-0.00116182745849
-0.000271593515665
0.000498335985976
0.00789805760702
0.0110763858274
0.000949301740829
-0.00585820920398
-0.00966243690275
-0.0207390147438
0.00284900152669
0.0137965103134
0.00839091845694
0.00786731400816
0.00758869268833
0.00821492029625
0.00793347897499
0.00844091295763
-0.00454884659004
0.00154609607926
-0.00128027654844
-0.00722877057709
-0.0110688827971
-0.0123320209064
-0.0126441924297
-0.000518834156071
0.00041768277552
-0.00710439280257
-0.0161111441247
-0.0161056217652
-0.0144563589038
-0.00809802426651
-0.00419526526642
-0.0187312282911
0.00047942046173
-0.0124962098265
0.0010019161498
-0.00508829814346
0.000640944288159
-0.0033093141394
-0.000180968159735
-0.00637684982725
-0.00213992755204
-0.00267382340609
0.000838627881075
-0.00476692071854
-0.0141016357378
0.000175305171267
0.000484267278494
0.00165006335334
-0.0046089761841
0.000393703292913
-0.00130826591629
-0.0112694117883
-0.0116702143286
-0.00561581738819
-0.00579644938723
0.000165635988931
0.00822523979444
-0.0235548180542
-0.0179382394939
-0.0429336109952
0.00151986523314
-0.0409491445579
-0.0383821395353
-0.0425528426841
-0.0270513939864
-0.0169261250001
-0.0422728019615
0.00131221880398
-0.0310048565848
-8.17073249242e-05
-0.0288529589147
0.00425744440768
-0.0280884013667
-0.0503918155747
-0.0321301543108
0.0121294540338
-0.0362151086498
-0.00549209147494
-0.0284583380141
-0.0177646308781
-0.00132674185013
0.00770912169435
0.00783072355809
0.00329392123351
0.00844586255936
-0.0127619294631
-0.0370260850069
-0.0431265616912
-0.0254887365689
-0.00637180567681
-0.0351878931189
-0.00723501432477
-0.00512485313433
-0.0192788609106
-0.00275836866649
-0.00117061258559
0.0236948554843
-0.0260667994363
0.0055920595068
-0.0424808731773
-0.0252022254739
-0.0431246156206
-0.0502197593674
-0.0164655537409
0.00439615729187
0.00109771361538
-0.0405798501324
-0.0275199749508
-0.0323470991376
-0.04454631966
-0.0298531186205
-0.0170403862353
-0.043955939432
-0.000199796457516
-0.0358930340989
0.00592344971988
-0.0474867550905
0.013820791399
-0.0428608880191
-0.012905747819
-0.0519928941266
-0.00181118924666
-0.0150785093369
-0.00525817391529
-0.00241591490488
-0.0220405274591
-0.000280929741988
-0.0234108977024
0.0113907669887
0.0484440151825
0.00481022178043
-0.0110548086104
-0.0533849117779
-0.0358540567037
-0.0281009423153
-0.0221098998401
0.208102121261
0.0432083418978
0.0484395779349
0.0439904261191
0.0411302804699
-0.0128585417187
-0.0161124006765
8.96786473648e-05
-0.000562458309196
-0.00322036447967
-0.00776482983922
0.000435491089761
1.8466384224e-05
-0.00992613741774
0.00159352405229
-0.0065498106232
-0.00339727501335
0.00677574439434
0.00300335713636
0.0105150106793
0.0086040958278
-0.0174942846885
-0.0113005121696
-0.00110775851239
-0.00034138712907
-0.0102962497304
-0.0105113879529
-5.63041492269e-05
0.000439505087309
0.000126650167211
-0.00519515721645
-0.00443053225892
-0.0113945299571
-0.00597918500299
0.000747839180841
0.00194153851301
0.00185924445439
-0.0202480465834
-0.00465186350806
-7.28277298032e-06
-0.0469436384547
0.000466023285151
0.00488442874227
0.00779377656759
-0.050305245824
-0.0302027538644
-0.0438712322324
-0.051085698924
-0.0179794287978
-2.04602275378e-06
-0.00108619271715
-0.00254788670224
-0.0378624379344
-0.0416736603977
-0.0267176183047
-0.0159651017386
-0.0278530302697
-0.0228840084999
-0.00604132166206
-0.00260165870144
-0.0079687098859
-0.000196707205346
-0.0277617063256
-0.0216665943583
-0.0110894300284
-0.0541730008041
-0.0246297837639
-0.00257838489799
-0.00550223733675
-0.0300098090818
-0.00831919661624
-0.00537576751834
-0.0547528330491
-0.00323053085911
-0.0432170739674
-0.0524457431397
-0.00102219446209
-9.39073990998e-06
-0.0364954623087
-0.0348625570272
-0.0147794829244
-0.0156679521233
-0.0431906529988
-0.0432246248489
-0.0379826880174
-0.0557885148402
-0.050191364654
-0.0369378321004
-0.0361903004573
-0.0299363478367
-0.0291935931694
-0.0492989910349
-0.00813610169937
-0.00750256926737
0.00278440362705
-0.0548256558278
-0.0539361706928
-0.0394850719351
-0.0332693773904
-0.0346937070896
-0.0492205507161
-0.0369875461912
-0.0546485724454
-0.0492054967773
-0.0423858999508
-0.0184508359691
0.0030978788206
-0.00391432162376
-0.0270591605561
-0.051353473148
-0.0462062907238
-0.015307391749
-0.00222102209657
-0.0230470846296
-0.043582871098
-0.0212987007124
-0.0515230223874
-0.0246110816875
-0.0118849787848
-0.0104950943144
-0.00736142785779
-0.00562255397002
-0.0179744360928
-0.0472887013884
-0.0259887003998
-0.0267332027332
-0.0121063521612
-0.0248538208968
-0.00633659211842
-0.0214971819802
-0.0307357517636
-0.00824604147659
-0.0504054383623
-0.0203864017938
-0.000164750997647
0.00763347650113
-0.00256616909187
-2.41566481902e-05
-0.0219223333014
-0.0227466155283
-0.00080758097198
-0.000115212485751
-0.0020501153325
-0.022474605844
-0.00540309645908
-0.0162282865137
-0.0508213770554
-0.0226757216706
-0.0217470573876
-0.00906353899867
-0.0239317813371
-0.00944820541143
-0.0212632860114
-0.00808713475426
-0.0098492605848
-0.0305252866541
-0.0251042187792
-0.0163058266028
-0.000231843188753
-0.00109182571984
0.00145175370218
-0.0370024331061
-0.0493173170758
-0.0513254778451
-0.0565531301732
-0.0190254948757
-0.0423764648515
-0.00621064432591
-0.0489931223708
-0.00508032924311
-0.00645809434793
-0.0039797388999
-0.0379618942138
-0.0550451792946
-0.0611937064549
-0.0669181863045
-0.0132520205203
-0.0345659699489
-0.0719811663687
-0.0184299442686
-0.0344168591703
-0.0819244878207
-0.0062339981905
-0.045013205879
-0.0492369176883
-0.0303309578235
-0.0760390175971
-0.0295807758155
-0.0787789904393
-0.0732518163205
-0.0834072866565
-0.0787089092606
-0.0767492600802
-0.0784918136467
-0.0789513672147
-0.0194578114297
-0.0196187464993
-0.0198871344052
-0.0815791314837
-0.0540268764828
-0.050088889394
-0.0379683283541
-0.0309861846412
-0.02293224926
-0.0599559411521
-0.0194026078308
-0.0224087490533
-0.0349042776732
-0.065581914782
-0.0677823256664
-0.039194007432
-0.0513013141685
-0.0665314981538
-0.0812559289327
-0.0380389918713
-0.0384835778003
-0.0823863565663
-0.0644223469776
-0.0528216171199
-0.0512239417886
-0.0818702386459
-0.023709271433
-0.0359090755204
-0.0786741355481
0.00815160896285
-0.0706058843931
-0.0247308897362
-0.0490920663925
-0.0171046784919
-0.0646180669757
-0.0229296839431
-0.0551959714868
-0.0526476136673
-0.0820535521548
-0.0447995119927
-0.0774322965771
-0.0265101086686
-0.0756468486793
-0.0548483187945
-0.0603557564263
-0.0529737089028
0.00558371370767
-0.074723877082
-0.0799039095145
-0.0649545246564
-0.0647036337049
0.00548210528128
-0.059973843733
-0.0797535908105
-0.0190337202952
-0.0659968936436
-0.0661280051185
-0.0289511871577
-0.0194178703757
-0.039358277956
-0.00299374996787
-0.02212516974
-0.0780277084779
-0.0824496209822
-0.0202318546927
-0.0803532403925
-0.0695117968016
-0.0112727376202
-0.0804661639476
-0.0613838753335
-0.0174598614785
-0.0202205998317
-0.0194414740405
-0.0438107344439
-0.0461406022138
-0.080840057191
-0.0763176878025
-0.0186445090679
-0.0215991390369
-0.00369607764235
-0.0091024262256
-0.0804625990717
-0.00100374238945
-0.0709538739598
-0.000984540897596
-0.0173223666678
-0.077070490949
-0.0164699404858
-0.0824228337391
-0.0156961180312
-0.0693174974983
-0.00159689692557
-0.0705533740922
-0.0800595085279
-0.0723206252422
0.00870240045907
-0.0744799857384
-0.0770088336516
-0.0771490214506
-0.00750072835121
-0.0635952350191
-0.0815489222778
-0.0787766095302
-0.0691488201189
-0.0626237975584
-0.00106104269695
-0.0741484382092
-0.043716627657
-0.082545903796
-0.0115550047643
-0.0150286254322
-0.0162613627854
-0.0481630615336
-0.0201607121367
-0.0422987240935
-0.0508292819776
-0.0646868840759
-0.0460769105251
-0.021904243828
-0.0474256034121
-0.0457801525418
-0.0776319036015
-0.0229489257879
-0.0191578643061
-0.0278367836016
-0.0269738690022
-0.0496313455597
-0.0291753674074
-0.0481135969852
-0.028567794964
-0.033371625874
-0.0387886349849
-0.0629399484649
-0.0409994926871
-0.0414545176236
-0.0410996812307
-0.0267433202693
-0.0437213944655
-0.0113271823978
-0.0223529551248
-0.0186196772224
-0.0751855652942
-0.0399017571592
-0.017465762242
-0.080068025956
-0.0200416936498
-0.0568417715956
-0.0769908989899
-0.0571077871808
0.011052723884
-0.00696314168838
-0.0451106057142
-0.0398428454631
-0.017315790637
-0.0377893457085
-0.0324026989932
-0.0232675744137
-0.0250177817213
-0.0107566204603
-0.0173693061038
-0.067382825703
-0.0505124442101
-0.0785069508063
-0.0669573999181
0.00502461502473
-0.0796614626373
-0.0445603182404
-0.0402900788826
-0.0616803589741
-0.0406580579521
-0.0702324271995
-0.00301453390174
-0.0656517039368
-0.0685794196557
-0.0654455176948
-0.054054195788
-0.0713069308871
-0.0154699883309
-0.0573199756162
-0.00336562563732
-0.00849766808766
-0.0688124861316
-0.0614409838632
-0.0675581354185
-0.0694327961628
-0.024851821173
-0.0402852818316
-0.00689441948951
-0.0803659783443
-0.0175075480525
-0.0634545235797
-0.058460480058
-0.0433583679019
-0.0452564610214
-0.0468447439598
-0.00267108908054
-0.0632853425834
-0.0651206377963
-0.0413864278352
-0.0707477598423
-0.0816629941835
-0.0539125757814
0.00731361522479
-0.0432240457024
-0.0189620473712
-0.0687922127522
-0.0572907205865
-0.0437332288479
-0.0396775042773
-0.0746201331104
-0.0480224295438
-0.0592294879506
-0.0206488111482
-0.0188963841004
-0.0489796702423
0.000783718878561
-0.0485945486794
-0.0238568660473
-0.0182125146598
-0.0412202926314
-0.0631398991998
-0.0706499229279
-0.0494718864032
-0.0510924239702
-0.00507797155864
-0.0711688494909
-0.0261846460112
-0.00483324959524
-0.0460291268915
-0.0603572889681
-0.020298118821
-0.0480790202916
-0.0735171264342
-0.00642585369307
0.00403472298786
-0.00865065242387
-0.00700625983974
-0.0133295630552
-0.0204996790067
-0.00722131533851
-0.0735277720986
-0.0115614738394
-0.0277806484144
-0.0830223407283
-0.00168825559762
-0.0592631360402
-0.022532704278
-0.0524348668684
-0.0486044098207
-0.0059362241351
-0.0192061432552
-0.0504665623751
-0.0706013928659
-0.0242435839353
-0.032839550315
-0.00829305458862
-0.00265590615951
-0.0138760928112
-0.0263783015932
-0.0252062213911
-0.0496977706634
-0.0338718740321
-0.0212444511822
-0.036488650051
-0.000933660113912
-0.0318364153782
-0.0102186396888
-0.00332762774915
-0.0214068449334
-0.0111336050189
-0.0157021980334
-0.0234933629331
-0.0404978284558
-0.0621960395398
-0.0697339024777
-0.0270250151556
-0.020367630844
-0.0701679656572
-0.0334453166114
-0.0598950958224
-0.0433626461125
-0.0328711691498
-0.0715408592305
-0.0700540771191
-0.00342477394085
-0.0404019584119
-0.0296295924682
-0.0329934987428
-0.00644145702048
-0.0651646612982
-0.025846762387
-0.0528165911635
-0.0482875478251
-0.0168646877149
-0.0832618114057
-0.0676213674764
-0.0731425468892
-0.00126136291463
-0.0229247288567
-0.0403938958671
-0.0765438886456
0.00374073910761
-0.0024195709663
-0.0655070145486
-0.0238314380917
-0.0202093842273
-0.00480440075773
-0.0731914187248
0.000712567158705
-0.0113799862608
-0.0404823217969
-0.0480192172968
-0.0669921531823
-0.0412308716537
-0.0732833244454
-0.0580985843914
-0.0615798543267
-0.0771683332484
-0.0704824363849
-3.11625169434e-05
-0.0739622983629
-0.0227765760671
-0.0435731179364
-0.0255555624891
-0.0321958113754
-0.0511219883454
0.000211025970499
-0.0351646924465
-0.0589822111289
-0.0220484001283
-0.0436668115907
-0.0472169073096
-0.0146845356929
-0.00712887832887
-0.0405122295582
-0.0109829994969
-0.00490164730877
-0.0344568716414
-0.0684333781053
-0.010310884403
-0.048782914989
-0.0434839013835
-0.0250685837016
-0.0411767782978
-0.0304703670105
-0.0702276997775
-0.025198766276
-0.0192041306292
0.000256762580075
-0.0601757493795
-0.0673279115017
-0.0290518578987
-0.0016048356749
-0.00972294198241
-0.0664491627608
-0.0249981593033
-0.0492568838156
-0.0723475537687
-0.0113916965852
0.00998078617765
-0.0137016378065
-0.0109902783509
-0.0513203799189
-0.000696284929827
0.00740828019631
-0.0133791961107
-0.0400059520166
-0.0176801016705
-0.0688074524362
-0.071014684184
-0.033839653777
-0.0419574628809
-0.050024811174
-0.0373960144104
-0.0761940715051
-0.0578424500817
-0.0182079015014
-0.0143844740189
-0.0476725890034
-0.0233304062629
-0.0594398067254
-0.0635272717223
-0.00212941745543
-0.0136916363463
-0.0422497200764
-0.0160531284038
-0.00627666386693
-0.0720401496014
-0.0766003327895
-0.0702852166974
-0.0822965347072
-0.0417277869723
-0.0128457732426
-0.0143378472616
-0.00216709365609
-0.0587474653585
-0.0231407564639
-0.0391046351832
-0.0143953043096
-0.0304612670217
-0.000961299448119
-0.0599016054045
-0.0339547180684
-0.0431249400997
-0.0107040188403
-0.067421695187
-0.0170678254093
-0.044004255754
-0.0547345142761
-0.0758319858531
-0.0226346385369
-0.0382188285511
-0.0359878128529
-0.0205750042499
-0.0620885915363
-0.0249929342781
-0.0487468853061
-0.0306789134347
-0.0403435156965
-0.0339295999371
-0.0393078452568
-0.0679243425923
-0.0787524435937
-0.0422036928845
-0.0651228516274
-0.0299054376127
-0.0538430631192
-0.0773222138916
-0.0690927970927
-0.0178963862096
-0.0373733093084
-0.0527628799512
-0.0105278761448
-0.025412999922
-0.0393601084898
-0.0612227852677
-0.0611583365975
-0.0612460711544
-0.0691746553812
-0.0282676397396
-0.0430892806403
-0.0682539341824
-0.037165346522
-0.0637476895451
-0.0290022642087
-0.0471868011229
-0.0120895691128
-0.0340214751265
-0.0580009964414
-0.0444280633888
-0.0471963769403
-0.00129422662579
-0.040201920835
-0.0518943147092
-0.0210005008013
-0.017064445367
-0.0600169131635
-0.0376009026307
0.00850268764402
-0.0632852993657
-0.068993427601
-0.0258025063895
-0.00304630570282
-0.000503339007001
-0.0774458397638
-0.0437614820155
-0.0263599174833
-0.0567561446169
-0.0299917338284
-0.0348601993149
-0.0801447941395
-0.0312922786991
-0.0356881169974
-0.0364356370719
-0.0360431036179
-0.0581479293908
-0.0634123061246
-0.0343992006072
-0.0435206096451
-0.0628628026194
-0.0556724635243
-0.0660944229305
-0.0634675103531
-0.0620954869584
0.000123101494862
-0.000543590538415
-0.0155267024757
-0.0410880901196
-0.0363760603214
-0.0455520531045
-0.035632614362
-0.0423355235991
-0.0742629012451
-0.0583730406607
-0.0741187009893
0.00052064441565
-0.0157906113973
-0.0762507831888
-0.0114567996108
-0.0380120684215
-0.0373359698093
-0.0444020326721
-0.0618881748925
-0.0443468934366
-0.0395921654179
-0.080863624855
-0.047749276914
-0.0190937451416
0.00194314438618
-0.0106919039404
-0.0631106080665
-0.0482760839296
-0.027062960991
-0.0426305919525
-0.0458186523371
-0.0113954246325
-0.047454521598
-0.0412947597972
-0.0660993979804
-0.0665977813357
-0.00282673559297
-0.00217601623999
-0.00566622077075
-0.0374097374077
-0.0757634052928
-0.0316996512446
-0.0375117882622
-0.0421281639625
-0.0486454837266
-0.0411387062568
-0.0682982810813
-0.0502176633903
-0.0644855743232
-0.0512821218005
-0.00902941733807
-0.059752682073
-0.0338361520174
-0.0577698740014
-0.0451575811934
-0.0595799601114
4.22252387698e-05
-0.0291614826958
-0.0330443561349
-0.0802230898085
-0.0452212795341
-0.0264380434154
-0.0382922231874
-0.071658624709
-0.0556791453699
-0.0337568691475
-0.0677274631124
-0.0511161715248
-8.13084562674e-06
-0.0394479836541
-0.0739236437854
-0.0601347691529
-0.0254256545561
-0.0119056070129
-0.0350090968136
-0.0813250001283
-0.0150049177087
-0.0491457126355
-0.0812355092203
-0.0472575071176
-0.0399770603063
-0.0273918871042
-0.00715554928987
-0.0206701590546
-0.0615812931849
-0.0640625526266
-0.0186200889484
-0.0559759545638
-0.0587475624604
-0.0590682967128
-0.0138094737942
-0.0655868065804
-0.00442895536123
-0.030237170867
-0.0356255885733
-0.060685782705
-0.0691928079222
-0.0485892410319
-0.0723906947836
-0.0626768394912
-0.0551452383342
-0.045295879403
-0.0728488447348
-0.0543931285531
-0.0674186488367
-0.0396386407401
-0.00158783875197
-0.0329419590195
-0.0381999237901
-0.0827413508267
-0.0275580030998
-0.0798058138854
-0.0769330460628
-0.0370452058246
-0.0703838160934
-0.0656791002071
-0.0101019159255
-0.054278564347
-0.0810116458207
-0.0238620381893
-0.0586056686559
-0.0571670101776
-0.0644508957855
-0.0672416246874
-0.0529456138555
-0.0649536263383
-0.0730234750976
-0.00593197978859
-0.0786864188715
-0.0377687398838
-0.0442930951568
-0.0828398281854
-0.0338386101409
-0.0493944676741
-0.0799217548293
-0.00596710181501
-0.0730665059554
-0.00825100524626
-0.0223114504231
-0.0512846001684
-0.0814776789881
-0.0555418087311
-0.0365442874359
-0.0758353365485
-0.0611859825796
-0.0570042320174
-0.0533316824684
-0.0271462232345
-0.0641289764213
-0.0504540115305
-0.0602961992682
-0.0314254900874
-0.063911682242
-0.060675234169
-0.0335539116018
-0.0719089309153
-0.0642650678934
-0.0571208168458
-0.0700530933864
-0.0628085570728
-0.0168990441565
-0.0511458951873
-0.0552113135155
-0.0244276151768
-0.0782639592444
-0.0565796544636
-0.0784012766597
-0.0604246173059
-0.00354745144499
-0.0578333437306
-0.0617001891922
-0.0616476049225
-0.0820216907707
-0.0465423073388
-0.0158736841383
-0.0503790976545
-0.0575827881437
-0.0336821221176
-0.0412636168039
-0.0506246784328
-0.0353524308389
-0.0611622116287
-0.0322922512225
-0.0455984334199
-0.0311015540218
0.00669045305266
-0.0743356279396
-0.0241381021961
-0.0349355341298
-0.0666047758385
-0.0544337588491
-0.0619538914868
-0.0465915660759
-0.0636388718121
-0.0387886783704
-0.038443707414
-0.0547035498618
-0.0391415590755
-0.0588730424211
-0.0669476551223
-0.039977788216
-0.0426822715262
-0.0515815541677
-0.0738975824814
-0.0644767870276
-0.0571557285325
-0.0786481961221
-0.045678388542
-0.0622808498388
-0.0793953521828
-0.0503387637426
-0.0770097067085
-0.0613825739886
-0.0558892784717
-0.0792807588682
-0.0614134524285
-0.0436342541477
-0.0112260460669
-0.015146425578
-0.0579435195805
-0.0428242199081
-0.0297970580624
-0.0831377655944
-0.0531993933518
-0.0502588011818
-0.0497972708048
-0.0269651646134
-0.0459373700842
-0.0546036982328
-0.0536864770416
-0.0379361673516
-0.0653910381748
-0.0777935807949
-0.0438773802289
-0.00533682132718
-0.0796138999895
-0.0301069229734
-0.0343368263895
-0.0675353289003
-0.0373203277337
-0.0441431180159
-0.0466187021487
-0.0819563964955
-0.0464912484009
-0.0768393171466
-0.015252607955
-0.0017563402323
-0.0514372336216
-0.0650210257571
-0.0664662232998
-0.0295025126913
-0.0351529788675
-0.0231632225937
-0.0314235263459
-0.0232394988293
-0.0455425602568
-0.0168820513101
-0.0523945490535
-0.0182803310738
-0.0243530688865
-0.0812111026248
-0.00532715596975
-0.0681957717601
-0.0707870949646
-0.0329227445878
-0.0683042669898
-0.0645690120098
-0.0509031119684
-0.0289482567256
-0.0611252148834
-0.068916057991
-0.0491139188039
-0.0562366297562
-0.00883761859706
-0.0280567826258
-0.051683766385
-0.0369457866915
-0.028574899587
-0.0526946201009
-0.0674028987982
-0.0586086923706
-0.029334022118
-0.0381807638656
-0.0520638040984
-0.0731289127807
-0.0640558082895
-0.0747647884488
-0.0595022067679
-0.0655907551905
-0.053247419628
-0.0524144733263
-0.0265920628205
-0.0686538742915
-0.0388188149853
-0.0518478550699
-0.0612968539008
-0.072495856406
-0.0751651907315
-0.0403287620156
-0.0140201561956
-0.0734153169987
-0.0362576058572
-0.0602436567717
-0.0321282116707
-0.0598905617606
-0.0171398625378
-0.013987635949
-0.0200210408123
-0.0709023646368
-0.0292397682537
-0.0289717156272
-0.0375771990518
-0.00857707734335
-0.010522513272
-0.0191061957237
-0.0331295015029
-0.0545881221626
-0.0523791789242
-0.0302219097608
-0.047043564721
-0.0459300792235
-0.0711340578872
-0.00548467289124
-0.0359859529337
-0.0336324414521
-0.0455576680261
-0.0542942436904
-0.0652533125146
-0.0698699615925
-0.0318564495556
-0.0124691298156
-0.0237945334299
-0.0470838519636
-0.0614382109141
-0.0488130769748
-0.065245685858
-0.0671056732882
-0.0518715173725
-0.0336212906106
-0.00713171510714
-0.00356332839018
-0.0319364958404
-0.0783052872824
-0.0355427601571
-0.0613397018503
-0.0130460598358
-0.007220529171
-0.0188630754724
-0.0544210085084
-0.0493871822969
-0.0313215725479
-0.0356800557426
-0.0433831666669
-0.046827948962
-0.0451119496835
-0.0775924947969
-0.0202443582347
-0.0589683140195
-0.0209903423711
-0.0695909637626
-0.0305826693587
-0.0620255038496
-0.043809871992
-0.0419057616872
-0.0363124777489
-0.0434872863081
-0.0619884009686
-0.0684470320388
-0.0747816146651
0.000190982402443
-0.0564856307208
-0.0527422597489
-0.0415547259698
-0.0818811785264
-0.0248681489039
-0.0683965412509
-0.0199250709835
-0.0353059883944
-0.0632808397813
-0.00828170338744
-0.0527298473601
-0.0544798093725
-0.0422549358233
-0.0319026893192
-0.0498890238091
-0.0566112125557
-0.0554868506831
-0.0388444755304
-0.00974030465791
-0.0244940852202
-0.0677833842741
-0.0494243527602
-0.0701504282023
-0.0373483312017
-0.0147414951965
-0.037811361526
-0.0545931779328
-0.0113514930986
-0.0377676107406
-0.0669126433445
-0.0631094982301
-0.0753862239685
-0.0669794315703
-0.0199213351004
-0.0798732899363
-0.0584187820221
-0.0352696256564
-0.026156198577
-0.0619694201444
-0.0548480940921
-0.0539715602948
-0.0642342152342
-0.077076143858
-0.0523640493193
-0.0552973586973
0.00358471484111
-0.050656863576
-0.0136889165591
-0.0637703974993
-0.0498798028431
-0.0560712968189
-0.057189434161
-0.0128354762761
-0.00173696502553
-0.0822790717687
-0.053737617883
-0.0586117476579
-0.0499996969259
-0.0261336383315
-0.0397716699014
-0.039563434999
-0.0197436519726
-0.0524864848477
-0.0333685993514
-0.0541045581038
-0.0442520258184
-0.0385271891528
-0.0623233983071
-0.036667465359
-0.0739664603947
-0.0462353332597
-0.0288939220204
-0.0523745794671
-0.0162428711576
-0.0109148095337
-0.00862498077214
-0.0440913756779
-0.00766784771288
-0.041992990734
-0.0348516101322
-0.0162734394675
-0.0707099313141
-0.0478267912966
-0.0505250772054
-0.0600379520556
-0.032312146737
-0.0142083569317
-0.0484064650412
-0.00630055453603
-0.0490289428623
-0.0552671859765
-0.0380066109406
-0.0740870549122
-0.04258168499
-0.0443960124812
-0.056329954267
-0.0351175759878
-0.010172886306
-0.067406649151
-0.0367018829232
-0.0436384643695
-0.0266306524517
-0.0502438768434
-0.0512225477383
-0.0406078406412
-0.0331385147843
-0.0654622973112
-0.0259307101912
-0.0792586763119
-0.0518532476824
-0.0436356147722
-0.0677664153057
-0.0590580373991
-0.0488757270914
-0.0469521110053
-0.0400734397738
-0.0642639268229
-0.0393441074129
-0.0612128693952
-0.0538882313172
-0.0708700507192
-0.0722850641455
-0.067939222186
-0.0497654649514
-0.0711950526463
-0.0534209227993
-0.0413895726719
-0.0409251747995
-0.0138138008946
-0.0377120108193
-0.0540353260077
-0.0426698029821
-0.0515513333795
-0.0137045002319
-0.063221789001
-0.0224285258534
-0.0476526854067
-0.0555437464349
-0.0443283236109
-0.0571994640433
-0.0510714937251
-0.0400609832443
-0.0407084557797
-0.0333920102161
-0.0304306523122
-0.0558245605776
-0.0455793997681
-0.0397920849713
0.00341846799171
-0.0794915039065
-0.0683129484198
-0.0475494538871
-0.0489928351306
-0.0219255631836
-0.0340450451439
-0.0449321133388
-0.0333198209616
-0.0480655693757
-0.0715599887044
-0.00623856100126
-0.0347192102892
-0.073929349585
-0.0585713631027
-0.0129246732502
-0.0342234803585
-0.0415048927962
-0.00225806639296
-0.0571712158028
-0.062769483448
-0.0595610724648
-0.0682639523046
-0.0544300885338
-0.0436274032831
-0.0389741661368
-0.0650367175282
-0.00273426001067
-0.0479475429367
-0.0476253763855
-0.0426235557123
-0.0621959205232
-0.0520654885258
-0.0574079704631
-0.0525066813018
-0.0398069355724
-0.0538826886389
-0.0557987406889
-0.0375619385167
-0.0593349808355
-0.0143572383765
-0.022061034143
-0.049449572071
-0.0693630431698
-0.018506185728
-0.0647691327478
-0.0583315573792
-0.0678053059431
-0.0479105992632
-0.0670196040779
-0.0712050826007
-0.0413218639735
-0.0419656909184
-0.0584509475837
-0.0114405734243
-0.0280459562514
-0.0691734865123
-0.0506432664789
-0.0661816309382
-0.053539085519
-0.0288107455209
-0.037711380539
-0.0311106942232
-0.0482637354262
-0.0123410808288
-0.0718606267141
-0.0644047373645
-0.0549929877679
-0.0793360393312
-0.0112686503529
-0.0349774346514
-0.065024004089
-0.0792554061741
-0.029643051466
-0.0413852770827
-0.0461444883325
-0.0782148379012
-0.080061474756
-0.0260784480534
-0.0585472860029
-0.00236778255482
-0.0748710467187
-0.0431188629922
-0.0602389721153
-0.0169984504309
-0.0646791648511
-0.064426421454
-0.0574473225526
-0.0125223755978
-0.028943813306
-0.00820501080123
-0.0343219577003
-0.0499587850061
-0.0627038108044
-0.0776278556948
-0.0159112773071
-0.0483503868974
-0.0170291282704
-0.0453172983602
-0.000966912460159
-0.000891438746802
-0.0369058441792
-0.0652933907896
-0.0716528572707
-0.0414081000867
-0.0538464121825
-0.0286984822314
-0.0295784167199
-0.0316521115835
-0.0629225081611
-0.0472607304412
-0.0140106026598
-0.0655556477678
-0.0185567904224
-0.0515398273811
-0.00838396698687
-0.0785389114057
-0.0310510459356
-0.0595912889734
-0.0117235787531
-0.0116329970478
-0.0476958058337
-0.0713435042739
-0.0783757913623
-0.0374495071592
-0.0503255976105
-0.06487841833
-0.0569476198743
-0.0801114792226
-0.0165554680731
-0.0783690923867
-0.0720309764508
-0.0664564930945
-0.0473623538865
-0.0599088703008
-0.0714887132025
-0.0224249662598
-0.0314689976462
-0.0321415494004
-0.0685753471676
-0.0704426047497
-0.0147263718324
-0.0687542355637
-0.0735410661809
-0.0313409558728
-0.0363962415533
-0.0559802348538
-0.0641787318078
-0.0720705946224
-0.0282669742651
-0.0673260805228
-0.0458280298818
-0.0648452254142
-0.0511905090621
-0.0300514143082
-0.0796720744939
-0.0574045639431
-0.0336878871637
-0.0675487814655
-0.0648888067794
-0.0647294306939
-0.0698860227957
-0.0779944802545
-0.05690185319
-0.0365008655837
-0.0246055508111
-0.0579604748678
-0.0259973989346
-0.0693407613517
-0.0203962643291
-0.0310466621689
-0.0381390804098
-0.0330316494111
-0.0593319401202
-0.075984418034
-0.0384013995886
-0.0432352758059
-0.031295566105
-0.0540416144889
-0.0459938642039
-0.00436564754585
-0.0738548604007
-0.0578327622276
-0.0263566719532
-0.034669087008
-0.0619390660499
-0.0554680843774
-0.0635469498233
-0.0666207753891
-0.0712991744076
-0.0722447397141
-0.0663847314042
-0.0265405672859
-0.0571422000407
-0.0751783730257
-0.0693746440841
-0.0758492210032
-0.0572086402285
-0.0545488841646
-0.0578558629053
-0.0823750086652
-0.0576781413006
-0.0534004843354
-0.0606233499502
-0.0729870615692
-0.0527847244553
-0.0758773951881
-0.0553662699063
-0.0517365350655
-0.0692572266945
-0.0626109834562
-0.0643544761508
-0.0767041832139
-0.0676373830063
-0.0752560610415
-0.0734125869743
-0.0570427367368
-0.0641213110634
-0.0537481909999
-0.0678119401723
-0.0705121948969
-0.0684412805201
-0.0731417859034
-0.0799569499272
-0.0551977823015
-0.0339369946684
-0.0764275358948
-0.0418330071604
-0.0622935364747
-0.0669924453148
-0.0257473943348
-0.0447613551346
-0.0602507435718
-0.0256219515139
-0.0633691931302
-0.0809465245677
-0.030584597117
-0.0273022681365
-0.0807161913488
-0.0394769103733
-0.0690035678064
-0.0378254275761
-0.0309734787947
-0.0806674589509
-0.0360009360454
-0.0457998945194
-0.0640020351983
-0.0606154628551
-0.0607340385355
-0.061692086728
-0.0523457509082
-0.0487654410603
-0.0465449524036
-0.0812068713379
-0.0329418425445
-0.0618351955737
-0.0619929124491
-0.0780322782966
-0.0294151782455
-0.0675342730109
-0.0687281965966
-0.0790921501392
-0.0786422242654
-0.0668670965596
-0.0762067451998
-0.0561912374782
-0.0729579610334
-0.0811565409884
-0.0380061700395
-0.0658128493988
-0.0730126409911
-0.025549703758
-0.0172147973753
-0.0649247652506
-0.0159333455554
-0.0698477007032
-0.0618944528023
-0.0704151577173
-0.0670784803816
-0.0716793620412
-0.0613912672201
-0.0652155837995
-0.0664765376829
-0.0680511456464
-0.0313525850632
-0.0362758246591
-0.00251537779652
-0.0589615732104
-0.070979739309
-0.0206047445661
-0.0590843851455
-0.0669726154075
-0.0648822738427
-0.0506143221608
-0.0395812801481
-0.0737248740836
-0.0748763687516
-0.0631016482399
-0.0539537188224
-0.0748520686954
-0.0342348592995
-0.0523490590333
-0.0475535944406
-0.0771264558857
-0.0510395751962
-0.0143009970185
-0.0706112235591
-0.0476234407897
-0.0350248740615
-0.0547087078942
-0.072575636491
-0.0352133135789
0.00316970125485
-0.0263940815672
-0.0313932557016
-0.0696445925978
-0.0418878833159
-0.0237051198926
-0.0195750668117
-0.0696608821023
-0.0217070719959
-0.0538757534701
-0.0219403644836
-0.0206965900311
-0.0570632484909
-0.0335351009863
-0.00251070611964
-0.0265630673564
-0.0572903904592
-0.0810543242896
-0.0739107627606
0.00329536732939
0.00658996025169
-0.0133528237269
-0.0676237061975
-0.0654244196229
-0.0739643921998
-0.0487395357443
-0.0280612897688
-0.0766894882841
-0.0279025939573
-0.0694211184521
-0.0765415178663
-0.0447757684414
-0.0818215707829
-0.0456312247659
-0.0452293488338
-0.0762557835916
-0.00857519362067
-0.035006775014
-0.0759743467943
-0.0809315161203
-0.049308218915
-0.0730790982915
-0.0413885345774
-0.0639662019705
-0.0733031205233
-0.0813261351411
-0.0426022600807
-0.0244926261274
-0.0459082225459
-0.0365687555914
-0.0520967082859
-0.0558729009098
-0.0759061389219
-0.0448214439404
-0.0561146666863
-0.060496288702
-0.0757717196405
-0.0716260118505
-0.0526921975365
-0.0460111790252
-0.0238891008599
-0.0694823209748
-0.0493898147727
-0.0493271689499
-0.0465582074358
-0.0518343195696
-0.00312322478936
-0.0457320644748
-0.0227211921606
-0.0670911701554
-0.0795715329216
-0.0749708724126
-0.0543884239338
-0.0431170786868
-0.0244813017567
-0.0595784874374
-0.0742571791844
-0.0425355023774
-0.0365935109399
-0.0463832532428
-0.0626665224075
-0.0543086795541
-0.0425150818557
-0.0515444444645
-0.054441320915
-0.0702741564545
-0.0707770220572
-0.0580146148759
-0.0531595197407
-0.0302543902408
-0.0376685021998
-0.0601657687822
-0.0327252544712
-0.0439546121032
-0.0421089348527
-0.0507075194075
-0.0448851707418
-0.0349198969882
-0.0546594824657
-0.0197009382735
-0.0809334304814
0.0032034263887
-0.0754815530848
-0.0697925377995
-0.0391319204118
-0.0746000044408
-0.0384440424369
-0.0660579011336
-0.0238510350204
-0.0524684821496
-0.0360651553047
-0.0465508788489
-0.0433013974457
-0.0563870352789
-0.0021142918931
-0.0527137549955
-0.0254498829564
-0.0690495872384
-0.0732855785318
-0.0263606733567
0.0064207370972
-0.059239419005
-0.0615080517327
-0.0483424954711
-0.0416262110062
-0.0734202351979
-0.0477525006679
-0.0514727522167
-0.0308066987162
-0.0585182415954
-0.033061081719
-0.0607361074445
-0.0808537917066
-0.0600295826817
-0.0508738008004
-0.0405493056202
-0.0748527801337
-0.0418752633088
-0.0354170539109
-0.0233026850931
-0.048227976157
-0.0565277682492
-0.0550872612715
-0.0736426380112
-0.0804244252557
-0.0436532210547
-0.0751442452554
-0.0626993313826
-0.0745791112984
-0.0647977405416
-0.0793232453762
-0.0504236176249
-0.0472252256107
-0.0293450505572
-0.0381261751216
-0.044919768537
-0.0074960285006
-0.0188853477831
-0.0420535616417
-0.0645733863694
-0.020697206848
-0.0493089694334
-0.0407378593127
-0.0820202210902
-0.0353086390096
-0.0790384500799
-0.0545355888451
-0.0606938597146
-0.0381409150442
-0.0309266751918
-0.0786742294884
-0.0324219549055
-0.0555966110764
-0.0396830615
-0.036387632306
-0.048806950096
-0.0379014639533
-0.0323805769039
-0.0262154093083
-0.043496332687
-0.0646291676847
-0.0416062367257
-0.0659404807055
-0.0571602638329
-0.0601062250397
-0.0239624775174
-0.0199068876351
-0.0385282732176
-0.0445910498584
-0.0477716250753
-0.06165065765
-0.057384378029
-0.0767494712132
-0.0701450412383
-0.0719731896855
-0.0170811592827
-0.0567716145804
-0.0457983183902
-0.0435923728597
-0.0719736622708
-0.0317213009792
-0.0716334373847
-0.0710036950555
0.00328295668112
-0.00124545446543
0.000903694247622
-0.0344715883982
-0.0821944099667
-0.0581087501973
-0.0339032620224
-0.0503659923331
-0.0578741405458
-0.0273847920585
-0.0529252230302
-0.0656837656494
-0.0296870387716
-0.0350068511379
-0.0534008936594
-0.0295379871928
-0.018090039956
-0.0485534841962
-0.0588604867428
-0.0485483343436
-0.0182626820781
-0.0737777315075
-0.0330894114704
-0.0499970503257
-0.0545302437386
-0.0440781764989
-0.0506980500746
-0.035001614677
-0.0343555622559
-0.0718159204424
-0.0296477910389
-0.0695612193434
-0.0582080499801
-0.0629569055935
-0.0715647348302
-0.0453499473909
-0.081311428202
-0.0652955171313
-0.0419316214056
-0.0684596934673
-0.0593433471406
-0.0464097033147
-0.0521478858473
-0.0174695705795
-0.0678935725348
-0.0174299887066
-0.0151356595316
-0.0204067802482
-0.0474193780729
-0.0401040880819
-0.0414366676456
-0.0110111507786
-0.00133539180759
-0.0562989024879
-0.0624993870665
-0.036936917189
-0.0644232644091
-0.0166387596847
-0.0197242461348
-0.048805919938
-0.0640404531253
-0.0320491889715
0.000914737061376
-0.0756292265932
-0.0493509612956
-0.0687051531623
-0.0120233180841
-0.0345227595315
-0.0442999842701
-0.0622879866304
-0.0586596646468
-0.0549697684191
-0.0268060761337
-0.0601647455492
-0.0727973186308
-0.0752675447165
-0.0517223589658
-0.00637651910073
-0.0165653778199
-0.0664755527102
-0.0358271267609
-0.0550810349968
-0.0212335895757
-0.00669330425441
-0.073136908907
-0.0336781605697
-0.0379075317637
-0.0738549565198
-0.0241316232736
-0.0572933336928
-0.0161976294341
-0.060287166382
-0.0769873273324
-0.0349487918218
-0.048569868903
-0.0284016229536
-0.0708250433503
-0.0789415062037
-0.0406930515387
-0.0552202306541
-0.0402538746593
-0.0637154819281
-0.0470232456381
-0.0393849880092
-0.0470898510939
-0.0231428650097
-0.0261324996569
-0.0455346077486
-0.0637998575519
-0.0438102611916
-0.0649239571554
-0.0484395217274
-0.0659581965501
-0.0302873614034
-0.0257450996433
-0.016295711478
-0.0591874854366
-0.0558026620159
-0.0479988186251
-0.032539202963
-0.0757657398471
-0.0564890806343
-0.00138925480459
-0.0342625242586
-0.0728094527275
-0.0384604460189
-0.0312883836062
-0.0665629705351
-0.0474441048141
-0.00257644543315
-0.0781817767932
-0.0578952863832
-0.057959264707
-0.040270130308
-0.0560764852896
-0.0590236900359
-0.0682245212835
-0.074267725484
-0.0320835827912
-0.00402287166555
-0.00917644622892
-0.0540777844111
-0.00491988871176
-0.0368477425463
-0.0304723049166
-0.0572869419571
-0.0537046748715
-0.0421000545527
-0.0290720414457
-0.0799723314443
-0.0544325444124
-0.0320397776585
-0.0262458145626
-0.0236463239001
-0.00709435789469
-0.0292156018576
-0.078469183132
-0.0153338040194
-0.0366679968747
-0.0174998831319
-0.0186615153716
-0.0386785128425
-0.0315223369467
-0.0496795524495
-0.0765068541485
-0.0495827691103
-0.0174211133494
-0.0548272879451
-0.0591401639056
-0.039355925957
-0.0796439363391
-0.0188178219928
-0.0267943606538
-0.0154161161548
-0.0486564927413
-0.0527082688221
-0.0434657758427
-0.0313055792058
-0.0418340596467
-0.0690081257132
-0.000301612824265
-0.0636446255907
-0.0297275791594
-0.0517031033712
-0.00850509555298
-0.0130608409688
-0.0458956080718
-0.00993741627878
-0.0440915584123
-0.0490576685695
-0.0138410870411
-0.0279779802104
-0.0609234031291
-0.080177907288
-0.0256943878773
-0.0786352978284
-0.0611080063715
-0.0511781551647
-0.00677676451549
-0.0724126297339
-0.0605793459014
-0.0517200958348
-0.0435043134
-0.0501885111219
-0.00892074201705
-0.0364652806251
-0.0829305715242
-0.0536329951268
-0.073817479423
-0.0518643155027
-0.0197643093009
-0.0598804358941
-0.077288958496
-0.0256391515819
-0.0191352343803
-0.0821725142426
-0.0456097958219
-0.0385010426775
-0.0462891229611
-0.0798236774876
-0.0507926004491
-0.0229680314233
-0.0734979985179
-0.055492783218
-0.0445289355761
-0.060045291002
-0.0581359731391
-0.0370342372763
-0.0577553751271
-0.0538315847175
-0.057402812766
-0.0514829107911
-0.0392661701375
-0.047663773813
-0.0355362490341
-0.0829801136512
-0.0535885724498
-0.0405435823636
-0.00727845342014
-0.0108129121534
-0.0470922678792
-0.00589885612628
-0.0728021511448
-0.00170903608528
-0.0050169902491
-0.0362617451765
-0.00962748264761
-0.0410759637167
-0.0555038950736
-0.0616961643133
-0.0516294555283
-0.0040087161389
-0.0381008704873
-0.0445765544335
-0.0754619746442
-0.0689532898119
-0.00381129295397
0.000134260936292
-0.074144806998
-0.0457577741041
-0.0494968750132
-0.0505324523046
-0.0396031832564
-0.0383246556628
0.000357717609926
-0.0112092414366
-0.0389229335784
-0.0632320976558
-0.0477824260247
-0.0036248116911
-0.00563493965547
-0.0745993150858
-0.0480182073066
-0.00394449482255
-0.0407582197285
-0.0742711468744
-0.0717171579152
-0.0736363609894
-0.0439296714352
-0.0559240633709
-0.0590266426225
-0.0448380348404
-0.0496677488206
-0.00895630492262
-0.0166535983354
-0.0615661951539
-0.0312309527526
-0.000647234067727
-0.0461843946293
-0.0417206389573
-0.0768352403332
-0.00027159730758
-0.0428998265059
-0.0428504959528
-0.0556501284228
-0.0734564497151
-0.0675491248979
-0.0414561362859
-0.062323689238
-0.072037093638
-0.0222480397339
-0.0104472152508
-0.00903572731322
-0.0568656025866
-0.0566570011553
-0.0649991052706
-0.0655795803777
-0.0772826415622
-0.0609219721807
-0.0659266371711
-0.00697640495347
-0.0754976187927
-0.0422188923633
-0.0217453594824
-0.0513092594816
-0.0508110166986
-0.0440195629996
-0.062126506844
-0.035842112908
-0.0455600687261
-0.00608704756884
-0.0461343153695
-0.0558990436488
-0.0462444281683
-0.0818925838359
-0.0771726862091
-0.0452175492671
-0.0479851177091
-0.0449633572919
-0.0752493741589
-0.0439195424078
-0.0816344353629
-0.0427084318901
-0.0640434011509
-0.0609634375028
-0.0593987172242
-0.00729343446477
-0.0774714905094
-0.0257334008073
-0.0438005873395
-0.000679819379839
-0.0362351160921
-0.0714660568415
-0.0691066951923
-0.0696710484788
-0.0469284522594
-0.0772342610956
-0.0730385900399
-0.00222381795887
-0.051976648963
-0.0712195656604
-0.00682136980802
-0.0418141548122
-0.0262564655691
-0.0415906216324
-0.0297297515722
-0.0309739834483
-0.0451139740494
-0.048005731197
-0.0452650344476
-0.0405962330699
-0.0345007914822
-0.0317286524712
-0.0275889645903
-0.0644711247599
-0.0297010659946
-0.0745927782282
-0.0707307158304
-0.0771713856113
-0.0659245102264
-0.039004966364
-0.0776500851677
-0.0604737936652
-0.0770543244607
-0.0699687806709
-0.0347795968215
-0.0545764414575
-0.0096610756262
-0.0594266146461
-0.0763265040098
-0.0772166120581
-0.0367212447214
-0.0138332991937
-0.056639922558
-0.0483315782602
-0.0519349368386
-0.0115473667467
-0.00114363846772
-0.0485824645498
-0.0255780471345
-0.0764895216097
-0.0262544133717
-0.0184193236385
-0.0481091111277
-0.0185472149636
-0.0222234775436
-0.0197359371625
-0.0384042590209
-0.0178167722806
0.000384838265776
-0.0195855429877
-0.0311416082588
-0.0169989048055
-0.0304526387181
-0.0266469673236
-0.0221075707187
-0.0274841473975
-0.0235251080889
-0.024497291664
-0.0245281466715
-0.0229740392655
-0.0233801090005
-0.0256704520641
-0.0558088427971
-0.0213255891543
-0.053688179865
-0.01828824307
-0.0136082534062
-0.023118248332
-0.0209196551126
-0.0165429211747
-0.0239930876824
-0.0160539648879
-0.0157422184786
-0.0134717185926
-0.0121218891636
-0.00844713157795
-0.00923266078451
-0.0105949496954
-0.0185331233013
-0.00482450605663
-0.00589178168074
-0.0393904085574
-0.0240509126816
-0.00231733824506
0.000338292116349
-0.0216183434868
-0.052627392559
-0.0492276182858
-0.0341639781797
-0.0279965814084
-0.0519009596446
-0.0536144525419
-0.0264299238904
-0.0139532881307
0.00737743870523
0.00489070556776
-0.000459182097917
0.00270401473345
0.00685681929137
-0.00109977272748
-0.0602705522965
-0.0456286710967
-0.00144221335422
-0.0169537829474
-0.0244378285414
-0.0482265012373
-0.0159547813919
-0.0211765873069
-0.000747465703209
-0.0286021665674
-0.0271162210435
0.00212201069458
-0.043354556481
-0.0544275508288
-0.0368296725644
-0.0393658810309
-0.0294440409983
-0.0318958493785
-0.0457921749094
-0.0321859361827
-0.0243760530172
-0.0376237442332
-0.0464250779236
-0.0150019243193
-0.00517566836259
-0.0475555757352
-0.00181234862153
-0.00671345691796
-0.0209782779946
0.00360551023797
0.00559378989463
-0.0407140683134
-0.0584821578152
-0.0574973797429
-0.0514117002197
-0.0350814266096
-0.0303630315698
-0.0428131096537
-0.0373120551295
-0.0528272850474
-0.0096608596301
-0.0572337700276
-0.0280678392741
-0.041666175232
-0.0555573304342
-0.0579024761432
-0.0616094140653
-0.0139859514076
-0.00914240368438
-0.0203258053467
-0.0136246520665
-0.0106551281628
-0.00898480879231
-0.0544358672183
-0.00437884279433
-0.00184873444457
-0.0450046000997
-0.0395540185568
-0.045252345401
-0.0506639192584
-0.0497733979141
-0.0390393188898
-0.00433483628809
-0.0502866572517
-0.0161739291337
-0.0308594731274
-0.0302966829091
-0.0137395645349
0.00166379298112
0.00633781558219
0.000675730805432
0.000361737746728
-0.00874775781686
-0.0603541237134
-0.00142087800927
-0.0281958890124
-0.0284393083596
-0.0174710354477
-0.0197262147115
-0.00606400481802
-0.0383809435869
-0.00560230793843
-0.0250742450612
-0.0130612048827
-0.0056912160959
-0.00164496386767
-0.00056409108514
-0.0297372081212
-0.0119584699128
-0.0208361403807
-0.00186896695962
-0.0139807911957
-0.0098512386592
-0.0238171866331
-0.0421601034804
-0.0134606227122
-0.0324840956965
-0.0336803212637
-0.032567289346
-0.0255929381557
-0.00138849289596
0.00480324372376
0.00552894747364
-0.00250827000415
0.00960484780356
0.00511885701805
-3.76725845233e-05
-0.000400413245164
-0.00166239958476
-0.00652263058634
-0.022691171201
-0.0437041588452
-0.0118170111252
-0.0165826845591
-0.0524316879424
-0.0284204926712
-0.00332204834653
-0.0296016681959
-0.0455505511051
-0.0160649023327
-0.0276494461072
-0.0264042106699
-0.042140150422
-0.0261329062418
-0.0340964172469
-0.0341682633718
-0.0365949352634
-0.0341235246862
-0.0493235566517
-0.0547278841754
-0.0022500790613
-0.0290279994813
-0.0089843686353
-0.00947211491054
-0.0244964147939
-0.00754535284238
0.00375703814453
-0.0484558383762
-0.0600767608547
-0.0481152663792
-0.0334742234837
-0.0262296523927
-0.0420828578063
-0.0165715929156
-0.0554037691697
-0.0295117715672
-0.056481543239
-0.0435232034015
-0.000714896668841
-0.056941714157
-0.0281311658839
-0.0594788439767
0.00173405567923
-0.0623803757907
-0.0523763265381
-0.0495799258107
-0.0519696492926
-0.05495794577
-0.0404845513279
-0.0448991996621
-0.0135454940431
-0.0139675167378
-0.0136952227878
-0.0157544613784
-0.0127238401874
-0.0108601944302
-0.0473667618935
-0.0028772494832
-0.0198485701312
-0.040090544125
-0.0350626316568
-0.0203796587298
-0.00881055644466
3.8923994283e-05
-0.0443177054333
-0.0205072892105
-0.0522353861966
-0.0112615325362
-0.0292165090559
-0.0234303795916
-0.0170971936239
-0.0472002129398
-0.0160670545557
-0.0124916870634
-0.0346871626061
-0.0561476393619
-0.00320262654795
-0.0034278498016
-0.0234469247016
-0.0287221030627
-0.0309067983963
-0.0150110282243
-0.0220442585724
-0.0102601194367
-0.0286773132277
-0.00198086483053
-0.02537156473
-0.0268266372411
-0.0146759965305
0.00299488148647
-0.0484128236168
-0.0492564093359
-0.0143905367687
-0.0180511439129
-0.0258353853792
-0.00538402660754
-0.0216961936325
-0.00154757695959
-0.00152115866897
-0.00278889391198
-0.036097207465
-0.0294739989475
-0.0174478042276
-0.0564203101214
-0.0448546890707
-0.00130113375804
-0.0198020740717
-0.0267015160708
-0.0374680868691
-0.0294020348152
-0.0152776073977
0.00254950450528
-8.91764767611e-05
0.00157395267148
0.00745942968366
-0.0516799537499
-0.0301264721622
-0.0273469918623
-0.0359530378205
-0.06028835522
-0.0234482893176
-0.0226129501126
0.00751188214628
-0.000392932058272
0.00202182389768
-0.00013376958364
-0.00741542357816
-0.0297764809505
-0.0493925818474
-0.00792905120579
-0.0475020296531
-0.0499576947318
-0.0186088289515
-0.0253174493337
-0.0114839818206
-0.0479161366659
-0.0475270749919
-0.0472755302991
-0.0260062679556
-0.00732992706901
-0.010179835013
-0.00758609152761
-0.0121212976757
-0.0104369195958
-0.0497089384256
-0.0353986207145
-0.0510316420862
-0.0530391905207
-0.051948281852
-0.0430400223963
-0.0263338166616
-0.0101630493113
0.00183032908041
-0.0546296674293
-0.0517392997822
0.00671700322241
-0.0178343476262
-0.0126257449014
-0.0213740677633
-0.000468953972648
-0.000136834421118
0.000707645595587
0.00699814985132
-0.0174137025528
-0.0524962666877
-0.0485676050068
-0.0377035049401
-0.0313762570086
-0.0172566903963
-0.0579004657642
0.00221569849274
0.0040198758307
-0.00600879580812
-0.0249012094754
-0.0451007273944
-0.0426809333499
0.00255915489517
0.000754810241049
-0.0413971600551
-0.0356659839214
0.00810731800705
0.00790301300165
-0.0199038740967
-0.00821809404678
-0.0261445590745
-0.0270288077461
-0.0246134152396
-0.00300339821491
0.013891525347
-0.00506194982268
-0.0468196125036
-0.041318202794
-0.0023410043812
-0.000604766390203
-0.0336675927006
-0.0323336035915
0.00618849770016
0.00295116230468
-0.0148899749053
-0.018085046198
-0.0284050782204
-0.0300823496504
-0.0238026739049
-0.0172740245766
-0.0270606639499
-0.0173655645641
)
;

boundaryField
{
    bottomWall
    {
        type            zeroGradient;
    }
    leftWall
    {
        type            zeroGradient;
    }
    rightWall
    {
        type            zeroGradient;
    }
    movingTop
    {
        type            zeroGradient;
    }
    front
    {
        type            empty;
    }
    back
    {
        type            empty;
    }
}


// ************************************************************************* //
