/*--------------------------------*- C++ -*----------------------------------*\
  =========                 |
  \\      /  F ield         | OpenFOAM: The Open Source CFD Toolbox
   \\    /   O peration     | Website:  https://openfoam.org
    \\  /    A nd           | Version:  14
     \\/     M anipulation  |
\*---------------------------------------------------------------------------*/
FoamFile
{
    format      ascii;
    class       surfaceScalarField;
    location    "27.00000000001";
    object      phi;
}
// * * * * * * * * * * * * * * * * * * * * * * * * * * * * * * * * * * * * * //

dimensions      [0 3 -1 0 0 0 0];

internalField   nonuniform List<scalar> 
4035
(
-6.35091587413e-06
-1.91800640366e-05
2.55309793952e-05
-4.88946859107e-06
4.0888704682e-05
-4.23501520222e-05
-2.40695326326e-05
6.64196840731e-05
-6.64196846804e-05
0.000799658406597
-0.000128671888656
-0.00067098651796
8.76736415604e-06
0.000160368731634
-0.000169136095762
-0.0005066616152
5.23391515834e-05
0.000454322463731
-0.000779126495719
0.000339202861224
0.000773239059741
-0.000333315425304
0.000379994341787
-0.00109503106916
-0.000334336715428
0.0010493734429
0.000237914783593
-5.46073292453e-05
-0.000269092078665
8.57846243074e-05
-0.000200657503709
-0.000654844892763
0.00059969866316
0.000255803733193
0.000951936719595
-0.000667187131364
9.52447536479e-05
8.88756538456e-06
-0.000818038210188
0.000807130336254
2.02030850078e-06
2.46738826542e-05
-0.000944158977743
0.000757953082455
0.000161532012695
0.000789381796394
0.000468127655216
-0.000972507560958
-0.000285001890692
0.000495895925662
-0.000618922015093
-7.76314143548e-05
-0.000267496403139
-0.000515872684769
0.00055607044976
0.000227298638103
0.000516300328373
-0.000597550251693
0.000290864847906
-0.000209614924726
0.000222299686907
-0.00013420145491
0.000149816551583
0.000527784764639
-0.000666329329053
-4.583996509e-05
0.000486444840615
0.000840998330628
-0.00045171829557
-0.000343282922163
-0.000376219750172
-0.00097519390229
0.000220741289305
0.000126518692236
-0.000505927657275
0.000468910768357
1.04700452589e-05
1.46245036482e-06
5.44871884451e-05
5.04147044754e-05
0.000243869518439
-8.76916791796e-05
1.22681801596e-05
-0.000168446019457
-0.000302272266478
0.000546141784907
0.000157896194575
0.000114818196803
-0.000279759532919
0.000232797616476
0.000134296434103
-6.63385513588e-05
-0.000259886750884
0.00038936368324
-0.000447503807504
-0.000244132142237
-4.25841829669e-06
4.25841828072e-06
4.7500417383e-06
8.54364878039e-06
-1.75521088555e-05
9.00846001221e-06
-7.01395704141e-05
-8.76916792566e-05
0.000178807287191
-0.000660090310176
0.000481283022947
-0.00021127946278
-4.58562698211e-05
0.000257135732555
9.90544151768e-05
-0.000671244257113
0.000572189841905
0.00065224401141
-0.000292839394101
-0.00065406706836
0.000294662451034
-0.000564057828068
0.000580693799765
0.000192769013923
-0.000209404985606
-0.000999078293836
4.99338024265e-05
0.000385086663323
0.000613195734182
0.000468682483462
-0.000501184417917
0.000311612612949
-0.000295435212355
7.75219456335e-05
-9.3699346278e-05
-0.000297030106111
0.000397363256261
0.00028411344687
0.000507889574492
-0.00027080904525
-0.000932267471486
0.00020399822288
-0.000825363682557
0.000614013500349
-5.94588630222e-05
0.000699641426679
-0.00066497782169
1.527019745e-05
-2.09553613617e-05
0.000785055836725
-0.000641719622875
-0.000122380852467
-6.1793961662e-05
-0.00097521037013
0.000849222721783
0.000187781610042
-0.000433655832419
0.000552211460082
7.42133863098e-05
0.000475889164779
-0.000543567937344
-0.000229351333565
0.00062966753179
-0.000304226255289
0.000143241207033
-0.000237830013257
0.000115868552234
-0.000173473751343
-0.000776188064785
3.16656757843e-05
-0.000462942915107
-1.4576831343e-05
0.000415725784744
0.000787833235379
-0.000156544585354
-4.53798209308e-05
0.000302453554697
0.000570653109913
-0.000466129247779
0.000287876723323
-1.6224753596e-05
-3.79673892235e-06
-4.63981921947e-05
-7.82584240916e-05
-0.000543479953555
0.000625585776717
-0.000190041369552
0.000107935546335
0.000160122554519
-0.00017612270402
-0.000139965733337
0.000240133790071
-0.000230373873075
-8.56876667622e-05
5.65806086522e-05
0.000162346736149
-0.000450793663823
0.000455002067406
0.000155914150951
0.00242597584565
-1.95557283788e-05
-0.0024064201171
0.000223870583744
0.000474312418806
-0.000698183002414
-0.00142866543966
8.04781022968e-05
0.0013481873376
-0.00128530117364
0.000594585857496
0.00116731502267
-0.000476599706578
0.000532364317906
-0.00162959755835
-0.000655740165892
0.00175297340647
0.000664340168305
-0.000182273094328
-0.000780806751471
0.000298739677556
-7.86878179821e-05
-0.00102487036392
0.000702943801032
0.000400614380814
0.00118167441966
0.00010372757971
-0.000753037681393
-4.98024095651e-05
-0.000872047941963
4.17398563115e-05
0.000880110495137
1.83882516194e-05
-0.00120491627196
0.000192947726296
0.000993580294146
0.00113990220471
0.000144423973451
-9.11671382128e-05
-0.00119315903989
0.000505462053472
9.90906039272e-06
-0.000594058931927
-0.000553134144281
-0.000904822810545
0.000380168113255
0.00107778884156
0.000339693425282
-0.000882124502781
-4.07944360037e-05
0.000583225513454
0.000587064901152
0.000347802633135
-0.000270527365983
0.000634885926729
-0.00132006286526
4.15974894472e-05
0.000976456166884
0.00208440560555
-0.000335657255911
-0.00100396133771
-0.000859628476922
-0.00168366884604
0.000416755924189
0.000149782662783
-0.00106676025938
0.000801717640049
-0.00018070994613
0.000138253915792
-4.52356488817e-05
0.000159627220877
0.00312406228576
-0.0038541086167
-0.000250709085144
0.00098075541595
0.000277751742888
0.000468940379141
0.000351975542261
-0.000455080712797
0.000126540810541
3.40284923053e-05
-7.78795539963e-05
0.000141895195541
-0.000114182810553
0.000985310226478
-0.00101302261151
0.00326595748136
-0.000364508268258
0.000364508268242
0.000182351879884
-0.000342016130057
-0.000204844018109
0.000546860148107
0.000283569646641
0.000625585776641
0.000218328659225
-0.00248432312975
0.00226599447113
-0.000368148270896
-0.00123628470187
0.00160443297293
-0.000105502507222
-0.0019951567059
0.00210065921332
0.000891753828235
-0.000456954634994
-0.000848574851149
0.000413775657882
-0.000652903258397
0.000846833899002
0.000128277819995
-0.000322208460568
-0.001370806656
-1.0743192401e-05
0.000728646590302
0.00106562572471
0.000531709828467
-0.000750501653594
0.000678506614178
-0.000608640353627
0.000227952698357
-0.0002978189588
-0.000399931426231
0.000710289769581
0.000800676775663
0.000483277608552
-0.000410600175797
-0.00136572545954
0.000405518979444
-0.00104490101227
-0.000107888826167
0.000742189662415
0.00084647770483
-2.124588933e-05
-0.000835975007993
-0.00011592397471
0.00107645223387
-0.00013754353179
-0.000822984727495
0.000240436839174
-0.001189552921
0.000108316427938
0.000840799654185
-0.00050562848069
2.57635361172e-05
0.000608142764524
0.000690773390725
-0.000288465513617
-0.000802239303329
0.000837497846021
0.000136064838858
-0.000441852856165
-0.000457491207171
-0.000310092542742
0.000158943396306
-0.00250617819277
-0.00100833200348
-0.00116673731315
0.000180099041137
0.00122707511141
0.00126564396545
-0.000489814111821
-0.000205584001349
0.00189993393367
0.000880537844789
-0.00062720271009
0.00208003297482
0.000978738466113
-0.000275587977184
-7.75647122424e-05
-0.00305901719758
0.00385410861665
-1.57609155081e-05
-0.000779330503611
-0.000327412496157
0.000248090888658
-0.000315309893461
-0.000469593809864
-0.000285892820194
0.000349463500781
-0.000174032779804
1.86407635592e-05
0.000131222533587
0.000109985697198
-0.000709671159653
0.000847776351084
-0.00105129630994
0.00105129631004
0.000630267419037
0.000255874441283
-0.00193743817026
0.00168156372904
-0.00191667044638
-0.000756369020773
8.91818894296e-05
5.07613154851e-05
-0.000338079499653
0.000203878044724
0.000217990950097
-0.000478131660766
-0.000140790354377
-0.000187266812885
-7.05527329641e-05
7.2015183322e-05
8.73434616041e-05
0.000541086709594
0.000232152350105
0.000261327176675
0.000569765622255
0.000188187460169
0.000236450196934
-0.000676597905303
-0.000295909655683
-0.000287234222071
0.000208761844041
-0.000196493663899
-0.000238741963467
0.000658065267961
-4.40517675741e-05
-6.91255371152e-06
0.000321908677503
-0.000206040125286
-0.000221659259845
0.000445646766144
0.000106564693993
0.000141420510876
7.45373942812e-05
-7.83341332128e-05
-0.000101585309741
-0.000466012725854
-0.000188054342504
-0.000225878935785
-0.00048608657575
-0.000155633047103
-0.00019142412471
0.00066236218736
0.000186860534466
0.000211568523542
-0.000323951617018
0.000133910247459
0.000131050450384
0.000858263455719
-0.000295821429444
-0.000562442026261
-0.000657856430828
0.000541452791356
0.000116403639464
-6.39856199635e-05
0.000177377768819
-0.000113392148883
-0.000781229652014
0.000266055775878
0.000515173876178
-1.71147998811e-06
-0.000317409708538
0.000319121188511
-0.000102589931126
0.000392089204792
-0.000289499273694
-0.000469811000455
0.000367221069313
0.000770594046119
-0.000240279681023
-0.000530314365115
0.000206837983122
-0.000603813032381
0.00039697504933
-0.000758798780456
0.000656447280798
0.000102351499635
-0.000759049008044
-2.21806440451e-05
0.00074624197458
0.000112021481138
-0.000192231601306
0.000128245981331
0.000335828922144
-0.000337540402143
-0.000623402360045
0.000278146595383
0.000345255764651
0.000753199866098
-0.000697379431111
-5.58204349107e-05
0.000534043970196
0.000219155895946
0.0010510647392
-0.000637734736048
-0.000413330003182
0.000740801354017
0.000310263385166
0.000988645900495
-0.000535688140093
-0.000452957760385
0.000350911164438
0.000957172768725
-0.000424540559142
-0.00053263220961
0.000598051541591
0.000359121227113
-0.000622774562043
1.93416888869e-05
0.000603432873148
-0.0008571714177
0.000510454096292
0.000346717321384
-0.000234171650861
0.000441009634047
0.000118772621619
-0.000469477967717
0.000350705346225
0.000331372656047
-0.00068917515708
0.000357802501006
-0.000781444968686
0.000847947582976
-6.65026143727e-05
0.00075623898263
-0.000831838370176
7.55993875216e-05
-0.000298730761337
0.000302277188151
-3.54642685438e-06
-0.000144499639688
-0.000478902720365
-0.000111494742725
-0.000492318289624
7.60065268511e-05
-0.000698781088899
-0.000464745823598
-0.000193110607233
-0.000121670631104
-0.000659774337638
0.000515548387744
2.59044035979e-05
-0.000235069882011
-0.000523728898459
0.000650874598696
0.000119719447394
-6.16430810276e-06
0.000604215849671
0.000485420075826
-0.000491584383944
0.000307594698181
-0.000692745391082
0.000385150692881
0.000735485108273
-0.00042789041009
-0.000136093848002
0.000699954634048
-0.000563860786076
0.000604707506002
-0.000401843438819
-0.000295535992224
0.000249319723714
-0.000651163162499
-0.000562092281199
0.000523331649619
3.87606315559e-05
-0.000594888037563
0.000405670026889
0.000189218010682
0.000389758597722
0.000215570649837
-0.000605329247558
-0.000790758580644
9.8013189594e-05
-0.000256714610484
0.000885929005078
-0.000150443896823
0.000350240864999
0.000571182033894
5.23049676517e-05
-0.000623487001555
0.000976044112966
-0.000276089478933
0.000551503553812
0.000752531390367
-0.000267111314564
-0.000448599867326
-0.000146288170228
0.00016551583304
-0.00061411570036
0.000422298287286
0.00015078326048
-0.000573081547743
0.000286184800819
0.000244089145239
-0.000530273946064
-0.000275907480378
0.000591454606378
-0.000201696008644
0.000559290337841
-3.5958688266e-05
0.000571297113048
-0.000165627086157
0.000647945880101
-7.67638462116e-05
0.000606177278792
-0.000183878991488
0.000380778347931
-0.000262005726287
0.000282720389903
-0.000289081868974
-0.000568089548744
0.000201808875955
0.000511978125286
-0.000713787001235
-0.000412406722746
0.000678462498692
-0.000632044155311
0.000391764474258
-0.00024049423094
0.000571866886978
-0.000290415571008
-8.315190396e-06
0.000195899952117
0.000560339030515
2.44031254747e-05
0.000391148496926
-0.000686969926378
0.000574175532454
0.000273772050507
-0.000558029112244
-0.00027380925795
-0.000172354974829
-0.000516820182264
-0.000410955754099
8.66454330036e-05
0.000324310321031
-0.000169073987363
0.000679528083639
-0.000378031048647
-0.000208433823273
0.00058646487191
-6.15039270053e-05
-0.000647886854473
0.000709390781411
3.83097858915e-05
0.000659605367003
-0.000697915152958
-2.06569420428e-05
0.000459499537314
-0.000438842595222
-0.00063354495735
0.000846331510542
-0.000212786553184
-1.94362718497e-05
-0.000391519482175
3.92014989114e-05
0.000573861877732
-0.000613063376656
-0.000445404134712
0.000371954573993
-0.000392611516012
0.000569396650672
-0.000367587774718
0.000550386023476
-0.000272239428105
-0.000612485318346
-0.000146563689692
0.00061953303925
0.00012670893532
-0.000405707668973
8.82979604192e-05
0.000373882159244
1.82070455358e-05
0.000340464477058
9.58281749058e-05
-0.000436292651981
-0.000264108082168
6.22072915959e-06
0.000257887352991
0.000619459345716
-0.000416721465004
-0.000202737880742
0.000439925678734
0.000179533666979
0.000202364107166
9.99130809226e-05
0.000177900370903
-5.22602101577e-07
0.000515798028321
-0.000175333551271
-0.000493022074313
0.00053222357322
5.87831681691e-05
-0.000692328125489
-0.000632701602961
0.000615313514048
1.73880888982e-05
0.000654367738453
-0.000624379760317
-2.998797814e-05
-0.000703649618524
-0.000782731664665
0.000633159331607
0.000149572333023
-0.000142626683111
-0.000490074919857
0.000162264078307
0.000492103660135
-0.000258261026799
-0.000524470637882
-0.000225667358688
-0.000533351753939
0.000759019112619
0.00041388410015
0.000432447410412
-0.000399103464301
0.000379667192439
-0.000337175712405
7.30676302263e-05
-0.000186010872153
0.000431657097043
0.000431871581162
-0.00066694146319
-0.000493513699047
-0.000151391560556
0.000644905259672
5.93551493627e-05
0.000591519449325
0.00053393521572
-0.000655605846842
-4.83981180347e-05
0.000385938883221
0.000140216867991
-0.000526155751168
-0.000203770138046
4.3888114738e-05
-0.000537401813734
0.000270844352351
0.000280399482307
-0.000551243834663
-0.000311140093397
-0.000274331671775
0.000585471765155
-0.000571262437563
0.000260122344161
-0.000525910721574
6.08339874657e-05
0.000465076734118
-0.000348830520077
-2.37650616805e-05
0.000372595581766
-0.000296901009388
-3.79692197013e-05
0.000334870229098
-0.000240510624369
-5.03899216182e-05
0.000290900545994
-6.96939516926e-05
-0.000447126230583
-0.000553294404203
4.70379561074e-05
0.000506256448103
-0.000177006267952
-6.0500760834e-05
0.00023750702879
0.000500004985722
0.000164763005031
-0.000664767990711
-0.000522304766857
-3.09896373386e-05
0.000186742892937
-0.000112681592101
-7.40613008377e-05
-0.000300418085214
-0.00046245176462
0.000413348946021
4.91028186078e-05
0.000689667793924
-0.000603279256378
-8.63885376733e-05
-0.000715817741127
0.000412906659447
0.000302911081663
-0.00010462344699
-6.74007407129e-05
0.000172024187705
0.000626781916213
-0.00042634675821
-0.000200435158022
0.000162648493269
-0.000222256250858
5.96077575856e-05
-0.000115930945024
-0.000228723037095
0.000344653982143
8.23857712297e-05
-0.000104695675491
2.23099042677e-05
-2.30670199425e-05
-7.01722103056e-05
9.32392302483e-05
-6.6052431465e-05
0.000225981684474
-0.000159929252993
-3.33588996905e-05
-0.000235731876142
0.000269090775858
0.000200498611078
-0.000233857510762
1.12678557138e-05
-0.000621401216894
0.000610133361202
0.000618675490964
-0.000720671926042
0.000101996435075
-0.000262069468536
0.000700922026243
-0.000438852557705
-0.000244160699579
6.090453808e-05
0.000183256161512
3.17466187576e-05
-0.000380577138828
-4.42984392122e-05
-0.00072272445407
0.000767022893187
-0.000478872765463
-0.000322514674115
-0.000393303067029
0.00070335511759
-0.000292021450635
-0.000411333666953
4.66818311723e-05
-0.000343582840555
0.000441285649056
-0.000618191495585
0.000629459351307
-0.000590294802119
0.000239539258153
0.000350755543963
6.00891011342e-05
-0.0003005997255
0.000184937204486
0.00019087143981
-0.00037580864428
-0.000573689586415
0.00041907589105
0.000154613695358
-0.000704072776876
-0.00022405918353
0.00040899638802
0.000124424352913
-0.000124770711782
3.46358879882e-07
0.000605249353995
-0.000373899008039
-0.000231350345965
0.000396819438187
0.000208429915804
7.73006715914e-05
5.08509964424e-06
0.000389138161675
-0.000130924668495
-0.000258213493166
0.000679596304591
-0.000582458630139
-9.71376745387e-05
0.000613897806184
6.56984983224e-05
1.75585319194e-05
6.98720174545e-05
-8.74305493606e-05
-0.000629058489636
0.000131888409754
0.000497170079867
-0.000256988654377
-0.000333306147748
7.66346686313e-05
8.58988403603e-05
-0.000162533508976
-0.000278384104061
0.00035365691216
-7.52728081176e-05
7.1629817136e-05
-0.000248636085086
-0.000158774666358
-0.000470283823289
0.000107209163658
0.000564511203726
-0.000634205155429
-0.000529831718208
0.000419956797287
0.000109874920958
-5.28611378889e-06
-0.000612905381781
0.000381141980078
-0.000134939941205
-0.000246202038868
-0.00039515379403
9.11260547364e-05
0.0003040277393
-0.000115399841747
-1.90871280579e-05
0.000134486969816
-3.82346276309e-05
-0.000424217136982
-0.000102925849631
0.000179560518269
-0.000610799211539
0.000605513097758
0.000237765617579
-0.000117806804581
-0.000119958812996
0.000113000016626
0.000268141963456
0.000343380210261
-0.000148588700723
-0.000194791509535
-0.000282153777402
-9.54980551825e-05
0.000504379274662
-0.000408881219503
8.07317007338e-05
-0.000185355147722
3.66119446699e-05
-0.000105156300979
6.85443563279e-05
0.000298453284258
-0.000160892527575
-0.000137560756683
0.000139871977911
0.000158581306347
0.000127082267565
0.000216297942698
-2.02436024688e-05
0.000144667955388
7.96349912416e-05
-0.000641368608598
0.000561733617363
-0.000277390034259
0.000116497506684
-0.000182275660438
-9.51143738187e-05
0.000468007249846
-0.000662172907403
8.475703174e-05
0.000577415875655
-0.000176870148231
0.000288117809452
0.000171442322436
-0.000459560131903
-0.000551189130452
-0.000110983776941
0.000203275476699
-0.00016407080265
-3.92046740471e-05
-9.78413098219e-05
0.000671233069814
-0.000520291616922
-0.000150941452877
-2.8940640378e-05
0.000191589133653
0.000171827860723
-0.000218285684828
4.64578241066e-05
0.000296311109663
0.000398532777236
-0.000694843886886
-8.51840825887e-05
-0.000137072168268
0.000410290530085
-0.000536386724131
0.000126096194073
0.000120043939372
0.000712386615829
-0.000623204726369
-0.000644630809751
0.000600579042193
-0.00075081130171
0.000684180342961
6.66309585015e-05
0.000798008384205
-0.00072819817669
-6.98102074807e-05
0.000209165171735
-8.66656064862e-06
-0.000290578161351
5.48462852255e-05
-0.000690430135841
0.000189870028155
0.000500560107689
-0.000469255701059
-0.000221174434776
-0.000258116293373
0.00051823863752
0.000234112820339
0.000491763914206
-0.000725876734571
0.00010155881035
0.000418846465748
-0.000130728656309
0.000266437653571
-0.000382209276509
0.000115771622964
0.000179618034079
-0.000366087617634
0.000186469583537
0.00067793939706
-0.000488069368892
-0.000256820660244
9.63118589915e-05
0.000160508801273
0.000231666325186
0.000147473876448
-0.000166561004498
0.000157647780157
0.000399279883368
-0.000132842229798
0.000226089634894
-0.00048420592828
-0.00028856303148
-9.36462450211e-05
-3.49955278381e-05
-0.000364334968726
7.57719372575e-05
0.000114914948687
-0.000248402689335
0.00018235025788
-0.000131464953144
-0.000125355707087
9.45167313349e-05
-0.000583993101622
0.000354236820841
0.000229756280832
-0.000421147426686
0.00019708824316
0.00020837841453
0.000122510785031
0.000154370996265
0.000244908887116
-0.000300509662137
0.000254112660894
4.63970012422e-05
0.00019426630236
-0.000310197247369
-0.000502650051466
7.00194609755e-05
0.000432630590475
-5.51240564233e-05
-4.95716190615e-05
0.00075688806388
-0.000522775243605
0.000167366281068
-0.00064730166787
0.000479935386825
0.000669436806457
-0.000749878841284
2.71543871173e-05
-0.000628313770589
0.000226993599021
0.000276438353584
-0.000503431952612
0.000345521860584
0.000117484959151
-0.000463006819726
0.000230820260005
0.000158317901683
0.000203315601447
0.000254844480672
-0.000458160082117
0.000771169784018
-0.000643602138233
0.000614860379228
0.000183148004972
8.64870866646e-05
-0.000109554106605
0.000403743751536
-0.000695765202171
0.000650218787223
-0.000565461755488
0.000637503600372
-0.000388096599711
-0.000249407000668
0.000211156842159
0.000490602885236
-0.00014508102465
0.000269276361163
0.000380739497359
-0.00065001585852
-0.00019393612799
0.000518073857221
-0.000324137729226
0.000673020112699
0.00062027875551
0.000135878377624
-0.00069595428181
0.000560075904206
-0.000229196079762
-7.13135823777e-05
-0.000751490964447
0.000718587959001
-0.000133733018553
-0.00061775794602
4.83306404828e-05
0.000572109057006
-0.000620439697484
0.000619854414035
9.87335450835e-05
-0.00036826411687
0.000664575226539
0.000866414537701
0.000606917317625
0.000259497220119
0.000139758562561
9.80070550313e-05
-0.000303385444924
0.000530379043942
0.000667371266793
-4.57980710712e-05
-5.93582298967e-05
-0.000590759924201
-5.38708855533e-05
0.000231946792707
-0.000366886733911
-0.000220732654208
-0.000137606398686
0.000442670298886
-0.00030506390018
0.000210143667212
-0.000454275809461
-0.000282929462272
0.000438843613222
0.000332687995528
-0.000526624123521
0.000588978452511
-0.000358425147573
-0.000230553304949
-0.000560374099304
0.000674692747162
-0.000261786087724
2.77347283958e-05
-0.000640640110154
-0.000649695565954
0.000261598966244
-0.000754287142071
0.000613496787687
0.000640899931354
-0.000534335237313
-2.91907680146e-06
0.000229631728276
-0.000226712651473
0.000409630376904
-0.000318504322165
6.36636246554e-05
0.000139611852053
7.21725744531e-05
-0.000254448234891
-0.000350523501725
0.000560667168919
-0.000184314405115
0.000725498823781
-0.000663188259026
-6.23105647971e-05
0.000698803647285
-0.00069902223331
2.18586030904e-07
0.000177828835726
-0.000326417536448
0.000649501794088
-0.00051362341634
-0.00035675182942
0.000181876162603
0.000174875666821
-0.000235037167249
-0.000400407428021
-0.000129424290178
0.000405297060918
-0.000375419531235
-2.98775296639e-05
-0.000241641893202
0.0002387228164
-0.00045281382038
0.000315207421705
-5.272143672e-05
-0.000311613531997
-1.1765577089e-05
0.000655182472318
-0.000643416895235
0.000334842692653
-0.000358607754326
0.000444209334167
-0.000334223637005
-0.000369703557156
0.000255520746668
0.000244000435176
0.000270560194228
-0.000401484862711
2.54421276216e-05
0.000204189600654
-0.000192843557205
-2.84739163081e-05
0.000662456497578
-0.00063398258127
0.000219557216917
-0.000561917396364
0.000342360179444
0.000569621250986
-0.000153711352159
-0.000505881156963
0.000317700813637
0.000359029060273
5.01591389252e-05
0.000648644508373
-0.00041071533712
-9.19347143563e-05
0.000627976806378
-2.0479185704e-05
-0.000607497620662
0.000225529632694
-0.000273743934425
4.82143017148e-05
0.000280660548196
-0.000318629767891
2.11150736745e-05
-0.000262756966879
-0.000591974938107
-0.000103979343623
-0.000202380833153
-0.000152587916226
3.99063241262e-05
-9.017497072e-05
-0.000587598227662
0.000237074725924
0.000552245212445
0.000669616715408
-0.0006813822925
0.000220567767778
-0.000270957689391
0.000161670508127
0.000280999790774
0.000617334574672
-0.000567175435728
0.000191027450375
0.000397951002122
-9.8939081759e-05
-0.000254666774908
0.000353605856673
-0.000608988907717
-5.37648166783e-05
0.000662753724399
-0.00036462435519
0.000242379441641
0.00012224491355
4.62320800973e-05
0.000697972977107
-0.000351255655732
-8.47871028421e-06
-0.000400125970351
0.000408604680647
0.000785210842565
-0.000500505012962
-0.000284705829611
0.000521303384318
0.000263907458234
0.00050350720761
-0.000442673220139
0.000275227734569
0.000285945586764
-0.000384884668525
1.8987898667e-05
-0.000220301784525
-0.000289899877043
0.000510201661576
0.000362241346399
-0.000568304185095
0.000206062838693
0.000323085328558
-0.00036075058621
3.76652576606e-05
-0.000353525911545
-0.000296169654406
-0.000203806445973
-0.000658553568766
0.000638074383027
0.00043223070236
0.000641142799099
0.000297772072693
0.000335835920741
-1.27505921801e-05
-0.000522002834207
0.000239073371941
0.000412971086402
-0.000396211491569
0.000541097355311
-0.000718651617558
0.000625403558651
-0.000574351392317
0.000732390168331
-0.0001580387761
0.000152240953541
-0.000212741714371
0.000439063628297
-0.000623176593858
0.000184112965544
-0.000151506121145
0.00067589569331
-0.00052438957217
1.4747961035e-05
-0.000216237909282
-0.000148386445912
-0.000696894738252
0.000545388617106
0.00074577700381
-0.000618338058631
0.000660077914934
0.000310434310665
0.00023066304466
0.000696399613474
-0.000737012274926
0.000132371498618
-0.000361094535701
0.000753582765206
-0.000232279380889
0.000499634614811
0.000161676540587
-0.000661311155285
-0.000265151774753
-0.000377736821854
0.000642888596604
0.000815319605722
-0.00040730864801
-0.000408010957721
0.000184665891085
-0.000747107917355
0.00047584200293
-0.000607951042749
0.000132109039915
0.000560828570551
-8.49865675934e-05
0.000166465156015
0.000424084042229
-0.000515251180441
-0.000153549222138
-0.000424543486879
0.000578092709011
-0.000181547852747
0.000385425897467
-0.00017761424161
-0.000464596239309
0.00064221048091
-0.000601410364446
0.000205198872881
0.0008342381432
-0.00042126705684
-0.000652625740365
0.00059875485482
0.000135018774411
-7.52098647061e-05
0.0006353710431
-0.000385193526543
-0.00025017751656
9.6674658026e-05
-0.00032587073779
-0.00012402018241
0.000409965769175
0.0004982814517
0.000542344239571
0.000211238525626
0.000297498049354
-0.000386428753533
8.89307041913e-05
-0.000614472716603
0.000414037558573
-0.000140670766984
0.000550961297076
0.000281066012642
0.00035430503045
0.00024828213608
0.000426410611081
0.000344907745464
-9.07182471526e-06
0.000352575624205
0.000533683668827
0.000133523885723
-0.000456856601397
-8.09763502968e-05
0.000537832951541
-0.00061814546145
-0.000435671763744
0.000311651581338
0.000534736155393
-0.000110652113203
-0.00048167257772
0.000191772700691
9.83695401521e-06
0.000701282987339
-0.000302750210101
8.49153507573e-05
0.000416086283791
-0.000171177396661
-6.32525368533e-05
0.000166611737671
-0.000372651862968
0.000308256593778
-0.000661782505331
0.000542349861737
-0.000123273970694
0.000295079386374
4.36732884735e-06
-0.000299446715227
-0.000165018413882
-0.000422579813792
-0.000144173924517
-0.000223736141015
0.000432679323345
-0.000208943182314
-4.18852553304e-05
-0.000768542997367
0.000564765843953
0.000203777153433
-0.000325083564608
0.00018090964012
3.32942134724e-05
-0.000196397477048
-0.000365519919311
-0.000672102875332
0.00019235014278
0.000430181624142
7.33255834741e-05
0.000362622913555
-0.000354386381946
-8.23653159599e-06
-0.00038914751923
0.000172909609948
0.000420478916112
5.29494361659e-05
-0.000473428352277
7.46131011803e-05
-0.000142013841891
-0.000384491355946
-0.000126416508121
0.000241234704915
-0.000175719018467
-3.90966492157e-05
0.000214815667692
-0.000158049426181
-0.00061049357116
0.000479753955031
-0.000606754712148
0.000525778361802
-0.000652820849897
0.00067180874857
-0.000300377193636
0.000173960685507
0.000598554749324
-0.000443941053973
0.00046349093807
-0.000241903535684
-0.000221587402372
-0.000714454707964
0.000149280449633
0.000565174258321
-0.000334596479617
0.000615662492247
-0.000482472322269
0.000665620327241
0.000346344427984
-0.000846849440969
0.000427077061703
-0.000615131404202
0.000526869349352
-9.66877252058e-05
-0.000449888829561
0.000682041179654
0.000318632193971
0.000280728329973
-0.000599360523955
0.00013400041984
0.000464554329481
0.000267565045137
0.000144347441886
-0.000411912487016
-0.000628751950808
0.000539316729109
8.94352216773e-05
-0.000583940077784
0.000282898002372
0.000301042075395
0.000492865226612
-0.000721788358785
0.00022892313219
0.000132386150986
0.000517115643081
0.000599514568356
-0.000551183927871
-0.000360187790457
0.000397853048126
-0.000172110468394
-0.000594268886787
0.000743549336411
0.000662814233576
-0.000425739507672
0.000339054099664
6.06018971116e-05
-0.00042078968756
-0.000466797737601
0.000715079873677
0.00022514637107
-0.000512277106943
0.000287130735846
-0.000719365658695
-0.000573023288234
0.000161408756834
0.000411614531387
5.74800045781e-05
0.000604976492997
-0.000274439639925
-0.000309500437875
-4.17851000337e-05
0.000404408013584
-0.000233302241434
-0.000395449709384
-0.00033936086078
0.000730116090185
-0.000541928630015
0.00078749805868
-0.000240195768188
-0.000547302290524
0.000175205532561
0.00035438130034
-0.000529586832905
0.000320379830987
-0.00027176647202
0.000381476686445
0.000277544661611
-0.000659021348065
4.03201956972e-05
-0.000510219827352
0.000469899631651
-0.000255344003155
0.000374226305384
2.55756279171e-05
-0.000379962009859
-0.00037565447795
-0.000238818238662
-0.000245627284488
-0.000257804668126
0.000363755168175
-0.000606521221517
0.000242766053336
0.000378433082324
-0.000574830559362
0.000326060533023
-3.09811466445e-05
-0.000200828871417
-0.000188318647812
0.000808337536817
-0.000544430078605
-0.000279813449456
-0.000438743827199
0.000718557276647
-0.000609036119545
-2.39557716651e-05
0.000631009213698
-0.000607053442042
0.000374815740967
-0.000143880936998
-0.000230934803975
-0.000190327166675
-0.000443137321168
0.000261589468408
0.000262430429638
-0.00015226204218
0.000537016618285
-0.000384754576099
0.000653348562491
-0.000271871876051
0.000570254954566
0.000217243104089
-0.00011886370839
0.00039757830838
-0.000439363408411
0.000142358565516
-0.000120048661246
-0.000312908108763
0.000507135949882
-0.000194227841124
-0.000185111407449
0.000755366362005
-0.000779380294244
0.00024437320836
0.000174473257376
-0.000477842618696
0.000146857492034
0.000330985126666
-0.000120742351778
-0.000576152386476
-0.000550875919207
0.000398613877035
0.000420046321053
6.67428931038e-05
0.000532771675258
0.00017398686955
8.2273988468e-05
-0.000572999341207
0.000490725352744
0.000484628462542
-0.000334271757475
-0.000150356705074
-0.000729702279032
0.000443127266427
-0.000298779824536
0.000355351061161
0.000315345423948
-0.000670696485112
0.000171720353776
0.000229391247347
-0.000425553471419
0.000196162224069
-5.69918869193e-05
0.000196750449488
-0.000661577913894
0.000550594136953
-0.000553587550995
0.00012904406411
0.00013522350733
-0.00056953747852
0.0004343139712
0.000663607654937
-0.000465541017569
0.000504951595781
-3.94105781911e-05
-0.000751503567228
-0.000677657125607
-0.000501589497303
0.000635589917136
0.000415652411878
0.000111216937478
-0.00047743568881
0.000639112229429
0.000446518059965
-0.000531082464661
8.45644046874e-05
-7.50908065074e-06
0.000413693802818
-0.000406184722147
-9.88698843163e-05
0.000474187568344
-0.000433867372653
-0.000428577948558
-0.000144445339683
0.000637120533058
-0.000309887562001
-0.000327232971056
-0.000335328861223
-0.000124957531174
-3.0464290237e-05
0.000155421821413
-9.28681437442e-05
0.000490446452132
0.000576151824435
-0.000696894176217
0.000547350722589
0.000236864008067
0.000493252082098
-0.000134948824332
-0.000526629089559
0.00050867980337
-7.97431710305e-05
-0.000428936632332
-0.000103158019689
-0.000433228704422
0.000473864456237
-0.000483862486129
9.9980299092e-06
0.000540797759842
-0.000379389002975
-0.000673699965697
0.000686320779636
-0.000553934628597
1.3361692186e-05
0.000450662997386
8.32343867481e-06
0.000340950878651
-0.000245280951366
-0.000651471602226
0.000495838555149
0.000253094870835
-0.000396975807838
0.000400491248408
-0.000486674529495
8.61832810925e-05
-0.000256882918728
-0.000290374804386
0.000547257723117
-0.000270055235788
0.000436666973446
-4.80760321551e-05
-0.000470200405676
0.000518276437826
0.000375557354881
3.48248401247e-05
-0.000410382194995
-0.000202767708265
0.000767533552229
0.000643382131137
-0.000223335810092
0.00044960517734
5.90746260394e-05
-0.000107069491033
0.000273432946836
-0.000439237610668
0.000431728530018
-0.00038888840354
0.000414464031449
-0.000629681937007
0.000587796681682
-0.000490754039383
0.000220698803583
-0.000128278654615
-0.000366916504427
0.000284521378982
8.23951254676e-05
-0.000214057790004
0.000479847125124
-0.000265789335123
0.000511783020757
-0.000646731845086
0.000327010204899
-0.000493805907952
0.00016679570305
-0.000482800492788
-0.000190899472911
-0.000576643201787
-7.14878993065e-05
0.000648131101069
-0.000625061478617
-0.000219479119522
0.000597912201848
-0.000118874481134
-0.000100716962352
0.000565271291822
-0.000491061571484
-7.33595532195e-05
0.000564421124732
4.16182767639e-05
-0.000480855887408
-0.000591941863076
0.000176216682327
0.000415725180762
0.000511708185888
-3.42573087849e-05
0.000375295698529
-0.000188476148707
-0.000186819549816
-0.00035834442099
-7.73273427525e-05
0.000453469951135
5.14816446632e-05
-6.93187073904e-05
0.000522788658542
0.000142567294352
-5.52238327618e-05
5.92700622019e-05
-0.000160855371951
0.000180048929586
0.000463333201541
-0.000441632899384
0.000511652360347
0.000590446551464
-0.000376666144559
-0.00021378040692
-0.000759453542453
0.000568549908207
0.000190903634201
0.000293078159877
6.07547719953e-05
0.000343653241607
0.000349584834321
-1.47421416608e-05
-0.000152499011903
-0.000157698235453
4.70666565343e-05
-0.000197848932354
-0.000453622669863
0.000357177401227
0.000233269150233
-0.000597243386237
0.000234219840636
0.000458285573175
-2.65570431491e-05
-0.000559913381444
0.000183247236889
-0.000175227565142
-0.000194968624446
-0.000436218265405
0.000631186889867
-0.00056814176863
0.000509905376728
-0.000769452689409
0.000259547312647
0.000630373410827
-0.000352828749225
0.000159227543902
0.000176863872216
-0.00033609141612
0.000387674528505
6.05470748667e-05
-0.000448221603364
-0.000448592485578
-0.000484830909422
0.000436754877261
-0.000305495359752
0.000588393362117
0.000473857809599
-0.000465488202518
0.000684644098465
-0.000395760394155
0.000456362291275
4.03341796808e-05
-0.000429222583221
-0.00028497846885
-0.000497031126733
0.00026767979316
-0.000246503353048
-7.85802116307e-05
0.000290888419095
-0.000704237087491
0.000413348668399
-0.00030616173243
0.000114582576061
0.000483331068332
-0.000597913644387
-0.000161767510968
-0.000398145870483
0.000171496698974
0.000310939828157
-0.000424231816878
0.00011329198871
0.000289304864202
-0.000546187782932
-0.000226356010552
-0.000360469415467
0.00058682542604
-0.000392415432665
-0.000214105788852
0.000202461422298
0.000230217901047
0.000217946806181
-0.000460172976929
0.000242226170744
0.000234923701436
-0.000380958230422
-9.68843882677e-05
-0.000314335327879
-0.000308580731586
0.000622916059461
0.000359172328853
-9.58749452438e-06
-0.000355127424547
-0.000560380278872
2.91751454631e-05
0.000522290125216
0.000113299791917
-0.000232883195669
-0.000526570346782
0.000289825651128
-0.000106569489613
-0.000660456826948
0.000645193449531
-5.53493818282e-05
-0.000329535286694
-0.00057421092364
0.000500851370428
0.000634840526885
0.000279039874163
-0.000262944668421
-1.60952057306e-05
-0.00025287754662
0.000553919622008
0.000464101241596
-0.000290794286491
-0.0001733069551
-0.000335601179985
0.000179509980415
0.000156091199574
0.000566411434246
-0.000600580971579
3.41695373248e-05
-0.000157627891875
0.000132976643541
0.000156849007595
-0.000343675924119
0.000644487543289
-0.000542136043675
-0.000119008959914
0.000251985603458
0.000173069584132
-0.000490880875818
0.000317811291681
-0.000313540096184
0.000623707228656
-0.000310167132494
-3.529939455e-05
0.000601710828789
0.000548807957247
0.000206558404743
0.000350782125436
-0.00067205256395
0.000321270438515
-0.000606013697863
0.000203256171823
0.00040275752603
0.000460813095789
-0.000170871953893
0.000402300857293
0.000461263105044
0.000499943146751
-0.000458324869975
0.000702199300044
-0.000405392558546
-0.000296806741496
-0.00061487070321
0.00038851469267
-0.000407038961943
-0.000161265223169
0.00062636559682
0.000339496572725
-0.000538590343912
0.000199093771196
-0.000444925763018
-0.000161087934867
-0.000331858983367
0.000474382981903
-0.00025643617573
-0.000180328344375
-0.00032312443784
0.000503452782259
8.95599541275e-05
-2.8865333857e-05
-0.000370591635601
0.000399456969444
0.000130124806522
-0.000464396564005
0.000454710690788
-0.000111057449157
0.000158783206705
0.000273211570988
-0.000431994777695
-8.34718565703e-06
0.000287387059828
0.000331653353357
0.000234865255407
0.000150560642053
-0.000611942596342
-0.000166052121408
0.000683167764518
8.93694546192e-05
-0.000571073382934
-5.86085540658e-05
-0.000328409127126
0.000221839637523
0.000122568631356
-0.000635685095765
0.000111268283063
0.000217969732864
0.000454251976058
-0.000672221708913
-0.000201994041694
-0.000223559429728
1.02293507098e-05
-0.000191406359813
0.000181177009095
-0.000177010434747
0.000677570542437
2.07969568702e-05
0.000338375371991
-0.000209833486078
-0.000157053247831
0.000475503565186
-0.000364235282115
0.000244440742906
-0.0004464347846
-0.000223691257278
1.63447929516e-06
0.000222056777994
0.000630435027356
-0.000343304291515
-0.000125682322274
9.52180320437e-05
0.000512063951465
-0.000338994367335
0.000550392910811
-0.000210896338111
0.000194149422493
0.000280233559408
-0.000222854752627
0.000148793451782
0.00018671229972
-0.000593751261655
-0.000198488073804
-2.52031834698e-05
-0.000444641449785
0.000677439066242
0.000467091899563
-0.00068826633434
0.000114173178164
-0.000161381813518
-5.42361441326e-05
0.00021561795765
0.000165462212454
9.31591237163e-05
-0.000543638690302
0.000450479566593
-0.000131586252949
0.00041610763195
-0.000627440189705
0.00011577202003
0.000511668169646
0.000385296415689
-0.000414161749558
0.00066736294243
-0.000200271042862
0.000311830939425
-0.000152603395529
-0.000215732234028
-0.000202480838897
-0.000133120341085
0.000464088946321
-0.000682540788011
0.000218451841695
0.000458509073371
0.000320128087442
0.000278800057167
0.000271592853653
3.90189549893e-05
0.000123406441936
0.000188424497488
0.00017233477695
-0.000360810925654
0.000259586722771
0.000346925468706
0.000375366078586
-0.000722291547287
0.000436104429751
4.69022762856e-05
-0.000397868432182
0.000350966155907
-0.00064628324764
-5.10692210925e-05
-0.000477318113168
0.000450761070026
-0.000246014001653
-0.000493008214046
0.000128772931934
-0.000333049932787
8.65465797676e-05
-0.000523586374302
9.46497419751e-05
0.000324347964856
-4.21987740637e-06
0.000267989275156
0.00018101041321
-0.00044899968836
9.06037899386e-05
-0.000296731453328
0.00074469633828
-0.000583164325563
-0.000484386944715
-0.000110809961657
0.000595196906375
-0.00050180467925
0.000283337066434
0.000218467612819
0.000337887407489
0.000285819821161
0.000302773448809
-0.000451377027537
0.000148603578723
-0.000100224426257
0.000642053601363
-0.000541829175109
0.000345144921729
-0.000613706142118
0.000394227022605
0.000470844163178
-3.82135727209e-05
0.000558683438368
-0.00027988338122
-0.000647165311427
0.000104701877886
-0.000680854264367
7.89845082594e-05
0.000486286783556
2.79558775764e-05
0.000372631086577
-3.55048029082e-08
3.42498916339e-05
0.000310895030102
-0.000500208449196
-0.000304918593373
0.000653198424517
-0.000348279831133
-0.000494054158175
-1.61656691803e-05
-6.11828330104e-05
-0.000513267011547
0.000551391334731
-0.000139794318758
-0.000411597015975
0.000351844757366
-5.02586342362e-05
-0.000451166908474
0.000545849127708
-9.46822192387e-05
0.00043812375958
0.00024819702009
0.000426705797468
-0.000123932348662
0.000150608147851
0.000313493093742
0.000308616425777
-0.000255043283163
0.00037728819671
7.27472853463e-06
-0.000406809742886
0.000428031063669
-2.12213207903e-05
-0.000202464295854
-1.1771060038e-05
-5.84011502588e-05
-0.000171143468132
-8.11208021535e-05
-0.00031785739198
0.000115376553082
0.000411878077541
4.21700091621e-05
-9.1771741412e-05
-0.000226085650564
-6.64977671677e-05
-0.000418333142258
0.000645046794573
0.000138912569636
0.000604636766766
0.000385277648282
-0.000110398907582
-0.00040261645392
0.000513015361496
-8.42537776831e-05
0.000617025452939
-0.000174284805376
0.000380874054234
-9.82886588712e-05
-0.000282585395364
0.000180757457207
-0.000616975722611
-0.00059121827854
4.90822348525e-05
-9.56891106846e-05
-0.000459675533154
0.000393177765982
0.000336605916031
-0.000572101652651
0.000235495736609
0.000123904144461
0.000256969909774
-0.000483199067817
0.000110996826007
0.000372202241835
0.000281009529491
-1.19187536248e-05
-2.22849160998e-05
0.000459039793355
-0.000595451364472
0.000330299589708
0.0001563793374
-0.000621906621736
0.000465527284342
0.00057649019205
-0.000441681319913
0.000308839090133
-0.000433603814222
-0.000110034876072
0.000441064634676
2.42115978379e-05
-0.000375830922253
-8.38446109037e-05
-0.000318080486049
-0.000751930115605
0.0003131862884
-0.000253509753816
0.000488375009213
0.000102857169498
0.000323848627968
0.000296049362722
-0.000304396548371
-0.000521446092304
-0.000656346351101
0.000342011023218
0.000243281679426
0.000354630522421
0.000366860814909
0.000337057240194
-0.000703918055099
0.000621742999941
-4.59102180251e-05
-0.00057583278192
0.000713786283615
0.000256021934562
0.000332371427546
-0.000714083877051
0.000209545003123
-0.000601960435794
-0.000515066107534
0.000490352507686
-4.16777435354e-05
9.63269571841e-05
0.000419221430556
-2.48993769617e-05
-0.000242359791402
0.000706448737724
2.36856694684e-05
0.000263701390367
0.000330299254358
0.000392962899363
-7.23491471464e-05
-0.000320613752219
0.000350850741765
0.000339578541917
0.000247246884156
0.000440708599745
-0.000337851430251
0.000260086679919
0.000277874325239
-0.000537961005155
0.000654473543411
-0.000467761243688
0.000446848878073
-0.000647119920938
0.00029467424049
0.000696140743085
0.00049703851553
0.000579371969363
4.68389684587e-05
0.00020299363617
-0.000249832604633
0.000500877226647
-0.000447927790478
-0.000606766945222
0.000548158391162
0.000585641858871
-0.000173223213617
-0.000255217592567
7.94985741054e-05
-0.000326317017638
0.000236453096988
-0.000328224838401
-0.000471038308182
0.000446138931215
-0.000547745856723
0.000294868310096
0.00043838839481
-2.62845590793e-05
0.000600146436815
4.75618049061e-05
-0.000265862590142
0.000218300785228
7.56487220309e-05
-0.000400821001542
0.000343202734243
5.76182672973e-05
0.000140045104291
-0.00020823027818
6.818517389e-05
7.13937581107e-05
-0.000490103058273
-3.95109990798e-06
0.000659925427712
-4.74295540017e-06
0.000301908202389
0.000201544579891
-0.000530088621677
0.000589371102701
-0.000473599082681
-0.000175057743659
7.24052779927e-05
0.00026664882167
-0.000339025370986
0.000714391449575
-0.000653486335306
0.000531105482867
0.000336683398054
0.000377102885563
-0.000243491517041
0.000245125996344
-0.000252010555638
0.000744875782256
0.00042328549017
-0.000675296045817
-0.000209491226023
0.000560246769985
0.000339868970051
-0.000628334483691
-0.000467840281974
0.000848008395216
-0.00031991435968
-0.000197980961353
-0.000363043592053
-7.69723735761e-05
-0.000223764777158
0.000665759825082
-0.000441995047929
0.000356171794908
7.87851570897e-05
-0.000434956951993
0.000410634787135
-0.000432919703238
-0.000222739878097
0.000106322411842
0.000116417466251
-0.000450798980679
-0.000142952280981
0.000594361274953
-0.000327074161141
-0.00026728711382
0.000416570744731
-0.000591628488391
-0.000486229829837
-0.000494274126169
0.000397389737908
0.000250269402148
0.000141710792708
-0.000391980194856
-0.000284110599971
-0.000230609381202
-0.000464968641041
0.000695578022251
-0.000529194742893
0.000881170285156
3.82504424712e-06
0.000128438767247
-0.00035937357123
0.000356863988841
0.000443790113368
-0.000435466674681
0.000413912583711
-0.000374124115728
0.0003610436977
1.30804180245e-05
0.000502052773449
0.000140000827912
-0.000529502839719
0.000645906479178
0.000330665147528
-0.000491930370707
0.0003417587483
0.000216924690074
-0.000255579883948
0.000118507715678
-0.00058402465729
0.000422257146322
-6.13857951812e-05
0.000372280825293
-0.000611670987087
0.000160872006405
0.000391735778882
-7.37005802252e-05
0.000424666736141
0.00023799872113
-0.000424471410217
0.000186472689094
-0.000293064372076
-0.000363281979028
6.43209779349e-05
0.000409866590402
0.000381430074904
4.66009887586e-05
0.000445751052834
0.00014735789826
8.06392315982e-06
-0.000377400478992
-0.000241717999325
0.000244226572598
-0.00019666476769
0.000595458440862
-0.00010149291597
-0.000371935436309
-0.000455088693447
-0.000542410772679
0.000565990174265
-0.000149419429524
0.00012695360979
0.000243876812277
0.0001660889569
0.000199307610078
0.000101190328776
-3.09213814861e-05
0.000494430995086
2.09998992108e-05
2.8395691957e-05
-4.93955911535e-05
0.000471048038142
-0.000694812815299
-0.000161531798795
-9.75584034409e-05
0.000259090202224
-0.000410269625406
-0.000312021921878
0.000285780543364
0.000307887093556
-0.000192510540473
0.000423864162208
0.000347244757638
1.37989400608e-05
-0.000389029918936
0.00031205754536
-0.000250925076264
-0.000431615711743
0.000226893161338
0.000327026460651
0.000108786665276
0.000246486525251
-0.000355273190527
0.000221699165242
-0.000370390669712
0.000148691504473
2.81733795517e-05
-0.000669999404072
0.000202238160387
-4.31841909873e-05
0.000643330627797
-1.12446523708e-05
-0.000254617937765
-0.000407990337658
0.000335641190504
8.26947738053e-05
-0.000578520331346
0.000166923315372
-0.000685918301244
0.000566394225335
-0.00034596893908
-0.000220425286259
8.32416036119e-05
-0.000365826998976
0.000363173929063
0.000239320064192
0.000281810844722
-6.35100594991e-05
0.000170326336874
-0.00027147073241
-0.000101650591232
0.000351919993372
-0.000724566483485
-0.000106786432164
0.000345239762265
0.000132386360046
9.34804652955e-06
-0.00029057015214
-9.84597667983e-05
0.000384566798294
-0.000162867633049
-0.000287624914291
0.000154151790432
0.000261955841533
5.68874376634e-05
-0.000377501189883
0.000373732364591
0.000409429131496
-0.000232314410089
-0.000177114721405
0.000613204492992
4.67209347181e-05
0.000409700067863
0.000361389348899
-0.00039164578115
3.02564322455e-05
0.000147257574128
-0.00021211942118
-0.000707020976518
0.000242052335481
-0.000128894984381
0.00014299490022
-0.000389196939082
-0.00037474031888
0.000387820736902
0.000394008041559
-0.000687072413634
-0.000512254143937
0.000402219267872
0.000464056771081
4.75955892539e-05
0.000309910013539
-0.000720179638946
-0.000398399756033
0.000174665029414
0.000223734726628
0.00019774724848
-0.000357160426456
-0.000107236137556
0.000384798366687
-0.000534217796208
7.23348763632e-05
-0.000298420526928
0.000205732075726
-0.000157210537538
8.85906263734e-05
0.000679068263414
-0.000200652507551
0.000444501498274
0.000278228969994
-0.000722730468265
0.000272912982148
0.000422665040109
7.39300334264e-05
0.00021339337689
0.00047125072157
-0.000336596359703
-0.00050878477447
-3.2450981157e-05
0.000541235755603
-5.6540969006e-05
-0.000500399732965
0.00055694070198
0.000717414480424
0.000268811665817
-6.93395790987e-05
0.00042551137401
0.000412663750547
0.000464347479644
-0.000630569092852
-0.000336990970582
-0.000357852916296
-0.000515344029905
3.97419372552e-05
-0.000414482256138
-7.38776692447e-05
0.000524357235846
0.000304072837514
-0.000270778624038
0.000387194857527
-0.000376177288437
0.000454962445534
-0.000272031586915
-0.00040377814536
0.000603993578336
-0.000200215432981
-0.000509127397667
-0.000192347653088
0.000436224465364
0.00017431456365
0.00045357868538
1.72654777839e-05
-0.000103410891721
0.000340290797809
-6.1741835822e-05
0.000402032633636
0.000516238921633
-0.000512884223617
-9.90583727406e-05
-0.00021591799842
-7.33487094813e-05
-0.0002601820884
0.000403176988625
9.19682236509e-05
-0.000468145512082
-2.37190153033e-05
7.65099727834e-05
-0.000351410793442
0.000274900820665
-0.000127455777248
-0.000215290037927
-0.000365882216559
0.000540196780205
0.00023733095553
9.79469554125e-05
-0.000335277910939
0.000339509826949
-0.000223738203979
-5.06464225513e-05
0.000314347812925
3.19448672024e-05
-0.00022860963489
-0.000387851745552
0.000326109909735
0.000494187491528
-0.000855157071331
0.00062227387564
-0.000308939561313
0.000357089799566
-0.000484545576812
-0.000689211019843
0.000604302806062
8.49082137748e-05
0.000165087916869
-0.000463867741403
-0.00044195066895
-0.000362556649526
0.000396140009432
5.8822436109e-05
-0.000289883179453
0.000366393152242
0.000208776623947
0.000532398224067
0.000420309822287
-0.000383568292077
-0.000247000800778
-0.000221080493521
-0.000426039427418
8.38240062523e-05
-0.000373707185702
-0.000128563440151
-0.00035766638969
-0.000339661908148
0.00030056985291
3.90920550596e-05
0.000105141628841
-9.92359679014e-06
0.000231361361572
-0.000333011952801
-1.42614516092e-05
0.000444139107338
-0.000429877655749
-0.00021569478627
0.000653334745122
0.000672379948717
-0.000340726595363
-4.78229863788e-05
0.000443962995817
0.000592492432105
-0.000101767079363
0.000466414870401
-7.31832497334e-05
-0.000306778760122
0.000727148480813
1.6298161534e-05
0.000205758616468
-0.000577670005642
1.7289726782e-05
-0.00061854079866
0.000404760391745
0.000479132258401
0.000282687396113
2.26250335952e-05
-8.98917311122e-05
0.000327222686643
-0.000253463838029
4.38684047831e-05
0.000249109713677
-0.000292978118454
-0.000269871531488
-0.000111055712515
-0.00036781654358
-0.000166401252631
0.000287231580798
-9.88070833122e-05
0.000515728142542
-9.65067119974e-05
-0.000399118784752
0.000377688387635
-0.000338690621249
-0.000145854955562
-4.80610506341e-05
-0.000250359476293
0.000395182043139
-0.000138212133365
-0.000302465268545
0.000320887817919
0.000513335922911
-0.000322994279011
-0.000274249107232
-0.000261470751428
-6.6754086973e-05
-0.000504782816126
-0.000641155777186
0.000246117266789
-0.000423231988195
-0.000130203680233
0.00023652609207
-0.00048067813278
-0.000110537870211
0.000309258715607
-0.000198720845397
-0.000549158481294
9.08336113508e-05
-0.000101622192471
-0.000178938420787
0.000280560613258
-0.00043963502775
0.00022394024148
-0.000269221193358
0.000313089598137
-0.000226167592955
-7.07980983144e-05
0.000296965691283
3.98258260734e-05
0.000439306432333
0.00059390934205
-0.000547269466367
0.000677831915635
-0.000130562449273
0.000530676486136
-0.000258375206264
0.000156753013793
0.00015248166215
-0.000289476290999
-0.000421202978586
0.000418759024304
0.000643855835327
-0.000678232839488
0.000130963373117
1.79281465529e-05
0.00016103462345
-0.000178962770002
0.000219366984495
-4.35130561369e-05
-0.000201531651051
0.000128182941579
0.000168704517969
-0.000192430226405
-0.000399198261989
-0.000265548672162
-0.000107014919709
0.000612979508038
-0.000603631461507
0.000505091873879
-0.00018420405596
-0.000459307096087
0.000193517760961
0.000105482882852
1.70279021881e-05
-3.10240946028e-05
7.3194103773e-05
-0.000318662316605
0.000323891853106
-0.000316280782016
0.000174104426609
-0.000568274280556
0.0003377209756
-0.000309531802063
0.000442117623612
-0.000296126372677
-0.000145991250937
0.000340624707641
-0.000338785673889
0.00065513977216
-0.00055043789428
-0.00057770149548
0.000531791277453
0.0004079662292
-0.000207652648878
-0.000244021468166
0.000204816794121
-0.000541777565866
0.00071048208384
0.000417081101014
0.000707115197553
-0.000287586742314
-0.000301752405963
0.00027965283181
-8.52559188063e-05
0.000201673385055
-0.000414502500805
0.000130750199987
0.000634213844158
-0.000576733839581
2.68258557616e-05
-0.000277185332053
8.2698800021e-05
0.000239216020136
-0.000719894152911
0.00036240384953
-1.22860387184e-05
0.000258989763791
-0.000199382006207
-7.60904590841e-05
0.000484293567613
-0.000157283362716
-0.000542165621154
-4.90526573954e-05
-0.000207492447557
0.000141244424224
6.62480233346e-05
1.32004420102e-05
0.00013415745626
0.000467816266843
-0.000525163518231
-9.18122043702e-05
-0.000393639113681
0.000278828429911
3.86674893505e-05
-5.04385493784e-05
0.000165337631686
-0.000223413881559
0.000230688610089
-0.000176285410978
-0.000130894984652
0.000559264588878
-2.24598033534e-05
-0.000287071998708
4.2644072867e-05
0.00026831338933
-0.000710264058279
0.00021830543544
0.00084825250074
-0.000570105169427
-0.000278147331436
0.000243549714615
0.000112472175169
0.000121530467115
-0.000234002642283
0.000205699267716
0.000151242217118
9.27582180588e-05
0.000167479333155
-0.000149551186605
0.000601274633471
0.000399572878737
-0.000641932670137
-0.000573721655168
6.04546436051e-05
0.000611205816532
-0.000222691123859
-0.00011142090976
0.000223893084929
-0.000330684493899
0.000217993758529
-0.000514725211857
-6.08990901178e-05
-4.68168352926e-05
0.00043211325097
8.37759498769e-05
1.94362097039e-06
6.66007353615e-05
0.00032064712215
4.0533405951e-06
-0.000324700462745
-0.000131790984346
-0.000452233672953
-0.000174593016036
-7.52395886019e-05
-7.89617904469e-05
0.000358614622265
-2.16096173611e-06
-0.000190682595469
0.00037599142796
-0.000207169445838
-0.000286636462111
0.000298187318796
-0.000535172617138
0.000255289235913
-0.00013684473915
-0.000514194885194
3.62456684577e-05
0.000112358131303
-0.000182168349769
0.000198466511309
0.000507642092921
-0.000266386831515
-0.000301887449045
-8.17302064563e-06
0.000502270273856
-0.000251085184749
-0.0002511850891
0.0005443480331
-0.00024657596041
0.000372775861559
-0.000505078087407
0.000564152713456
0.00036040594681
-0.000535625967178
0.000571871635636
0.000453409735393
-0.000256321492233
0.000335738976346
-0.000331685635753
0.000297355552923
2.83016878741e-05
-0.0003256572408
0.000275914691841
-0.000287159344209
0.000137128993794
0.000613571760848
-0.000273993218917
-0.000650399628815
0.000340512066816
1.0635481871e-05
-0.000381227117474
0.000246431445196
5.76413923245e-05
-5.508224087e-06
0.000118575456221
-0.000123453028594
4.87757236958e-06
-0.00028460979066
-0.000112366017185
0.000349537916406
0.000351233707904
8.60543531312e-05
-6.5054453913e-05
0.000435790512269
0.000399655973607
-0.000835446485895
-0.000127988388725
-0.000304006388977
1.95759748325e-06
-0.000289029596191
0.000267244926676
0.000362607017239
-5.05494718802e-05
0.000395376635703
-0.000263005137084
0.000422104982496
3.85372583218e-05
-0.000267739723801
-3.69351152009e-05
0.00015551057142
0.000322203382457
-4.05983550932e-05
-0.000288268421881
0.000370967221899
-0.000524639420317
-0.000343950843719
0.000217490742597
0.00012646010114
0.000188243942126
-0.000120058768237
0.000118342070857
3.97888551534e-05
0.000517151846833
-0.000262458186445
0.000181337384293
-2.68334401999e-05
0.00046613987254
0.000121431645988
0.000308653167486
0.000246980685284
0.00041712955562
-0.000439283560318
0.000678474050235
-1.02252123928e-05
7.64339475233e-06
-0.000616295115347
0.000316803080468
-0.000527699418597
6.32705069886e-05
-0.000580272673784
8.85978755802e-05
-0.00017894745261
-0.000415562162999
0.000515806191592
-0.000100244028548
-4.84949284e-05
-0.000551791636359
0.00018750698878
-0.000671893933485
0.000291387614559
0.000361810809955
0.000313045822912
-0.000263150252647
-9.62233185934e-05
0.000342961112947
-4.56055600328e-05
8.0628416691e-06
-0.000609334455307
0.000601271613636
-0.000259116476827
-0.000277961201584
0.000537077678404
-0.000373254839405
-4.70446235574e-05
-0.000196283652337
-0.000327920297178
0.000289482588543
-0.000170974872859
-0.000817404243818
0.000301752548062
0.000515651695748
0.000184252441276
0.000128886521988
-0.000172694714582
6.56797948835e-05
0.000273400099348
-0.000144513577365
-3.55758822322e-05
0.000296862074296
-0.000261286192067
0.000709562562788
0.000139762206028
-0.000296972743569
4.82946169826e-05
1.49758900142e-05
2.16052482361e-05
0.000486036844693
-0.000304216379715
0.000240706320215
-0.000130544217954
0.000196792241289
-0.000218369536715
0.000252467444692
-0.000769109173913
0.000483216353677
0.000214401610772
-0.000161286503468
-5.31151073083e-05
0.000293319034851
-0.000234117858972
-0.00018112373174
-0.000216475787562
0.000482637207843
-0.000266161420282
0.000100401129104
-0.000289609911713
0.000559964657005
-0.000119154509156
0.00054915508655
0.000429998935026
-0.000394813442367
-0.000100602970194
-7.0950152118e-05
0.000528797251138
-0.000457847098984
0.000463500421429
0.000118979968241
0.000215633811745
0.000159843749775
-0.000279802562771
0.000407510008292
-0.000658435084555
-0.000194831605165
0.000521858065804
0.000153477892361
0.000183832659087
-0.000290619091252
-0.000170223095884
-0.000216047328385
0.000382136285288
0.000486512315117
-0.000528379860953
4.18675458917e-05
-0.000444645123976
0.000129335230508
-0.000196531363598
0.000587947246319
0.000139526773722
0.0004410597298
-0.000580586503538
-0.00029418990225
0.000549479138141
-0.000486794958445
0.000192605056172
-6.16167568799e-05
0.000148720971954
0.0003304417834
-0.000479162755385
0.000710726248793
-0.000562415959124
0.000199859309599
-0.000215007713601
-0.000282023413145
0.000715755278717
0.00049858856427
-0.000167603437606
8.64007120173e-05
9.84651784783e-05
1.29880269327e-05
-0.000306426407997
0.000293438381059
-0.000149546073614
0.000375969313826
-0.000226423240226
0.000687720526879
2.59302539268e-05
-1.34040132371e-05
-0.000136147173373
-0.000269754095835
-0.000378978446632
-0.000281254269616
-0.000369145359196
-1.33328580763e-05
0.000154397561774
-3.91359323726e-05
0.000439317233766
0.000434053809911
-1.69242542842e-05
9.01005823397e-05
0.000636456259518
-0.000317824065542
0.000538757095073
-0.000284111482116
-2.70424821206e-05
-2.14524462671e-05
-0.000114405893357
-0.000381549692899
0.000495955586245
8.5371331529e-05
0.000481322248857
-7.98108602995e-05
0.000320517180504
0.000102988023316
-0.000490087920029
0.000742555364718
0.000533882372799
0.000449972188203
-0.000560782149852
0.000544621930183
0.000630474477909
0.000282112776709
0.000136857041831
-8.94260842417e-05
-4.74309575929e-05
0.000314637872849
0.000511123135345
-0.00011373339743
-0.000563122573855
0.000530671592687
-7.58777713717e-05
-0.000120547941228
-0.000212464011572
0.00039732227204
0.000263863076035
-0.000479595310065
0.000201653765246
0.000357610823625
-0.000448802180807
0.000320813792076
0.00032762530411
-0.000424132016123
-0.000382332326033
-0.000289720237914
0.000256535747837
-0.000232324150007
0.000157653800275
0.000562998873126
0.000305669252034
-0.000617080583828
-0.000555539423262
0.000520712899465
3.4826523815e-05
-0.00013682774496
-0.00040176259893
-0.000488967244717
-7.41553291461e-05
0.000318504317744
0.000538327662867
-0.000320333904339
0.000343519697745
-7.9787561014e-05
-0.000336584845163
0.000416372406162
-0.000349993020732
0.00050060116859
0.000194089931623
0.000105565222246
0.00048816189425
-0.000351272501796
-0.00013688939247
0.00049724554439
-0.000596303917143
-0.00036356654502
0.000317960984982
0.000473617950973
1.4944568204e-05
-0.000570483991451
0.000362558996084
-0.000127034652209
-0.000405111982148
0.000532146634381
-0.000607104878983
-0.000238197516022
0.000520310292732
0.000632645482258
-0.000656601253937
-0.000144885933373
0.000546177970574
-0.000329430289497
-0.000216747681062
0.000560897717856
-0.000277854718985
-0.000297116972898
0.000484548067006
-0.000461923033391
-0.000234422661844
-0.000518845379572
0.000473561084696
-3.42438509389e-05
0.000566148081971
-0.000548858355187
-0.000395103276233
0.000275948767064
0.000352325689953
-0.000424330738913
0.00013755852829
-0.000637050259304
0.000552796481619
-0.000380833109259
7.5307161089e-05
-0.000548906243779
-1.14940284652e-05
6.28658004867e-05
0.000239477633935
-0.000495913809667
0.00037375600089
0.000633678132179
-0.000239451109572
0.000305126744553
0.000159220735094
0.000619163295409
-0.000264532772983
0.000352931063149
-7.71946786315e-06
-0.000345211595286
-7.92061384845e-05
0.000260305018196
0.000222332189647
0.000170585564002
-0.000576136556277
-0.000388013210906
0.000510688802624
-0.000378210131414
0.000553415663965
6.28721242766e-05
3.25654539943e-05
-0.000168712627372
-0.000414213173636
0.000601720162412
0.000150416314521
-0.000321391187377
-0.000202885540434
0.000353301854963
-0.000203562723207
-0.000178693423783
0.000335542431383
-9.64764908603e-05
-0.000528196387627
0.00014664669472
0.000434343647344
-0.000632324608691
-0.000274593555941
-5.15642582274e-06
0.000439210235741
-0.000360347456931
-0.000254783947268
0.000660009480507
-0.000625870850523
-3.41386300023e-05
-0.00034709401173
0.000677256260125
-0.000419956154986
-0.000257300105136
0.000455979579086
-0.000499492635211
-0.000566960663516
6.94324569465e-06
-0.000291930324353
-0.000315174554627
8.81574058722e-05
-2.15566705049e-05
-0.000522439006236
-2.20041408028e-06
0.000426558390539
-0.000492609686268
-1.27603217923e-05
0.000505370008072
-0.000586236398695
0.000454445414344
2.97562556121e-05
-8.30271293995e-05
-0.000625023407501
0.000341365061365
0.000283658346131
-0.000528572320402
-0.00045677714343
-0.000565392046977
0.00069210098229
0.000564212761329
0.000112864531622
6.57284157517e-06
0.000459567030972
0.00023266174216
0.000584288239048
-0.000123025134001
2.40162267217e-05
-0.000663586595649
0.000263235886773
-0.000481605423495
-0.000275247577925
0.000300684236023
-0.000179250744854
-0.000148558277747
0.000718375804363
-8.57303221139e-05
0.000477725052832
-0.000135532191862
-0.000536361741622
0.000199333295532
0.00027358850573
0.000382362515052
-0.000631278580645
0.000248916065592
-0.000500633619139
0.000190541076398
0.000630490029241
-0.0005944647525
0.000487395261463
-1.4586640447e-05
2.95625304697e-05
-0.000175299939214
-0.000387116019905
-2.3002529854e-05
-0.000421448333009
-0.000139333816841
-0.000535065088646
0.000285759595113
0.000234550697622
0.000515258373578
-0.000611985962444
-0.000556980524866
0.000387536022214
-6.57246040562e-05
-0.000185052622651
-0.000534147259204
-0.000571994374121
-0.000464394959924
0.000291171746305
0.00050978221502
2.41001577706e-05
3.69200642942e-06
-0.00021197174885
-2.21461101176e-05
-0.000399112519482
-0.00041829172434
0.000196184949849
-0.000246538266056
0.000280549672168
0.000268605414398
6.4872568575e-05
0.00040868851611
0.000465394228382
0.000454410605153
0.000589202839657
-0.000488451600174
-0.000232050733636
-0.000533933034702
-0.000223559071684
0.00016176229381
0.000741213751744
-0.000651149422239
-0.000151163640175
-0.000791790725896
0.000746395224607
-0.000486622296062
0.000452378445108
-3.40822656976e-06
-0.00077586672082
0.000779274947366
-6.74779721298e-05
0.000307446454733
6.35207671625e-05
-0.000493553337123
0.000337212597619
-9.14747101689e-05
0.000696111476926
-0.000462194840615
0.000365718349747
0.000333376708663
-0.000262198134015
0.000666958525756
0.000238936553149
0.000224563868289
-0.000143581167849
0.000259772550164
0.00031304696719
-0.000656722891309
-0.000276072569502
-0.000130934644324
0.000508091784759
-0.000596502917802
-0.000649374404968
0.000409923295398
0.000691043588182
0.000234438146577
-0.000155150688301
0.000121023211225
-0.000661350335662
0.00021670888588
0.000605065008939
0.000340835660364
0.000253663300251
-0.000673619455237
0.000268192142654
-0.000507541967547
-0.000643117609427
0.000298973711895
0.000344143897532
0.000270467304244
-0.000324538728917
-0.000429600225019
-0.000292188133814
0.000180171487584
-0.000498676812567
-0.000421861872469
0.000248554917373
-0.000267846006274
-0.000428309242294
0.000297060093815
0.000131249148483
-0.00021503075762
0.00019729800418
3.95438427759e-05
-0.000367627367984
-0.000258540666755
-5.30004721244e-06
0.000441317169769
0.000586999340061
-0.000827590180993
0.00049829843592
0.000621583360128
-0.000275827580141
-0.000149019513881
0.000457858604035
0.000564944716468
7.0240626397e-05
0.000280053402644
0.000410990185575
-0.000353975771616
-0.000188423563764
0.000511603180699
-0.000399245049392
0.00017034279468
9.43337645615e-05
-0.000264676559256
0.000766948290108
-0.000198398382003
-0.000612743360635
0.000455115468766
7.17551147082e-05
0.000165489589629
0.000392460597385
8.39262123458e-05
-0.000311925923151
6.36753902201e-05
0.000100822179098
0.00032573621144
-0.000157329100832
0.000173713247429
-1.63841465953e-05
-0.000139125409663
0.000217402886809
-0.000400023158992
0.000521177003389
-0.000586226392711
0.000504482167802
-0.000177209139925
0.000441657839461
-0.000843052275771
0.000430645553079
-0.000182635501423
0.000634052970396
-0.000118794596815
0.000130699030217
0.000204843401165
-0.000332304868752
-0.00064385519203
0.000609716562018
0.000282018020675
-0.000505284524521
-8.09518741841e-05
-0.000219225333145
-0.000671609849227
0.000351695489549
-0.000243687735913
0.000585446484218
-0.000982152503311
0.000687863733816
0.000629404758247
-0.000544418781498
0.000568518939258
-5.07424228883e-06
-0.000424803413475
0.000418083305043
-0.000284073827012
8.93378749233e-05
-0.000389256978602
4.40453833128e-05
-0.000602050029829
0.000260903076681
-0.000699788443299
0.000270188218212
-0.000597721411244
-0.000384431092158
-0.000429240203867
0.000313953021161
0.00022312465724
-0.000470257644484
0.000162385967649
-0.000840043093347
0.000568636722901
0.000245552834258
-0.000565886738597
-0.000199327872254
-0.000371298388633
0.000349278922047
5.68558519682e-05
0.000394417415407
-0.000362670796643
-0.000627160420999
-0.000409791279271
-0.000314113453811
0.000369389703476
-0.000557451809693
0.000188062106225
-0.000187590821386
-0.000305027401759
0.000494927560737
-0.000295447191104
6.31230410931e-05
-0.000108165827854
0.000385938705127
-0.000360516433334
-0.00048825626538
0.000394709914445
-0.000453706028774
5.89961143181e-05
-0.000533989307816
-0.000544412973632
-0.000674543563346
0.000632569765072
-0.00028842586754
0.00011720699572
-2.45260774105e-05
0.000419235991847
-0.00041915069248
0.000336824307359
8.23263851108e-05
-0.000307015895371
0.000541566593002
-0.000216572089639
-0.000650908101112
0.000428289785405
0.000222618315768
0.000379253947586
4.66554461313e-05
0.00058435376756
4.43104915093e-05
-0.00056084563284
-0.00035649719557
0.000240241827749
0.000671625736131
-0.000506862731088
-0.000132010013637
0.000361707811574
7.99500278839e-05
-0.000317209981942
0.000526409145711
-0.000326549836106
-0.000413229728029
0.000121931953995
0.000405753194885
0.000303848086422
-0.000592273953962
0.000404020871883
0.0001482878655
-0.000262038652177
0.000629927000901
0.000622955456477
-0.000393199175634
-9.95789828782e-05
-0.000335377969111
-0.000318034250058
0.000192669557574
0.000212105282426
-0.000342833938744
-0.00031217046272
-0.000349865274603
0.000424239316801
8.44106012483e-05
-0.000508649918064
-0.000264312388206
-0.000223943877166
0.000548408123133
-0.000308615607834
-0.000387342613098
3.24699443447e-07
-0.000392604173399
-1.35805487387e-05
-0.000550998393292
0.00026897498013
-8.96471235408e-05
-0.000105657598741
-0.000422481019641
-0.000329184423415
0.000562453573642
-0.000108530002691
0.000532769319488
0.000229612856878
0.000675676981838
-0.000312503052771
-0.000473255570513
-0.000463016986202
-0.000378048477664
5.36544791888e-05
0.000536239838558
-0.000352992601677
-9.5504461099e-05
0.000201461230191
-3.72726747086e-05
0.000374096982073
-0.000537286230102
-0.000472772491464
0.000113824810325
-0.000493099117358
0.000379274307021
0.000101611766377
-0.000635947003673
-0.000513124199224
0.000186574363132
0.00037739515857
-0.000101446391517
0.000479543160069
-0.000480907847766
-5.5526755227e-05
-0.000248500174189
0.000207055415143
-0.000443617472064
-0.000152885445735
8.12327410044e-05
0.000253837965807
6.86820198901e-05
9.18830712932e-05
0.000576670265688
6.49412022976e-05
-0.000641611467988
-0.000251878523238
0.000587289032702
-0.000356625988036
5.44672290938e-05
-0.000577850394455
0.000177442966461
0.000286681207381
0.000336719389936
-0.000273596348845
-0.00023991791553
-0.000381665444598
0.000330385543825
9.99838161934e-05
-0.000283448264299
0.000656305256932
-0.000385903200324
-2.44789946626e-05
3.93618369972e-05
-0.000513897756024
0.000160905154341
-0.000163845277172
-0.000515498997935
0.000446433681626
-0.00031518453314
-5.21525418067e-05
-0.000461039488701
-0.000417050224632
-0.000295549899071
-0.000101496209113
0.000605732751884
0.000275118569983
2.66311997055e-06
-0.000308443582795
-0.000560763675648
-0.000327921331331
-0.00045350326352
0.000371176878409
-0.00049686714656
0.000139596533544
-0.000678048963966
-0.000134623449005
-2.64972426089e-05
0.000571182059225
8.42549810672e-05
-0.000589539505596
-0.00033596199222
1.49930987633e-05
-0.000476508694586
0.000542884059464
2.82979997513e-05
0.000650234521513
-0.000155306960769
-0.000104676534237
-5.62714729612e-05
-7.49202786236e-05
-0.000122351236217
0.000532780167548
0.000266329468445
0.00016644919159
0.000139921232986
-3.84250238729e-05
0.000638601010524
-0.000433402137635
0.000653263868879
0.000245401834896
0.000217208970653
-0.000318655362186
-0.00042359777941
-9.6933880459e-05
0.000649730362083
0.000473025381596
0.000224983156519
-0.000675863211288
0.000450880054771
-0.000584787999946
0.000660983142863
-0.000559371376473
-0.000529749216289
-4.74675886132e-05
0.00013123392658
-0.000582173565206
0.000656605082458
-0.000472492116909
-1.35368423014e-05
-0.000591976255456
-2.84634420235e-05
-0.000448636298714
-0.000530935765268
0.000662169691857
-0.000600995909283
-4.06155587049e-05
-0.00019064167473
0.000663667056334
-0.000419352385723
0.00058580157737
0.000480984061402
0.00023391148318
0.000223202944822
-0.000194879149883
0.000416782894463
-0.000674082999593
0.000662184729359
0.000378110902351
0.000644440370797
-0.000614531539024
-0.000339412969039
0.000329877348533
0.000255594416609
0.000564801049963
0.000605048079848
-0.000219109196595
0.00020019767001
-0.00066233546559
0.000462137795591
0.00012484913228
-0.000692938681041
0.00045267914666
0.000289876218053
8.46520776981e-05
0.000439855689729
-0.000524507767424
-4.14473121977e-05
0.000602983662571
-0.000561536350372
6.18152899191e-05
0.000428004383546
-0.000489819673536
-0.000379246779111
0.000579444449121
-0.00052524362818
6.33205948175e-05
0.00043441001683
0.00037121941229
-0.000663407546113
-0.000391868851193
0.000673886871875
0.000149960038916
-0.000134012932924
-1.59471061224e-05
0.000123783895508
3.04225896655e-05
-0.00010875672289
-1.26947805146e-05
-0.000241025360536
0.000253720141043
-8.64700401318e-05
0.000283751530164
-0.000197281490037
0.000130432782285
0.000670907169288
-0.000268149643265
-0.00051004651383
0.000574164088274
0.000152984392519
0.000136773947427
0.000581601856919
-0.000721127714987
0.000640175840788
0.000685368903072
-0.000725518268826
0.000765865435054
-0.000535796841049
0.000327363017787
0.000632725336403
-0.000178279922069
-0.000436441684066
0.000231012131023
-0.000653591944833
-0.000648697761901
0.000135074345648
0.000585503448127
-0.000319086394607
0.000569263911167
0.000420362090589
0.000763589533392
-0.000411137103229
-0.000826819779888
-0.000748165308137
0.000450859232408
-0.000675893209021
0.000897847981786
-0.000683398126955
0.000618630602751
-0.000165236839748
0.000284147609129
-0.000242141934977
0.000138905645294
-0.000416657388182
-0.000548238972854
-0.000427862573141
0.000417864543232
-0.000487305016853
0.000558853805428
-0.000362665566917
-0.000497601110065
0.000309539003841
-0.000462478314127
-0.000211420384172
-0.000487360704735
-0.00063138761704
0.00047029968215
-0.00057154057858
0.000572781555854
-3.15458002659e-05
0.000610143275891
-0.00070728095047
-0.000301511270173
0.000649791101306
-0.000312578503692
7.24311235933e-05
0.000307236068789
-0.000407670874431
0.000398741424405
-1.07411342382e-05
-0.000651017588545
0.000580776962148
0.000106943564716
0.000185030892642
-0.00044662036105
-0.00043026712345
0.000646677001104
-0.0004482786191
-0.000165473557832
-2.05033389872e-05
-0.000145077164206
0.000270531982685
0.000315932889225
-0.000679274389438
0.000643052230037
3.60448967316e-05
-0.000304076633534
0.000326688425451
0.000610200959996
0.000448216045422
-0.000357402870234
0.000588415001241
0.000413413658712
0.000345605453903
0.000711551647863
0.000455905382532
0.00044438569757
0.000780722493009
-0.000389467498693
0.000673381320277
0.000240439196091
-0.000347977098577
0.000180698235372
-0.000190409380861
0.000644402264927
-0.000395486199329
-0.000344964771232
0.000298822844277
-0.000163215026903
0.000554724675688
0.000553414486622
-0.000505784278378
0.000338860963006
0.000359255508757
0.000276259675598
-0.000168324129271
-0.000232970829599
6.45248101384e-05
-9.47169138087e-05
6.71698410421e-07
0.000214242201276
-0.000230003116902
-3.64668839152e-05
8.0661495186e-05
-2.61743067548e-05
3.42633029861e-05
0.00042331962277
0.000475120555501
0.000562657863706
-0.000463924318597
0.000236011342974
-0.000325477264131
8.94659211642e-05
-0.000454100405707
0.000335717513463
0.000118382892252
0.00051561355897
-0.000476069716184
0.000563665947465
-0.000346741257399
0.00073117418993
-0.000380471035419
0.000690734420556
-0.000773774102458
-0.000327803217673
0.000643806958732
-0.000587986523822
-0.000238833256089
0.000422862938021
-0.000502949307591
-0.000399250517841
-0.000353417903181
0.000712539130272
-5.72626062665e-05
-0.000477468062833
1.06148325e-05
-0.000473317680128
-0.000245729116162
0.000438334172331
6.75716508736e-05
0.000118911735088
0.000491231540775
0.000307341086353
-0.000575490729641
-0.000650899252107
-6.28877491172e-05
0.000567127780505
0.000542267702541
0.000629837794294
-2.24387578608e-05
-0.00060739903644
3.90018430705e-05
0.000437246181396
-0.000274867197207
-0.000162378984202
0.000213687109742
-0.000426030837395
-0.000101552386493
-0.000324478450926
0.000442205471581
-0.000228518361862
0.000575970204218
-0.000536968361129
0.000272843360739
0.000183750182934
0.000464380918121
-0.000192342910268
0.000542210113426
-0.000389225720922
-8.85052987868e-05
-0.000432487698399
-2.16127073263e-05
-9.85021413852e-05
-0.00019647635542
3.3392001394e-05
0.000480418010846
0.00025075617907
-0.000424746638732
-0.000399939864132
0.000351064385896
-0.00032515998231
0.00055590981491
8.42660258618e-05
-0.000354432795965
0.000538182978883
0.000407188875923
-0.00059953178619
0.000377629892833
0.000619098917678
-0.000673404873372
-0.000111381831413
-0.000107537902507
-4.61419269487e-05
-0.000105191047506
-0.000277958731056
0.000564684036704
0.000635481671955
0.000432835117846
0.000264666121709
-0.000266215997444
-0.000170479816882
-7.44934199123e-05
-0.00024035366213
0.000189034616351
-0.000303490330531
-2.24182952991e-05
0.000183958249797
0.000254549276799
-0.000119907246644
-0.000309340033549
-0.000207241661886
0.000152055701711
7.05667359592e-05
7.50160220138e-05
0.000530263187479
-0.000366946528616
-6.99565174832e-05
0.000119127190199
-0.000298474879334
-0.000417841170924
-0.000374972168161
-0.00011756523917
0.000279944223372
-0.000193397643569
0.000294950030062
0.000101217374025
-0.000506181662413
0.000162675493562
0.000401056570043
-0.000486328401818
-0.000520263050925
0.000508369875692
-0.00023410634535
0.000153041981612
-0.00082284788887
-0.000678538323719
-0.000593840345954
-0.000242517138915
0.000839511804955
0.000754747038015
-0.00107477614764
0.000964808309797
0.000808820620876
0.000486306414104
0.000545832199788
0.000176155428806
-0.000619651718992
-0.000632081093321
0.000755813086602
-0.000740238448577
)
;

boundaryField
{
    bottomWall
    {
        type            calculated;
        value           uniform 0;
    }
    leftWall
    {
        type            calculated;
        value           uniform 0;
    }
    rightWall
    {
        type            calculated;
        value           uniform 0;
    }
    movingTop
    {
        type            calculated;
        value           uniform 0;
    }
    front
    {
        type            empty;
    }
    back
    {
        type            empty;
    }
}


// ************************************************************************* //
