/*--------------------------------*- C++ -*----------------------------------*\
  =========                 |
  \\      /  F ield         | OpenFOAM: The Open Source CFD Toolbox
   \\    /   O peration     | Website:  https://openfoam.org
    \\  /    A nd           | Version:  14
     \\/     M anipulation  |
\*---------------------------------------------------------------------------*/
FoamFile
{
    format      ascii;
    class       volScalarField;
    location    "37.000000000004";
    object      p;
}
// * * * * * * * * * * * * * * * * * * * * * * * * * * * * * * * * * * * * * //

dimensions      [0 2 -2 0 0 0 0];

internalField   nonuniform List<scalar> 
2646
(
7.92464409909e-10
0.000149560792292
0.000308536428061
0.000594914163867
-4.20664180575e-05
0.0155502043097
0.000820218875286
-0.0106923347982
-0.00565712062377
-0.0181515416645
-0.00253246453341
-0.00856813247861
-0.0260267399875
-0.0144978710967
-0.0171751403328
0.00773430433182
0.000340997564742
0.000182650244683
-0.00507589204749
-0.00251276647165
-0.00163528208703
-0.000944216652525
-0.00131248620165
-0.00297878999889
0.00984112785762
0.00290013624557
-0.00758230383772
-0.006762303563
-0.0132246202503
-0.00393128925638
-0.00203536515439
-0.000481181984409
0.000445227467027
0.00715269201089
0.010751673678
0.00095455449022
-0.00884421070931
-0.0160943084012
-0.0293167519208
0.00178198774561
0.0139399709864
0.00860829536811
0.00723963032907
0.00692391139374
0.00759099283275
0.00732716402121
0.00785625951673
-0.00583385065353
0.00246121886863
-0.00207231475537
-0.0113127761606
-0.0163904435604
-0.0181841503776
-0.0178309617533
-0.000254134720422
0.000971900501007
-0.0100767945052
-0.0245189599266
-0.0245400247974
-0.0213462908416
-0.012953170383
-0.00528023247624
-0.0267979173916
0.000904524314563
-0.0175738919605
0.00187995337687
-0.00693320758975
0.00123167806764
-0.00450554822968
-0.00175006234682
-0.00998083694477
-0.0019364181626
-0.00332629086552
0.00111230833462
-0.00582857206405
-0.0209387945394
0.000389390164535
0.00101640383004
0.00277031025464
-0.00500039706133
0.000924415228734
-0.00262607134806
-0.0169111146857
-0.0173177666663
-0.00733307967789
-0.00751704885489
-0.0022300310477
0.00898102018328
-0.0295331470299
-0.0237170740216
-0.0520336716174
0.000517990214803
-0.0479092216464
-0.047227054629
-0.0510628026949
-0.0346136410947
-0.0227698158716
-0.0499673088409
-0.000420851728743
-0.037169364773
-0.00168786398276
-0.0348047664532
0.00356895110842
-0.0344500366434
-0.0604126319349
-0.0363613866481
0.0133488256662
-0.0440028184904
-0.00811917925442
-0.0364209315634
-0.0219085287114
-0.00159228116131
0.00715324843871
0.00760114626378
0.00634723287806
0.00837835439383
-0.0166991909387
-0.0464241702319
-0.05056813444
-0.0313188934527
-0.00970444417162
-0.0369447448033
-0.0125651534915
-0.00480047069333
-0.0186643406395
-0.00213518608503
-0.000982923782682
0.0242553332074
-0.0295566695532
0.00333609029464
-0.0470497942436
-0.0307185938026
-0.047294534983
-0.0527088688645
-0.0216207830408
0.00373900222197
-0.000341411745639
-0.0441340298403
-0.032014839383
-0.0382519125681
-0.0483638955043
-0.0362694466085
-0.0219666647052
-0.0463706727532
-0.00315275635311
-0.0405381506695
0.00568668243931
-0.0526678576177
0.0155573780552
-0.045336564351
-0.0186155327574
-0.0565391610188
-0.00642894571629
-0.0187268927835
-0.00959073159635
-0.00286811643838
-0.0270752503974
-0.000273540436003
-0.0207352381541
0.0132498679584
0.0484793256899
0.00555967944146
-0.0167753165181
-0.057650525402
-0.0412679999438
-0.0331253715249
-0.0267810483003
0.218465126075
0.0527027180537
0.058111862046
0.0453489844082
0.0463820943602
-0.0193914974517
-0.0234683521311
-0.000328103168347
-0.00153719562914
-0.00658679806494
-0.0118680976322
0.00040703145651
-0.000236553066329
-0.0151146312593
0.000391655700078
-0.0114571838169
-0.00678219474655
0.00563029073999
0.00116547025644
0.0100427185805
0.0078132720918
-0.0257988769838
-0.0172368406523
-0.00179352416948
-0.000611724300805
-0.014950956078
-0.0151968593575
0.000198223495736
0.000743944817889
-0.00116527012286
-0.00843404488388
-0.00748472248495
-0.0172200031749
-0.00787960599891
0.00146878431647
0.00277810813975
0.0029594291878
-0.0284242075589
-0.00786351247485
-0.000217563384883
-0.0493990288049
-0.000547489982859
0.00360128978599
0.00724795403763
-0.0550696109644
-0.03606902022
-0.0505344142036
-0.0525382440335
-0.0254492382626
-0.00015875545682
-0.00221806095075
-0.00557279301925
-0.0487388462958
-0.0527230463782
-0.0350731393578
-0.0226525417475
-0.0367872167943
-0.0312534849997
-0.00929148757441
-0.0054299423053
-0.0131360055736
-0.00291251338994
-0.0336238783211
-0.0282170044922
-0.0166001573503
-0.0555414684901
-0.0341601230741
-0.00513009553722
-0.00872105226277
-0.0356291075989
-0.0137788017879
-0.00915065830664
-0.0562816051462
-0.00622550422405
-0.049598614205
-0.0565854759467
-0.00337643057472
-0.00198101146923
-0.0475054075822
-0.0452987161917
-0.0202031381236
-0.0215805362235
-0.0549907961143
-0.0546364940163
-0.0443851452636
-0.0635977911641
-0.0613481333657
-0.047722558132
-0.0474595657999
-0.0399793868307
-0.0385690032111
-0.0598347101345
-0.0121802231364
-0.0115810157549
0.00110453461198
-0.0611147424772
-0.0600612681589
-0.0463262100293
-0.0389496890676
-0.0404936911098
-0.060769982986
-0.0437030563629
-0.0626496540758
-0.0586763206047
-0.0484689138815
-0.024220223458
0.00134500831651
-0.00714563741649
-0.0384454287961
-0.0528272078702
-0.051711818456
-0.0215489285362
-0.00570949640116
-0.0326504643961
-0.0498928842167
-0.0300447270376
-0.0529794914411
-0.0343419380558
-0.016917238811
-0.0163364803972
-0.011656987325
-0.00925728901664
-0.0256992598109
-0.0501403419918
-0.0325586299337
-0.0372625642164
-0.0172495258085
-0.0355791129515
-0.0103289094713
-0.0276798955484
-0.0426308418325
-0.0126394830239
-0.0526202223539
-0.0288664243503
-0.000598905480945
0.00676235961126
-0.00459985597939
-0.000735508146192
-0.0289340101343
-0.0295771701188
-0.00345270257518
-0.000213012099712
-0.00431401988441
-0.0327954029222
-0.00932153685437
-0.0231728566583
-0.0531485976856
-0.0323046041566
-0.0290925760853
-0.0148778934304
-0.0294095628392
-0.0144466104881
-0.0280959313654
-0.0132651969777
-0.0148285283788
-0.0422975848219
-0.0357179256896
-0.023175432261
-0.000760872525074
-0.00197125527117
0.000487562013146
-0.0445543557624
-0.0505506282878
-0.0555473673531
-0.0571913274159
-0.0253296109731
-0.0457025666696
-0.0105545913272
-0.0504976514482
-0.0070327217076
-0.00983782184411
-0.00583687504915
-0.0547461192454
-0.0740387044603
-0.0792787188275
-0.0834795327784
-0.0196566661786
-0.0504141541632
-0.0865784459978
-0.0264769459699
-0.0494451231076
-0.0799445049513
-0.00921716948312
-0.0630429410322
-0.0529896581212
-0.0411404771827
-0.0885189372238
-0.0398983138398
-0.0797964624814
-0.0761721141154
-0.082107725306
-0.0892363958179
-0.0827876410161
-0.0777666440732
-0.078685360255
-0.0287570577195
-0.0281818543789
-0.0298431918759
-0.0779951897538
-0.0729766696336
-0.0530535203469
-0.0537707656036
-0.0420211957898
-0.0339417327169
-0.0785334793506
-0.0301753210835
-0.0331743639607
-0.0506100627082
-0.0830596853255
-0.0748335914953
-0.0536139764216
-0.0535660484516
-0.073233725665
-0.0847603700217
-0.051945821435
-0.0522834979263
-0.0825787832599
-0.0747831585355
-0.0557023244411
-0.0536070191699
-0.0837027759701
-0.0312057190673
-0.0512339086913
-0.0881654000112
0.00728363693343
-0.0865041326792
-0.0338704711877
-0.0524463949777
-0.023097808939
-0.061883475278
-0.0339237431058
-0.0761764758105
-0.0727700502678
-0.0812582911757
-0.0619235707583
-0.088030684956
-0.0391549436893
-0.0870834089958
-0.0754526492046
-0.0813275026525
-0.073676918568
0.00421440815509
-0.0888154811502
-0.088464319323
-0.0854159921452
-0.0850659909206
0.00401336550259
-0.0807707208707
-0.0848987591571
-0.0277687726586
-0.0865013268762
-0.0866267619925
-0.0375298017894
-0.0298477207502
-0.0537861992003
-0.00417855406926
-0.0328751717974
-0.084356849846
-0.0829460490242
-0.0303530201548
-0.0822087230771
-0.0891818453031
-0.0180790085278
-0.0797127724996
-0.073131817203
-0.0272511238698
-0.0287830603155
-0.029259770588
-0.0480047300535
-0.0570364071867
-0.0793085347477
-0.0768950101005
-0.0290234600926
-0.0322214827037
-0.00591199359491
-0.0140003115204
-0.0801379640551
-0.00211574682329
-0.0818590844321
-0.00130386223268
-0.0263113790201
-0.0794825036966
-0.0259210750768
-0.080537621656
-0.024537041085
-0.08115832112
-0.00239498481142
-0.080380898951
-0.0774580255211
-0.0808471200138
0.00786754087947
-0.0820243217831
-0.0806752029968
-0.0818422959464
-0.0103314577105
-0.0717683910807
-0.0786094773942
-0.0885406620157
-0.0822251794417
-0.0838796113948
-0.00214597228951
-0.0774122265327
-0.0601813223748
-0.0820708768719
-0.0168580662316
-0.0214094193925
-0.0236978652699
-0.051446349633
-0.0299484741843
-0.0597464968252
-0.0665718396245
-0.0743060845771
-0.0646692484294
-0.0313904196254
-0.0518053155197
-0.055632657147
-0.0899167713511
-0.0350743407927
-0.0287885096112
-0.0381246062595
-0.0355723791827
-0.0640894438334
-0.0433276468019
-0.0616584777523
-0.0414631672131
-0.0479791904751
-0.0429821828058
-0.0844654457536
-0.0458874965241
-0.0522540888956
-0.0465850233402
-0.0392404352734
-0.0542097277091
-0.0179675944097
-0.0317435324696
-0.0275317506005
-0.0881710060649
-0.0568612101292
-0.0245772432501
-0.0870319501755
-0.0297894517768
-0.0778267171203
-0.0874322892472
-0.0700098255491
0.0105738162262
-0.00940504021188
-0.0595752491247
-0.0514264563797
-0.0265874574378
-0.0540546173775
-0.0443135219139
-0.0346762076412
-0.0335108953553
-0.0158665384214
-0.0249286951576
-0.0879163477338
-0.0708684566273
-0.086145668119
-0.0875740314111
0.00369343148393
-0.0843794896408
-0.048316873479
-0.047443956385
-0.0826923966508
-0.0444833437111
-0.0846023692578
-0.00412159134786
-0.0616870128975
-0.07548633219
-0.0867856538575
-0.068425791429
-0.078979328396
-0.0237272533364
-0.0756303609012
-0.00812782471959
-0.0117228830598
-0.088401372765
-0.0733996094438
-0.08825876119
-0.0890818330742
-0.0357938414201
-0.0541355212398
-0.0109348154182
-0.0826833090927
-0.0246281760595
-0.0838562727626
-0.0792887582795
-0.0502156168311
-0.0615280069896
-0.0549089235214
-0.00454398661255
-0.0806260484932
-0.0861874837778
-0.0454919133591
-0.0837374887361
-0.0801944963358
-0.0562395816142
0.0060645710368
-0.0567901442735
-0.0280256008221
-0.0845528786244
-0.0699029624546
-0.050760672201
-0.0499573229109
-0.0705437330632
-0.0567986090241
-0.0800685174427
-0.0295304118065
-0.0281204507604
-0.0527407207647
-0.0012084146587
-0.0677804563133
-0.0323558542018
-0.0255778445656
-0.0574973477296
-0.0847576960945
-0.0669286043311
-0.0569213809051
-0.0634806152982
-0.00780279577996
-0.0745452609107
-0.036237633697
-0.00702598518919
-0.0534805681743
-0.0714372787976
-0.030360964454
-0.0615182605496
-0.0771939307927
-0.0086421235832
0.00314375924727
-0.012135271062
-0.00961637083565
-0.0196038078569
-0.0300527326626
-0.0113209970152
-0.0873666835197
-0.0163735289302
-0.0397460390047
-0.083866763969
-0.00218734763846
-0.0804331180964
-0.0337293899168
-0.0542228473233
-0.0578478785034
-0.00806046365213
-0.0268760211528
-0.0544091691521
-0.0749813520932
-0.0332616726335
-0.037283099135
-0.0135893570674
-0.00501921091221
-0.0201281141738
-0.0314010892863
-0.030710980537
-0.0642866549578
-0.0384959824056
-0.0272525780855
-0.0510400612136
-0.00247404160949
-0.044947592159
-0.0144143120136
-0.00621538067808
-0.0324933372361
-0.0166090646401
-0.0227256007735
-0.0348201524157
-0.0541527408702
-0.0832956138733
-0.0665646422901
-0.0397030297026
-0.0285076268361
-0.0716988117594
-0.0431446264705
-0.0724044776918
-0.0567551464777
-0.0446808843707
-0.0770078216746
-0.0775043378714
-0.00625188936471
-0.0442512789623
-0.0359092457933
-0.0471213948797
-0.00883286382189
-0.0625502317748
-0.0323218520968
-0.0659766577747
-0.05543051907
-0.025752746479
-0.0814688781273
-0.0812550978725
-0.0746689749548
-0.00158530363777
-0.0311849498557
-0.0551968978731
-0.0712492895343
0.00209929662259
-0.0070163951498
-0.0806579723871
-0.0352024464875
-0.0295859927373
-0.0082720490646
-0.0792662217991
-0.00117321057307
-0.0158193592868
-0.0544867237632
-0.0561099116849
-0.0819351582438
-0.0584623995912
-0.0732670489666
-0.0785848934549
-0.0659946774378
-0.0890068418185
-0.0757073377733
-0.000663067724512
-0.0889963980948
-0.0324680849084
-0.0620319808366
-0.0315302512938
-0.0383607047278
-0.0590707853259
-0.000154818290191
-0.0482433104805
-0.0689857071574
-0.0308300950197
-0.0583826638394
-0.0582130238739
-0.0209430265445
-0.0117989207482
-0.056135162687
-0.0170549159896
-0.00774721138149
-0.0474006882255
-0.0685179645768
-0.0145546656433
-0.0646518133348
-0.0508417861043
-0.0318664987233
-0.0449869575472
-0.0440632471376
-0.0733621368401
-0.034733553371
-0.0268905263895
-0.00197200187519
-0.08157491024
-0.0705065176182
-0.0396882381523
-0.00343393611178
-0.0140870185135
-0.0663348948411
-0.0365503210822
-0.0648443701686
-0.0711788885497
-0.0169240046952
0.00955728245552
-0.0205981104945
-0.0159497363976
-0.0608490895696
-0.00121952050658
0.00635400353356
-0.0186137514954
-0.0553951592282
-0.0248347960482
-0.083553230966
-0.0718731180143
-0.0451224916559
-0.0594891905078
-0.0647748680018
-0.0514343116043
-0.0711308468199
-0.0786969053259
-0.025134903568
-0.0218847486257
-0.0624520726177
-0.0325771642728
-0.0803171556266
-0.0725121602356
-0.00391989471998
-0.021850942844
-0.0570682709018
-0.0228641056336
-0.0103202895818
-0.0718207817294
-0.0783582669419
-0.0704679877832
-0.0799642437964
-0.0586405084551
-0.0185134188957
-0.0207042493728
-0.00274343483193
-0.0576830635936
-0.0338045851718
-0.0543643942012
-0.0198568761514
-0.0444857549834
-0.00237399312599
-0.0804617858548
-0.0491923283737
-0.0603725948883
-0.0168806039908
-0.0675572884944
-0.0235499811999
-0.0613088400247
-0.0744396700344
-0.0888104705586
-0.0345323372705
-0.053531029795
-0.0509945537281
-0.0288270828648
-0.0699380503414
-0.0342708329199
-0.0533547342434
-0.0421937437593
-0.0566721634763
-0.03890820138
-0.0546874307816
-0.064313820813
-0.0867055264749
-0.0585183174899
-0.0650019855348
-0.0411566713643
-0.0682296489737
-0.0872135392195
-0.0681320088849
-0.0273795246097
-0.0526142030497
-0.0660505012602
-0.0166447858442
-0.0375295843783
-0.0542363943751
-0.064550174291
-0.0721437032659
-0.0676068060121
-0.0671161977398
-0.0390157409725
-0.0459813184162
-0.0732019868665
-0.0531631513006
-0.0700456523755
-0.0389026047485
-0.0620724388766
-0.0191475964426
-0.0485719827764
-0.0781180366807
-0.0616181509919
-0.0500894641957
-0.00242778535811
-0.0554012984578
-0.0697878211342
-0.0300381848754
-0.0243651586251
-0.0649184248708
-0.0524087426142
0.00764629122741
-0.0601466008542
-0.070867158066
-0.0385115956529
-0.00440263268269
-0.00113021791794
-0.0741412434374
-0.0617650182812
-0.0397286992305
-0.0651802857018
-0.0411446483332
-0.0437169725472
-0.0866777738632
-0.0412070454134
-0.0489168435385
-0.0510139218128
-0.0494188291412
-0.0687940387399
-0.0609793550944
-0.0482263968295
-0.0591550202522
-0.067475828919
-0.0769386241517
-0.0632997653914
-0.0715540633665
-0.0714359326006
-8.57260434736e-05
-0.000556137295996
-0.0213489857226
-0.0561200550516
-0.0501855744106
-0.0534656777637
-0.0418972485365
-0.0593655583739
-0.0725368149323
-0.0764235590666
-0.0785525426044
-0.00147886182721
-0.0218533496953
-0.0877579696522
-0.0180239721899
-0.0518891740746
-0.0482118159017
-0.0622631816076
-0.0600270256492
-0.0607663721542
-0.0539357142219
-0.0801342395181
-0.061730947224
-0.0264833229654
-9.62143721925e-06
-0.01567026233
-0.0838086333907
-0.0659422275358
-0.0367873815617
-0.05879804799
-0.0613146315443
-0.0170580526468
-0.0636207740493
-0.053882695626
-0.0691444525388
-0.0691916614186
-0.00523015174436
-0.00329407434934
-0.0114955992933
-0.0490767400851
-0.0730940048161
-0.0467403367424
-0.0518766043624
-0.0572050013011
-0.0673895924214
-0.0449689410371
-0.0656743522108
-0.0647804957827
-0.0809320094701
-0.0698727441902
-0.0129090997531
-0.0587140501497
-0.0481508590392
-0.0748138314961
-0.0595267017165
-0.0688100917907
-0.000153830244192
-0.0403422107497
-0.040293631388
-0.0758006127863
-0.0572357877798
-0.0364663713828
-0.0515544690572
-0.0674586970725
-0.0655376353314
-0.0463212360611
-0.0824719148982
-0.0674491993741
-0.000397270048275
-0.0542734885192
-0.0681087021801
-0.0816060387988
-0.0328043649037
-0.0175507514579
-0.0488045853252
-0.0762670121637
-0.0212632481201
-0.0547312180577
-0.0766368386331
-0.0645444699796
-0.0541112686503
-0.0360588572828
-0.0115541238175
-0.02851263365
-0.0625064173226
-0.0679546858338
-0.0263641153325
-0.0766119806979
-0.0696050711674
-0.0569862356761
-0.0215740545375
-0.0649174574461
-0.00791337949198
-0.044361871988
-0.0402358179286
-0.0620172901049
-0.0705935948802
-0.0671700827916
-0.0686562533899
-0.0726526297022
-0.0749182374379
-0.0628216010643
-0.0701133280946
-0.0737688443787
-0.0811237621393
-0.0524419197135
-0.00321042678744
-0.0410809721375
-0.0424177659659
-0.0789142762896
-0.0405991431824
-0.0753693310246
-0.0891532238877
-0.0499836809309
-0.0684065079955
-0.0674212732457
-0.0165161753005
-0.0744767333781
-0.0773897360161
-0.0354007090949
-0.0753867440099
-0.0783572066626
-0.0661787258523
-0.0634978456379
-0.0720091758076
-0.0641683518967
-0.0843030140671
-0.0099205220198
-0.0876686813885
-0.0518486248127
-0.0611044232916
-0.0798857153069
-0.0393993515844
-0.067382236818
-0.0773386995814
-0.0094074968564
-0.0854312596756
-0.0130659082607
-0.0342529500928
-0.0566060983875
-0.077161565632
-0.0766575464911
-0.0529096951857
-0.0716840254235
-0.0589398340234
-0.0606824968383
-0.0720099713119
-0.0398215539525
-0.0852785477161
-0.0696478126403
-0.081712003713
-0.043721130582
-0.0621440051864
-0.0778790091266
-0.0389384166117
-0.0855976075821
-0.0851413305198
-0.0785121723902
-0.0846838988526
-0.0661870197855
-0.0264130586359
-0.0676972640266
-0.0720655791466
-0.0369003542065
-0.0883920544754
-0.0553107238766
-0.0746277935611
-0.0627929939601
-0.00772720823489
-0.0617271072905
-0.0783936231452
-0.0792037567212
-0.0768603421293
-0.0643256673682
-0.0231317205573
-0.0549501651821
-0.0749668021607
-0.0461043101225
-0.0551772659656
-0.0692047636008
-0.0488463680349
-0.0768161347246
-0.0447991108864
-0.0620543584219
-0.0372360170435
0.00584736119407
-0.0713830325051
-0.0356390206388
-0.0482103887466
-0.0822890828658
-0.0724134383656
-0.0771035298251
-0.062203966275
-0.061575261263
-0.0537988113986
-0.0534198376477
-0.0586004521342
-0.0538440812493
-0.0802068364366
-0.0874686251278
-0.0549516182374
-0.0460019954286
-0.0711232366772
-0.0686798563631
-0.0810923538959
-0.0781115046668
-0.0822672334445
-0.0632639860824
-0.0836614711829
-0.0893985944373
-0.0694821990608
-0.0859852552521
-0.0829789944621
-0.0763136112151
-0.0887043510384
-0.0828564225496
-0.0600448786447
-0.0174982015132
-0.0218295324774
-0.0735910124178
-0.0589404980036
-0.0427944205033
-0.0795417990611
-0.0738455225603
-0.0634009732557
-0.0564055373873
-0.0397788515181
-0.0631962178724
-0.0700242852503
-0.0743437729804
-0.0524795635121
-0.0762220998664
-0.0759674634942
-0.0604136630966
-0.00827786387542
-0.0767724329919
-0.0447127125856
-0.0502434813833
-0.0794130724327
-0.0543019151295
-0.0585429539552
-0.0652444007855
-0.0771730002338
-0.0640672104253
-0.0752119015076
-0.0230877787397
-0.00354129794613
-0.0704901956627
-0.0799447069422
-0.0673841033969
-0.043501923111
-0.0478523569556
-0.0351923104439
-0.0441375415999
-0.0342731170026
-0.0610080280127
-0.0265240826579
-0.0666854671736
-0.0267702594773
-0.0370409928022
-0.0772124901565
-0.00841926146915
-0.0688249621785
-0.0696566837633
-0.0455196838252
-0.0810708187083
-0.0784128093553
-0.0707433973293
-0.042433120282
-0.0822967384278
-0.0666216944599
-0.0677642179673
-0.0726845477158
-0.0145887387481
-0.0419989804836
-0.0715657604864
-0.0413143875655
-0.035059992459
-0.0680112284609
-0.0879333518491
-0.0644623476247
-0.0434542163123
-0.051378724084
-0.0716699776858
-0.0883077809438
-0.0797122706089
-0.0741143050689
-0.0811747423627
-0.0678626209605
-0.0701064262251
-0.0721897302534
-0.0381803746292
-0.0876658314807
-0.053630133939
-0.0712535313879
-0.0821732416102
-0.0901704503454
-0.0708652545449
-0.055665690669
-0.0213931074241
-0.0698238554037
-0.0408307201912
-0.0622793623237
-0.0467190080357
-0.0809862824298
-0.0261730350945
-0.0221185067423
-0.0309457618508
-0.0834096081643
-0.0361350154723
-0.0359715050866
-0.0538606392096
-0.013307971825
-0.0147660454564
-0.0267175769118
-0.046045163568
-0.0714228939806
-0.0721899523238
-0.0429745842741
-0.0660509718934
-0.0634004010326
-0.0899434463134
-0.00965036142748
-0.050860991097
-0.0492044191307
-0.0624941663471
-0.053915245396
-0.0827451134404
-0.0835164535037
-0.0432586852898
-0.0197435746624
-0.0312034941972
-0.0649063935976
-0.0818665567884
-0.0670336081239
-0.0716621626653
-0.0738378946046
-0.0715227583168
-0.0468808411403
-0.0120671447886
-0.00532756013012
-0.0380764655501
-0.0770262724822
-0.0485953199845
-0.0753711787966
-0.0202472364892
-0.0114945890878
-0.0257359878905
-0.0700244881813
-0.0690588817535
-0.0446310151365
-0.0402276051464
-0.059948116048
-0.0646206409061
-0.0626979378064
-0.086311022019
-0.0303548761447
-0.0752957227188
-0.0323218440233
-0.0888033699636
-0.0429424475258
-0.0676995296387
-0.0604012105251
-0.0575169662016
-0.052628665528
-0.0596879303214
-0.0638392869199
-0.0660718892144
-0.0871356626839
0.000181287396
-0.076494321494
-0.0727139956784
-0.0577900701052
-0.0849443570702
-0.0370938114563
-0.0884864332242
-0.0298938012701
-0.0507783838137
-0.0843932849846
-0.0131478086958
-0.0727654706409
-0.0745765023663
-0.0581625978978
-0.0438825067705
-0.0666858300848
-0.0779521048597
-0.0766627884829
-0.0537837456284
-0.0154974722477
-0.035269410548
-0.0870906495705
-0.0683319275651
-0.0890797206507
-0.0515144019465
-0.0230957591275
-0.0531634117833
-0.0753971045009
-0.0180618253123
-0.0536252896064
-0.087014525446
-0.0842752478956
-0.0758832276408
-0.0841899715671
-0.0297765218946
-0.076979289371
-0.0798807933055
-0.0513204045121
-0.0378066943017
-0.0830334853293
-0.075355941629
-0.0750260493236
-0.0855012140505
-0.0726738110666
-0.0723672794007
-0.0764674362132
0.00165185509472
-0.0710239621415
-0.0215198912414
-0.0810511662982
-0.0688708182521
-0.0762749885017
-0.078589187299
-0.0202503518762
-0.00351976419722
-0.0794390727807
-0.0744775863473
-0.0798826711917
-0.068981700177
-0.0390225092641
-0.0569874615777
-0.0546348381064
-0.0303929368047
-0.0730440715012
-0.0486660438824
-0.0750206319952
-0.0617240242315
-0.0553890493122
-0.0839804933989
-0.0410222185194
-0.0875928777719
-0.0639271540227
-0.0416100542001
-0.0732265967546
-0.025330685531
-0.0173121797278
-0.0140418211884
-0.0564783420725
-0.0134856851096
-0.0506970624162
-0.0511060076149
-0.0249911729076
-0.0821094775854
-0.067753070665
-0.0710848098376
-0.0772197365551
-0.0468756587709
-0.0220977077161
-0.0672006232974
-0.0109210491505
-0.0675546669316
-0.0732643438434
-0.0554420539215
-0.0804338075515
-0.059058436992
-0.0637626119362
-0.0775335136085
-0.0493381447944
-0.0165267966052
-0.0654914435113
-0.0518772781207
-0.0602886037119
-0.0357042709229
-0.0697806576001
-0.0712833900927
-0.0566547089966
-0.0428417690407
-0.086781742261
-0.0376841441572
-0.0802012517088
-0.0726208101664
-0.0618393100218
-0.0885238139534
-0.0787559280915
-0.0675878272905
-0.0647034948418
-0.0579376600212
-0.0853892421691
-0.0550896944275
-0.0811805222616
-0.0749444470894
-0.0899331500165
-0.0832430656016
-0.0795992916699
-0.0686432001368
-0.089088018356
-0.073099847438
-0.0577216412533
-0.0592963208312
-0.0217869100606
-0.0439528666954
-0.0746783722522
-0.0606233309008
-0.0713483984028
-0.021403481674
-0.0639612643572
-0.0331257236269
-0.0664200298293
-0.0702166059586
-0.0625755600441
-0.0772114303622
-0.0711605119076
-0.0565345729156
-0.0581164799155
-0.0471967434598
-0.0441619393725
-0.0759654888619
-0.0628568557038
-0.0559241469798
0.00259447770837
-0.0868003241964
-0.0855952088676
-0.0655581235819
-0.0690707763832
-0.0306631810971
-0.046104526755
-0.0643081935798
-0.0472726890726
-0.0663655918084
-0.0736154469927
-0.00998505925276
-0.0496564541938
-0.0838986943358
-0.0673810574433
-0.0200833497199
-0.0469176179599
-0.0601323304656
-0.00474133104489
-0.0565875599166
-0.0821232861966
-0.0797437151681
-0.0866196503069
-0.0705325758069
-0.0627331033425
-0.0561324266968
-0.0862953034046
-0.00541994933537
-0.0649998493884
-0.0664773740276
-0.0612184699811
-0.0836188722735
-0.0726210314289
-0.0728777864981
-0.0729255525386
-0.0567629175899
-0.0742577115341
-0.0726715909417
-0.0496646345374
-0.0807943346809
-0.0223614163986
-0.0293028939251
-0.0688351137157
-0.0893912524028
-0.0279664050101
-0.0841937552848
-0.0574061544976
-0.0859768796305
-0.0669333900868
-0.0851916059586
-0.0803732681404
-0.0587255406966
-0.0568562186457
-0.0800247218913
-0.0182777533084
-0.0418875143415
-0.086980702007
-0.0707443854026
-0.0853613552854
-0.0674474494883
-0.042312428507
-0.0419056743498
-0.0450096414666
-0.0660810279342
-0.019533035888
-0.0903075938529
-0.0834025942432
-0.0551553223948
-0.0812118908478
-0.0178483597219
-0.0504739320618
-0.0863475017672
-0.0824754022334
-0.041910915978
-0.0592483405949
-0.0643588139652
-0.0896575374662
-0.0877544345747
-0.0380476644343
-0.0739451774661
-0.00444867397827
-0.0861863389748
-0.054385955775
-0.081936987569
-0.0258349477137
-0.0706008309302
-0.0692186987134
-0.0788650934803
-0.0196319989375
-0.0411496966443
-0.0131364534072
-0.0478820041548
-0.0697391970396
-0.0836810124094
-0.0836191902114
-0.0244272371181
-0.0618212601595
-0.0258576951106
-0.0636871526737
-0.00235881438262
-0.000651676730367
-0.05325112673
-0.0784131315558
-0.0905294128719
-0.0589341659252
-0.0735657927194
-0.0416153450797
-0.0418951196635
-0.0466096483182
-0.0845841916346
-0.0665963360337
-0.0222125101479
-0.0840182760012
-0.0285631072097
-0.0683984060983
-0.0132314108018
-0.0791828015434
-0.045631907761
-0.067099931301
-0.0182041731641
-0.0180467743468
-0.0540760792435
-0.0895671962363
-0.0855258582924
-0.0539480981821
-0.0635246250783
-0.0748903641999
-0.077526794888
-0.0883762145092
-0.0255802019387
-0.0815930740867
-0.0899399606951
-0.0859384538661
-0.0634900059851
-0.081305673158
-0.0817656984654
-0.0339814384559
-0.0376280690818
-0.0420380814223
-0.0793104614638
-0.0884499288988
-0.0230295578586
-0.0882702319168
-0.0905143342651
-0.0431024509229
-0.0502007500707
-0.0608868982507
-0.0631913704357
-0.0887203021736
-0.0405793418059
-0.0781655855046
-0.0624639758545
-0.0610690299746
-0.0702762758902
-0.0430708108135
-0.0886459114697
-0.0784502551104
-0.0465211076924
-0.0883334227094
-0.085997464195
-0.0767590653452
-0.089695997854
-0.0728677733101
-0.06620485647
-0.0504312259648
-0.035861965744
-0.0793742681984
-0.0323454097125
-0.0875638767977
-0.03040432161
-0.0440715628126
-0.045192243835
-0.048382699359
-0.0657365635804
-0.0846430144074
-0.0560546912298
-0.0553971283884
-0.0441623641601
-0.0649940681022
-0.058780282514
-0.00678369996634
-0.0826656042152
-0.0627204467585
-0.0395556016872
-0.0483640027871
-0.0699571011479
-0.0762973707249
-0.0831466234869
-0.0856501651963
-0.0897022411919
-0.0845037039432
-0.0638565279992
-0.0362084916606
-0.0763657885503
-0.0824508744388
-0.0874445308458
-0.0906764788262
-0.0776747285775
-0.0750995762158
-0.0790403205314
-0.0847875650904
-0.0579350634893
-0.0732350369739
-0.082281546995
-0.0747433607691
-0.0720079672685
-0.0857141228953
-0.0760796155774
-0.0675837177538
-0.0736035890008
-0.083972657527
-0.069148433303
-0.0839341189774
-0.0869892865578
-0.0902907034624
-0.0821230332777
-0.0782036705683
-0.0822815348833
-0.0587130256692
-0.0873461716154
-0.0888117400539
-0.0772226321127
-0.0907544701877
-0.0859690472894
-0.0760583286457
-0.0493775978496
-0.0851883109391
-0.0604660731072
-0.0807378278073
-0.0647435452939
-0.03890383581
-0.0628372305304
-0.0578516051343
-0.0354145631553
-0.0659660232119
-0.0879014453355
-0.0389102836345
-0.0332805468732
-0.0870961879798
-0.0477273704265
-0.0721992635503
-0.0519921935413
-0.0368502724185
-0.0883655427355
-0.0501748013602
-0.0512658935379
-0.0624218727493
-0.0821747822126
-0.0814519144971
-0.0820756686537
-0.0616743168506
-0.0604854008748
-0.0617934272624
-0.0817257420865
-0.0453685701045
-0.0689161982256
-0.0629372694299
-0.0764793739574
-0.0408022748729
-0.0873461493393
-0.088537290353
-0.083507433172
-0.0845318066173
-0.0876431050624
-0.0783467550212
-0.0571361857839
-0.0866672679648
-0.0858885152467
-0.054458665788
-0.0855664764169
-0.0897980633105
-0.0324572154131
-0.0259833677078
-0.085917362311
-0.021715228379
-0.0897788695169
-0.0754325799614
-0.088578106956
-0.0709112464937
-0.0902120587152
-0.0608289830174
-0.076526002895
-0.0721625113283
-0.0777527081276
-0.0450128368426
-0.0503135735646
-0.004895679023
-0.0682784571624
-0.066854432817
-0.0277855529948
-0.0615128647568
-0.0874767652144
-0.0849254169286
-0.0660998627239
-0.043868699976
-0.0903752148763
-0.0698611477414
-0.0832874067512
-0.0642938206814
-0.0862254264402
-0.0473587976715
-0.0693637799635
-0.0660640263479
-0.0740277334505
-0.063082270723
-0.0220487684575
-0.0760839486182
-0.0643129139184
-0.0487540285623
-0.075080360819
-0.0697453986502
-0.0404802917618
0.00251836811759
-0.0380640323318
-0.0461935725325
-0.0893586444984
-0.0513482149145
-0.0307262744081
-0.0258116318557
-0.0866773356699
-0.0281667483599
-0.0740787132901
-0.0323472787517
-0.0314081571617
-0.0716298825422
-0.0381887475342
-0.00432245525298
-0.0372064247541
-0.0572571373311
-0.0850880588876
-0.0837707523386
0.00307510106974
0.00585694547922
-0.0192584080925
-0.0756208770226
-0.0847473603413
-0.0909314783466
-0.0683523639546
-0.0345257474881
-0.0791651887619
-0.0387314886038
-0.0891917519163
-0.081522735489
-0.0612629915428
-0.0851550206641
-0.062126673201
-0.064371448396
-0.0764548114981
-0.0139651671803
-0.0513728007056
-0.0806212152195
-0.0869906623417
-0.0664706991081
-0.0894334315329
-0.0564957226731
-0.0845642223302
-0.0907397031518
-0.086817171158
-0.0588952777451
-0.0347050160844
-0.058234095404
-0.0500972850541
-0.056781165673
-0.0597831299233
-0.0834396520019
-0.0587986742321
-0.0563643939403
-0.0710149649704
-0.0910352554373
-0.0858536365789
-0.0536347351033
-0.0534565154332
-0.0346793469629
-0.0853740674522
-0.0670908762746
-0.067140833078
-0.0629107730822
-0.0703988520069
-0.00487770201547
-0.0592379380801
-0.0316766558147
-0.0718036402755
-0.0744295052537
-0.0895807537126
-0.0548593881931
-0.0563910070553
-0.0340678335494
-0.0675076373286
-0.0782369125421
-0.0459450797493
-0.0415417710242
-0.0551932320854
-0.0827689346223
-0.0720339732381
-0.0586751847218
-0.052334424992
-0.0743308692193
-0.0651062923076
-0.0864696552804
-0.0785247455695
-0.0707749127418
-0.0357232769349
-0.0464609739116
-0.0799188329404
-0.0470332148129
-0.0463369781976
-0.0568837519014
-0.0703816407609
-0.0479024822504
-0.046148848206
-0.0557476573027
-0.0277304026814
-0.0826151661417
0.00158481040511
-0.0908204499515
-0.0650167847322
-0.0437639841288
-0.0798501104861
-0.0421559072064
-0.086498746443
-0.0347454575736
-0.0524514031273
-0.0495970414103
-0.0482729347947
-0.0599606480824
-0.065031842848
-0.00308102022433
-0.0714203956265
-0.0374101175002
-0.0787781205943
-0.0702718825183
-0.0384214895632
0.00508803194192
-0.0792684237157
-0.064503545845
-0.0561023259083
-0.0444055566623
-0.085664841405
-0.0650276745196
-0.0696948427473
-0.042755461675
-0.0767527605646
-0.0453558207343
-0.0800420318406
-0.0839671747791
-0.0602580279085
-0.068469540493
-0.052619142385
-0.084841790512
-0.0576310047299
-0.0496490000059
-0.0322981410108
-0.0583579825195
-0.0759853800694
-0.065454342155
-0.0908406712891
-0.0848551420304
-0.0493049714988
-0.0734668787832
-0.0614380503122
-0.0728135334075
-0.0642761140738
-0.0737116902271
-0.0694599159171
-0.0642524006044
-0.0413432745201
-0.0540684216544
-0.0626097810649
-0.0123227803202
-0.0267224923427
-0.0459385453247
-0.0656265248738
-0.0288277446789
-0.0500558080806
-0.0558766268808
-0.0865950574767
-0.0476619820665
-0.0897262358091
-0.0607829260149
-0.0786825504711
-0.054343681078
-0.0425523662197
-0.0897286488545
-0.0473445345586
-0.0751054065884
-0.0491915427513
-0.0498629574821
-0.0508245944745
-0.0482369016927
-0.0436916346494
-0.0361035149252
-0.05898943764
-0.0849469462012
-0.0588081012743
-0.0650724496407
-0.0691645719249
-0.0813840085517
-0.0332072487325
-0.0263360619591
-0.0561420033587
-0.0616721316502
-0.0498718011913
-0.0819619333023
-0.0782383517541
-0.0735735025461
-0.0687422966077
-0.0906398110996
-0.0241824873013
-0.0743891918156
-0.0507460488952
-0.0595489207417
-0.0874692582898
-0.0440538367258
-0.0903060638742
-0.0694775312729
0.00203709287185
-0.00180069151008
-0.000535063202372
-0.0487101068099
-0.0860347889836
-0.0794442577301
-0.0474600308392
-0.0517169896842
-0.0715994392243
-0.0403989276635
-0.0564285764614
-0.0864037976455
-0.0407992190748
-0.0512685456065
-0.055047049356
-0.0428347760566
-0.027176271268
-0.0652512948572
-0.0788968011133
-0.0527861472458
-0.0255084612636
-0.091070085619
-0.0464755288197
-0.0518839214811
-0.0578330593114
-0.0526340835336
-0.0689567887947
-0.0484047151504
-0.0496740362908
-0.0885514200296
-0.0408445715951
-0.065653426501
-0.0785424590886
-0.0793038538049
-0.0678624174389
-0.0617399835849
-0.0866040926379
-0.073581587531
-0.0603303257248
-0.0645623584621
-0.0624638610498
-0.064246349516
-0.0583649518973
-0.0248365776227
-0.0840216222017
-0.0256001219155
-0.0234850657026
-0.0277974768245
-0.0517725366857
-0.0506289495031
-0.0565042331967
-0.0165589385077
-0.0029310349132
-0.0769285660698
-0.0817284478001
-0.0407718675476
-0.06334907686
-0.0246104347593
-0.0276641441163
-0.0663674829129
-0.0829848618855
-0.0440890264756
0.000230334569417
-0.070773968071
-0.0681653952888
-0.0654842442922
-0.0167885526991
-0.0473727704371
-0.054211485081
-0.0821711599044
-0.0594205071683
-0.0684792140897
-0.0374220593567
-0.0589308634201
-0.0726880034003
-0.0909501269634
-0.0719834216556
-0.0107252334063
-0.0236651793491
-0.082663494065
-0.0467399723168
-0.0735368995818
-0.0298292587195
-0.0108134392044
-0.0684670973353
-0.0465107031266
-0.050464185108
-0.0756281197235
-0.0311951167237
-0.0590636536367
-0.0244624974937
-0.0646300735822
-0.0713457680576
-0.0480711934364
-0.0681212728301
-0.0397235992332
-0.0877996741184
-0.0735578547984
-0.0535232887594
-0.0606853857652
-0.0554249093649
-0.0818273365042
-0.0650055686014
-0.0545130861782
-0.0667776922672
-0.032307334173
-0.0363778902011
-0.0644847547756
-0.075501849904
-0.0465602512301
-0.0618114175198
-0.0686154591999
-0.0785637169273
-0.0444793261727
-0.0359075764384
-0.0233075579221
-0.0585159522001
-0.0579459614035
-0.0664120545127
-0.0448398881786
-0.0757090880302
-0.063896649147
-0.00170469929195
-0.0470174946868
-0.0676093204264
-0.0447146811289
-0.0445337061687
-0.0753268453048
-0.0666177146101
-0.00529634310228
-0.0898426420966
-0.0770383561717
-0.062475208112
-0.0569629884857
-0.0622164110026
-0.0779931255725
-0.0771366542541
-0.0904414477776
-0.0452655000036
-0.00598518217353
-0.014521926503
-0.0630423067339
-0.00818155185639
-0.0504020738514
-0.0427968232398
-0.0755663229342
-0.054685681862
-0.0529250464786
-0.0414329179503
-0.0741225300464
-0.0547021366862
-0.0440285723484
-0.036671039099
-0.0329767545344
-0.0117341741151
-0.0403914804319
-0.0740959192281
-0.0213822936468
-0.0418462510578
-0.0239446279745
-0.0277989940352
-0.0442622260775
-0.0433463223954
-0.0673550148069
-0.0706981631283
-0.0699813342907
-0.0242906759675
-0.0704516385004
-0.0787150130264
-0.053934450693
-0.0743685377056
-0.0250428644592
-0.0353688078023
-0.0210924015809
-0.0597106432236
-0.0602732722222
-0.0483422365297
-0.0460640958955
-0.0571175530226
-0.0855507261033
-0.00195164707141
-0.0763564893092
-0.0411643778981
-0.0712352568474
-0.0120767279305
-0.020317802307
-0.0512516495825
-0.0143407533294
-0.0484233083941
-0.0526418058912
-0.0194861098049
-0.0402708280595
-0.0796330349966
-0.0743830748334
-0.0356106620861
-0.0743550874559
-0.0735701331294
-0.0696217743674
-0.0106525215751
-0.0676128282676
-0.0771722445595
-0.0703959051038
-0.0595954423773
-0.057768762109
-0.0141858531485
-0.0500572191192
-0.082450748639
-0.0721090669179
-0.0685230308078
-0.0541766350063
-0.0265691210794
-0.0588899376019
-0.0711826244328
-0.0355630500459
-0.0289264863047
-0.0844797313215
-0.055812891694
-0.0529433767257
-0.0495121694174
-0.074219550831
-0.0538441028374
-0.0324840816589
-0.088151459378
-0.0745435503505
-0.0484039307264
-0.0745633617773
-0.0721157776781
-0.0509072167921
-0.0719828369494
-0.0616959454434
-0.0762264865094
-0.0619071607501
-0.0536778803687
-0.0651978133018
-0.0448746071528
-0.0844842807892
-0.0717031484345
-0.0559048252384
-0.0122321455317
-0.0150775883665
-0.0670328826072
-0.0099363007947
-0.0894002712738
-0.00204527032088
-0.0071688992264
-0.0494209160865
-0.0154532542572
-0.055962884737
-0.0749965147431
-0.0771069301584
-0.0705958165967
-0.00677934827673
-0.0524794562128
-0.0605277309279
-0.0899998098433
-0.0643447261462
-0.00590491513629
0.00021803377122
-0.0682299389245
-0.0569979193426
-0.0691781225595
-0.0593949986954
-0.0547085364568
-0.0530741942122
0.000641753518569
-0.0178390104085
-0.0437705525851
-0.0786088654637
-0.0656469894036
-0.0056861695092
-0.00963517428752
-0.0906422084251
-0.0569590992469
-0.00685720925239
-0.0564379732641
-0.0807323539363
-0.0797904540348
-0.0680709708618
-0.0598164848053
-0.0673017583032
-0.0746078899421
-0.0610061220524
-0.0671607866247
-0.014367177517
-0.0242228741272
-0.0758831879897
-0.0412648674528
-0.00164655563014
-0.0639625227604
-0.0596403982481
-0.0895714358645
-0.000779664822696
-0.0584076910797
-0.058284378104
-0.0686943819433
-0.0898573202983
-0.0851799002357
-0.056470078693
-0.0811245794504
-0.0881360221439
-0.032626929762
-0.0168246183429
-0.0126344306633
-0.0691925387272
-0.0760204120941
-0.0622854019032
-0.0793620507529
-0.0713625578122
-0.0589508051199
-0.0621075928804
-0.0110852115089
-0.0899272377869
-0.0583808309936
-0.031606106101
-0.0688748612273
-0.0699281010108
-0.0598611094347
-0.0753724431871
-0.0479668648356
-0.0619745378481
-0.0101058416437
-0.0658302327284
-0.0676827617194
-0.0651606724275
-0.0824885244697
-0.0714701262385
-0.063818951062
-0.0664384450972
-0.064159585352
-0.0909710508848
-0.0620152995161
-0.0827836966396
-0.0592108047174
-0.0781938007831
-0.0585536474778
-0.0726884000457
-0.0100160770159
-0.0715569335684
-0.0356570852836
-0.0606791662271
-0.000545385141899
-0.049501019906
-0.0775191649922
-0.0650141038887
-0.0654618562539
-0.0638292632855
-0.089547717048
-0.0681020648142
-0.00302000975215
-0.0643374997065
-0.0783510193794
-0.0107316947656
-0.057975759955
-0.0381172629914
-0.0584114026092
-0.0412110613116
-0.0425963009895
-0.062527786314
-0.0652968751093
-0.0639508367053
-0.0552705009353
-0.0477092872965
-0.0435748059292
-0.0390539305907
-0.0622403939597
-0.0411223054055
-0.0893944312983
-0.0873006534735
-0.0902752494995
-0.0840623606083
-0.0540298741662
-0.0904619322576
-0.0797354834842
-0.0906017398575
-0.0648699209535
-0.0481346247288
-0.0743738562787
-0.0134444725812
-0.0583376750203
-0.0903343607594
-0.0906134177084
-0.0501901202781
-0.0191580950557
-0.0558910693855
-0.0679982938325
-0.0707329408788
-0.0162438673437
-0.00148632738321
-0.0670908408421
-0.0367868203029
-0.0905217736746
-0.0374280021631
-0.0261437035147
-0.0659470200197
-0.027151816581
-0.0318584510034
-0.0279783040137
-0.055729773217
-0.0259671782953
0.000303302497439
-0.0283865547368
-0.0456899650571
-0.0236655242077
-0.0443885537351
-0.0390030619192
-0.0321210700365
-0.0404519897868
-0.0329001542398
-0.0349197201764
-0.0355529247943
-0.0336115521367
-0.0343862810161
-0.0361101029719
-0.0551321677884
-0.0304240592475
-0.0541208574611
-0.0269835477363
-0.0193571672234
-0.0332695497878
-0.0293035663939
-0.0236099000183
-0.0339258353772
-0.0226871849627
-0.0218794502011
-0.0188899124152
-0.0169516065694
-0.0118431916796
-0.0131803509006
-0.0147896463933
-0.0257697282324
-0.00723213830619
-0.00948066704708
-0.0433395150971
-0.0340089505342
-0.00557222022814
-0.00127180513891
-0.0317592473621
-0.0630426967773
-0.0588459508783
-0.0406721221237
-0.038707295898
-0.0527201093737
-0.054053262347
-0.0333583422655
-0.0210327134766
0.00968585180731
0.00352465785608
-0.000496178549787
0.00254237212143
0.00593226511121
-0.00149564095627
-0.0610949169187
-0.0485203207269
-0.00445964047312
-0.0242692537582
-0.0340294177221
-0.0509948057359
-0.0224573310892
-0.030766771846
-0.00296180411134
-0.0394797548083
-0.0373972568923
-0.000120391342085
-0.0468069240801
-0.0657452366353
-0.0489896765516
-0.0519776935428
-0.0389995708349
-0.0429212649221
-0.0586781877564
-0.0413291675467
-0.0320567998408
-0.0477157919641
-0.0558641700489
-0.0209361990598
-0.00820898210583
-0.0560576137459
-0.00432445653891
-0.0102530879896
-0.0285432126741
0.00239056459349
0.00443738844946
-0.0475447967454
-0.0658575155631
-0.0638278592991
-0.0591248337464
-0.0417069969608
-0.037116513826
-0.0476798754516
-0.0428428713046
-0.065213179189
-0.0152802814276
-0.0597638362356
-0.0338092573827
-0.0490309043336
-0.0573110738663
-0.0579296371809
-0.060938090624
-0.0199821929168
-0.0145308267494
-0.0274236482311
-0.0195553470637
-0.0159600940251
-0.0139041597327
-0.053814459658
-0.00773482202916
-0.0036977207481
-0.0474174776309
-0.0462082128386
-0.0506670960586
-0.0619363894158
-0.0589413021509
-0.0456363870531
-0.00822125168963
-0.0530762998206
-0.0232441616488
-0.0433204476654
-0.0376082730585
-0.0211558442608
-0.00118857917196
0.00541064741368
7.76366492879e-05
0.000575706200356
-0.0135136156193
-0.0609902860748
-0.00417318252228
-0.0401159237006
-0.039032827803
-0.0237136873284
-0.026915259152
-0.0100287430469
-0.0424359316601
-0.00946935676639
-0.0350020354232
-0.017663759215
-0.00850799075194
-0.00302831959613
-0.0012113412453
-0.0411010228207
-0.0170688544914
-0.0264719894363
-0.00352153972328
-0.0200430120703
-0.0150848743977
-0.033113205121
-0.0459022898105
-0.0197254850076
-0.0451073824283
-0.0468032342075
-0.0453230374181
-0.0316458564757
-0.00201859831731
0.00332276803123
0.00430073296681
-0.00329589982241
0.0121101659529
0.00880633615404
-5.57385432785e-05
-0.0005176824856
-0.00473635229481
-0.0104951743148
-0.0317308526113
-0.0549548606562
-0.0167427513293
-0.0222996403266
-0.0575963298473
-0.0348864998682
-0.00609480689607
-0.0408705221831
-0.0486297415892
-0.0228059406114
-0.0368010230835
-0.0359610060869
-0.0545417421788
-0.0343305748291
-0.0430475937947
-0.0442208578867
-0.0466404335275
-0.0453142322638
-0.0612761420642
-0.0660870134213
-0.00457397972868
-0.0389504362033
-0.0130289044513
-0.0141736860266
-0.0333300082561
-0.0118436336097
0.00271091540737
-0.0582274238712
-0.0660189261848
-0.0547398727339
-0.0394540751357
-0.0327117770494
-0.047058348198
-0.0236967272438
-0.0587401335539
-0.0349932272704
-0.0580175267515
-0.0513821959605
-0.00321826202531
-0.0587891375064
-0.0392148577714
-0.0603358878399
-0.000131478404644
-0.0616112845264
-0.061387321433
-0.0606648700567
-0.0618839387995
-0.063394920709
-0.0458271283454
-0.0522282395453
-0.0208584365198
-0.0197899052111
-0.0199994395323
-0.0231686074277
-0.0186277909144
-0.0178438773363
-0.0539271568993
-0.00534333194588
-0.0292294834665
-0.0459583604658
-0.0429473504616
-0.0298073851726
-0.0133646434008
-0.00236490794985
-0.0553048718931
-0.0270256006468
-0.0590770971581
-0.0175539081189
-0.036214824281
-0.0300310555401
-0.024327028064
-0.0504822736721
-0.023447026007
-0.018408279922
-0.0395717266631
-0.0584259192968
-0.00533659030995
-0.00671242703715
-0.0325868823153
-0.0401747197665
-0.0390776455
-0.0230798671842
-0.0301299599614
-0.0164906694328
-0.0400659251894
-0.0038918672365
-0.0352817798401
-0.0344105382621
-0.0221122908756
0.00120638652972
-0.0607299101198
-0.055126768422
-0.0199481438828
-0.0240031002098
-0.0316705811969
-0.00825116331721
-0.0316163927588
-0.0047248584826
-0.00238098302636
-0.0050633316713
-0.0405233976592
-0.0412373253251
-0.0225968247274
-0.0593737300547
-0.047278433699
-0.00291271553486
-0.0278684328813
-0.0376294284267
-0.0459147861741
-0.0373098445331
-0.0232354735035
0.00350960269235
-8.55239426846e-05
0.00119437132071
0.00657072117112
-0.0526376401016
-0.0423880886568
-0.0382934604316
-0.0494281064821
-0.0602940421014
-0.0305120311569
-0.0314733274976
0.00653611398719
-0.000518709431504
0.00165563925673
-0.000207817087092
-0.0117037526298
-0.0351446058863
-0.0504702665881
-0.0135709372428
-0.0581912203643
-0.0558542847546
-0.0253311805562
-0.0318142337933
-0.0161257469465
-0.0534191028937
-0.0495947497811
-0.0496559389592
-0.0373004181417
-0.0134408619682
-0.0168173384076
-0.0128778046395
-0.0193265320874
-0.0162581075037
-0.0582990249287
-0.0415340207851
-0.0598565749898
-0.0611097235605
-0.0629076951897
-0.0498729562296
-0.0335767784625
-0.0162255624019
-0.000473307054914
-0.0564782045235
-0.0552541375487
0.00563727224397
-0.0253367709817
-0.0183525066869
-0.0303586675291
-0.00149247819556
-0.000190598095996
0.000264917678347
0.00606773856026
-0.0237420476561
-0.0556595932818
-0.0503994859225
-0.0448229154553
-0.0391404539469
-0.0256776142482
-0.0586224500433
0.000262703864469
0.00240742846235
-0.0101366873781
-0.0350322726412
-0.0540799790951
-0.0509769923985
0.00168900245713
-0.000479080701582
-0.0488595468334
-0.0422993605658
0.00757098577099
0.00731930045195
-0.0267772397244
-0.0114161746655
-0.033862950723
-0.0341098037736
-0.0315704210736
-0.00860587824893
0.015051186008
-0.0101161574567
-0.0506915985969
-0.0468473965858
-0.00493357180365
-0.00297988669653
-0.0386076941944
-0.0374183961042
0.00645680349412
0.00278579096995
-0.0211491169953
-0.0239291989555
-0.0348834663711
-0.0362305858491
-0.0282858139167
-0.0219663241705
-0.0294094002105
-0.0202583280593
)
;

boundaryField
{
    bottomWall
    {
        type            zeroGradient;
    }
    leftWall
    {
        type            zeroGradient;
    }
    rightWall
    {
        type            zeroGradient;
    }
    movingTop
    {
        type            zeroGradient;
    }
    front
    {
        type            empty;
    }
    back
    {
        type            empty;
    }
}


// ************************************************************************* //
