/*--------------------------------*- C++ -*----------------------------------*\
  =========                 |
  \\      /  F ield         | OpenFOAM: The Open Source CFD Toolbox
   \\    /   O peration     | Website:  https://openfoam.org
    \\  /    A nd           | Version:  14
     \\/     M anipulation  |
\*---------------------------------------------------------------------------*/
FoamFile
{
    format      ascii;
    class       surfaceScalarField;
    location    "28.000000000011";
    object      phi;
}
// * * * * * * * * * * * * * * * * * * * * * * * * * * * * * * * * * * * * * //

dimensions      [0 3 -1 0 0 0 0];

internalField   nonuniform List<scalar> 
4035
(
-3.95517899355e-06
-1.6914943812e-05
2.08701223846e-05
-3.68347715015e-06
2.41535091639e-05
-2.44252110359e-05
-2.05984209634e-05
4.50236315501e-05
-4.50236319987e-05
0.000803231056497
-0.000135052517824
-0.000668178538687
1.35907125608e-05
0.00017135130066
-0.000184942013218
-0.000523982040588
4.64298443879e-05
0.000477552196202
-0.000805010543101
0.000358622013447
0.000797396455155
-0.000351007925509
0.000378937923257
-0.0011252357737
-0.000335413944107
0.00108171179454
0.000253711937958
-5.83863198041e-05
-0.00029172299565
9.63973775018e-05
-0.000212643602677
-0.000659122062393
0.000618037779228
0.000253727885808
0.000979185598116
-0.000691153434696
9.09057598322e-05
1.98020440928e-05
-0.000834202436805
0.000819213485797
-4.81309310218e-06
3.3071722851e-05
-0.000968851897778
0.000776438678342
0.000159341496585
0.000794643126721
0.000481449632977
-0.000982517742029
-0.000293575017687
0.000505852603944
-0.000632691294123
-8.58049125177e-05
-0.000279915328212
-0.000543004825806
0.000587209284319
0.000235710869692
0.000532677613198
-0.000600017035175
0.000286187777063
-0.000218848355117
0.000242469184557
-0.000146223146352
0.000157465899748
0.000543560878591
-0.000670005327799
-4.47956072388e-05
0.000487395950379
0.000859395984695
-0.000463392471978
-0.000341665373653
-0.000400287023201
-0.00100863710146
0.000236698281215
0.000119504537466
-0.000529308464199
0.000487643454446
-2.52232782609e-06
-7.87462092546e-06
5.54205803041e-05
4.90794424371e-05
0.000224172413698
-6.81707873325e-05
9.74766091682e-06
-0.000165749287295
-0.000304221865673
0.000528394279362
0.000171780831146
0.000119767795846
-0.000295141331161
0.000239779959795
0.000129838237805
-7.46219470659e-05
-0.000268766380437
0.000385932578803
-0.00044318342361
-0.000246971020884
-2.24307026079e-06
2.24307025972e-06
1.46520944032e-06
5.34664623951e-06
-9.05492595581e-06
3.70827969804e-06
-5.9115861406e-05
-6.81707873548e-05
0.000179020528384
-0.000661454902324
0.000482434373952
-0.000216930406409
-6.23569283532e-05
0.000279287334766
0.000107563191278
-0.0006900802735
0.000582517082239
0.000666902542745
-0.00031193289087
-0.000668944383831
0.000313974731951
-0.000573050146387
0.000577556215058
0.000201114625755
-0.000205620694425
-0.00101466512204
6.02390899989e-05
0.000381375885666
0.000611938631088
0.000464319908446
-0.000498702324466
0.000338110774352
-0.000306685652224
7.62829789713e-05
-0.000107708101102
-0.000299762846802
0.000420943214743
0.000287813100923
0.000503146058554
-0.000260789865009
-0.000950139515897
0.00019626425888
-0.000849556146064
0.000640890107755
-5.21238266806e-05
0.000709959930366
-0.00067377151666
2.40506762955e-05
-3.35018795325e-05
0.000805615120121
-0.000654567858808
-0.000117545381767
-5.35013493076e-05
-0.000969605324438
0.000838764189053
0.000184342484695
-0.000439200757741
0.000558391987104
8.19233963979e-05
0.000497631227649
-0.000564314040386
-0.000233080034079
0.000627243850256
-0.000305812032531
0.000142888090727
-0.000253619881715
0.000126839098701
-0.000179904869219
-0.000778781341119
1.3926050616e-05
-0.000461847271475
-1.21345703028e-05
0.000420480492482
0.000806084086003
-0.000172683422779
-3.64922386092e-05
0.000308400203404
0.000583476361512
-0.000474466037635
0.000296265633111
1.18485057446e-05
-3.29593792374e-06
-5.3576199819e-05
-8.19335447406e-05
-0.000556882203351
0.000628116697383
-0.000184440325648
0.000113205831624
0.000159863922244
-0.00018897167798
-0.000146581748478
0.000255875600222
-0.000232710410212
-8.04332645429e-05
6.51384782019e-05
0.000160784584372
-0.000449311003439
0.000456177504103
0.00015299742158
0.0025194306563
-1.73821021252e-05
-0.00250204855416
0.000211958478902
0.000473045591043
-0.000685004069902
-0.00145273921791
9.91020743861e-05
0.00135363714359
-0.00132756811038
0.000600364320631
0.00120966167456
-0.000482457884805
0.000567428061769
-0.00168245951244
-0.000691097215044
0.00180612866576
0.000660367457156
-0.000181946196935
-0.000769246866813
0.000290825606611
-7.16237034239e-05
-0.00107782528999
0.00072237981398
0.000427069179422
0.0012224152263
0.000116164216534
-0.000771151381038
-6.77270000331e-05
-0.000908762521758
5.35577353918e-05
0.00092293178639
7.84949617355e-06
-0.00125222545203
0.000208900470043
0.00103547548585
0.00120133743412
0.000158623382059
-9.60276853784e-05
-0.00126393313079
0.000526309506598
1.92939441539e-05
-0.000617227154178
-0.00056319204862
-0.000918804660533
0.000391560770843
0.0010904359383
0.000349411948472
-0.00092969408931
-3.77354001433e-05
0.000618017540981
0.000580123873194
0.000349553159021
-0.000269309575065
0.000652212475129
-0.00138062581664
3.00122819812e-05
0.00102780669849
0.00214383643295
-0.000350337484828
-0.00104767043393
-0.000859393324372
-0.0017336307205
0.000413912106342
0.000171600019655
-0.00108254518003
0.000823516176309
-0.000162677257566
0.000136170027624
-4.16635573994e-05
0.000158160631026
0.00322577775314
-0.00394348617787
-0.000279791436643
0.000997499861394
0.000277371500326
0.00046091300389
0.000366417217422
-0.000461705701672
0.000141789793938
4.46161642643e-05
-7.86941400159e-05
0.000165317852877
-0.000127035732496
0.00103948286147
-0.00107776498185
0.00339109560603
-0.000364551160653
0.00036455116064
0.000182352357589
-0.000342018653126
-0.000204884865122
0.000546903518233
0.000286098044261
0.000628116697352
0.000220383810921
-0.00254097693818
0.00232059312719
-0.000364319303077
-0.00123768307941
0.00160200238245
-0.000120094847411
-0.00198239176045
0.00210248660782
0.000847370547868
-0.000440108128592
-0.000794223708849
0.000386961289568
-0.000621784028484
0.000890633367825
8.67510952474e-05
-0.00035560043466
-0.00132540949387
-5.6130225973e-05
0.000759755691371
0.00112913768173
0.000510174810468
-0.000748679124397
0.000684330952832
-0.00060958825158
0.000227266034411
-0.00030200873569
-0.000381730680456
0.000701742330204
0.000854512947681
0.000495008544934
-0.000430993019758
-0.0013218302375
0.000427413763369
-0.000967570720132
-0.000124822190821
0.000661399891134
0.000823647262996
-6.04678888433e-05
-0.000819309600163
-9.97823063958e-05
0.00100674960632
-0.000136314684863
-0.000770652615157
0.000256622245476
-0.00128658112493
0.000103452609313
0.000926506270117
-0.000494871118063
-1.52428922516e-05
0.000596865105495
0.000665526640118
-0.000268740994391
-0.000778516326163
0.000901560215292
0.000106139489141
-0.000497524893956
-0.000465262780916
-0.00030539144596
0.000161065975311
-0.00252990037119
-0.00101041704501
-0.0012193629668
0.000184024344679
0.00129196086753
0.00122297357611
-0.000475385334664
-0.000218951508826
0.00195574310805
0.000855774712661
-0.000594140511073
0.00213976745268
0.000982145394072
-0.000277828006667
-7.62006900695e-05
-0.00316437789314
0.00394348617784
1.52944885865e-05
-0.000794402773347
-0.00033028038663
0.000267350427077
-0.00031438368696
-0.000481159480578
-0.000263271987601
0.000334658116663
-0.000179772622661
-2.68242897393e-05
0.000109987635333
0.000126967966358
-0.000770832431817
0.000911214892544
-0.00105778747523
0.00105778747525
0.000641211724529
0.000268983186698
-0.00196798238645
0.00169899919978
-0.00197550379139
-0.000774787439184
8.36340044808e-05
4.4426046611e-05
-0.000359978682722
0.000213755536367
0.000227230601597
-0.00048278101707
-0.000149910277062
-0.000196593240012
-8.16558747151e-05
7.37812537866e-05
9.01249564264e-05
0.000561970929902
0.000235425525248
0.000266829598741
0.000588883535364
0.000187555142973
0.000237875609853
-0.000678808758861
-0.000303708983187
-0.000292876180065
0.000204541629866
-0.000194793968966
-0.000238641793749
0.000676484109534
-3.55940017746e-05
2.71259287672e-06
0.000338446686975
-0.000211607588293
-0.000225867353411
0.00044738636668
0.000111005620428
0.000141574334151
8.09876286601e-05
-8.42835665822e-05
-0.000107984049321
-0.000482198961391
-0.000186745422445
-0.000226323361172
-0.000503353237432
-0.000151214621374
-0.000189378505483
0.000656637642433
0.000182126546613
0.000207326638995
-0.000323888698093
0.000139448372452
0.000132288806011
0.000878831291799
-0.000309941026319
-0.000568890265492
-0.000686202670558
0.000568018346497
0.000118184324057
-7.19508409425e-05
0.000189615921251
-0.000117665080324
-0.000709452222955
0.000182118745396
0.000527333477571
-1.75440600606e-06
-0.000320051427973
0.000321805833997
-0.000103068774769
0.000390670198687
-0.000287601423942
-0.000471100645658
0.000368031870876
0.000656433059961
-0.000187502799702
-0.000468930260327
0.000228642563738
-0.000618181995024
0.000389539431302
-0.000654177778937
0.000573510132751
8.06676461361e-05
-0.000738957665061
2.95054420544e-05
0.000757582858585
0.0001212484332
-0.000204935522737
0.000132984681789
0.000333518091566
-0.00033527249756
-0.000597904970926
0.000265969223458
0.000331935747485
0.000787773947065
-0.000721537403708
-6.62365433388e-05
0.000549622248247
0.000238151698851
0.00108796988349
-0.000656991867323
-0.000430978016177
0.000762154617004
0.000325815266482
0.00102715821857
-0.000551210039819
-0.000475948178739
0.000370166351248
0.000972464626309
-0.000431028983675
-0.000541435642646
0.000605800872
0.000366663754295
-0.000648525848832
2.42123412462e-05
0.000624313507581
-0.000870596114386
0.000513957925383
0.000356638188978
-0.000233092581862
0.000461735145615
0.000132478961692
-0.000501506626442
0.00036902766479
0.000311909396513
-0.000643050252767
0.000331140856289
-0.000740024171403
0.00074987512871
-9.85095735239e-06
0.000767339008165
-0.000851388534022
8.40495258344e-05
-0.000352427949389
0.000338881017891
1.35469315152e-05
-0.000138426192661
-0.000459478778254
-0.000135115086862
-0.00048306690815
7.37011991498e-05
-0.000722227047984
-0.000486961777336
-0.000199240893223
-0.000176851630976
-0.000563172540504
0.000538013164051
3.00051824335e-05
-0.000203035207282
-0.000451142571656
0.000581172793544
7.52602663653e-05
-6.95898375409e-06
0.00061275985574
0.000487636132488
-0.000494595116249
0.000309091506558
-0.000716230537322
0.000407139030781
0.000761239318789
-0.000452147812248
-0.000134622808282
0.000714736961567
-0.000580114153294
0.000627531808714
-0.00040576700682
-0.000315770396881
0.000267616095405
-0.000673383102205
-0.000593798762692
0.000541377851675
5.24209110128e-05
-0.000622460689632
0.000412275734595
0.00021018495505
0.000394837577977
0.000236573835705
-0.00063141141366
-0.000826113951109
0.000109883413797
-0.000276491702854
0.000923732524254
-0.000162493205496
0.00037252248444
0.000604082619182
4.33391988166e-05
-0.000647421817975
0.000998373913183
-0.000283636951621
0.0005673449295
0.000755300189145
-0.000267664056672
-0.000482344224546
-0.000140116465077
0.000161793673491
-0.000644137898031
0.000454436341506
0.000149663855239
-0.000604100196746
0.000316148763013
0.000249386906222
-0.000565535669238
-0.000277649999678
0.000613071954216
-0.000218234376222
0.000589170862419
-4.77930107487e-05
0.000596432036092
-0.000184156301491
0.000674408258548
-7.03256393569e-05
0.000638086600685
-0.00018365025917
0.000418949971
-0.000286471009285
0.000284199543483
-0.000288938435719
-0.000581657678684
0.0001962672993
0.000528110584169
-0.000724377883469
-0.000447819378949
0.000629938124384
-0.000542312056669
0.000354809256922
-0.000214959022078
0.000526868418596
-0.000326544889091
-2.58830602947e-05
0.000191243764826
0.000576095243338
3.11980760651e-05
0.000395177509745
-0.000705118536078
0.000563901570225
0.000185973558455
-0.000564402278565
-0.000286986255478
-0.000163296696367
-0.000479753556385
-0.000452771980994
8.85124033269e-05
0.000364259577693
-0.000177567301124
0.000691525226493
-0.000358046973477
-0.000201857624499
0.000559904598011
-7.09936664459e-05
-0.000654997134233
0.000725990800636
-2.64403653333e-05
0.000658458796001
-0.000632018430731
-1.4603992429e-05
0.000465320570166
-0.000450716577717
-0.000639613562453
0.00086413570997
-0.000224522147516
-1.7476217221e-05
-0.000435295763732
4.85931159641e-05
0.000580887850147
-0.000629480966117
-0.000462749436089
0.000390413022515
-0.000405017014921
0.000580013637161
-0.000383746337862
0.000521343669844
-0.000255374446376
-0.000537461204891
-0.000201496460168
0.000635395945011
0.00012218691356
-0.000407706912315
8.76554843542e-05
0.000372116786009
1.85534126655e-05
0.000330958163837
9.62538342497e-05
-0.000427211998067
-0.00028140972203
1.00903940534e-05
0.00027131932797
0.000665603143516
-0.000458264715234
-0.000207338428275
0.000478052982085
0.000187550161435
0.000253742005892
8.51390119897e-05
0.000186530777604
3.08514363909e-06
0.000501606296069
-0.000170648132221
-0.000498239532526
0.000546832648489
6.83822505366e-05
-0.000707995812991
-0.00057583448831
0.000553741582357
2.2092905926e-05
0.000679142931094
-0.000643236348213
-3.59065828804e-05
-0.000734599208279
-0.0007961040565
0.000648098076497
0.000148005979989
-0.000135053808678
-0.000440780679632
0.000172599160171
0.000506543770921
-0.000257964089649
-0.000538139966863
-0.000221866189431
-0.000551851698711
0.00077371788814
0.000428759817928
0.000435375892044
-0.000425745795499
0.000408269578295
-0.000356033441083
7.46237190464e-05
-0.000194845128688
0.000429771925822
0.000377957957252
-0.00058099316452
-0.000417606372829
-0.000208644474165
0.000626250847015
8.48881325447e-05
0.000496284660947
0.000421591047471
-0.000598442678506
-5.67181306941e-05
0.000410709413394
8.92330710059e-05
-0.000499942484377
-0.000238032485766
0.000102686491314
-0.000520292864126
0.000263368838792
0.000279317937867
-0.000542686776652
-0.000301143445639
-0.000267538096594
0.000568681542255
-0.000558984995835
0.000257841550204
-0.000554289021822
0.000101443065639
0.00045284595619
-0.000357101703013
5.58509939558e-05
0.000301250709079
-0.000318731881602
5.92391409093e-05
0.000259492740712
-0.000277665012119
5.81841799205e-05
0.000219480832218
-6.00039853401e-05
-0.000419749571035
-0.000592212841648
7.88787760891e-05
0.000513334065562
-0.000228292697292
5.13143853174e-05
0.000176978311997
0.000498286404643
0.000176505590645
-0.000674791995286
-0.000536861824007
-5.53510176304e-05
0.000128765801601
-0.00017105461271
4.22888111264e-05
-0.000295616157041
-0.000466564540665
0.000360206162654
0.000106358378019
0.000621795021428
-0.000508320352154
-0.000113474669395
-0.000744604041736
0.000434411771891
0.00031019226984
-0.000168995659559
3.82700793823e-05
0.000130725580194
0.000563796414148
-0.000408313115499
-0.000155483298664
7.40680175808e-05
-0.000171878670001
9.7810652429e-05
-7.67563454685e-05
-0.000288061606867
0.000364817952383
3.87396071159e-05
-0.000184212762697
0.000145473155605
-9.71098820887e-05
1.98936348712e-05
7.72162472307e-05
-0.000181514454787
0.000292210190994
-0.000110695736174
-3.57262776408e-05
-0.000292964018241
0.00032869029594
0.000269750200376
-0.000305476478015
2.36923641037e-05
-0.000647281881459
0.000623589517365
0.000634288159334
-0.000730605286286
9.63171269502e-05
-0.000265367207061
0.000730816154677
-0.000465448947612
-0.000294997712849
1.59479634531e-05
0.000279049749432
-3.27163859554e-05
-0.000324385317051
-9.27186381601e-05
-0.000636442928639
0.00072916156671
-0.000475410245727
-0.000330163802929
-0.00041444023881
0.000733403368748
-0.000298503841824
-0.000434899526922
-3.7017123199e-05
-0.000281714758393
0.000468036161693
-0.000639291873469
0.000662984237576
-0.000618459154903
0.000250362930547
0.000368096224356
-3.77750491383e-05
-0.000239889962972
0.000112634525298
0.000263795111759
-0.000376429637053
-0.000602972381803
0.000442699188685
0.000160273193111
-0.000655891178705
-0.000280408314512
0.000393042839807
9.27296071411e-05
-3.01265979126e-05
-6.26030092097e-05
0.000633643734385
-0.000394967419937
-0.000238676314457
0.000419028819499
0.000214614914883
0.00015078935426
-0.000112049747131
0.000382285870308
-0.000217715181976
-0.000164570688325
0.000622801511228
-0.000488572648637
-0.000134228862681
0.000519123672358
0.000103677838796
2.88919417536e-05
0.000164590338229
-0.000193482279949
-0.000567673138292
0.000109774480816
0.000457898657468
-0.000271152941694
-0.000347306213214
6.40764872618e-05
3.69264850594e-05
-0.0001010029723
-0.000278151498801
0.00035163808022
-7.34865814391e-05
-3.33291660687e-05
-0.000194963531213
-0.000126847887536
-0.000440825250766
0.000133222372766
0.000524198795047
-0.000584202780391
-0.000508635476183
0.000318740107429
0.000189895368759
8.91566704352e-06
-0.000648207540503
0.000359867045776
-9.74027397167e-05
-0.000262464306047
-0.000371155675358
5.26302192117e-05
0.000318525456164
-0.00022343164275
8.07494932392e-06
0.000215356693457
-8.42265314297e-05
-0.000382338009225
-7.14271254588e-05
0.000135503612733
-0.000637899368724
0.000646815035778
0.000212029223518
-0.000107729248282
-0.000104299975226
7.4029008294e-05
0.000285838037493
0.000315619257267
-0.000100936302248
-0.000214682955008
-0.00029712666706
-9.3965287208e-05
0.000506170792089
-0.000412205504905
-2.28109375888e-05
-0.00014618472196
2.46216590634e-05
-2.6358883231e-05
1.73722419106e-06
0.000267587442909
-0.000108203813447
-0.000159383629453
7.96502596873e-05
0.000187937183228
7.49696086271e-05
0.000240649648648
2.68767480894e-05
6.58528590638e-05
9.20844659045e-05
-0.000659592019753
0.000567507553851
-0.00025142702966
0.000143223216218
-0.000138441123353
-0.0001129859063
0.000436948526608
-0.000690254897633
7.76296321464e-05
0.000612625265509
-0.000183943562306
0.000299760344616
0.000180601929747
-0.000480362274371
-0.000584982067709
-0.000105272829905
0.000145174481713
-0.000137021690951
-8.15279074941e-06
-0.000194539700984
0.000699709347482
-0.000552131545145
-0.000147577802332
-7.94945794582e-05
0.000153562597051
0.000119887277007
-0.000194721349541
7.48340725467e-05
0.000299947286234
0.000422209164824
-0.000722156451042
-0.000134783335208
-3.70953347835e-05
0.000424565697166
-0.000568118053294
0.000143552356157
0.000114727279784
0.000723137665356
-0.000639503660883
-0.000663275399847
0.000627681398084
-0.000690674799022
0.000598726809635
9.19479893097e-05
0.000834698421223
-0.000752652115201
-8.20463060008e-05
0.000293602015355
-2.3851814961e-05
-0.000337513155838
4.45491376245e-05
-0.000721665104154
0.00018829268592
0.000533372418235
-0.000498750918008
-0.000222914186133
-0.00025336922195
0.000511210772172
0.000244492367563
0.000496991976205
-0.000741484343783
-6.01753360343e-06
0.000437609614686
-0.000137849270087
0.00026848316134
-0.000386643211951
0.000118160050647
0.000180905689881
-0.000367037191078
0.000186131501209
0.000705815465691
-0.000517522779766
-0.000315522439291
6.90798866617e-05
0.000246442552659
0.00023206523667
0.000251979903724
-0.000243904954379
0.000153683920554
0.000412271886108
-0.000143788724773
0.000226801222433
-0.000480170444372
-0.000286404899338
-0.000100238312602
-1.39569748276e-06
-0.0003588780835
7.24731841762e-05
0.000112996286463
-0.000302426799587
0.000120912344813
-9.09553177374e-05
-0.000224567121531
0.000201254873262
-0.000576362569697
0.000351401972298
0.000224960597393
-0.000398097199298
0.00011768888478
0.000267927867186
6.15481441253e-05
0.000162097267251
0.000250174618877
-0.000304960976247
0.000250105305129
5.48556711241e-05
0.000268433269176
-0.000345189614625
-0.000535379442998
7.55297705299e-05
0.000459849672449
-0.00017169139011
-1.25213725623e-05
0.00077117056972
-0.000526678202168
0.000170882301051
-0.000647164289277
0.00047628198823
0.000678714205939
-0.000702404648432
6.59617197392e-05
-0.000644569288579
0.000241325884663
0.000288319998764
-0.00052964588343
0.000248171622671
0.000188097452389
-0.000436269075067
0.000141808053988
0.000240477816324
0.000214238741096
0.000266655980775
-0.000480894721861
0.000791519915894
-0.000557452426284
0.000633102078946
0.000201596342303
-6.38799729598e-06
-9.07218847824e-05
0.000425660313294
-0.000724164155121
0.000670748689784
-0.00059311905761
0.000586719379121
-0.00038038751801
-0.000206331861124
0.000178406263621
0.000451898633885
-0.000203727011223
0.000278000133415
0.000400301172211
-0.000678301305621
-0.000241185746401
0.000467692413453
-0.000226506667064
0.000703660446711
0.000650664102757
9.26342387891e-05
-0.000691485407921
0.000598851169168
-0.000226108939219
-7.88520370275e-05
-0.00068227461713
0.000749266295481
-0.000148315713255
-0.000533958903961
7.00046911085e-05
0.000589550999989
-0.000659555691092
0.000637477302603
0.000111788992912
-0.000390209415187
0.000690156701426
0.000882425675727
0.000625655354649
0.00025677032108
0.000118079290751
9.39499327872e-05
-0.000315935429437
0.0005572613141
0.000669168705695
1.1891804624e-05
-3.82506878397e-05
-0.000618624863103
-4.46505367242e-05
0.000251703174967
-0.000349105914678
-0.000179156373735
-0.000210302747109
0.000411472434668
-0.000201169687554
0.000208307089681
-0.00045527811058
-0.000282603469989
0.000435600891571
0.000247999317633
-0.000489185064044
0.000516260553508
-0.000357258398108
-0.000159002155413
-0.000587088371132
0.000702846246751
-0.000268434474863
1.68878904951e-05
-0.000665095430989
-0.00061209905557
0.000231711537554
-0.000769463890617
0.000619553613551
0.000648252088715
-0.000537246468284
-9.8524757765e-06
0.000212482043634
-0.000202629567849
0.000384933239786
-0.000332303020562
2.32583086046e-05
0.000121916173122
9.46460391125e-05
-0.00023308716246
-0.000356559593792
0.000564866683459
-0.000110144942856
0.000698447871983
-0.000672721345783
-2.5726526261e-05
0.000738710142816
-0.000731928085571
-6.78205724831e-06
0.000201978227803
-0.000302914530043
0.000626858998104
-0.000534224759266
-0.000364449007902
0.000185543551857
0.000178905456054
-0.000234748385067
-0.000290470297853
-0.000218165178337
0.000409261012143
-0.000373202227345
-3.60587847783e-05
-0.000231041726919
0.000221189251145
-0.000421742328763
0.000211439581656
-5.46938373563e-05
-0.00030418424613
-1.93459370793e-05
0.000676572872247
-0.000657226935169
0.000346816612983
-0.000290965619023
0.000500860991434
-0.00037389302507
-0.000414001098942
0.000286965366451
0.000214533316123
0.000170987185161
-0.000388702367131
4.24361108727e-05
0.000170045932766
-0.000152285238663
-2.18169241425e-05
0.000672737751813
-0.000650920827671
0.00025773009666
-0.000533527463426
0.000275797366758
0.000574577329704
-0.000109621177367
-0.000505589955124
0.000281628487494
0.000326672783599
6.40938469427e-05
0.000674616295884
-0.000436063403885
-9.93160391247e-05
0.000662069884503
-3.24828040625e-05
-0.000629587080427
0.000247325669529
-0.000319651745149
7.23260756147e-05
0.000309601766447
-0.000250362625527
2.26794641591e-05
-0.000253721191077
-0.000617871722675
-7.36136852603e-05
-0.000202351740647
-9.13665297927e-05
-7.96880829005e-05
-0.000136767506405
-0.000592908603117
0.000236349009311
0.000505729414288
0.000681613288126
-0.000700959225206
0.000266391957433
-0.000208207777497
0.000232990970424
0.000178481464249
0.000651682667587
-0.000587588820636
0.000134137169592
0.000382123383909
-3.8614238443e-06
-0.000277408660434
0.000281270084285
-0.00063020534648
-6.66399111198e-05
0.000696845257606
-0.000385859322644
0.000244786764973
0.000141072557682
3.92105450558e-05
0.000707220339538
-0.00035058215057
5.01731056573e-05
-0.000406733968718
0.000356560863077
0.000811810539827
-0.00052038217935
-0.000291428360481
0.000541482692231
0.000270327847578
0.000516665707941
-0.0004152226423
0.00027278476929
0.000300337372714
-0.000304198796562
3.1864538027e-05
-0.000263006011988
-0.000189025461628
0.000452031473614
0.000375890512325
-0.000592332366173
0.000216441853847
0.000296040831677
-0.000339750765037
4.37099333697e-05
-0.000352998838963
-0.000259100216621
-0.000200852506504
-0.000693910240038
0.000661427435981
0.000403978155585
0.000659796363983
0.000204686401462
0.00032206222821
-2.60213965248e-05
-0.000516277129899
0.000233673659911
0.000413645321844
-0.000392020085003
0.000533528518912
-0.000735418379397
0.000647640193662
-0.000578440078233
0.000745526557285
-0.000167086479074
0.000214111694446
-0.000162797309116
0.000434262043217
-0.000619170078957
0.000184908035741
-0.000149759443415
0.000690022421582
-0.000540262978171
-7.10105187391e-06
-0.000218308021693
-0.000167551300953
-0.000710999418895
0.00056123997548
0.000668693677843
-0.000639403689129
0.000692961424527
0.000308950490904
0.000224578028004
0.000633973275868
-0.000656636065427
8.2657542043e-05
-0.000370719148893
0.000779852719505
-0.000238370027275
0.000542074163276
0.000141206260094
-0.000683280423241
-0.00028054847561
-0.000387802187792
0.000668350663399
0.000824428531152
-0.000410993722007
-0.000413434809154
0.000194886560913
-0.000763776826411
0.000521035988693
-0.000645526772589
0.000124490783954
0.000614117824284
-9.30818355603e-05
0.00022539196682
0.000458077142304
-0.000554104827677
-0.000151484613698
-0.000446160223712
0.000597644837409
-0.000194455929496
0.000408211465864
-0.000176729424711
-0.000481816410204
0.000658545834907
-0.000595046627589
0.000203026542585
0.00084720645867
-0.000433561136844
-0.000679277728469
0.00063462719176
0.000142662133592
-6.66524629517e-05
0.000662969983268
-0.000394847421781
-0.000268122561486
0.000110632025236
-0.000336740964453
-4.7052113328e-05
0.000347389486049
0.000513292996869
0.000562757754034
0.00021709496546
0.000260224714368
-0.000357732930242
9.75082158823e-05
-0.000552355182246
0.000396871883581
-0.000159765995777
0.000584331692959
0.000300253315764
0.000362716667498
0.000254624023192
0.000448222223559
0.000328730334261
-6.66810604052e-06
0.000354567174795
0.000556492442063
8.05761493168e-05
-0.000490434625018
-7.82423590593e-05
0.00056867698407
-0.000633301023904
-0.000367416791465
0.000320364678138
0.000569128765034
-0.000111051622727
-0.000436831548476
0.000247806086851
2.20955871628e-05
0.000729793279493
-0.000307584114669
0.000202835320906
0.000436042817271
-0.000185868198374
-7.95260506651e-05
0.00017749542511
-0.000389103013408
0.000283436044973
-0.000636434883938
0.00057248912078
-0.000129789932104
0.000315687671159
-0.000114273087387
-0.000201414583759
-0.000163888967963
-0.000429019635165
-0.000166675429406
-0.000231373099116
0.000457958733033
-0.00022658563389
-3.04682392227e-05
-0.000782196232806
0.000582443144603
0.000199753088206
-0.000375726597941
0.000209051168535
2.45460881381e-05
-0.000236751788063
-0.000296775675366
-0.000706043600246
0.000204669718163
0.000393495755393
0.000123169952552
0.000378057424183
-0.000361115978175
-1.69414460008e-05
-0.000414595630869
0.000196287609181
0.000395120975095
2.94128226167e-05
-0.000424533797717
0.000150735074163
-0.000112464994768
-0.000379870333381
-0.000138849881245
0.000258617677087
-0.00016370554317
-3.83416594374e-05
0.000202047202625
-0.000153733953967
-0.000628462278836
0.000502558739862
-0.000642585109907
0.000564342750838
-0.000678507175807
0.000710371713843
-0.000320006650099
0.00018115676885
0.00062669310383
-0.000466419910725
0.000418869398357
-0.000147689010276
-0.000271180388075
-0.000740042967788
0.000154426977713
0.000585615990063
-0.000344446423672
0.000644699739416
-0.000494017726781
0.000695614069104
0.000354048407065
-0.000874430586431
0.000450279368515
-0.00063702479096
0.000533483134925
-0.000139987379531
-0.000468756596983
0.00070418212223
0.000337879980351
0.00028513219341
-0.000623012173773
0.000138760297188
0.00048793280664
0.000221561454144
0.000154018768658
-0.000375580222797
-0.000596271295308
0.000510272592449
8.59987028874e-05
-0.000615745571699
0.000293082009141
0.000322663562548
0.000443123538966
-0.000655632845917
0.000212509306988
8.1353698136e-05
0.000545505300017
0.000639907892904
-0.000569903201794
-0.000346811505959
0.000390521439337
-0.000177285213752
-0.000611715838597
0.000766142816302
0.000671239066109
-0.000434890056816
0.000355418790206
6.09651711173e-05
-0.000407776677069
-0.00048800303994
0.000742627063124
0.000239351279728
-0.000536808730024
0.000297457450294
-0.000675124017407
-0.00050036385709
9.08627767182e-05
0.000409501080284
5.10732631239e-05
0.000621664488687
-0.000294769958536
-0.000320975613186
-1.40854240395e-05
0.000392142848185
-0.000219017474098
-0.000377253821202
-0.000342281824125
0.000748260183964
-0.000560705040994
0.00080517578947
-0.000245920663986
-0.000559255125511
0.000104938550491
0.000351092818635
-0.000456031369141
0.000325579873668
-0.00026828055041
0.000366803865174
0.000265203154365
-0.000632007019533
3.3570765257e-05
-0.000529194756664
0.000495623991404
-0.000266784850211
0.000390213270023
2.23735164172e-05
-0.000383489494587
-0.000371478277834
-0.000180876904416
-0.000262887325108
-0.000266758558322
0.000375131610479
-0.000638244518836
0.000263112908339
0.000329455522572
-0.000566207310633
0.000238820276272
7.68673948853e-05
-0.000224745059909
-0.000189850570953
0.000831168219431
-0.000560840371871
-0.000281387740336
-0.000455458701921
0.000736846442255
-0.000639216382219
-2.05254087687e-05
0.000650284022054
-0.000629758613293
0.000396364291902
-0.000141370988545
-0.00025499330336
-0.000256289145309
-0.000466581881324
0.000272125951828
0.000264344331884
-0.000199299033144
0.00051690532754
-0.000317606294398
0.000618851191008
-0.000252047325838
0.000582908998649
0.000222266790796
-0.000136171476095
0.00039666202647
-0.000410747450537
0.000205701488925
-6.02283332963e-05
-0.000336469759406
0.000533772985154
-0.000197303225748
-0.000190626682291
0.000773535680931
-0.000802342520895
0.00025275792543
0.000184851689249
-0.000425027692884
8.92153604246e-05
0.000335812332459
-0.000118506690969
-0.000592492727928
-0.000550101956894
0.000350802923748
0.000399833716918
9.49413183728e-05
0.000544966574535
0.000171619231996
0.000117909878339
-0.000608275383934
0.000490365505593
0.000511987395977
-0.000360990762421
-0.000150996633557
-0.000750144337322
0.000424187069511
-0.000270168300849
0.000348539218893
0.000299061430595
-0.000647600649497
0.00017551763657
0.000236025507055
-0.00045830615363
0.000222280646577
-5.11414187448e-05
0.000169220709509
-0.000694434660797
0.000589161830899
-0.000573050119577
0.000126889895862
0.000178092432679
-0.000586527454692
0.000408435022013
0.000631975263861
-0.000477181906674
0.000530452574829
-5.32706681395e-05
-0.000779431400433
-0.000571747932911
-0.00052338904981
0.000662149346992
0.000372009524214
0.000161473610708
-0.000507761815872
0.000648968076014
0.000470310356376
-0.000550449718307
8.01393619276e-05
7.93134729893e-05
0.000327612993382
-0.000406926466366
-7.77446636878e-05
0.000498762275789
-0.000465191510534
-0.000413481108541
-8.68827485949e-05
0.000605646104511
-0.000321493455621
-0.000284152648902
-0.000233644876372
-0.000198778305317
8.39108784594e-05
0.000114867426885
-4.83507356823e-05
0.000445012762135
0.000594191555292
-0.000712698246264
0.000570755834532
0.000235991456491
0.000512268727469
-0.000131973924041
-0.00056246073675
0.000516274875909
-7.59744456064e-05
-0.000440300430296
-0.000120831340349
-0.000447286712932
0.00049478104402
-0.000493494440192
-1.28660381163e-06
0.000482050526402
-0.000391187749652
-0.000700674263563
0.000649593719133
-0.00056824002098
1.06511059614e-05
0.000430768455001
1.75991373531e-05
0.000346545887889
-0.000264084771738
-0.000673901124917
0.000522686503552
0.000281130288054
-0.000422501276602
0.000338684349268
-0.000483376115206
0.000144691765927
-0.0002535458128
-0.000291269512134
0.000544815324932
-0.000277461419665
0.000454956844765
-5.95688830262e-05
-0.000486834414977
0.000546403298
0.000292164447583
0.000112439750685
-0.000404604198264
-0.000200396094081
0.000782839238684
0.000601027260784
-0.000201193543866
0.000465677400777
5.05974751376e-05
-0.000102739763201
0.000271990503386
-0.000351388315615
0.000430701788589
-0.000378947791032
0.000401321307405
-0.000659961662682
0.000629493423468
-0.00051161978914
0.000234158369465
-0.000136345087986
-0.000371218736831
0.000341142529254
3.00762076206e-05
-0.000220268227382
0.000506351463837
-0.000286083236453
0.000549344164224
-0.000681318088253
0.000336609478995
-0.000433602294449
9.69928154352e-05
-0.000504257035849
-0.000196417227717
-0.000515518642118
-4.64712695876e-05
0.00056198991168
-0.000577810138959
-0.000251902022199
0.000581357544766
-0.000155758999693
-0.000105641860931
0.00059357466756
-0.000507972665422
-9.00720523166e-05
0.000598044717758
0.000119961326564
-0.000471349642172
-0.000601333072426
0.000215404386885
0.000385928685541
0.000500157959975
-2.78170394118e-05
0.000371169928484
-0.000171598634554
-0.000199571293921
-0.000365014549635
-2.40224183761e-06
0.000466728204808
6.37243700368e-05
-8.52034135974e-05
0.000551931618417
0.000153897504817
-6.37725483992e-05
6.1825924701e-05
-0.000169809974026
0.000164851424958
0.000436175835829
-0.00046684725985
0.000542377030367
0.000619135609048
-0.000402050508467
-0.000217085100606
-0.000680706537645
0.000497511182482
0.000183195355116
0.000313504757772
2.05662535281e-05
0.000371576594678
0.00026828426617
7.85323468283e-05
-9.98723532177e-05
-0.000245317261391
-6.80527251158e-05
-0.000195871311638
-0.000478029813279
0.000379917780319
0.000239217828727
-0.00053813530252
0.000243464138731
0.000386889224883
4.38125637067e-05
-0.000589778858095
0.000187728349637
-0.000267756769336
-0.000212259321544
-0.000448689591664
0.000660948913203
-0.000585247555445
0.000517505505647
-0.000780721449186
0.000263215943515
0.000603974209937
-0.000338771055559
0.000153426911566
0.000195853651073
-0.000349280562632
0.000311815784372
0.000128424446498
-0.000440240230877
-0.000469239130603
-0.000518883006455
0.000459314123424
-0.00032589085917
0.000618972868301
0.000456507550295
-0.000476457604657
0.000714609303494
-0.00039550597272
0.000456471143844
2.62390071331e-05
-0.000405186798175
-0.000301097860336
-0.000517064493776
0.00028398445969
-0.000275175753579
-0.000100550844368
0.000309502041574
-0.000732583003092
0.000423080961527
-0.000350652483306
0.000111305791419
0.000519848379428
-0.000631154170826
-0.000164028732789
-0.000425750125316
0.000220129652169
0.000337753039822
-0.000452689079405
0.000114936039581
0.000289531456363
-0.000543077269168
-0.000135851654534
-0.000384333552751
0.000520185207252
-0.000405301615646
-0.000232942903202
0.000211720165288
0.000246238567747
0.000245193021604
-0.000497845029818
0.000252652008216
0.000226720388745
-0.000384486983046
-4.05407098393e-05
-0.000325289073803
-0.000323623738313
0.000648912812112
0.000364344031747
-9.60597655696e-05
-0.00026905541188
-0.000593176079015
3.62324244896e-05
0.000544480471142
0.00011766887585
-0.000211731263082
-0.000468975274521
0.000322460989566
-4.34112401613e-05
-0.000688716926186
0.00067221870906
3.74015562535e-05
-0.00034160035282
-0.000607031373976
0.000516959321668
0.000662837138442
0.000199198048378
-0.000300034903557
0.000100836855198
-0.000264170127073
0.000586833689623
0.000445520024137
-0.000177576138842
-0.000267943885283
-0.000324217464612
0.00015011222048
0.000174105244141
0.000512042936633
-0.000533809362475
2.17664258441e-05
-0.000192898050415
6.14079898161e-05
0.000261052999799
-0.00033294558894
0.00055049762564
-0.000469829979546
-0.00023264991731
0.000294057907144
0.000194720532126
-0.000530946713048
0.000336226180919
-0.000332960567928
0.000651769448151
-0.000318808880247
-1.74524413588e-05
0.000529495377967
0.000560638418369
0.000212897262546
0.000331766447463
-0.000656407022866
0.000324640575395
-0.000521175153015
0.000125087914881
0.000396087238068
0.000421359982209
-0.000148026944565
0.000432313116235
0.000477213377417
0.00049183889857
-0.000371877572012
0.000728575431399
-0.000416016380172
-0.000312559051229
-0.000534588995166
0.00039873734061
-0.000423605357865
-0.000168727008327
0.000660649955652
0.000342229695327
-0.000536675391401
0.000194445696073
-0.000420714216145
-0.00010046093693
-0.000310268461185
0.000514136980956
-0.000268943959362
-9.77169736509e-05
-0.000363147194869
0.000460864168551
0.00010464490549
-2.29402981112e-05
-0.000402691030483
0.000425631328583
0.000131388046326
-0.000492378808752
0.000425401607187
-5.38250124835e-05
0.000159617254584
0.000303716327545
-0.000463333582123
-0.000121783301617
0.000320981350005
0.000339258141141
0.000245670715511
0.000162540750351
-0.000532971083468
-0.000131697870539
0.000677203170665
3.52779498874e-05
-0.000611786387906
-4.81752747608e-05
-0.000348091792281
0.000304680552137
8.43621939954e-05
-0.000663401894802
0.000113918608328
0.000217128950249
0.000481328854732
-0.000698457804979
-0.000207409181942
-0.000250896971689
-0.000114334959133
-0.000114566632936
0.00022890159209
-0.000176666120849
0.000710038539082
0.000118506677933
0.000245837353822
-0.000226299960982
-0.000122805953691
0.000471480418327
-0.000357561809995
0.000273633020552
-0.000481042202491
-0.000158942801089
-0.000120124187761
0.000279066988863
0.000659374902592
-0.000361917452297
-9.78632946465e-05
0.000181774173125
0.000550017641417
-0.000355297109292
0.000562359489681
-0.000220129794367
0.000218825471963
0.000295311508993
-0.000150461666677
0.00019275047781
0.000194528807964
-0.000618134165817
-0.000254341299942
9.53984988715e-05
-0.000466026726984
0.000705806686775
0.0004973625924
-0.000720276778537
8.15673652858e-05
-8.49371564853e-05
-0.000177884937509
0.000262822094022
0.000144869967506
8.76896677078e-05
-0.000570649890924
0.000482960223233
-6.22544123177e-05
0.000403396941573
-0.000535540807283
7.36021460957e-05
0.000461938661112
0.000419144603706
-0.000442084901825
0.000700983135003
-0.000203620542593
0.000318424861564
-0.000164997950003
-0.000224212009273
-0.000179083734094
-0.000145133730511
0.000468662895742
-0.000700597026991
0.00023193413125
0.000409580038562
0.000338025087544
0.00028032662368
0.000282032866007
-7.73629879345e-05
0.00013681938233
0.000181605479238
0.000187376688217
-0.000358975322764
0.000189028969505
0.000363339114035
0.000384268392057
-0.000747607506087
0.000420588894079
0.000134942526695
-0.000390859688589
0.000255917161901
-0.000678438850851
5.28717795233e-05
-0.000405255214158
0.000449067777863
-0.000318015584649
-0.000484753455113
0.000127191645121
-0.000382541006506
0.000107365252937
-0.000528563218903
8.82627886101e-05
0.000237469384376
0.000100555703176
0.000286889317833
0.000191221259685
-0.000478110577506
0.000209120750659
-0.000312121241091
0.000761101135075
-0.000601759638488
-0.000512892860274
-0.000104000005809
0.000616892866091
-0.00053458956764
0.00030482137341
0.000229768194241
0.000358468808103
0.000293300640039
0.000320273668569
-0.00049073589632
0.000170462227749
-0.00011285023239
0.000665295129843
-0.000552444897456
0.000355976062307
-0.000614614486567
0.00036271246437
0.000504043042032
-4.41933695995e-05
0.000581172700955
-0.00030084607728
-0.000654291133766
0.000100358796132
-0.000692851524063
8.29006150773e-05
0.000510674052477
-8.05540713323e-05
0.000374479703467
-7.32289943746e-05
0.000140440649313
0.000215535413007
-0.000472782423108
-0.000348302462041
0.000586875952593
-0.000238573490602
-0.000521305444807
-7.88931185813e-06
-5.4825726903e-05
-0.000453973442007
0.000578670126118
-0.000155337772782
-0.000423332353338
0.000337488908699
-6.30412296913e-05
-0.000465819893728
0.000574285124963
-0.000108465231239
0.000462315271407
0.000187278447754
0.000464771272373
-0.000144497603804
0.000244478749867
0.000201041274279
0.000229047695121
-0.000262779628313
0.000403852185994
4.34176541977e-05
-0.000441941207327
0.000455742331895
-1.38011245707e-05
-0.000199921582119
7.2168217936e-05
-5.22745830521e-05
-0.00019542438733
-5.72402006091e-05
-0.000308927527194
0.0001298437931
0.000440747542642
0.000130088026764
-9.95060405204e-05
-0.000209421486666
-7.99543509293e-05
-0.000438928655529
0.000667408318762
0.000144488449701
0.00062165436659
0.000380779880523
-0.000126639959723
-0.000420753927049
0.000547393886768
-0.000107735402796
0.000652701977325
-0.000238113270794
0.000399380313701
-9.99925411984e-05
-0.000299387772499
0.000199593827102
-0.000648283418755
-0.000509509764549
3.96797849576e-05
-8.92770199434e-05
-0.000497886079724
0.000417931728793
0.000349243323056
-0.000605890344803
0.000256647021736
0.000129661640908
0.000269718672795
-0.000507540053149
0.000124440899586
0.000383099153587
0.000319411282132
9.27901381647e-06
-3.27526820312e-05
0.000492066805452
-0.000619763400192
0.00033921492457
0.000157001074093
-0.000655570952305
0.000498569878227
0.000607538047141
-0.000460444547189
0.000316655822439
-0.0004636534005
-0.000106996490409
0.000469141086147
0.000148255461106
-0.000398179350086
-9.97067296393e-05
-0.000341373469483
-0.000768832332691
0.00031337363077
-0.000269510525108
0.000515181240614
0.000121203433764
0.000343567838611
0.00020782009669
-0.000329603398297
-0.000461831844234
-0.000679514638336
0.000354225564528
0.000273977830215
0.000307379714547
0.000376948432263
0.000350633354686
-0.000727581786943
0.000639636286262
-5.59118868863e-05
-0.000583724399377
0.000740287546296
0.000264758672072
0.000354214196219
-0.000742483641588
0.000229800047916
-0.000635101663568
-0.0005328408762
0.00052431701416
7.84399254161e-05
9.83966149668e-05
0.000439616549082
-9.42614313256e-06
-0.000258313690542
0.000726976586283
0.000142211167082
0.000178770182937
0.000348260746005
0.000417995306321
-7.04689155944e-05
-0.000347526390723
0.000367472883072
0.000374277094053
0.00014590811323
0.00048025448953
-0.000359051055766
0.000281608952729
0.000289930788198
-0.00057153974091
0.000679372902455
-0.000484844094491
0.000476078318223
-0.000679698860821
0.000318002765123
0.000704990658378
0.000530941583921
0.000612356231392
4.62370428114e-05
0.0001894767483
-0.000235713791111
0.000439409329453
-0.000409996506839
-0.000639284270403
0.000591108995655
0.00054977519697
-0.000177325874954
-0.000243777701613
8.00721584546e-05
-0.000358314915477
0.000229883449681
-0.0003293894902
-0.000427581604814
0.000418155461651
-0.000581311406399
0.000317141279324
0.00047493265479
-3.53731698508e-05
0.00061626102
4.01895610302e-05
-0.000268776686806
0.00022858712577
8.74507099846e-05
-0.000436852363907
0.000364886734232
7.19656296761e-05
0.000130219809272
-0.000190105910047
5.98861007846e-05
-3.85883841651e-05
-0.000508231274464
-1.30741703456e-05
0.000676280129494
2.92742751589e-07
0.000352345585799
0.000108518582778
-0.00057329278784
0.00050759696474
-0.000433994818684
-0.000179492634072
8.6253650214e-05
0.000269165139993
-0.000357261665801
0.000741530057858
-0.000676370424106
0.000558825042357
0.000344287603677
0.00039599994262
-0.000289865824703
0.00016974163695
-0.000226347705945
0.000669471244961
0.000372048935058
-0.000598396640989
-0.000220824586191
0.000588920810548
0.000321167974841
-0.000589908969203
-0.000475492502023
0.000867053272861
-0.000315834202033
-0.000228685801027
-0.000278419937898
-9.32845252988e-05
-0.000226268577538
0.000683924792902
-0.000457656215371
0.000370527162134
5.6980291661e-05
-0.000427507453784
0.000437198745398
-0.000469951427431
-0.00020400589797
9.95628372487e-05
0.000104443060725
-0.00046984403163
-0.000148290134193
0.000618796722723
-0.000345024007564
-0.000273772715168
0.000443381121987
-0.000622873756059
-0.000524819309808
-0.00043954642445
0.000399005714608
0.000264397427022
0.000150010864862
-0.000414408291878
-0.000231264251073
-0.000240741196323
-0.000479750432451
0.000720491628778
-0.000540053300768
0.000906470518199
-4.74246192814e-06
0.000123093483522
-0.000378086786889
0.00038054775989
0.000456904347762
-0.000439305210399
0.00042084556299
-0.00040753631744
0.000384344455073
2.31918623662e-05
0.000512314995553
0.000152980134288
-0.00055179216342
0.000669976487476
0.000345472918054
-0.000514199926387
0.000364647565635
0.000216525135322
-0.000192212325429
0.000155116990651
-0.00060937769141
0.000445348958618
-0.000157252557027
0.000372787970043
-0.000635696536479
0.000165852504845
0.000379927938023
-0.000150596611758
0.000406513773657
0.000250419669861
-0.000440264537758
0.000189844867908
-0.000301547168181
-0.000377967470159
5.98200283731e-05
0.000438942247411
0.000414095957389
4.16463745032e-05
0.000473915985759
0.000227452948032
-0.000112585521125
-0.000398196037905
-0.000252980614899
0.000237145925392
-0.000196956364356
0.000604263116412
-5.97323573473e-05
-0.000364801440379
-0.000478992635107
-0.000576091699831
0.00059623769309
-0.000152856571086
0.000182551665572
0.000257028421753
9.03610642974e-05
0.00014605896934
0.000110013678273
-4.26495832071e-05
0.000519081609338
9.80617096344e-05
-7.78431845913e-05
-2.02185250238e-05
0.000485045072721
-0.000711313650258
-0.0001633598367
-8.89663021844e-05
0.000252326138877
-0.000421315250355
-0.00032629225573
0.000295172984408
0.000288192915351
-0.000158349122245
0.000438631706131
0.00037757423065
6.77022442472e-06
-0.000420870706136
0.000327586180842
-0.00026570990757
-0.000434887119419
0.000237025203563
0.000349808486039
0.00011529152072
0.000250044709794
-0.00036533623051
0.000220772267834
-0.000379706350701
0.000158934082872
3.81720235361e-05
-0.000693802315627
0.000208958221137
-3.59575938664e-05
0.000652218613863
-4.12320082505e-06
-0.00026465348597
-0.000436207002993
0.000365738087397
7.3786088698e-05
-0.000604385063923
0.000181052710585
-0.000713394091402
0.000590193194839
-0.000366787099435
-0.000223406095404
8.49078350131e-05
-0.000384295607509
0.000371313765606
0.000245169187275
0.000284435641593
-5.58485158263e-05
0.000128809285902
-0.000313765777854
-0.00010767393523
0.000372071362242
-0.000736916819071
5.38152382338e-07
0.000345174970402
0.000132584292598
1.29778619292e-06
-0.000304544151573
-0.000116326554563
0.000392575152869
-0.000171802885031
-0.000271335028543
7.43322852563e-05
0.000329064656341
5.44303028065e-05
-0.000401956693525
0.000382300630381
0.000426349182893
-0.00024132793885
-0.000185021244038
0.000634376603576
4.19035259167e-05
0.000436900182695
0.00039456062849
-0.000418943091364
2.43824628752e-05
0.00016953348792
-0.000200041239891
-0.000730090342518
0.000250339910071
-0.000134889356323
0.00012008458737
-0.000382548893409
-0.000400493690926
0.000423685553292
0.000406216773605
-0.000707763941787
-0.000534435044125
0.000427438553728
0.000490904763097
5.14722672582e-05
0.000321365013338
-0.000742680263695
-0.000404738816822
0.000167059890932
0.000237678925903
0.000193003858952
-0.00038696499375
-0.000105413815006
0.000408169429952
-0.000561026001032
8.20759946304e-05
-0.000291497481296
0.000169441354815
-0.000149827768827
8.69509920077e-05
0.000704858919218
-0.000211734957867
0.000457143744193
0.00028801217202
-0.000745155916214
0.000285164891709
0.000435326737073
7.25213441584e-05
0.000230926183518
0.000483683119977
-0.000368994074982
-0.000449670595555
-1.25888883923e-05
0.000462259483916
-4.43525974996e-05
-0.00053962671246
0.000583979309978
0.000742308635902
0.000311952804037
-3.29229164153e-05
0.000403450078565
0.000417479560796
0.0004960426331
-0.000651740185331
-0.000343334019953
-0.000378822431077
-0.000537299921513
5.20196986381e-05
-0.000452513389566
-6.29540140505e-05
0.000545914237298
0.000277139145586
-0.000252593057438
0.000413667794331
-0.000395614101172
0.000452594392846
-0.000280428395496
-0.000423115568858
0.000624005188392
-0.000200889619536
-0.000527949810782
-0.000135907392162
0.000392935813915
0.000174529268551
0.000482753305427
2.12897365897e-05
-7.59107050087e-05
0.000352010323373
-9.24622122553e-06
0.000361256544612
0.000540557690191
-0.000467661609172
-6.53094743088e-05
-0.000207484148262
-5.90339253388e-05
-0.000274358821744
0.000394443409123
8.16497332316e-05
-0.000477263834392
-1.3152819546e-05
6.189824437e-06
-0.000304142109989
0.000297952285564
-0.000126265614167
-0.00018925903391
-0.000389561056634
0.000564090325184
0.000265153870634
2.85302887357e-05
-0.000293684159358
0.00033706938435
-0.000218909333694
-0.000161822651465
0.000340592834405
2.58578477475e-05
-0.000222814212096
-0.000347744119883
0.00033849789867
0.000509088286967
-0.00075000689231
0.000538275629211
-0.000329865304701
0.000376435448765
-0.000502701062926
-0.000708077802726
0.000625892410977
8.21853917436e-05
0.000169016529879
-0.000439184830726
-0.000454668091675
-0.000376090296887
0.00041414832607
3.84460667866e-05
-0.000307680336142
0.000313870160591
0.000214614225029
0.000558673945046
0.000446134272922
-0.000400599092988
-0.000251141092347
-0.000228279030949
-0.000451419829872
2.92186637182e-05
-0.000336898999849
-0.000147637352902
-0.000377181956907
-0.000364364064952
0.000353757564563
1.06065003789e-05
8.23266204794e-05
9.94475526586e-05
0.000238174508495
-0.000345848443718
-1.02445052589e-05
0.000474484554021
-0.000464240048779
-0.000225650312726
0.000611639475578
0.000700265057689
-0.000361006916544
-1.44082594005e-05
0.000428556585484
0.000622248166556
-0.000131882660968
0.000506688408668
-5.10521745295e-05
-0.00033243732006
0.000739772296439
0.000138645120988
0.000140421867896
-0.000596323337817
3.14725881283e-06
-0.000642757172786
0.00042567207218
0.000484580339716
0.000282992888507
8.65836844201e-05
-6.74627683937e-06
0.000271900147482
-0.000275611821248
5.02483117978e-05
0.000253551695964
-0.000303800007749
-0.000291380618205
-0.000100828385624
-0.000388432126294
-0.000172593874738
0.000286336185289
-0.000104730706048
0.00053877555167
-9.91590025985e-05
-0.000333881852853
0.000389041819171
-0.000356634327706
-0.000146066735216
-5.071122123e-05
-0.000240786260061
0.000413130823881
-0.000143412151083
-0.000314892719171
0.00033643672791
0.000546909473564
-0.000333625023846
-0.000204510278678
-0.000260765477557
-6.86240126409e-05
-0.000521132121378
-0.000588852195332
0.000262562313908
-0.000447583557943
-0.000119560579759
0.000219123417006
-0.000494816006139
-3.19953018517e-05
0.000260589278653
-0.00022859397679
-0.000531628355351
0.000159750783346
-1.22237720142e-05
-0.000215360132686
0.000227583904712
-0.000463080895852
0.00023743058313
-0.00028152640015
0.000331774711943
-0.000149947872354
-0.000182758853662
0.000332706726028
2.03194161069e-05
0.000464260923619
0.000623227480172
-0.000567290498413
0.000699967064372
-0.000132676565963
0.000571372935715
-0.000213238476139
0.000201014704132
0.000143120739056
-0.000247355434535
-0.000435507836467
0.000432783700554
0.000631756626239
-0.000698413755135
0.00013112325672
5.33463115564e-05
0.000103012383301
-0.000156358694843
0.000253843001818
9.52135341341e-06
-0.000280879577164
0.000221845651835
0.000172017253591
-0.000200488684254
-0.000422385071808
-0.000252300263597
-7.96247038908e-05
0.00062276969196
-0.000621471905766
0.000529228202445
-0.000192791474531
-0.000486601818397
0.000200518581944
4.95318764785e-05
1.20162676598e-05
6.72395390065e-05
6.28484877685e-05
-0.000328164212496
0.0002235273235
-0.000326768099901
0.000241457468223
-0.000500051397384
0.000341049241966
-0.000311476698789
0.00040903391777
-0.000321656093756
-8.73778240217e-05
0.000349301560415
-0.000349052408137
0.000667440798486
-0.000567082002359
-0.000599765705538
0.00054385381865
0.000432938804705
-0.000226187079113
-0.000193321479129
0.000185168688388
-0.000559173911039
0.000731191164633
0.000428006009997
0.000725314812012
-0.000311084181828
-0.000316249957209
0.000186438094549
-6.56866379742e-05
0.000170129698702
-0.000449041755379
0.000127177820313
0.000645126474898
-0.000594053211775
3.11110124516e-05
-0.000271897272506
9.05449621021e-05
0.000244603260187
-0.000739419266322
0.000269992282318
-4.73449728186e-06
0.000219532493705
-0.000121721841269
-6.79113346817e-05
0.000428347255891
-9.17377769057e-05
-0.000463441413824
-4.60683507425e-05
-0.000177846455847
7.09974678895e-05
0.000106848987972
0.000129416369073
9.8036578977e-05
0.000501561639803
-0.000540526711677
-0.000107756707059
-0.00040289514765
0.000287525631432
3.88680435591e-05
3.3300174387e-05
0.000166140900973
-0.000158338520387
0.000201756174592
-0.000164248062298
-5.9418251303e-05
0.000591239399777
-1.91844176978e-05
-0.000292292281086
0.000162004931691
0.000274980241233
-0.000729648332907
0.000200495970459
0.000882686524569
-0.000585496343713
-0.000297190180884
0.000157833980745
0.000156097272815
4.06225542171e-05
-0.000196719827021
0.000210059043257
8.88109569993e-05
0.000125722359132
0.000141229494926
-8.78831833635e-05
0.000627381086217
0.00040867520371
-0.00066698889425
-0.000494731776203
4.07583341452e-05
0.00053131471675
-0.000132577376183
-2.34598009512e-05
0.000179557073775
-0.000336003647595
0.000241359185982
-0.000553480427069
-0.000152609534745
-4.30495915561e-05
0.000462194195252
7.8044472538e-05
9.79503994218e-06
-8.05781574541e-06
0.00033068388776
1.21000042921e-05
-0.000342783892049
-0.000131739649478
-0.000477638041945
-0.000163973337127
-7.17404539831e-05
-0.000179312136157
0.000365750230714
2.01217788242e-05
-0.000172407017481
0.000379012837402
-0.000123164412469
-0.000310437881984
0.000311499470063
-0.000560677470831
0.000259831393557
-0.000172615921918
-0.000529360223065
2.87164801858e-05
6.35458155077e-05
-0.000128871947098
0.000267517068106
0.000521881055917
-0.000182309254442
-0.000317742142945
-1.72087893545e-05
0.000441088763124
-0.000285981600091
-0.000155107163029
0.000483767277668
-0.000279080876212
0.000390485417478
-0.000530214644636
0.00058081211978
0.000376694706725
-0.000556927740974
0.00058564422116
0.000413393870662
-0.000295704985888
0.000360648018349
-0.000348548014056
0.000321521891157
2.06854898662e-05
-0.000342207381022
0.0002939834748
-0.000298106675619
0.000134717643703
0.000545014934214
-0.000170737840203
-0.000633287764171
0.000311794308544
3.1737480618e-06
-0.000405864778542
0.000235568388113
4.15707574843e-05
-1.11017900028e-05
4.04190320514e-05
-0.000103989214893
6.35701828504e-05
-0.000313010137249
-0.000109491139355
0.000367418242774
0.000373779281647
5.35242700427e-05
4.45374396017e-05
0.000463836747134
0.000293376482054
-0.00075721322926
-0.000128023470701
-0.000335310111431
-8.87496783985e-07
-0.000291404784298
0.000279508267459
0.000391197597263
-6.36114164192e-05
0.000388322557828
-0.000305665015785
0.000428654104437
0.000156821331942
-0.000232034173217
-8.63221301576e-05
0.000126741162216
0.000308041572295
-3.75529380731e-05
-0.000306081321372
0.000396626283472
-0.000455051991245
-0.000359013523134
0.000135951820729
0.000223061702413
0.000156196183316
-9.63100825283e-05
0.000211742989562
2.61079115891e-05
0.000557871398402
-0.000226739445873
0.000169499245271
3.53112872447e-06
0.000460729794906
0.000130818861333
0.000196712472174
0.000252240616844
0.000432087714214
-0.000341732986581
0.000703284865912
-6.22162260934e-06
0.000106107582572
-0.000543572314185
0.000322324482996
-0.000542454277362
0.000162296040438
-0.00049614186515
5.58852377602e-05
-0.000195709860214
-0.000421843905725
0.000517172542519
-9.5328636773e-05
4.30952143379e-05
-0.000564817052832
0.000182511302927
-0.000695404163194
0.000338468123034
0.000248407829517
0.000324020811118
-0.00028720166431
-9.08851225871e-05
0.000360035389247
-3.85134980978e-05
2.00171535541e-05
-0.000641586534014
0.00062156938047
-0.000166049873523
-0.000301458023227
0.00046750789674
-0.000290230757541
-4.59111174891e-05
-0.000197408214169
-0.000315736925235
0.000238732364163
-8.36153735035e-05
-0.000840391265903
0.000304385028294
0.000536006237596
0.000195469339406
0.000132765559119
-0.000254857910919
0.000175233207047
0.000268704043174
-0.000135938484055
-6.11939733174e-05
0.000270179758492
-0.000208985785166
0.0006498103056
0.000139221383527
-0.000289049152355
4.69569017856e-05
0.000115339138668
2.27748309791e-06
0.000519603572834
-0.000314668964666
0.000258820448843
-5.49073647685e-05
0.000161756352748
-0.000238352987836
0.000249998362485
-0.000712982584761
0.000449710597166
0.000185559837027
-0.000147382963023
-3.81768739994e-05
0.000193475833891
-0.000233916002091
-0.000136236916017
-0.000179185801001
0.000452858447398
-0.0002736726464
0.00020117954239
-0.000301606598898
0.000582025842187
-0.000123714508918
0.000498253699
0.000410445931711
-0.000401371573782
-0.000166276792754
-5.15714082916e-05
0.000511501641984
-0.000459930233683
0.000437583239108
5.3034510709e-05
0.000130650881135
0.000154331508652
-0.000258631483874
0.000414828165348
-0.000680538072917
-0.000205646353945
0.000555454839975
0.00015805690432
0.000215111703124
-0.000214573550742
-0.00010692403713
-0.000237019832343
0.000327380896643
0.000473415314016
-0.00053459246042
6.11771464155e-05
-0.000442830772206
0.000128447085253
-0.000198020653388
0.000617216907251
9.00630369289e-05
0.00040880125674
-0.000498864293681
-0.000322714412948
0.000582545806511
-0.000523191861048
0.000200477448102
-6.5625499251e-05
0.000156984773389
0.000341740499372
-0.00049872527275
0.000727380876453
-0.00059638008699
0.000220289790114
-0.000229089491354
-0.00028797500243
0.000727863672375
0.000464753923027
-0.000128941590573
-9.07873915927e-06
8.91322386038e-05
1.30588463841e-05
-0.00031093469743
0.000297875851061
-0.00014765837492
0.000372046921868
-0.000224388546962
0.000705126868065
3.36680363225e-05
2.9709434883e-05
-0.000117592618243
-0.000289526653622
-0.000385469503968
-0.000295210496839
-0.000338077267334
8.43469546795e-06
0.000172835684511
-0.000146525378154
0.000472508800169
0.000405108612043
2.6979102186e-05
0.000117010522898
0.000661108096104
-0.000323228115746
0.000560148881507
-0.000244158361967
4.7329426999e-05
-4.23421264636e-06
-0.000123415831068
-0.000406334611125
0.000529750442184
0.000138296551801
0.000512194499678
-7.28337249368e-05
0.000331654173772
9.05095453414e-05
-0.000505997482944
0.000755995845429
0.000562146319724
0.000470149890383
-0.000574149896187
0.000558412678996
0.000658932193518
0.000285568122026
7.42797800095e-05
-7.74791702443e-05
3.19939024216e-06
0.000318126839584
0.00047467116643
-7.56654518249e-05
-0.000477997981958
0.000465409093546
-7.11870353771e-05
-0.000123804897821
-0.000222043545891
0.000431434962461
0.00029309059562
-0.000517302604893
0.000210337693904
0.000380901705868
-0.000481449263704
0.000353425793001
0.000345774467241
-0.000444933469851
-0.000362175255585
-0.000294231767282
0.000288995096872
-0.000140739635766
0.000130879050076
0.000448313845454
0.000226648538073
-0.000649594005951
-0.000558336595046
0.000486887830987
7.14487640522e-05
-0.000131703038551
-0.00040497235284
-0.00043931296241
-3.86850195632e-05
0.000341263119618
0.000574665702764
-0.000333306516787
0.00034572957586
-7.64440100322e-05
-0.000368357240764
0.000444801250786
-0.000234057639958
0.000478536389833
0.000194321941766
5.10609623562e-05
0.000522099992736
-0.000375113896024
-0.000146986096726
0.000449138828193
-0.000514448302511
-0.000385134670125
0.000346621172025
0.000466489166863
-3.61778829837e-05
-0.000522158712056
0.000384551165713
-0.000106529289143
-0.000406454635315
0.000512983924464
-0.000564889274918
-0.000218812415099
0.000504380537123
0.000652150431747
-0.000672675840526
-0.000240450818464
0.00050875386881
-0.000213121369992
-0.000295632498805
0.00057156432237
-0.000324439474742
-0.000300936434061
0.000481819019405
-0.000395235334977
-0.000252160728904
-0.00048212008714
0.000504671404072
-3.21626039104e-05
0.000587014220422
-0.0005838669616
-0.000414415823945
0.000290701315018
0.000385750185218
-0.000436241960188
4.42502519441e-05
-0.000672047615372
0.000564312212571
-0.00040389525984
4.36763825831e-05
-0.000477671201304
1.96767971824e-06
2.69575973047e-05
0.000266026896867
-0.000534970856229
0.000398684161668
0.000625568163196
-0.000262855698827
0.000326320878193
0.000169721754916
0.000594870610409
-0.000287490895862
0.000381960922063
-1.58148962871e-05
-0.000366146025773
-6.52176114075e-05
0.00022637455041
0.000226483896989
0.000180340943947
-0.000522252421626
-0.000403256015321
0.000530818494256
-0.000366435740903
0.000471374291383
5.72740878151e-05
4.28409131284e-06
-0.000121876709554
-0.00044430608888
0.000626817391813
0.000175746581567
-0.000259361955068
-0.000131926207448
0.00030767278902
-0.000212810280316
-9.0957973063e-05
0.000352010972868
-9.56990784945e-05
-0.000561242649814
0.000154908038683
0.000417290025044
-0.000645975826071
-0.000291915386725
-4.43833625829e-05
0.000449491974636
-0.000380981562626
-0.000256043228334
0.000680643461388
-0.000642540499873
-3.81029615321e-05
-0.000348631573094
0.000667992615059
-0.000406888190001
-0.000261104425059
0.000455162489835
-0.000445641136421
-0.000598965875535
-8.20773972319e-05
-0.000310717961507
-0.000254171313415
1.44856193484e-05
-2.2543435083e-05
-0.000458777151571
3.72516032074e-06
0.000457139739525
-0.000498247620228
-3.89094142511e-05
0.000537157034499
-0.00060671517541
0.000474975525927
-3.77889637015e-05
-4.70030369633e-05
-0.000651248276376
0.000361341141076
0.000289907135292
-0.00051008192723
-0.000424385265588
-0.000586801381341
0.000708988294887
0.000594888859615
0.000105467094656
-2.13559526065e-05
0.000482085747524
0.000180125533602
0.00061860212321
-0.00014138874578
3.26160268207e-05
-0.000657385752425
0.000272974555823
-0.000511327543655
-0.000287453530207
0.000310167865229
-0.000195454689194
-0.000131952824703
0.000734974472998
-8.28240412634e-05
0.00051098487453
-0.000129517015966
-0.000565887147226
0.000219368593472
0.000274394100224
0.000386778509289
-0.000649008088702
0.000262229579411
-0.000491627188666
0.000186235742711
0.000632546047523
-0.000608862966795
0.00050612320359
-2.40301853396e-05
0.00013936932402
-0.000195168850159
-0.000401211236825
-8.4059452491e-06
-0.000439159419017
-0.000134990477168
-0.000575771238251
0.000269265619167
0.000235114917957
0.000520819316356
-0.000630512854521
-0.000568676434982
0.000373760847776
-3.13671642099e-05
-0.00016435235137
-0.000536362050949
-0.00048631599938
-0.000499748425786
0.000322422550831
0.000535099445017
2.70468746984e-05
-1.56223567392e-05
-0.000208768600973
-2.51474011094e-05
-0.000418389226503
-0.000422002039409
0.000274696228849
-0.000266390412207
0.000338860310307
0.000159393388685
6.33630679686e-05
0.000441308336093
0.000484569933035
0.000437702384947
0.000535572782471
-0.000436912867163
-0.000241880260615
-0.00045680947186
-0.000250217305222
0.000168169724131
0.000755493592456
-0.000673552322141
-0.000169587044286
-0.000713731526661
0.000779267096544
-0.000514992965996
0.00048283036207
-7.96762086242e-06
-0.000790563688419
0.000798531309256
-6.86413567072e-05
0.000324354240983
7.22720424851e-05
-0.000463143696364
0.000360576876538
-9.59789125133e-05
0.000717633279097
-0.00049479803043
0.000399098951929
0.000358022277309
-0.000264047650392
0.000689719722562
0.00031381524897
0.000123767990129
-0.000146322632786
0.000322451412465
0.000303024590876
-0.000635970179819
-0.000293759563626
-7.75147426449e-05
0.000495749516155
-0.000630676686621
-0.000653268547066
0.000390412848239
0.000631844605094
0.000171501312929
-0.000108846334454
9.73167420678e-05
-0.000685123457343
0.000219096730361
0.000531009053168
0.000363998777809
0.000266972904187
-0.000673861094189
0.000270898680917
-0.000473208637655
-0.00066572616937
0.000315310671453
0.000350415497918
0.000295603883552
-0.000288511835827
-0.00039493411814
-0.000260698727773
0.000180012590921
-0.000443134489774
-0.000411822854468
0.000143878969196
-0.000271330496059
-0.000432546713072
0.000311403207349
0.000121143505733
-0.000235978522021
0.000288054864338
2.8198034363e-05
-0.000379597282065
-0.00028813767466
-2.79846632706e-06
0.000456500848688
0.000607305953396
-0.00085084903174
0.000526651509756
0.000570859241976
-0.000289425974012
-0.000165462644082
0.000482118466546
0.000608810962006
7.50927792164e-05
0.000329489398323
0.000302355206788
-0.000356349460028
-0.000194880054067
0.00044272948757
-0.000379183672072
0.000179696050369
9.84051201158e-05
-0.000278101170498
0.000685621884994
-0.000188110702598
-0.000635205496549
0.000442307446132
8.16747853931e-05
0.000167074874679
0.000404708826439
2.69884413975e-05
-0.000327982742216
3.27329807227e-05
0.000110493471222
0.000346646268307
-0.000130678392122
0.000143330131347
-1.26517392183e-05
-0.000168716329686
0.000229724342159
-0.000418293858603
0.000448085634061
-0.000607304923798
0.000532300978682
-0.00020366837994
0.000474492249032
-0.000777803243777
0.000329983864864
-0.000116740909779
0.000662915979672
-0.000142096663316
0.000239121617274
0.000112889355606
-0.00033369741725
-0.000667761610086
0.000629658648549
0.000285888263629
-0.000528245555211
-7.84696202085e-05
-0.000253161934904
-0.000654906852788
0.000339072650753
-0.00024237066069
0.000607018226326
-0.00101600147954
0.000701699889899
0.000549307200092
-0.000566925429523
0.000593972304215
-1.11796771224e-05
-0.000453060371672
0.000408719949422
-0.000281146005011
0.000172868897288
-0.000418918310792
5.27722850182e-05
-0.000631758010971
0.000174722009488
-0.000641990403324
0.00024705628519
-0.000613254571447
-0.000402746908155
-0.000391814609918
0.000325380488007
0.000142127408722
-0.000424076491147
0.00016442432657
-0.000736172259547
0.000593188605272
0.000266257347642
-0.000599563864428
-0.000241536943561
-0.000363180103408
0.000361188865683
6.04556566901e-05
0.000337827111319
-0.000370543497264
-0.000606309152153
-0.000434113473092
-0.000303284561275
0.000383861317693
-0.000567959327259
0.000184098009567
-0.000184815117288
-0.000296897529067
0.000494199649985
-0.000322010106265
0.000181270470514
-0.000195226533237
0.000388000216983
-0.000264732957933
-0.000519371027102
0.000420943618668
-0.000487762956894
6.68193382201e-05
-0.000565853335991
-0.000462761510716
-0.000700361239017
0.000659260226953
-0.000308844729038
7.11012713641e-05
-3.23209602849e-05
0.000453264578948
-0.000414356369053
0.000230180241639
0.000184176127417
-0.000306049659356
0.000541164577316
-0.000192279806164
-0.000605669262621
0.000322582868473
0.000283086394173
0.000383000586482
4.43145118514e-05
0.000605969510193
0.000132268272154
-0.000483176650688
-0.000365500663327
0.000238765665578
0.000683447425978
-0.000506941835332
-0.000185608246699
0.000385413453808
8.90787952256e-05
-0.00032919366168
0.000559257120526
-0.000338967330407
-0.000396396220787
6.89019619832e-05
0.000438185738827
0.000313507069203
-0.00062235179824
0.000430434403055
0.000106623787577
-0.00028605679523
0.000655073559977
0.00061152360108
-0.000386563003687
-7.64169288606e-05
-0.000351090524914
-0.000336406242884
0.000176899801517
0.00022130973062
-0.000359159000715
-0.00030901311674
-0.00037010125476
0.000453615563649
8.45603452083e-05
-0.000538175908872
-0.000275006625734
-0.000244364401356
0.000569116653096
-0.000332444662954
-0.00041094529731
2.00657957296e-07
-0.000291937804159
-0.000114988662208
-0.000573373294035
0.000285398291589
-9.49402265905e-05
-0.000213315094762
-0.000393859548738
-0.000356032828658
0.000595250657375
-0.000109258685989
0.000562874249636
0.000241521975068
0.000702050546823
-0.000330736781208
-0.000501592259617
-0.000497253741276
-0.000390039058033
4.70200488194e-05
0.000570180030804
-0.000382451681181
-0.000203527129924
0.000129179596106
-0.000149541378494
0.000379721620142
-0.000573510325436
-0.0004262875511
0.000115224849319
-0.000525868681301
0.000410643831967
0.000112184481967
-0.000649430950249
-0.000544309321826
0.000205341991436
0.000395643236928
-0.000104941921919
0.000514323801247
-0.000499449173724
-0.000118852992061
-0.000260753880605
0.000214147202148
-0.000458836127433
-0.000171840559174
-1.39530388454e-05
0.000262805994422
-1.6237527172e-05
-6.05117291948e-06
0.000588868004862
8.24966153833e-05
-0.000671364620249
-0.000265034501945
0.000576056244289
-0.000351478216283
-1.41125816194e-05
-0.00054224141498
0.000251771117132
0.00029625026818
0.000350955962253
-0.00016968549172
-0.000303314055839
-0.000267545186137
0.000337613882184
7.88817015962e-06
-0.00031070433102
0.000680952470767
-0.000314771222608
-8.98329756442e-05
-9.28695264581e-06
-0.000547767956286
0.000165316275099
-0.000183120456134
-0.000552584591634
0.000451918910538
-0.000330775404799
-0.000115638710966
-0.000476842140012
-0.000379754866525
-0.000309767265331
-6.18262856328e-05
0.000574353985616
0.000267043127548
-9.99647482528e-08
-0.000338437389491
-0.00058689672794
-0.000352241298519
-0.000444547338908
0.000260371211491
-0.000533317443558
9.63784616578e-05
-0.000712367270843
-0.00013712412432
-6.17467887717e-05
0.000593872339462
8.35646159146e-05
-0.000611810171136
-0.000368001168461
6.71539654162e-05
-0.000503332112032
0.000567495659285
2.63766801651e-05
0.000670480454947
-0.000176280804963
-2.71517019298e-05
-5.53455468089e-05
-6.49406656273e-05
-6.17412753832e-05
0.000558677658841
0.000260045384795
0.000232620999047
9.65791196168e-05
-3.4752833984e-05
0.000629448682932
-0.000426422140347
0.000613070259055
0.000242885679243
0.000230720731119
-0.00033566265305
-0.000423714828493
-0.000114413998345
0.000678726210916
0.000466812075009
0.000235740656202
-0.00067837763381
0.000442636977608
-0.00059445354155
0.000678722954388
-0.000566538472421
-0.000532129861694
-4.73804393832e-05
0.000146593092694
-0.000625254219418
0.000651859648611
-0.000466951612869
-3.20656141412e-05
-0.000614749421637
-4.48062694457e-05
-0.000438120437986
-0.0005366295476
0.000683222640294
-0.00061817796813
-5.31866521124e-05
-0.000207286884995
0.000674098960007
-0.000330846857348
0.000563467856421
0.000476160540983
0.000282223401724
0.000225437508264
-0.000202217092826
0.000406970060812
-0.000668074485872
0.000649855740056
0.000368709735044
0.000628755119838
-0.000598900718317
-0.000331857590771
0.000317407818826
0.000251273723448
0.00054412820758
0.000598258783226
-0.000187549369817
0.000197334488245
-0.000672412370289
0.000475077882045
0.000122678315276
-0.000704335993979
0.000469488502361
0.000286507343067
0.000100222859237
0.000451020881888
-0.000551243741113
-5.3382607505e-05
0.000635007054122
-0.000581624446605
5.73143168672e-05
0.000459235423207
-0.000516549740089
-0.00039355258517
0.000590887073413
-0.000514574165606
0.000119338830637
0.00035482338226
0.000332436252657
-0.000593134980426
-0.00040781897491
0.00069370723854
0.000166460583631
-0.000174399628482
7.93904484068e-06
0.000153191161519
3.06596358057e-05
-0.000114943202389
-1.08711365674e-05
-0.000248613182998
0.00025948431958
-8.44454979258e-05
0.000279306397437
-0.000194860899527
0.00013915033822
0.000578313058121
-0.00018222582009
-0.000465553529649
0.000582803611692
0.000156968684733
0.000135122583729
0.000599851889266
-0.000741092093922
0.000662622473703
0.000643215903728
-0.000740802046751
0.000782862133129
-0.000518171490196
0.000316313865711
0.000653079736165
-0.00017810421025
-0.000455671521996
0.000231190902484
-0.000660210537663
-0.000607909626888
7.36848676563e-05
0.000617182180911
-0.0003254439723
0.000593566533786
0.000430538712303
0.000795603445968
-0.000421100830774
-0.000861988046555
-0.000775747776964
0.00046349669967
-0.00070931291638
0.000921393336558
-0.000694630673635
0.000639578817026
-0.000167961593455
0.00028693911956
-0.000246898777724
0.00013795093127
-0.000415322431595
-0.000582264230336
-0.000439409050896
0.000440695654707
-0.000516713502314
0.000588255900785
-0.000393198203683
-0.000513466236214
0.000329368226647
-0.000475793435132
-0.000215390534312
-0.000506836513673
-0.000537198927477
0.000436737990504
-0.000610108424311
0.000497210922399
-3.49514384895e-05
0.000503093299058
-0.000637322161828
-0.000335622181798
0.0005741956724
-0.000213618795905
7.98047866119e-05
0.000328464791701
-0.00042413961785
0.000361461776188
-1.63457927246e-05
-0.000667885373149
0.000592792593932
0.000112334274117
0.000196625466504
-0.000468751418331
-0.000432925641047
0.00056947370525
-0.000381363002652
-0.000180390531767
-1.24147638498e-05
-0.000144864773538
0.000258768112913
0.000301136485129
-0.000658842720491
0.000651368853563
2.816193845e-05
-0.000265960388325
0.000329027467343
0.000620964008126
0.000445735681914
-0.000366303075069
0.000597493977538
0.000415105817376
0.000358612070762
0.00072725000242
0.000419014253788
0.000470217809138
0.00079570087423
-0.000373480075359
0.000685530139009
0.000262828505668
-0.000390247125247
0.000175938274619
-0.000202677971263
0.000659409266935
-0.000397179687523
-0.000390238817785
0.000327646815008
-0.000174876672235
0.000577307986609
0.000568085951665
-0.000524282959006
0.000343230248421
0.000369991933401
0.000282108337217
-0.000168902505586
-0.000228916709109
6.31674218071e-05
-9.27466814899e-05
4.28033055247e-06
0.000261556522098
-0.000246262033514
-1.82349145493e-05
8.73008261689e-05
-3.18802458667e-05
3.37246263498e-05
0.000429397799155
0.000481011597417
0.000589168685809
-0.000477379692882
0.000260948611229
-0.000360593007013
9.96443957803e-05
-0.000491360539793
0.000366554666242
0.000124805873547
0.000530349813941
-0.00050215177957
0.00059173251356
-0.000375207378235
0.000747857869244
-0.000390322641858
0.000716137908327
-0.00080476288067
-0.000345209064705
0.000672397169727
-0.000606160626388
-0.000255827420156
0.000434596529422
-0.000528857537825
-0.00040769155408
-0.000360552964687
0.000727216718965
-6.97340993529e-05
-0.000494617915148
5.9916704468e-06
-0.000504249826408
-0.000275432050077
0.00047590949818
3.88596517144e-05
4.15514562877e-05
0.000461541842703
0.000313764240663
-0.000495990060807
-0.000667310023294
-5.70678601727e-05
0.000487287138179
0.00054741548699
0.000654001297864
-1.2565074492e-05
-0.00064143622336
5.04977800517e-05
0.000477767677686
-0.000290511197714
-0.000187256479965
0.000227550372467
-0.000460098241988
-0.00011861377217
-0.000341484469801
0.000488199195696
-0.000260648823223
0.000608405999235
-0.000557908219173
0.000284622600602
0.000153610519225
0.000408379392449
-0.000190084170584
0.000549351615755
-0.000392382931033
-8.42144163902e-05
-0.000473715756849
-1.76447829462e-05
-0.000113788084087
-0.000212767145619
2.61968443237e-05
0.000487385122866
0.000260472746366
-0.000444207256422
-0.000323557921194
0.000370309750805
-0.000340304568379
0.000570544543328
9.20779303619e-05
-0.000319915079645
0.000473525598869
0.00042356589736
-0.000613650067945
0.000392440333069
0.000551588283888
-0.00069313351805
-0.000110858921914
-0.000127418619577
-6.25920027627e-05
-5.92520703326e-05
-0.000312664036613
0.000579463053224
0.000645119413829
0.00037342795397
0.000231673204238
-0.000269567620689
-0.000192634543035
-8.12185760423e-05
-0.000244332852441
0.000186559715942
-0.000238069462397
-1.5638447712e-05
0.00019370738589
0.000273668342239
-0.000128733339338
-0.000312678203013
-0.000205113128608
0.000156677368087
0.000107495531045
7.81334324033e-05
0.000541732073265
-0.000313586810402
-7.36276405581e-05
0.000114741086526
-0.000334276463777
-0.000443167132643
-0.000391868661987
-0.000125225295238
0.000312481775203
-0.000205116522256
0.000323730294425
0.000115220811005
-0.000526215412352
0.000162603920714
0.000324774336267
-0.000437032590614
-0.000523064426828
0.000514288427101
-0.000207565210544
0.000155032555952
-0.000853197687037
-0.000682744384224
-0.000624009211428
-0.000236524456928
0.000864452609827
0.000779648065689
-0.00113912725725
0.00100543890623
0.000753347880424
0.000477379841034
0.000571138579217
0.000183283629517
-0.000581714401854
-0.000587457260027
0.000833424434579
-0.000783796272967
)
;

boundaryField
{
    bottomWall
    {
        type            calculated;
        value           uniform 0;
    }
    leftWall
    {
        type            calculated;
        value           uniform 0;
    }
    rightWall
    {
        type            calculated;
        value           uniform 0;
    }
    movingTop
    {
        type            calculated;
        value           uniform 0;
    }
    front
    {
        type            empty;
    }
    back
    {
        type            empty;
    }
}


// ************************************************************************* //
