/*--------------------------------*- C++ -*----------------------------------*\
  =========                 |
  \\      /  F ield         | OpenFOAM: The Open Source CFD Toolbox
   \\    /   O peration     | Website:  https://openfoam.org
    \\  /    A nd           | Version:  14
     \\/     M anipulation  |
\*---------------------------------------------------------------------------*/
FoamFile
{
    format      ascii;
    class       surfaceScalarField;
    location    "75.999999999999";
    object      phi;
}
// * * * * * * * * * * * * * * * * * * * * * * * * * * * * * * * * * * * * * //

dimensions      [0 3 -1 0 0 0 0];

internalField   nonuniform List<scalar> 
4035
(
-7.46835118795e-06
-2.738011648e-05
3.4848467289e-05
-6.55476444904e-06
4.90784722032e-05
-4.99920589261e-05
-3.39348809416e-05
8.39269394672e-05
-8.3926939908e-05
0.000925471993419
-0.000170516432736
-0.000754955560693
1.82870005606e-05
0.000241640312613
-0.000259927313189
-0.000651712214235
3.13189846411e-05
0.000620393229601
-0.00100083709263
0.000471573569055
0.000988662495373
-0.000459398971811
0.000428143624363
-0.00138298407274
-0.000382365562944
0.00133720601132
0.000365216822785
-9.07790973331e-05
-0.000402196340561
0.000127758615096
-0.00028112225307
-0.000770471617222
0.000765837749837
0.000285756120435
0.00120915696616
-0.000871075706586
9.00623647817e-05
5.77936940295e-05
-0.00100981083037
0.000979958967514
-2.79418311757e-05
6.63469556894e-05
-0.00118747727641
0.000946599614948
0.000174530705768
0.000932967895417
0.000579632720732
-0.00115570498814
-0.000356895628019
0.000613585866083
-0.000771611191905
-0.000123096927249
-0.000372970357601
-0.000709357612193
0.000781180257339
0.000301147712446
0.000657931790215
-0.000702288005093
0.000321514448851
-0.000277158233983
0.000339671629205
-0.000194446075851
0.000219991269428
0.000667958412641
-0.000780498239654
-7.24920967756e-05
0.000559352628874
0.00103407777718
-0.000561825380982
-0.000389189291416
-0.000533526385551
-0.00125659630541
0.00032210616847
0.000111928690566
-0.000682572084875
0.000620619268341
1.99286002931e-05
-1.32606588866e-05
7.7258998069e-05
7.5195118599e-05
0.000218960460433
-5.92465267012e-05
2.1791227331e-05
-0.00018150516107
-0.000345551670943
0.000564512131371
0.000245764131718
0.000169102616083
-0.000387396033603
0.000298657689743
0.000133608380321
-0.000110468843853
-0.000331145490654
0.000446190349419
-0.000505377508578
-0.000286364511791
-5.76375616182e-07
5.76375623403e-07
-1.46591495132e-06
2.57612625215e-06
-1.68658691442e-06
-8.8953932518e-07
-5.7559939779e-05
-5.9246526662e-05
0.000247430343274
-0.00089375354123
0.000646323197911
-0.000320890561423
-8.53231168984e-05
0.000406213678306
0.000157587410253
-0.000985055454806
0.000827468044628
0.000919503092933
-0.000431935102853
-0.000917860795269
0.000430292805152
-0.000791531330611
0.00076698554768
0.000286416378015
-0.00026187059513
-0.00139830630081
0.000100038264831
0.00050673670531
0.000807702644904
0.000657663293102
-0.000698380390369
0.000475456314882
-0.000442875571429
0.00011297821935
-0.000145558962858
-0.000436204148388
0.000590769901843
0.000357807734586
0.000697325253616
-0.000343748053418
-0.00131248742888
0.000257929181566
-0.00113943573948
0.000859902198344
-6.42145122455e-05
0.000948823273569
-0.000891662928641
4.28779199433e-05
-4.45339574244e-05
0.00107846701491
-0.000880370038833
-0.000153563018586
-0.000119568090518
-0.00127647308524
0.00112767053291
0.000268370642753
-0.000588280930125
0.000751934439009
0.000122762869158
0.000692543371236
-0.000801967695087
-0.00032677982455
0.00081681582989
-0.000373832017478
0.00021467948067
-0.000360771491405
0.000174797063055
-0.000256901143079
-0.00108539722635
2.76551024309e-05
-0.000615920781031
-2.7485121018e-05
0.000523837811526
0.00111657751208
-0.000241608376572
-3.83225064453e-05
0.000388210151493
0.000820450153106
-0.000661615354212
0.00036072503046
-9.56979820147e-06
-1.15719666724e-06
-7.31999450459e-05
-0.000127473658645
-0.000639698703131
0.00066280141045
-0.000187823021169
0.000164720313778
0.000244864138845
-0.000275706485594
-0.000212538664465
0.000351291834024
-0.000320363817003
-9.92912309488e-05
9.86717483482e-05
0.000237667998327
-0.000562995660276
0.000581233123753
0.000226626675357
0.0027501632046
-3.35901456084e-05
-0.00271657305901
0.000235686932785
0.000543878095184
-0.000779565027961
-0.00162621007663
9.19151448135e-05
0.00153429493182
-0.00150709928321
0.000693523526091
0.00137836961138
-0.000564793854215
0.000615405621393
-0.00190582753111
-0.000750591210737
0.00204101312037
0.000759625149423
-0.000209954896186
-0.000876787157315
0.000327116904099
-0.000105657351095
-0.00119703919163
0.000835380907428
0.000467315635338
0.00139982391823
0.000116599937149
-0.000901018233921
-4.95389244911e-05
-0.00103941503707
4.34713714217e-05
0.0010454825901
2.89012743701e-05
-0.00142424772959
0.000223051379105
0.00117229507612
0.00134150705499
0.000232903800708
-0.000132060506534
-0.00144235034916
0.000603352425442
3.87521011021e-06
-0.0007128849867
-0.000651763856753
-0.00106120921614
0.000453329045634
0.00125964402727
0.000422992654282
-0.00103166982335
-6.21471438848e-05
0.000670824313042
0.000660348845787
0.000406225582632
-0.000306949278995
0.000746623631049
-0.00152067016835
2.57320365884e-05
0.00111998554811
0.00237680128753
-0.000416824044456
-0.00113743626957
-0.000984672918904
-0.00196287730527
0.000484679296428
0.000170050959914
-0.00123940920028
0.000948259807483
-0.000170739739137
0.000154860529499
-4.33673170361e-05
0.000182109201537
0.00339008128812
-0.0040541934065
-0.000342533174797
0.00100664529317
0.000320832626722
0.000521625420608
0.000422666335344
-0.000535615743995
0.000145627148516
3.1253023666e-05
-0.000106986812831
0.000231024239737
-0.000169114218405
0.00113805427433
-0.00119996429566
0.00362110552787
-0.000362640284655
0.00036264028468
0.00018409610047
-0.000347632931168
-0.000199103453939
0.000546736385138
0.000315168479326
0.000662801410523
0.000267871964298
-0.00273725725525
0.00246938529085
-0.000462104100027
-0.00128516682193
0.00174727092192
-5.53597985406e-05
-0.00224368026598
0.00229904006453
0.00107657970246
-0.000602049836533
-0.00102001635842
0.000545486492501
-0.000790170640297
0.00102225252304
0.000151820880341
-0.000383902763075
-0.00164016847587
-1.36120860089e-06
0.000851359044256
0.00127795334129
0.000611075738246
-0.000866776556558
0.000889130435689
-0.000763245411762
0.000252553195497
-0.000378438219502
-0.000492270401946
0.000919296737615
0.000935528688336
0.000610296617153
-0.000461713662474
-0.00163208951655
0.000453634703217
-0.00124098450806
-0.000102001159971
0.000881272005664
0.000994607147203
-2.04826857967e-05
-0.00097548566997
-0.000152825869832
0.00126164608348
-0.000138476107222
-0.000970344106327
0.000235670394144
-0.00149435320864
0.00014058578528
0.00111809702905
-0.000594354165718
2.61938897792e-05
0.000719981156129
0.000892997019145
-0.00034587940856
-0.00103938801254
0.00102538971045
0.00013568286811
-0.000549996840525
-0.000630403351188
-0.000386239804426
0.000253397743839
-0.0027526747678
-0.00103261362644
-0.00135349456197
0.000178499058628
0.00141066589748
0.00150421990186
-0.000580466069244
-0.000183229413155
0.00205141941728
0.00107687541334
-0.000759628512334
0.00222991847595
0.00103201698466
-0.000312899175219
-5.63163989289e-05
-0.00331474324943
0.00405419340654
6.9760136793e-05
-0.000809210293807
-0.000379034861226
0.000325841124117
-0.000389097707971
-0.000620340504465
-0.000328990411298
0.000462358918135
-0.000162567837702
1.63502184728e-05
0.000141333118986
0.000169166730927
-0.00087114459482
0.00102781898799
-0.00106414238841
0.0010641423884
0.00065435678345
0.000286302746368
-0.00200480191825
0.00171849917189
-0.00204939148825
-0.000949277240605
7.82015340175e-05
3.06817269001e-05
-0.000484311911583
0.000289865835715
0.000296868345743
-0.000573300285076
-0.000198310906849
-0.000251785836219
-0.000117022200177
0.000103761541286
0.000128741931534
0.000709398016532
0.000279264478814
0.000322001982931
0.000735009726887
0.000211589888037
0.00027561075508
-0.000791309792623
-0.000364395195522
-0.000345119443208
0.000236958816157
-0.000215167588831
-0.000268418692425
0.000900969853951
-4.10676556252e-05
9.30692527412e-06
0.000478515260352
-0.000303718197317
-0.000323452434756
0.0005862615387
0.000165672900231
0.000212429521194
0.000118478316607
-0.00011963551327
-0.000157228168996
-0.000660617460048
-0.000257243335235
-0.000309325626053
-0.000681155299424
-0.000199214739461
-0.00025086249423
0.000862739114094
0.00026493141882
0.000299743453827
-0.000387976006485
0.000200152985302
0.000193257117267
0.00106397215011
-0.000394500618893
-0.000669471531225
-0.000892873166794
0.000753364684505
0.000139508482283
-0.000100823134381
0.000268645906092
-0.00016782277173
-0.000834490732503
0.000261380205342
0.000573110527157
4.02437832322e-05
-0.000435947698442
0.000395703915209
-0.000113775055417
0.000443873460314
-0.000330098404902
-0.000542366950702
0.00042859189528
0.000852271511139
-0.000316661723835
-0.0005356097873
0.000247280600332
-0.000675193328934
0.000427912728598
-0.000868325894028
0.000695614988639
0.000172710905393
-0.000823438485471
-1.10522469933e-05
0.000897202958589
0.000166769191517
-0.00028675388333
0.000185930748944
0.000452752004616
-0.000412508221385
-0.000813484608336
0.000392418834595
0.00042106577373
0.00090856407751
-0.000848336437695
-6.02276398266e-05
0.000652603000955
0.000255961076555
0.00126445190135
-0.000767324131993
-0.000497127769342
0.000891614894778
0.000372837006569
0.00118891522572
-0.000648179728789
-0.000540735496928
0.00042159109372
0.00113384271488
-0.000502579838265
-0.000631262876613
0.000704966136408
0.000428876578465
-0.000833540323875
4.61781721669e-05
0.000787362151699
-0.00103653110092
0.000604084649981
0.000432446450927
-0.000268601724961
0.000515882325286
0.000137936709597
-0.000564635120761
0.000426698411155
0.000452088070882
-0.000877173073978
0.000425085003086
-0.00083638262489
0.000907349913116
-7.09672882174e-05
0.000907243433017
-0.00102997192415
0.000122728491121
-0.000459296267872
0.000425276411644
3.40198562435e-05
-0.000216315864087
-0.000597168744252
-0.0001384749004
-0.000536718428544
7.31471356464e-05
-0.000906687459527
-0.000638780780087
-0.000254092386714
-0.000125199148515
-0.000711183476361
0.00070553212333
4.78325611648e-05
-0.000322645238615
-0.000545680655417
0.000674191393949
0.000178080117204
-1.19797205443e-05
0.000716945856946
0.000562932880155
-0.0005749126007
0.000378250605995
-0.000843110019096
0.000464859413099
0.000891390842935
-0.000513140236937
-0.000161094001637
0.000834403387682
-0.000673309386042
0.000730520893141
-0.000497114172426
-0.000351222265271
0.000290140028352
-0.00078725420078
-0.000638185240763
0.000598097430878
4.00878098808e-05
-0.000644388735505
0.000458710150442
0.000185678585058
0.000471849343923
0.000233415457494
-0.000705264801419
-0.000953592362511
0.000110482343416
-0.000300989361557
0.00106941691345
-0.000178026070522
0.000421237184664
0.000668773726428
7.1162810594e-05
-0.000739936537033
0.00116403373017
-0.000329630342485
0.000661453891901
0.000875140235527
-0.000312207355373
-0.000472573666275
-0.000171815069233
0.000195296813882
-0.000667870480159
0.000492546020452
0.000189223389658
-0.00068176941008
0.000332606720872
0.000288874858625
-0.000621481579494
-0.00030557851989
0.000704418632773
-0.000232569288854
0.000640672794546
-4.25753636785e-05
0.000633464753135
-0.0001747546027
0.000767620744111
-9.88470176862e-05
0.000706486591368
-0.000213940570916
0.000489046803315
-0.000351110093692
0.000332773284823
-0.000337803960822
-0.000698727140102
0.000202739937572
0.000650434187819
-0.000853174125402
-0.000448127639673
0.000709507845008
-0.000715379978639
0.000398718254816
-0.000262462657542
0.000714550728419
-0.000401253910477
-5.80423573928e-05
0.000200885169671
0.00070635826334
-1.97649899984e-05
0.000453518762796
-0.000848019381695
0.00062346857738
0.000283881335742
-0.000663709409697
-0.000366262514457
-0.000248861895743
-0.000628311178241
-0.000539765712833
9.34393660275e-05
0.000446326346791
-0.000223368310939
0.000827452960914
-0.000458165868467
-0.000297480818694
0.000755646687144
-0.000109565101159
-0.000776039697429
0.000885604798578
3.12124081199e-05
0.000742548964506
-0.000773761372623
-1.52724574095e-05
0.00050687993551
-0.000491607478119
-0.000747819403614
0.00103936341114
-0.000291544007535
-1.13224337085e-05
-0.000528443279108
8.67655754124e-05
0.000678558910078
-0.00076532448551
-0.000592602607921
0.000440454999365
-0.000455727456773
0.000681492224068
-0.000478752286505
0.00070702776421
-0.000314608929621
-0.000654680985505
-0.000168757499977
0.000773274510856
0.00012392844773
-0.00051360980145
7.76621030047e-05
0.000426774602138
1.70988581707e-05
0.000473248455954
8.9066125855e-05
-0.000562314581812
-0.000388357460574
1.42449735814e-05
0.000374112486983
0.00078011446352
-0.000538379135416
-0.000241735328107
0.000549424016422
0.000230690447115
0.000354688828067
7.05875835961e-05
0.000263846353241
4.79955284057e-06
0.000670871350913
-0.000197622894963
-0.000584278723793
0.000671044299195
0.000109758845586
-0.000857578249206
-0.000792130414217
0.000733032549262
5.90978649576e-05
0.000859879831491
-0.000797968746934
-6.19110845708e-05
-0.000833236845742
-0.000949604953927
0.000784716549256
0.000164888404663
-0.00021141361874
-0.000580716795483
0.000232214498995
0.000627665332485
-0.000297814694157
-0.000651790259776
-0.000237355060326
-0.00067781207402
0.000915167134328
0.000536861733879
0.000502501677254
-0.000486853279664
0.000475530845916
-0.00048709669238
9.87392317998e-05
-0.000272508909755
0.000541818130472
0.000449327989506
-0.000771973228124
-0.000487095056256
-0.000181349575237
0.000668444631487
1.97736480946e-05
0.000654417745859
0.00055794373043
-0.000683142878937
-6.01548685015e-05
0.000427996687933
0.000117130494997
-0.000545127182934
-0.000307814544435
7.40171347186e-05
-0.000561112190974
0.000382729489571
0.000333617268244
-0.000716346757816
-0.000434518367415
-0.000318601276445
0.000753119643851
-0.000739194743967
0.000304676376553
-0.000671293885318
0.000116995364204
0.000554298521133
-0.000389423567292
4.19065753998e-05
0.000347516991905
-0.000304258169892
4.27540419976e-05
0.000261504127915
-0.000223354915318
4.2663957446e-05
0.000180690957894
-4.00449565187e-05
-0.00058826622173
-0.000715979618549
9.13114987353e-05
0.000624668119831
-0.000145704577972
4.13488033292e-05
0.000104355774659
0.000634783150083
0.000249765742535
-0.000884548892619
-0.000650542628219
-6.54369903244e-05
0.000248382443654
-0.000200667803067
-4.77146405797e-05
-0.000356465254397
-0.000564781174853
0.000447450625465
0.000117330549408
0.000746273030609
-0.000683063737171
-6.32092934013e-05
-0.000878854122245
0.000501896546174
0.000376957576071
-6.93289318764e-05
3.84737479052e-05
3.08551839886e-05
0.000740063279836
-0.000567436746813
-0.000172626533036
0.000140606169697
-0.000275175057186
0.000134568887494
2.64539163709e-05
-0.000340990571473
0.000314536655115
0.000178811708261
-0.00021189069665
3.30789883932e-05
7.84533854701e-06
3.3778333202e-05
-4.16236717328e-05
-0.000198899190458
0.000204325672184
-5.42648171687e-06
9.44480799137e-05
-0.00033895311986
0.000244505039953
0.000307391513094
-0.000212943433175
3.70525425974e-05
-0.000842556506461
0.000805503963884
0.000778166685181
-0.000869922614665
9.17559294745e-05
-0.000334968496341
0.00090617954577
-0.00057121104943
-0.000333833720019
0.000159685716189
0.000174148003835
-1.53388398899e-05
-0.000374084727388
-4.51686546544e-05
-0.000803692473522
0.000848861128172
-0.000579982386577
-0.000402902138294
-0.000475951983952
0.000890853288491
-0.00037209738017
-0.000518755908327
-1.65189093004e-05
-0.000287739260576
0.000555884792156
-0.000804582512928
0.000841635055526
-0.000730240669185
0.000311970704602
0.000418269964571
-1.70120490385e-05
-0.000206342866266
4.58852393142e-05
0.000311982869334
-0.000357868108643
-0.000715205682416
0.000508425986163
0.000206779696256
-0.000756352131009
-0.000340377082873
0.000386262322187
0.000209797704527
-0.000112529168362
-9.72685361593e-05
0.000751077989958
-0.00045336834736
-0.000297709642596
0.000480997437276
0.000270080552682
0.00017999058175
-1.178873485e-06
0.000382066415586
-0.000254873281056
-0.000127193134516
0.000731187438276
-0.000648106180603
-8.30812576595e-05
0.000671615787288
5.95716509905e-05
-0.000110628631169
0.000189087819858
-7.84591886864e-05
-0.000751104126356
0.000111881074092
0.000639223052256
-0.000339091710707
-0.000391148958495
0.000170571336452
1.46659061034e-06
-0.000172037927056
-0.00031393366268
0.000401830906691
-8.78972440198e-05
-1.64801805003e-05
-0.00012922439746
-0.000133688302197
-0.000617415824166
9.81668500136e-05
0.000736719695906
-0.000776764652431
-0.000530015061824
0.000395469135373
0.000134545926445
1.3950490724e-05
-0.000818533003648
0.000397342706136
-0.000140366884908
-0.000256975821209
-0.000427634642949
8.89533634108e-05
0.000338681279551
-0.000109098540403
-0.000134694863576
0.000243793403984
-9.10317551477e-05
-0.000473749419695
-2.97996529699e-05
0.000200370989425
-0.000784840074199
0.000798790564931
0.000258740253997
-0.000200924944962
-5.78153090317e-05
0.000114647041104
0.000282695665041
0.00031237685277
-0.000138855635882
-0.000173521216878
-0.000312987601841
-0.00011284093946
0.000588118277498
-0.000475277338048
-1.45997693511e-05
-5.47291625115e-05
0.000141908351761
-0.000114826234861
-2.70821168969e-05
0.000231518975153
-0.000138161671392
-9.33573037478e-05
0.000112224239258
0.000119294735898
0.000113153569565
0.000199223283217
6.69674472688e-05
0.00014283025726
0.000132124950674
-0.000868189821549
0.000736064870912
-0.00020532584276
6.71641713638e-05
-0.000164309076795
-4.10167659554e-05
0.000606374977632
-0.000865509382114
9.62764017214e-05
0.000769232980416
-0.00023420824514
0.000418594000298
0.000236552213152
-0.00065514621346
-0.000733697370901
-0.000131812011181
0.000201862769888
-0.000238872041949
3.70092720664e-05
-0.000219727171572
0.000879231962198
-0.000692674061606
-0.00018655790058
-0.000116534567705
0.000257140737404
0.000138632573413
-0.000127985181234
-1.06473921662e-05
0.000392556679225
0.000521810622863
-0.000914367302075
-0.000167482910864
-0.000107692146319
0.00046485950641
-0.000566830134855
0.000101970628446
0.000145534591325
0.000864424856675
-0.000786223322663
-0.000857460240054
0.000816392584456
-0.000838334486901
0.000774472339046
6.38621479055e-05
0.000960603053819
-0.000879909112232
-8.0693941581e-05
0.000193154442174
0.000114237070925
-0.000263917876157
-7.50352436981e-05
-0.000888907615197
0.000239458968039
0.000649448647152
-0.000608900718738
-0.000280006896442
-0.000372156337846
0.00067683271439
0.000309822942604
0.000584908026618
-0.000894730969225
8.08995327928e-05
0.000605384696473
-0.00018679069619
0.000322402865811
-0.000389144977078
6.67421112631e-05
0.000260007471473
-0.000467822650558
0.000207815179076
0.000890250690561
-0.000650791722506
-0.000233654923346
-4.709678015e-05
0.000280751703504
0.000297278827036
0.000140953364135
-0.000275648227707
0.000197576628987
0.000416240580615
-9.38377148014e-05
0.000253602329979
-0.000625758667828
-0.000339821188084
-4.93237889919e-05
-0.000140679277842
-0.000361102884925
2.12816968392e-05
0.000133412214263
-0.000227064622276
2.81654318234e-05
2.03626420109e-05
-0.000254017565351
0.000224688314197
-0.000769238633373
0.000441303599052
0.000327935034337
-0.000409491914986
6.91148321168e-05
0.000300639080326
0.000143374942375
0.000112550794542
0.000303689786075
-0.000325195429263
0.000207475277935
0.000117720151329
0.000311014656307
-0.000284560739931
-0.000624745725638
0.000110010965167
0.000514734760469
-5.57632543644e-05
-0.000156127442282
0.000929892619626
-0.000620069677027
0.000250362007936
-0.000867152480396
0.000616790472436
0.000808848412079
-0.000834043990036
3.03515164963e-05
-0.000833249581177
0.000308011823721
0.000321488580233
-0.000629500403974
0.0002971696539
0.000224417831777
-0.000521587485656
9.87951902443e-05
0.000283271225347
0.00027882523886
0.000290440339155
-0.000569265578005
0.000974183702262
-0.000740167636854
0.00074705649774
0.000213546556076
-1.10884282357e-05
1.89337667952e-05
0.000493829472185
-0.000865926852363
0.000867362291625
-0.000771085889858
0.00077042922163
-0.000529002949194
-0.000241426272437
0.000202992474816
0.000547233615219
-0.00025006396131
0.000343788069181
0.000456969294025
-0.000800757363206
-0.000304926544723
0.000573568338233
-0.000268641793497
0.000837617541367
0.00076893999862
0.000130911876812
-0.000797202435468
0.000666290558654
-0.000181616712757
-0.00014357871651
-0.000842168796808
0.000863656434905
-0.000118186150511
-0.000723982646255
9.00800669619e-05
0.000730593239473
-0.000820673306425
0.000752560353644
0.000111096081274
-0.000501206169709
0.000893762848935
0.00106424606704
0.000778996483645
0.000285249583383
7.77874263038e-05
0.000180952827697
-0.000354813777951
0.000662825601663
0.00088514515802
4.75257655814e-05
-0.00016235200044
-0.000803147779369
-5.43124606499e-05
0.000227658251418
-0.000368025136324
-0.000230724597932
-0.000252719084826
0.000461677141203
-0.000208958056349
0.000242252761947
-0.000528617273747
-0.000340080257519
0.000566706932876
0.000301799528199
-0.00060672607292
0.000658728733256
-0.000482487991775
-0.000176240741488
-0.000693905488665
0.000834406877017
-0.000332510330843
1.68569967205e-05
-0.000835390000351
-0.000802534790204
0.000273531841016
-0.000930678340018
0.000732367433163
0.000861830685168
-0.000696157784937
6.37078546595e-05
0.000153556023704
-0.000217263878357
0.000458927814639
-0.000369974451228
-1.83180957868e-05
0.000220180865677
1.5103153015e-05
-0.000179412229809
-0.000419343282219
0.000661596044162
-0.00017190459468
0.000821274491715
-0.000757690607353
-6.3583884278e-05
0.000835524861812
-0.000848488781575
1.29639198175e-05
0.00014600535778
-0.000284860993654
0.00071246501941
-0.000581553142595
-0.000379894008427
0.000247574909567
0.000132319098864
-0.000274565533291
-0.000381701225156
-0.000148313836665
0.00039951489687
-0.000409530394925
1.00154980562e-05
-0.000179992718478
0.000243700573136
-0.000490648906631
0.000237929821825
-5.03478114761e-06
-0.000356068103775
-4.94468873153e-05
0.000845300802654
-0.00079585391536
0.000359000739845
-0.000317094164428
0.000608129726583
-0.000438962995635
-0.000517600197066
0.000348485978681
0.000153735726433
0.000153142190223
-0.000408015471262
-3.71211295319e-05
0.000190677153233
-0.000165106310759
-2.35701052889e-07
0.00079090226511
-0.000790666564075
0.000332191440621
-0.000670037506072
0.000337846065455
0.0006781067834
-0.000229063736064
-0.00065472295921
0.000258229597043
0.000340811820989
5.22527410068e-05
0.0007832721208
-0.000486368768252
-0.000138376957389
0.000733033990267
-1.85300288684e-05
-0.00071450396143
0.000287647156283
-0.000418794830149
0.000131147673885
0.000276193455552
-0.000233439413539
9.05297698509e-05
-0.000270522488334
-0.00069080200403
-0.000106400431433
-0.000267343213884
-0.000223713837259
2.3046034197e-05
-8.47363437027e-05
-0.000696138462498
0.000276795180274
0.000633990968822
0.000814309717704
-0.000863756605031
0.000197362882735
-0.000154698925275
0.000281479360976
0.000180197780247
0.000719761955697
-0.000667509214691
0.000141974429063
0.000516754304182
-6.02637408488e-05
-0.00029431535657
0.000354579097422
-0.000720536860333
-5.60734088346e-05
0.000776610269153
-0.00040960398082
0.000210513517792
0.000199090463042
2.2625089413e-05
0.000840378354898
-0.000407931903974
4.05080071753e-05
-0.0004791465189
0.000438638511745
0.000958284135496
-0.000606767752233
-0.000351516383268
0.000634219003931
0.000324065131557
0.000629083081305
-0.000512087717089
0.000298005047789
0.000312043292982
-0.000372307033826
1.24971299328e-05
-0.000334399363519
-0.000208688501795
0.000543087865331
0.000511392225486
-0.000783737763911
0.00027234553842
0.000300984559918
-0.000385342244499
8.43576845861e-05
-0.000491793244343
-0.000310741545858
-0.000292141399585
-0.00078714733091
0.000768617302014
0.000434621551205
0.000814074016645
0.000239168974714
0.000371300438573
-7.03158786525e-05
-0.000679969418781
0.000339889161264
0.000483482726875
-0.00050086799062
0.000706235017875
-0.000897864445843
0.000848381883839
-0.000681975502973
0.000897227911006
-0.000215252408039
0.000120909218452
-7.95604151123e-05
0.000560154224917
-0.000831469953092
0.000271315728166
-0.000153420628085
0.00080972880506
-0.000656308176987
0.000133324565496
-0.000184636546497
-0.000224967434328
-0.00084407479891
0.000690654170814
0.000828378442362
-0.000743796916823
0.000787268288235
0.000380225964953
0.00032600905293
0.000848600769992
-0.000801249887684
-5.60439326417e-06
-0.0003353861782
0.000926633091214
-0.000292414087285
0.000601512043736
0.000175570118192
-0.000777082162002
-0.000357413752863
-0.000512990919274
0.000870404672126
0.000955775530932
-0.000474841366183
-0.000480934164745
0.000252571556617
-0.000922043087847
0.000582517130884
-0.000742097828982
0.000159580698047
0.000716940078009
-0.000134422947203
0.000278591821731
0.000535824609773
-0.000667885116314
-0.000152026052172
-0.00054613067938
0.000698156731551
-0.000262324237024
0.000552190072738
-0.000183528064326
-0.00058586517179
0.000769393236094
-0.000797822223243
0.000296954232621
0.00101312099363
-0.000529638266756
-0.000852648152022
0.000798335691398
0.000207107725956
-8.34151715903e-05
0.000769706846781
-0.000474810305252
-0.000294896541527
0.000171066688709
-0.000352683401466
-8.49817178619e-05
0.000397025010847
0.00062620074073
0.00066191287425
0.000264720216961
0.000267938371524
-0.000399006049387
0.000131067677863
-0.000717179980043
0.000544553447006
-0.000127802292665
0.000592661799072
0.00032883950302
0.000440867343762
0.000313941292346
0.000520465584668
0.00033178350285
3.95169357256e-05
0.000394480115723
0.000747944438629
0.000130472487691
-0.000568636920082
-0.00010277999476
0.000671416914815
-0.000737891223966
-0.000413200220471
0.000328218502614
0.000675623732902
-0.000139799123135
-0.000516521643556
0.000307833141781
5.25799426461e-06
0.000913385180835
-0.000391574557977
8.76659617033e-05
0.000442937360521
-0.000139247574443
-0.000117403872975
0.000243494161608
-0.000547212358941
0.000341340225551
-0.000833133469903
0.000680397510901
-0.000171971524738
0.000333359385299
-2.41082573746e-05
-0.000309251127917
-0.00019291321801
-0.000503225244493
-0.000229953040791
-0.00028384722967
0.000469395860264
-0.000185548630586
-3.70543089448e-05
-0.000938238987962
0.000724008447114
0.000214230540835
-0.000483473072575
0.000253520031797
-2.42846009261e-05
-0.000303705332371
-0.00036633217369
-0.00079987032568
0.000159090130853
0.000486267561171
0.000142815520149
0.000327597277921
-0.000432056149087
0.000104458871164
-0.000437940312972
0.00025330376648
0.00049584426312
-5.0317290209e-05
-0.000445526972915
4.47199280566e-05
-6.24618013996e-06
-0.000370013459198
-0.000194144037244
0.000363246653321
-0.00012600828407
-0.000129302119425
0.000255310403506
-0.000161591327855
-0.000776647660114
0.000600313819094
-0.000734954820928
0.000632174826165
-0.000741496677156
0.000753993807085
-0.000441931826387
0.000247787789136
0.000750212118254
-0.000543432422002
0.000461684993292
-0.000123924826469
-0.000337760166803
-0.000884440619472
0.000193304679979
0.000691135939493
-0.000413291315713
0.000742130818735
-0.000581201031754
0.000794747587826
0.000418761451645
-0.00102552920388
0.00058947233496
-0.000846715670159
0.000655192057913
-0.00016892449673
-0.000598423975564
0.000877688454389
0.000437998389186
0.000388748139214
-0.000826746528419
0.000180332242325
0.000569879875934
0.000232736322947
0.000179547316638
-0.000412283639585
-0.000793061435994
0.000718141923124
7.49195128612e-05
-0.000684832476534
0.000352988190877
0.000331844285654
0.000612641038171
-0.000867067863413
0.000254426825281
0.000117925764314
0.000594539255075
0.000785238316885
-0.000695158249915
-0.000338082746895
0.000422440431481
-0.000222527745221
-0.000721835153748
0.000915139833725
0.000793654459372
-0.000516859279103
0.000381580206493
9.69617975537e-05
-0.000435044544447
-0.000568675601174
0.000882616893515
0.00031882658537
-0.000697403059912
0.000378576474531
-0.000902875151354
-0.000603117266953
0.000218343097818
0.000384774169137
3.3436104414e-05
0.000757466160685
-0.00030636610152
-0.000378466375014
-0.000135855215705
0.000463452493626
-0.000255259951727
-0.000537801484272
-0.000395205059488
0.000915942374933
-0.000704352486894
0.000949158772571
-0.000292807284726
-0.000656351487854
8.59897508801e-05
0.000457242522749
-0.000543232273633
0.000407968164377
-0.00030306483285
0.000523037004242
0.000316071548829
-0.000839108553082
8.57890231556e-06
-0.000612491801993
0.000603912899656
-0.000337135061231
0.000406665040422
-8.66326393457e-05
-0.00034542350974
-0.000509167728685
-0.000208012251364
-0.000335436382466
-0.000294064021513
0.000441517895894
-0.000701346673701
0.000259828777807
0.000405334858089
-0.000709040190443
0.000330525775328
2.83360997315e-06
-0.000279594030402
-0.000158346282565
0.000980688226676
-0.000656623095123
-0.000326430397025
-0.000576692287865
0.000903122684881
-0.000719657417232
-8.99122385391e-06
0.00077257139832
-0.000763580174471
0.000408610897307
-0.00010191441531
-0.000306696482001
-0.000310696724736
-0.000615694931115
0.000353370694084
0.000342174131408
-0.000248865895035
0.000642774009314
-0.00039390811426
0.000822203519366
-0.000299166515131
0.000686735824661
0.000262422947899
-0.000166269726441
0.000361131862732
-0.000496987078441
0.00023399042571
-0.000200911437313
-0.000421446830125
0.000629041676622
-0.000207594846506
-0.000230766005156
0.000917501829816
-0.000952601158907
0.000357753326999
0.000247631369464
-0.000453106907049
0.000110697911905
0.00034240899515
-0.000119146708285
-0.000724928090622
-0.000681903559469
0.000433037664448
0.000566943567637
0.000117551702562
0.00066768661433
0.000129016866908
0.000143171460452
-0.000742219822393
0.000599048361959
0.000599542178253
-0.000449510308951
-0.000150031869307
-0.000924854372594
0.000446896441519
-0.000267349124881
0.00049327211096
0.000361562205303
-0.000854834316271
0.000178095348121
0.000215034068186
-0.000496957548143
0.000281923479956
-0.000150270716165
0.000228058142473
-0.000850311253607
0.00071849924243
-0.000667953677585
0.000121822998194
0.000222036249733
-0.000723877273473
0.000501841023758
0.000834612336507
-0.000500701589015
0.00051595338347
-1.52517944561e-05
-0.000920191984443
-0.000781476239578
-0.000614788776355
0.000795121018677
0.000459867309737
0.000195324748189
-0.000555641763099
0.000731211881269
0.000574677728512
-0.000639594844183
6.49171156549e-05
2.56936955732e-05
0.000391106169454
-0.000416799865026
-0.000190356022842
0.000576306325734
-0.000567727423427
-0.000395447917917
-0.000207669349036
0.000785264741657
-0.000440454175051
-0.0003448105666
-0.000266231074845
-9.66220565442e-05
8.97286238373e-05
6.89343272257e-06
-0.000169461536866
0.000530593399593
0.000741268420349
-0.000860415128642
0.000697469981591
0.000266698757405
0.000649243617519
-0.000165792154387
-0.000684519099217
0.000529247757903
-0.000107294472921
-0.000421953284981
-8.48854812648e-05
-0.000481944653587
0.000477277702769
-0.000511322506487
3.40448037111e-05
0.000565576684246
-0.00034723358644
-0.000837316521577
0.000724564798854
-0.000606639034532
5.24269722835e-05
0.000528545484866
-2.34238862471e-05
0.000474523195803
-0.000278139521338
-0.000880043658345
0.000680828918964
0.000335098387476
-0.000437012802789
0.000420894520986
-0.000590266145613
0.000169371624649
-0.000249213121316
-0.000303939195677
0.000553152317005
-0.000389171517877
0.000632665679468
-0.000102325952632
-0.00055876740023
0.00066109335284
0.000352213698044
0.000119046552448
-0.000471260250473
-0.000221191754984
0.000945200202092
0.000799408735608
-0.000232465167978
0.000446893948836
8.23538090707e-05
-9.32759490736e-05
0.000316476600952
-0.000411703001968
0.000437396697547
-0.000464062154248
0.000377429514899
-0.00080996881053
0.000772914501594
-0.00069915104295
0.000309979525058
-0.000189459031952
-0.00042916618495
0.000260689312295
0.000168476872657
-0.000235356976093
0.000598464979094
-0.000363108003002
0.00065333526353
-0.000819127417911
0.000428458949458
-0.000489540243819
6.10812943576e-05
-0.00059020280623
-0.000247113715349
-0.000712161153038
-1.37221783397e-05
0.000725883331371
-0.000750594001118
-0.00033079448708
0.000736129345172
-0.000195331788603
-0.000143354708548
0.00071323458448
-0.000546067301626
-6.03392855516e-05
0.000606406587182
7.15975999906e-05
-0.00048330060196
-0.000750263039535
0.000276002525995
0.000474260513559
0.000616219269181
-6.442855765e-05
0.000395886293875
-0.000220110349791
-0.000175775944068
-0.00037229260633
-4.09076141358e-05
0.000495917338788
2.00360446786e-05
-4.70049737993e-05
0.00054292231259
0.000219479675092
-9.07377435671e-05
8.53566199619e-05
-0.000242584788959
0.000184733228229
0.000614675507377
-0.000537042802353
0.000647053767515
0.000734520690084
-0.000498560210517
-0.000235960479579
-0.000879419252833
0.000683865023297
0.000195554229566
0.000393684700526
0.00015187726677
0.000311575226853
0.000290624322333
6.83764175253e-05
-1.40947437459e-06
-0.000283151265551
-6.57668725525e-05
-0.000254630724507
-0.000625412933824
0.000474501343
0.000260019347075
-0.000690500243137
0.000263028596631
0.000430560118397
6.83657915477e-06
-0.000696312741829
0.000197752531309
-0.000161411156779
-0.000218641692052
-0.000522298145409
0.000740939837458
-0.00068788094195
0.000608007974942
-0.000913063195972
0.000305055221018
0.000802544055596
-0.000486472506771
0.000101049213468
0.00025147149873
-0.000352520712191
0.00038528396837
0.000144116125823
-0.000529400094172
-0.000543234408373
-0.000626211768283
0.000523885815626
-0.000353309871207
0.000706298062084
0.000554655593027
-0.000569266468385
0.000825227544936
-0.000378431577742
0.000475393375299
-6.8677008949e-05
-0.000395385145302
-0.000396255347468
-0.000708423731815
0.000381643907255
-0.00035105433849
-0.00013241873408
0.000349007962947
-0.000859790437174
0.000510782474229
-0.00027728891818
0.000141717821432
0.000610820365404
-0.000752538186822
-0.000172657865831
-0.000523654876009
0.000276441835627
0.000419045087835
-0.000513485501268
9.44404134213e-05
0.000307854411991
-0.000557067533297
-0.000264751717644
-0.000335598406552
0.000600350124188
-0.000467474340072
-0.000233872333627
0.000262682566133
0.000206713294133
0.000310287932827
-0.000556600850468
0.000246312917636
0.00026474257132
-0.000389652504261
-6.34544027825e-05
-0.000363622125575
-0.000399805494042
0.000763427619602
0.000384449151738
-9.38248293928e-05
-0.000330284237289
-0.000593072275429
5.16569033592e-05
0.000641414300314
0.000153706718366
-0.000232801726348
-0.000646617526523
0.000360000926818
-0.00018585292298
-0.000787908160439
0.000789875306709
-1.88135631248e-05
-0.000353493470697
-0.000633056005915
0.000572716720361
0.000790546137351
0.000154939759214
-0.000249430677054
9.44909178609e-05
-0.000315710932429
0.000647555218084
0.000477425395361
-0.000300649956317
-0.000176775439039
-0.000312193968771
0.000192059190221
0.000120134778561
0.000708186774828
-0.000702765457874
-5.42131696347e-06
-0.000248422015772
0.000204169704284
0.000155831222534
-0.000477546347782
0.000720341422367
-0.000547630516975
-0.000120973932104
0.000325143636391
0.000259665835372
-0.000620349984036
0.000360684148649
-0.000374952267755
0.000763773215282
-0.000388820947528
2.02469091454e-05
0.000687939865681
0.00066212648991
0.0002553753399
0.000405089615594
-0.000859155182066
0.000454065566476
-0.000635907736152
0.000250966837296
0.000384940898856
0.00042716725417
-0.000162089145057
0.000468337834662
0.000521521105913
0.000503658374331
-0.000432060774339
0.000917265056994
-0.000534076846087
-0.000383188210917
-0.000635741006433
0.000370989288779
-0.000568044118926
-0.000215693645001
0.000795053084972
0.000365261567199
-0.000558786164146
0.000193524596959
-0.000420974554469
-0.000214933181677
-0.000303976866586
0.000588291018601
-0.000278003085791
-0.000229978277694
-0.000296880894573
0.000526859172253
6.09776590022e-05
1.3569710568e-05
-0.000450540498488
0.000436970787914
0.000121807544379
-0.000571317853351
0.000494935039999
-0.000183359813153
0.000131386985196
0.0003635688009
-0.000494955786096
-0.000120904808074
0.000275844567297
0.000414923038955
0.000330249515773
0.000221940556958
-0.000691914243894
-0.000166224383733
0.000760763638779
0.000179665148223
-0.000747993579673
-6.19752308317e-05
-0.000394675345724
0.000208822422746
5.01002732623e-05
-0.000785878678202
0.000142919574934
0.000286803093107
0.000608143619974
-0.000894946713068
-0.000188818458034
-0.000308139090111
-1.02765884506e-05
-0.000244949321401
0.00025522590986
-0.000221628352653
0.000871076999797
0.000120510525578
0.000263938626173
-0.000201875007834
-0.00016615012849
0.000485726050664
-0.000342806475724
0.000336611962001
-0.000525430420038
-7.93823718061e-05
-0.000120022197386
0.0001994045692
0.000856233282578
-0.000477656808054
1.70695604499e-05
7.26590633925e-05
0.00065289262888
-0.000393226793513
0.000589290505103
-0.00022402893789
0.000284688951932
0.000303602066661
-0.000267989380115
0.000220274739541
0.000238342753022
-0.000806386871942
-0.000172329479835
9.29471080395e-05
-0.000602995995116
0.000901653684852
0.000589679011837
-0.000869685908289
0.00018473163507
-0.000223782784513
-6.64196726147e-05
0.000290202457133
0.000194011286051
0.000116194807546
-0.000682927339854
0.000566732532324
-0.000198054145427
0.000458743457718
-0.0006836978533
0.00018228225904
0.000501415594265
0.000478232892074
-0.000464663181512
0.000843549069814
-0.000253870057967
0.000324917781462
-0.000223868568005
-0.000219988888476
-0.000218158858879
-9.40351098796e-05
0.000532823835417
-0.000838032626437
0.00030520879101
0.000438916414521
0.000329880545448
0.000306304356784
0.000282986148331
-6.7973705169e-05
0.00019716247015
0.000127755311313
0.00014761215515
-0.000367722504932
0.000129389177571
0.000425088816754
0.000486872925809
-0.000911961742566
0.000496329823875
0.000146065178272
-0.000439865603127
0.000293800424874
-0.000831408751257
6.17894885116e-05
-0.000449829259037
0.000456665838194
-0.000226198473065
-0.000495172182721
0.000152365706999
-0.000482948938583
0.000131894600103
-0.000537613794212
0.000115660509233
0.000235174047244
9.47064982176e-05
0.000255600643422
0.00024043187563
-0.000496032519045
0.000101360851879
-0.000335661032116
0.000925544241878
-0.000751013536109
-0.00051763765751
-0.000127576984172
0.000645214641679
-0.000560105615939
0.000282517883696
0.000277587732246
0.000402168493862
0.000361604721422
0.000328784115093
-0.000559926002808
0.000231141887709
-0.000163868631376
0.000799703417039
-0.000635834785691
0.000355684572825
-0.000775987652828
0.000445193165762
0.000591858531729
-7.7123771269e-05
0.000622005483815
-0.000315701127027
-0.0007723270995
9.30228798112e-05
-0.000817950970446
0.00011529377689
0.00059794080759
-6.87397191525e-05
0.000414643880065
-6.71268881468e-05
0.000147175767784
0.000208508805057
-0.000580348198595
-0.00030072668382
0.000660014264929
-0.000359287581113
-0.000633033809274
2.05420072729e-05
-3.56819445321e-05
-0.000498966218231
0.000696676718748
-0.000214437571296
-0.000482239147474
0.000339671345368
1.12649234266e-05
-0.000532808087373
0.000692602433008
-0.000159794345666
0.00049102617841
0.000233538620436
0.000531151892224
-0.000202367777133
0.000162228983727
0.000315196411638
0.000207453736407
-0.000240713738373
0.000439804201411
8.52361427263e-05
-0.000535543388374
0.000517565972718
1.79774156446e-05
-0.000155520931313
-3.32318608694e-05
6.70101940761e-05
-0.000256323936154
-1.05437322531e-05
-0.000285433505804
6.72746469147e-05
0.000466485372675
2.01658167797e-05
-4.0935231043e-05
-0.000244498274744
-0.000128113977618
-0.000498097790681
0.000876275428076
0.000179380243653
0.00073575959007
0.000410003804453
-0.000182068145067
-0.0004758239913
0.000657892136347
-0.000141214183012
0.00080890079735
-0.000267331109926
0.000426252147285
-6.74245651579e-05
-0.00035882758212
0.000189111120336
-0.00071140926575
-0.000674064298016
0.000126433781047
-0.000112909508818
-0.000594539397807
0.000466425420181
0.000403362797518
-0.000640311797089
0.000236948999571
9.46890488438e-05
0.000331563098441
-0.000497465336423
7.65908107881e-05
0.000420874525634
0.000366877750907
-0.000122372710951
-7.30788167989e-05
0.000596964632409
-0.000819908699809
0.000462494946932
0.000197206700744
-0.000779813601678
0.000582606900946
0.000727015172956
-0.000455278906519
0.000361441191716
-0.000539997408031
-0.000142929931803
0.000540852632209
4.52531357331e-05
-0.000442093146939
-0.000152446250872
-0.00039966162913
-0.00093483254196
0.000358140254087
-0.000362908982024
0.000693158497788
0.000177308262032
0.0003538436302
0.000181255426566
-0.000302160234624
-0.000564909454785
-0.000798822687832
0.000435200562243
0.000360060850873
0.000376068494302
0.00046732909795
0.000398655314543
-0.000865984412491
0.000770057407242
-9.47536569266e-05
-0.000675303750336
0.0008924179147
0.000325202021928
0.000381096040156
-0.000910330466303
0.000214247936502
-0.000681722276578
-0.000668133784559
0.000621920717167
-1.27634702508e-05
0.000116289853219
0.000589242270108
-0.000119557563544
-0.000334581968391
0.000867405803796
0.000146996689188
0.000128847878122
0.000328431194353
0.000456431198179
-3.95142258132e-05
-0.000416916972357
0.000380488365641
0.000324556476486
0.000275793647689
0.000562655173027
-0.000385346910994
0.000259527758875
0.000339609038086
-0.00059913679696
0.000870936772677
-0.000632594019656
0.000553959218412
-0.000807829276392
0.000389006633023
0.000801973426768
0.000609269771021
0.000663191575325
0.000116508041636
0.00012755247526
-0.000244060516908
0.000477074037835
-0.000527391328044
-0.000771257742598
0.000709282511781
0.00069790691633
-0.000161861619145
-0.000286163783272
0.000160155499207
-0.000295202757963
0.000272792525459
-0.000313727756507
-0.000530378558606
0.00041082099506
-0.000624334238396
0.000308623305965
0.000528236397586
-7.00910800854e-05
0.000748649990154
-3.17384764755e-05
-0.000248044401416
0.00027978287789
0.000133835032768
-0.000502315802558
0.000378870979653
0.00012344482291
0.000197290486162
-0.000170440240334
-2.68502458157e-05
3.62104187621e-05
-0.000585819184667
-4.72146246198e-05
0.00082623470391
1.90660987347e-05
0.000283853837866
0.000243005334382
-0.000635749043036
0.000628643903504
-0.000446361644464
-0.000225854383257
0.000145409569578
0.000236170636915
-0.000433308657633
0.000920181583438
-0.00087840554795
0.00072484252945
0.000431868237021
0.000460549677674
-0.000223880095432
0.000103857898057
-0.000263279872726
0.000875920910875
0.000527158279321
-0.000790438152042
-0.000280765767227
0.000699035731792
0.000449981490597
-0.000795860899163
-0.000552691465539
0.00100602051118
-0.000449744700684
-0.000301727139264
-0.000320819050673
-0.000148472172363
-0.000244444397654
0.000802075223636
-0.000557630825997
0.000428199320877
8.98689876535e-05
-0.000518068308526
0.000491708084612
-0.000564786901416
-0.000194044744274
0.000169710512832
2.43342314454e-05
-0.000621949651255
-0.000184437220692
0.000727457339989
-0.000426993532398
-0.000300463807613
0.000512528974474
-0.000738383357736
-0.000624161292004
-0.000469435297251
0.000405980894471
0.000228631620657
0.000204790392345
-0.000433422012997
-0.00027607080532
-0.000290861884743
-0.000616659159665
0.000907521044408
-0.000627152899543
0.00104981923488
-4.38353037626e-05
7.3738989961e-05
-0.000380435471968
0.000410208922155
0.000439967903688
-0.000463391789934
0.000449983401742
-0.000473557869452
0.000404258837602
6.92990318472e-05
0.000588112057614
0.000211591359407
-0.000714627898642
0.000854136380917
0.000475936401339
-0.000691630046349
0.000375281977684
0.000246723506125
-0.000293245198149
0.000185553051834
-0.000722148317418
0.000549490451579
-0.000173210837126
0.000381719642196
-0.000819038050803
0.000197088399544
0.000535445821374
-0.000171360887598
0.000465161312488
0.000260457936635
-0.000510923201225
0.000250465264614
-0.000335537031905
-0.000463285655936
3.75006228723e-05
0.000538805702845
0.000506551035595
1.10149371121e-05
0.000544051658457
0.000124469723937
-0.000117576291208
-0.00047846222928
-0.00030057785706
0.000221001534434
-0.000252740010903
0.000699966327153
1.62185045723e-05
-0.000461745477488
-0.000549750007789
-0.000690261562598
0.0007099286939
-0.000197399719401
0.000222311154926
0.00027091482632
0.000126110184529
5.51423459044e-05
0.000155418444638
-9.46868897986e-05
0.000603722818497
0.000127788844413
2.94589658705e-05
-0.000157247810279
0.000595256866335
-0.00083970126399
-0.000224247276327
-2.12909468298e-05
0.000245538223152
-0.000526820760186
-0.000385140982383
0.000327651845941
0.000258083518831
-0.000190808871915
0.000580074887933
0.000445107315128
-4.084847752e-05
-0.000470830902273
0.000322358729921
-0.000341894542595
-0.000496138083852
0.000289604474219
0.000357950743859
6.75873412585e-05
0.000301913489686
-0.000369500830945
0.000275224790433
-0.00039660253853
0.000121377748097
7.52741681682e-05
-0.000877803941232
0.000245209921574
-1.57389483215e-05
0.000764388938459
6.12790813026e-05
-0.000309323482709
-0.000486817534164
0.000447303308343
-3.2457418878e-06
-0.000725740265856
0.000243501118372
-0.000905422447009
0.00069362649612
-0.00045434043445
-0.000239286061676
4.06634416251e-05
-0.000399491023738
0.000483956399364
0.000266632963719
0.000272643791727
7.13908616014e-06
0.000164726215093
-0.000370238001659
-0.000170809402896
0.000399441023554
-0.000879495553358
-7.29704586068e-05
0.000340379866716
0.000169931285876
-2.62776256213e-05
-0.000297168780579
-0.000173662121696
0.000424462538323
-0.000149237747884
-0.000231825637872
0.000213463562774
0.000245279894943
1.3143737645e-05
-0.000430060709989
0.000455850498548
0.000481912725923
-0.000304471740759
-0.000177440985158
0.000798091902881
2.81428010231e-05
0.000460391035769
0.000475802597052
-0.000460755991908
-1.50466051388e-05
0.000227624096286
-0.000246344756837
-0.000907161558811
0.000290502399142
-0.000179209812126
0.000167966691517
-0.000424942512709
-0.000435292263825
0.00050459129567
0.000499369992012
-0.00083490702392
-0.000642308217796
0.000499378286009
0.000566545378366
8.05083891457e-05
0.000366614420479
-0.000893435180673
-0.000453138786027
0.000222207559398
0.000230931226658
0.000248686594264
-0.000477869465526
-9.34483878391e-05
0.000472603732775
-0.00067000345217
1.46957427166e-05
-0.00025919401747
0.000205121875676
-0.000105210955573
6.6182192925e-05
0.000833855876791
-0.000204452191759
0.000578939422587
0.000330920152526
-0.000909859575126
0.000340278405885
0.000567242638521
7.27342530531e-05
0.000245882322757
0.000579345222184
-0.000448929082364
-0.000613122465629
4.10730184131e-05
0.000572049447209
-6.37085600495e-05
-0.000637901006523
0.00070160956659
0.00091921782847
0.00025085458725
-6.32917247409e-05
0.000491491045619
0.000482665496041
0.000522949759329
-0.000763749463556
-0.000441719354158
-0.000472647947912
-0.000702748197588
9.83614812353e-05
-0.000533653745065
-9.0037752307e-05
0.00065677028465
0.000296134956899
-0.000320419557823
0.000510274430653
-0.000462392014255
0.000552261001925
-0.000328837389318
-0.000518287010116
0.000730049420206
-0.000211762410097
-0.000680715541689
-0.000154514840966
0.000425429667289
0.000179869721432
0.00054381986523
4.80386664923e-05
-6.3542405626e-05
0.000395636089908
-3.66102273699e-05
0.000432246317289
0.000632097428839
-0.000647278499734
-4.46357441697e-05
-0.000154014446696
6.78082703281e-05
-0.000286944478455
0.000454911169983
0.000116360653389
-0.000578752667633
-8.97114030955e-05
3.53635821895e-05
-0.000314108303598
0.000278744721431
-0.000169704485016
-0.000217129895152
-0.000482065559533
0.000661935280956
0.000224830538911
6.08639842509e-05
-0.000285694523143
0.000352750185821
-0.000286008074557
-0.000173841712434
0.000302689590564
-5.53167868428e-05
-0.000197423224051
-0.000400737465453
0.000364127238093
0.000615738939411
-0.000976486268824
0.000743684542484
-0.000386347286091
0.000436023383625
-0.00060572786864
-0.000871239038526
0.000792555917772
7.86831207474e-05
0.00019059565263
-0.00045794477751
-0.000562515028145
-0.000426063860583
0.000488350586377
6.39104155608e-05
-0.000308206980805
0.000343570563011
0.00027746053417
0.000660317664241
0.000525701187112
-0.00049076335853
-0.000272986105033
-0.000284012851159
-0.00052381642524
6.20561859022e-05
-0.000370263166696
-0.000206479125362
-0.000417682166642
-0.000414244678612
0.000460881519092
-4.66368404316e-05
-4.05415648524e-05
0.000113200628248
0.000201730568982
-0.000372539971875
1.61236217332e-05
0.000519570582898
-0.000535694204639
-0.00023346266705
0.000808977662387
0.000827176095073
-0.000412253056117
-3.76860093334e-05
0.000526036595719
0.000767082712166
-0.0001680343502
0.000591826036356
5.57013465443e-05
-0.000401124856281
0.000870430922841
0.000145336726186
5.40678430226e-05
-0.000633676576215
4.06043007833e-05
-0.000763937070569
0.000527976590983
0.000589611602685
0.000324512654317
5.38291152932e-05
-3.46154627868e-05
0.000259446001708
-0.00025324431934
0.000115757031026
0.000224414052293
-0.000340171083309
-0.000284725200311
-0.000142729284007
-0.000445579521503
-0.000224423930675
0.000297593163206
-0.000169837851891
0.000714774828431
-0.000125532558332
-0.000412069544757
0.000453805036291
-0.000409166870648
-0.000196560997992
1.19151555867e-05
-0.00027110917305
0.000453709488643
-0.000122146390199
-0.000362187797388
0.000382059834433
0.00058621103821
-0.000449270934572
-0.000241229308566
-0.000299510148274
-1.42176082302e-05
-0.000661951637233
-0.000779504969224
0.000333728343152
-0.000511169328304
-4.88680626783e-05
0.000218578575507
-0.000619357175977
-6.03624280765e-05
0.000232120785211
-0.000171758357125
-0.000551486074119
0.000119425299777
-3.48190443545e-05
-0.00014519760523
0.0001800166496
-0.000539699648418
0.000306236981374
-0.000251458076296
0.000367215107322
-7.78578079989e-05
-0.000200532368407
0.000278390176418
3.8008357963e-05
0.000551603244734
0.000727370515791
-0.000724201917805
0.000875590101125
-0.00015138818333
0.00068214357616
-0.000154211381681
0.000119392337336
0.000195721017593
-0.000205560033303
-0.000492611156241
0.0005290891186
0.000696148054079
-0.000865290170825
0.000141088253015
-3.6417556962e-05
0.000113755237042
-7.73376800673e-05
0.00019750532243
-1.2769459055e-05
-0.000182488446789
0.000250296717122
0.000194874559432
-0.000253456210289
-0.000484927147461
-0.00020586497172
4.21998674065e-05
0.000723005575024
-0.000749283200653
0.000633590801323
-0.00025153096689
-0.000569079308271
0.000205971305266
2.22241739066e-05
0.000121150768473
8.44924435362e-05
-6.43266267518e-05
-0.000405377174684
0.000236792967335
-0.000451519673495
0.00014808945395
-0.000629406401184
0.000453165659692
-0.000287594992695
0.000415357348507
-0.000399633568087
-1.57237804204e-05
0.000431575853078
-0.000343054997549
0.000779769000115
-0.000686746120317
-0.000721947090382
0.000627193433442
0.000483447046446
-0.000278781722234
-0.000233076384466
0.000270085656535
-0.000703212435163
0.000898086994597
0.000507067503832
0.000882356673362
-0.000390983960155
-0.000446360175041
0.000154589481927
-0.000142832664915
0.000167166896363
-0.000499536557715
0.000123460823123
0.000751102118282
-0.000717666013879
-3.78356014153e-05
-0.000233273571626
0.000147982947262
0.00027307606713
-0.000892433243104
0.000324968936285
-2.60273558667e-06
0.000304381211605
-0.000169812324109
-8.91141664327e-05
0.000466284860199
-3.78259107422e-05
-0.000550323564596
-0.000123740733421
-0.000103107844876
8.7273210046e-05
1.58346348527e-05
0.000141851303485
-1.73815795462e-05
0.000593061724608
-0.000618738585615
-9.26706801409e-05
-0.000436487677421
0.000266142079718
-8.89944113923e-05
5.57625505272e-05
0.000179144238196
-0.000202277355411
0.00028751349814
-0.000225757027173
-8.62652974003e-05
0.000670700514375
3.89400889964e-05
-0.000326535081683
0.000172996779253
0.000305817905319
-0.000868332933464
0.000229303384333
0.00101630083653
-0.000686267427378
-0.000330033409135
0.00010215722216
6.76964288015e-05
6.09607956397e-05
-0.000128657224425
0.000236135357363
0.000112351712067
4.13840143789e-05
5.32465903814e-05
-8.96641473354e-05
0.000756708077203
0.000464302620438
-0.000798884588836
-0.000638565007274
0.000139598789044
0.000626637465377
-0.000255648176609
-3.62958157613e-05
0.000103992244576
-0.000378688095731
0.000312941648718
-0.000648602680842
-8.78314665853e-05
-1.49624261627e-05
0.000493195318228
6.43559979611e-05
-0.000114782786084
8.77006691927e-05
0.000317125751714
6.65012066891e-05
-0.000383626958398
-0.000136146808476
-0.000586001508949
-0.000101217623414
-0.000142842893495
-0.000200469319595
0.000355058801534
-6.30559911966e-05
-0.000102050319559
0.000422285985521
-9.33403465815e-05
-0.000396199897233
0.000356065840709
-0.000610336224956
0.000294635097936
-9.32505860367e-05
-0.000656297885744
5.33956113838e-06
4.53938270971e-06
-3.05131627417e-05
0.000175849888937
0.000631070082578
-0.000208451821054
-0.000420954580129
-4.93168735038e-05
0.000515090595665
-0.000364819840414
-0.000150270755238
0.000600912578835
-0.000361743604121
0.000530337607738
-0.000518666242072
0.000601020051139
0.000428478702108
-0.000673692735371
0.000679032296501
0.000437459478829
-0.000368344646711
0.000414184920448
-0.000347683713758
0.000364029434934
-3.65573908609e-05
-0.00032747204407
0.000336485854387
-0.000275206773079
8.54069719374e-05
0.000620995751827
-0.000296439275349
-0.000819522078473
0.000379067903427
-4.09702895302e-05
-0.000409570208954
0.000303671193037
-7.53623613663e-06
-8.49094304121e-05
3.92783613735e-05
-3.97089265806e-06
-3.53074686995e-05
-0.000363002567609
-7.40102351841e-05
0.000373336442929
0.000411551649297
0.000182661257099
-5.48724126817e-05
0.000458070774992
0.00040488678862
-0.000862957563608
-0.000103538736086
-0.000391417050018
-6.47314761623e-05
-0.000261803605516
0.000271912461429
0.000442370603556
-0.000120011873632
0.000364934148505
-0.000370538541767
0.00041096481765
0.000170423407221
-0.000179515883431
9.66758337595e-06
2.96107780077e-05
0.000324952889877
1.30108431615e-05
-0.000278657612981
0.000426640560244
-0.000512131226229
-0.000330022889181
7.45968832955e-05
0.000255426005892
0.000143462522511
-0.000170312768323
0.000101309738633
3.76820734965e-05
0.000663927493108
-0.000262549420399
0.000252005688148
-1.20526757256e-05
0.000563655920471
0.000181733422794
0.000320269068004
0.000313801116133
0.000513983919997
-0.00041694014768
0.000844842657858
-0.000103211304437
-4.50196785397e-06
-0.000710820905367
0.000356223180852
-0.000580252118732
4.88740014948e-05
-0.000626844643969
-3.61907077768e-05
-0.000261437645424
-0.000451091326726
0.000549789565113
-9.86982384048e-05
-5.90202355574e-05
-0.000653150728102
0.000212080130076
-0.000729717787593
0.000298680308009
0.000361333956919
0.000353890788245
-0.000334791664051
-4.56438079238e-05
0.000353406874551
1.06225603778e-05
-4.29506590937e-06
-0.000694923319702
0.000699218385605
-0.000178268024917
-0.000392460757781
0.000570728782692
-0.000358037043662
8.8885560343e-05
-0.000214446618994
-0.000304576530091
0.000321012238041
-0.000135459186206
-0.00100231303586
0.000340038816676
0.000662274219167
0.000251352844894
0.000196670160474
-0.000153041827675
0.000195241695082
0.000271055475306
-7.4385314833e-05
-0.000102103856194
0.000336298322799
-0.000234194466601
0.000741952110735
0.000213331210804
-0.000318542166375
-8.72506338015e-05
0.0001361246353
1.19378525932e-05
0.000619132229997
-0.000299928463527
0.000307067549691
-6.29141737574e-05
7.874880862e-05
-0.000254113044105
0.00027706641753
-0.000953118600275
0.000624128188969
0.000191761722655
-7.57356820119e-05
-0.000116026040641
0.00018125032261
-0.000282332654459
-0.000140393671264
-0.000184576200924
0.000468977774484
-0.000284401573555
0.000227865667021
-0.000372278661106
0.000702467601606
-0.000161292438616
0.000559647485554
0.000576512494408
-0.000385248087211
-0.000196618549365
-5.5302880804e-05
0.000535992868205
-0.00048068998741
0.000488285229324
8.64712399255e-05
0.000118890698433
0.000233135194438
-0.000290950503468
0.000471706723317
-0.000813601265918
-0.000253402477286
0.000611353221143
0.000149868672056
0.000238623417084
-0.000311593875686
-2.3403308864e-05
-0.000255560484925
0.000381670669457
0.000506394207529
-0.000570088957055
6.36947495185e-05
-0.000598316548227
0.000209218840246
-0.000213500523263
0.000746964585283
7.69369435704e-05
0.000552307379645
-0.000629244323222
-0.000358313372553
0.000652948470495
-0.000599210519654
0.000240897147109
-0.000138440514324
0.000163169121407
0.000383815024943
-0.000546984146336
0.000869798409007
-0.0006165016072
0.000190437746614
-0.000309213244713
-0.00039921048712
0.00086466472865
0.000480232288412
-0.000137823293256
8.53927209409e-05
3.89448153204e-05
5.64984177566e-05
-0.00041721127858
0.000360712860817
-0.000164450907598
0.000421407997085
-0.000256957089487
0.000841506733561
9.20083342432e-05
-6.2390938152e-05
-2.72732091801e-05
-0.000361300656247
-0.000417082997333
-0.00040598164665
-0.000413540431813
5.44371136748e-05
0.000235210462237
-0.000165709822487
0.00055994348696
0.000499877572467
1.410634754e-05
0.000151199913931
0.000866228969177
-0.000428230579993
0.000675865345705
-0.000265982444146
7.69592794991e-05
-0.000135979515055
-0.000165983127298
-0.000435209423217
0.000601192550514
4.24529928655e-05
0.000614584044853
-1.86152105e-05
0.000325682760183
6.29857595497e-07
-0.000627309668324
0.000904376085847
0.000678449196728
0.0004600760322
-0.000587653016372
0.000575736541434
0.000752949826589
0.000295656087491
6.636183081e-05
2.23911398074e-05
-8.87529706066e-05
0.00034565030967
0.000492658176461
-8.66772819854e-05
-0.000580957036761
0.000622030055173
-6.04848097651e-05
-0.000192583650312
-0.000179956321559
0.000504608156732
0.000364191272638
-0.00058418016112
0.000262641158531
0.000408059355844
-0.000522756274273
0.000419217538179
0.000474888829154
-0.000600421387497
-0.0004448500544
-0.000414305127659
0.000312255184542
-0.000267002048803
9.87560230513e-05
0.000573194610746
0.000272247364703
-0.000648928370672
-0.000582338805205
0.000518756994771
6.35818104377e-05
-0.000132706567783
-0.000426079596369
-0.000590962213221
1.00051764593e-05
0.000332808560924
0.000682175508182
-0.000369233859476
0.000354834883208
-4.50442616812e-05
-0.000420383023533
0.000465427285202
-0.000342249994237
0.000504478977967
0.00015306665936
8.75675016551e-05
0.000576117964176
-0.000383956647373
-0.000192161316806
0.000614383147713
-0.000659018891883
-0.000381436050781
0.000392058611158
0.000571750923567
-1.50534207032e-05
-0.000567285384504
0.000429660873197
-0.000109913271836
-0.000419124780261
0.000529038052101
-0.00072534173989
-0.000216390803301
0.000512046890796
0.000790332317972
-0.000799323541833
-0.000130841611228
0.000548452774884
-0.000330732852152
-0.000217719922732
0.000590840560324
-0.000255427039723
-0.000298253882841
0.000495557934638
-0.000441728819348
-0.000327177865525
-0.000505802062246
0.000573473536246
-1.35300492886e-05
0.000637351071825
-0.000596746771049
-0.000566150777481
0.000404858338854
0.000448151056543
-0.000428011884723
9.90186124982e-05
-0.000843466006193
0.000702251823193
-0.000408646375536
0.000154088459725
-0.00060045010419
7.1706490579e-05
3.80670073625e-05
0.000338152077606
-0.000616155163407
0.000410134836879
0.000799653851637
-0.000354460685866
0.000305917624276
0.000217032135059
0.000762181914138
-0.000386113419824
0.000422406340312
-6.71086465092e-05
-0.000355297693796
6.44000838547e-05
0.000227613389057
0.000241364385428
0.00022739657377
-0.000662183888692
-0.000455051100366
0.000643350351964
-0.000487062848133
0.000573052599006
1.6587764378e-05
8.92528155405e-05
-0.000116526024721
-0.00046941047231
0.000681490602384
0.000202182843378
-0.000337642029582
-0.000164485308709
0.000366668152087
-0.000230331388452
-0.000229944674254
0.00038577589679
-7.46052177355e-05
-0.000635455929614
0.000200246506399
0.000513803498274
-0.000815530637527
-0.000366253642728
-3.95096692827e-05
0.000539387241761
-0.000505725402877
-0.000340990267281
0.000821682232433
-0.000762474571093
-5.92076613498e-05
-0.000363542936336
0.000876476945724
-0.000505031486347
-0.000371445459372
0.000467735054883
-0.000480504513937
-0.000716488745794
-0.000106520549182
-0.000417371347538
-0.000307970392343
-5.75645280281e-06
9.34571220018e-05
-0.00059911980798
8.69885817509e-05
0.000487651047071
-0.000605326890442
-3.98233775877e-05
0.000645150268044
-0.000720504295051
0.000584357486566
6.12537412777e-05
-1.24614962577e-05
-0.000775275241505
0.000453970549866
0.000321304691622
-0.000520329998975
-0.00058208194832
-0.000723667931495
0.000847596379218
0.000692302031729
4.69010379463e-05
-1.3805339555e-05
0.000577461260038
0.000195098278837
0.00063797313299
-0.000116452027083
9.20871827308e-05
-0.000850831701047
0.000315459407623
-0.000569572451714
-0.000310450603245
0.000291539775667
-0.000217185360748
-5.11408557222e-05
0.000876493306109
-8.61609881427e-05
0.000549840695982
-0.000151295623611
-0.000578422163977
0.000288948714665
0.00031322215857
0.000437999678498
-0.000773641698428
0.000335642019922
-0.000663774327068
0.000277534522641
0.000730738236945
-0.000707706349926
0.000614430400843
0.000111022517036
2.51021182674e-05
-0.000170027528074
-0.000446474079126
-1.19255726002e-05
-0.000429882171685
-0.000157770844686
-0.000690366005803
0.000262433092233
0.000249613798567
0.000640866447154
-0.000781732007899
-0.000581177795295
0.000462171818068
-0.000115896167123
-0.000165495115765
-0.000543018931895
-0.000603423709479
-0.000553119172263
0.000391257553113
0.00062827972761
5.01694691161e-05
-1.45006600941e-05
-0.000174781644246
-0.000107551010207
-0.000520979171104
-0.000481333864761
0.000206202780647
-0.000233349952908
0.000272082640656
0.000287564844895
4.44207617974e-05
0.000529052774441
0.000470019446421
0.00053795159076
0.000592351708661
-0.000460851315147
-0.000251963890775
-0.000527413317401
-0.000283751112037
0.000226708718865
0.000912604863963
-0.000870377120776
-0.000185757426787
-0.000886550483934
0.00089818750216
-0.000597173909053
0.000583643859756
-2.23586905998e-05
-0.000938960868275
0.000961319558861
-9.1261948332e-05
0.000302572356332
0.000124068203913
-0.000506507146621
0.000330198190029
-0.000126031453669
0.000861791043736
-0.000549028918529
0.000474423700788
0.00039458069058
-0.000293776478637
0.000821753069613
0.000230805034155
0.00025748019517
-0.000133901634086
0.000261618856509
0.00036693193634
-0.000844478284123
-0.000375601587424
-5.11163298359e-05
0.000503797477662
-0.000662638684321
-0.000835097468156
0.000480636782298
0.000703567096623
0.000200398425646
-9.35050273126e-05
0.000141923568146
-0.00086063361201
0.000257637616891
0.000686527876061
0.000357679379179
0.000370194918749
-0.000875226405089
0.000365022799473
-0.000518369879049
-0.000794009366542
0.000399361348059
0.000394648018473
0.00038993652399
-0.000351598339577
-0.000549176027664
-0.000317891835742
0.000199220947573
-0.000564062619586
-0.000449821506438
0.000273046067401
-0.000300773898509
-0.000513142414041
0.000343933225328
0.000169209188721
-0.000321293969876
0.000192341311268
5.70702993585e-05
-0.000427540031135
-0.000250451462569
1.7410135796e-05
0.000540905603776
0.000718811204187
-0.00101744441014
0.000522845154084
0.000622952813425
-0.000317421396441
-0.000120240605919
0.00048168179764
0.000735039012687
9.93164726415e-05
0.000298648051291
0.000404919045319
-0.00034379798432
-0.000192922608011
0.000496067750345
-0.000491528367634
0.000257614261116
0.000134723080594
-0.000392337341724
0.000874323316673
-0.000190458293332
-0.000792049075924
0.000543627060162
3.35317690002e-05
0.000223484207338
0.000505398337379
0.000115681295912
-0.000333613073721
-3.13235776987e-05
0.000157508400527
0.000330142646548
-0.000198652955437
0.000120655321575
7.79976338708e-05
-0.000220298152353
0.00029642476513
-0.000538631629082
0.000518323817106
-0.00081505102893
0.000645689863403
-0.000271903577362
0.000515187779707
-0.000871842662045
0.000423715022353
-0.000112490019046
0.000830830266929
-0.000189963819767
0.000138075421851
0.000247700474944
-0.000374280350372
-0.000805989851804
0.000746782190451
0.000339056825305
-0.000646078449834
-7.44258452236e-05
-0.00027538345692
-0.000865679419081
0.000415934718397
-0.000264233090534
0.000639515068222
-0.00116788839647
0.000842216817664
0.0007358472095
-0.000669529429583
0.000719698898694
-4.48568764341e-05
-0.000490837328211
0.000485856793477
-0.000403507601014
0.000198930237651
-0.000454210850461
9.89131566675e-05
-0.000754717896665
0.000288146927171
-0.000852406642729
0.000303230615065
-0.000712304724543
-0.000455583671929
-0.000503137109679
0.0004243415752
0.00014638720749
-0.0005587368951
0.000150703274434
-0.000932179513981
0.000720538352596
0.000343152188076
-0.00071238604756
-0.000171179105768
-0.000454555486825
0.000402604548166
8.71786476178e-05
0.000405672342354
-0.000421011182229
-0.000805073783216
-0.000552772581653
-0.000438141846877
0.00037739329254
-0.000581791098296
0.000204397805761
-0.000203784502752
-0.000428543565726
0.000610532114582
-0.000349061326823
8.20592780253e-05
-0.000226765148646
0.000446180349536
-0.000350659860723
-0.000533927809968
0.000436980849319
-0.000542126355677
0.000105145506358
-0.000658340292988
-0.000548731718641
-0.00089617913019
0.000787167296016
-0.000392519277553
0.00020303661595
-7.25392086278e-05
0.000509520057946
-0.000436112392614
0.000331803330953
0.000104309061672
-0.0002979686885
0.000547582487072
-0.000228278453756
-0.000656971745667
0.000413218648198
0.000243753097453
0.000411121489255
3.50912131078e-05
0.000737480185208
0.000158426683764
-0.000599552867182
-0.000411565708592
0.000255183628506
0.000885209694697
-0.000635443952153
-9.41601844573e-05
0.000383196260913
0.000131991518798
-0.000326607469789
0.000574032465551
-0.000383594718931
-0.000435723204986
2.67954494723e-05
0.000482109417582
0.000347715182308
-0.000740234459871
0.000462815593124
0.000104445927735
-0.000364670865261
0.000852420426351
0.000815316466422
-0.000487381432085
-0.000115882342249
-0.000402185966272
-0.000450028229459
0.000147759393302
0.000315927958436
-0.000502718654637
-0.000376457596551
-0.000424273956779
0.000553018937917
7.46591808799e-05
-0.000627678118808
-0.000322083141802
-0.000211844668162
0.000770392046468
-0.000418929768257
-0.000458093786589
-9.98969323819e-05
-0.000372642736395
-4.41571286283e-05
-0.00077247447199
0.000373263984845
-0.00013043221661
-0.000120915980973
-0.00052193626917
-0.000443921858507
0.000703941205569
-0.00010756777332
0.000660586711229
0.000342970881072
0.000900878527905
-0.00041692212854
-0.000507631772385
-0.000567961099482
-0.000523483934681
-4.96574467443e-05
0.000668558200624
-0.000470805669327
-0.000227261607897
5.11285685225e-05
-6.30136583953e-05
0.000394816989351
-0.000675121468509
-0.000488030922029
0.000104933731415
-0.000603711955321
0.000498778223893
0.000162669955156
-0.000858827740072
-0.000548792268111
0.000165197549185
0.000547205386175
-0.000142347047329
0.0005793574322
-0.000603119472232
-1.73346083684e-05
-0.000367995574048
0.000224636342117
-0.000510170840325
-0.000152467844001
8.83754383657e-06
0.000285011437308
8.99453914495e-06
9.83206012397e-06
0.00074568647036
0.00011287276672
-0.00085855923706
-0.00032893649167
0.000763448350734
-0.000437439297802
9.95748929497e-06
-0.000577102893719
0.000195401668556
0.0003424342232
0.000372264786312
-0.000290205508282
-0.00025205270035
-0.000370900113075
0.000453482543573
1.22761696461e-05
-0.000390110031208
0.000877811421043
-0.000379053461389
-9.22067890701e-05
1.12351350645e-05
-0.000635710059109
0.000164904389773
-0.000146187719946
-0.000642073921984
0.000544915250279
-0.000375706061555
-0.000148164203268
-0.000572267059543
-0.000465040171355
-0.000348782852204
-0.000143162474053
0.000608620316747
0.000386990754184
-1.67979840244e-05
-0.000417437579871
-0.000693569282273
-0.000306554574414
-0.000460474202977
0.000356165141305
-0.000610360187885
0.000171251041739
-0.000771206429618
-0.00013693183522
-6.51678814668e-05
0.000702900914669
7.95506442961e-05
-0.000725629094136
-0.000445455798114
6.56378220741e-05
-0.000614018637981
0.000690537881028
1.23630336361e-05
0.000850416375447
-0.000239884260856
-1.63737018999e-05
-4.40342590551e-05
4.48800393806e-05
-4.38729312226e-05
0.000658052897036
0.000377877168622
0.000191680169065
7.13541093607e-05
7.18083646928e-05
0.000839007455531
-0.00054205322291
0.000667468119797
0.000351626023449
0.000326434240247
-0.000468781287589
-0.00050427633382
-0.000157995381487
0.000860247204694
0.000578512798093
0.000331116932032
-0.000887508695741
0.000556391763716
-0.000769518073192
0.000882485994725
-0.000719816039555
-0.000677441166658
-6.59031014807e-05
0.000205044828071
-0.000760595240237
0.000867271240325
-0.000595955512157
-4.00568876389e-05
-0.000758733677292
-6.19396291261e-05
-0.000544109473051
-0.000670283384928
0.000875328213009
-0.0007796954264
-7.88638106469e-05
-0.000286890644824
0.000865403442927
-0.00040527174626
0.00059695191531
0.000598319049877
0.00026219637353
0.000325218017413
-0.000289189645863
0.000510164321759
-0.000881609781129
0.000861790345207
0.000458282744194
0.000836159912816
-0.000794607101274
-0.00040761634709
0.000455129555042
0.000297990088805
0.00071987212636
0.000644982047019
-0.000216985359091
0.000214557017305
-0.000798114192814
0.000583557175503
0.000137504503808
-0.000836231643918
0.0005905063437
0.000313869742136
8.15262788531e-05
0.000518845089067
-0.000600371367917
-4.22924011272e-05
0.000708214687236
-0.000665922286111
7.90923746651e-05
0.000510507087841
-0.000589599462488
-0.000488879038464
0.000703436055764
-0.000535027639849
9.32988205051e-05
0.000415602340076
0.000471015969214
-0.000788907804938
-0.000519746152745
0.000858802978046
0.000196524736154
-0.000258696064717
6.21713285846e-05
0.000222270093994
4.46415372004e-05
-0.000164277050482
2.15073633731e-05
-0.000337451405941
0.000315944042576
-9.1309592185e-05
0.000312610606255
-0.000221301014079
0.000197943251759
0.000699808723121
-0.000314867824274
-0.000532621899827
0.000687090360499
0.000183340562338
0.000144093233939
0.000732400072165
-0.000881573419147
0.000807147573916
0.000768742854344
-0.00089913662468
0.000948646597781
-0.000698600296373
0.000401119477678
0.000778372266337
-0.00019401477978
-0.000563925647343
0.000271258380904
-0.0007744836254
-0.000703583014864
0.000122029872261
0.00065424299921
-0.000394931024073
0.0006898275656
0.000503160599592
0.000932019658892
-0.000497768132089
-0.000987256788936
-0.000890330795059
0.000546965236887
-0.000808746301649
0.00108021534355
-0.000804471708671
0.000744975887099
-0.00019611733903
0.000332711125145
-0.000295008310742
0.000155825636247
-0.000476658262972
-0.000659265391893
-0.000463249785617
0.000429204981907
-0.000546199863275
0.000688362145692
-0.000446079962306
-0.000538334354096
0.000333936548335
-0.000537790972128
-0.000259956028318
-0.00064673143122
-0.000679495711469
0.000464562529796
-0.0006736561477
0.000669421388838
-9.73719416297e-05
0.000657821900366
-0.000740903158012
-0.000305013833176
0.000664301414289
-0.00033410322426
9.10627028599e-05
0.000384468143079
-0.000540331130045
0.000504754095515
-3.93964757862e-05
-0.000801456364467
0.000702139891827
0.000139366841732
0.000263630674655
-0.000617001368739
-0.000450154889503
0.000723919552491
-0.00053346125916
-0.000186419712357
-3.17218498008e-05
-0.000171262322244
0.000370775896076
0.00038487079106
-0.000757411154134
0.000775135954723
3.68015003815e-06
-0.000319422182832
0.000383376532129
0.000737951247919
0.000444160546523
-0.000435557133837
0.000706815514734
0.000468606565123
0.000446560569192
0.000863159388836
0.000586138112446
0.000531517702193
0.000942465700397
-0.000522249231395
0.000822111317259
0.000300315182165
-0.000472287035972
0.000264324493007
-0.00028285053865
0.000787682091387
-0.000452040071471
-0.000478359471421
0.000365829984298
-0.000239308903248
0.000737612836371
0.000680197924525
-0.000632154635657
0.000388653517286
0.000408181697111
0.000351791912191
-0.000187071598415
-0.000255442668865
7.39375077923e-05
-0.000100582139366
3.88927369759e-05
0.000354295327855
-0.000284535191053
1.1762153065e-05
0.000122133899228
-4.48749011675e-05
4.89339541799e-05
0.000506908566561
0.000569464141215
0.000673274380243
-0.000562178298972
0.000304435792404
-0.000445990761671
0.000141554969323
-0.000599935774655
0.000437194669182
0.00016274110548
0.000566585615904
-0.000509515316543
0.000657936648514
-0.000411213142382
0.000897288476823
-0.000465405712545
0.000838242719114
-0.000941357696496
-0.000387170195483
0.000770016615981
-0.000709788976158
-0.000277467812804
0.000519766602775
-0.000590438812234
-0.000471760583516
-0.000423592248421
0.000852468826884
-6.37704145636e-05
-0.000540941869013
2.90967538622e-05
-0.000585879085433
-0.000325424156719
0.000566321303824
5.75557335535e-05
0.000146043870333
0.00051177803005
0.000294861481361
-0.000609729305629
-0.000807710468263
-4.54636571454e-05
0.000590204416847
0.00063782850584
0.000726645169501
-3.67179820895e-05
-0.000689927187425
3.89773766751e-05
0.000561073586693
-0.00034268286016
-0.000218390726531
0.000277322474668
-0.000528440286953
-0.000135725034015
-0.00039271525296
0.00059298197052
-0.000315659495851
0.000642226733267
-0.000603249356597
0.000364367873984
0.000165892165816
0.000559991165552
-0.000208451254167
0.000642827886675
-0.00045948732434
-0.000113979820539
-0.000571993606216
-2.79421684276e-05
-0.000101284864256
-0.000267557813809
3.64550690226e-05
0.000572021648807
0.00032526682801
-0.000479162694987
-0.00044604167664
0.000501682155698
-0.000453849594541
0.000679422261003
0.000127725312904
-0.000462884021224
0.00062877618704
0.000539293151937
-0.000747744406115
0.000485407481221
0.00074703773064
-0.000857764999936
-0.000131655738729
-0.000171971853803
-0.000112529487148
-0.000145166775824
-0.00031158856249
0.000699746961709
0.000760430311326
0.000462619223915
0.000284153709425
-0.000318471847999
-0.000246933911647
-0.000115343096308
-0.000298558668965
0.000212028466886
-0.000298915817448
4.89417418568e-06
0.000251395984292
0.000256101192596
-0.000138802449248
-0.000362611900478
-0.000229127325057
0.000220896565961
0.000176346328052
0.000110543543467
0.000646275408288
-0.000356856068998
-9.75047830428e-05
0.000135699325127
-0.000413164278805
-0.000467550031461
-0.000410592027556
-0.000159644247092
0.00037803497352
-0.000246140373503
0.000381865407437
0.000110687983039
-0.000579239204382
0.00018995623563
0.000427041686343
-0.000509250970037
-0.000606933076778
0.000606182264914
-0.000309354004209
0.000178341181498
-0.000981712175549
-0.000787883443733
-0.000699921066778
-0.000264668331119
0.000991199415932
0.000894827263361
-0.00127960924365
0.00106881662178
0.000945134153457
0.000654517221484
0.000656397271979
0.000259627643637
-0.000765589533133
-0.000774789876848
0.000983674081944
-0.000855847134212
)
;

boundaryField
{
    bottomWall
    {
        type            calculated;
        value           uniform 0;
    }
    leftWall
    {
        type            calculated;
        value           uniform 0;
    }
    rightWall
    {
        type            calculated;
        value           uniform 0;
    }
    movingTop
    {
        type            calculated;
        value           uniform 0;
    }
    front
    {
        type            empty;
    }
    back
    {
        type            empty;
    }
}


// ************************************************************************* //
