/*--------------------------------*- C++ -*----------------------------------*\
  =========                 |
  \\      /  F ield         | OpenFOAM: The Open Source CFD Toolbox
   \\    /   O peration     | Website:  https://openfoam.org
    \\  /    A nd           | Version:  14
     \\/     M anipulation  |
\*---------------------------------------------------------------------------*/
FoamFile
{
    format      ascii;
    class       volScalarField;
    location    "0.20000000000000001";
    object      phi;
}
// * * * * * * * * * * * * * * * * * * * * * * * * * * * * * * * * * * * * * //

dimensions      [];

internalField   nonuniform List<scalar> 
1600
(
3.24372125169e-12
1.32618881193e-11
4.35824788942e-11
1.33810205266e-10
3.87385050822e-10
1.05697082311e-09
2.71478171264e-09
6.55603171239e-09
1.48690980095e-08
3.16367326164e-08
6.30828738306e-08
1.17765565413e-07
2.05642632909e-07
3.35603623054e-07
5.1147295998e-07
7.27448767386e-07
9.64958042923e-07
1.19324296786e-06
1.37499529418e-06
1.47609806257e-06
1.47609806257e-06
1.37499529418e-06
1.19324296786e-06
9.64958042923e-07
7.27448767386e-07
5.1147295998e-07
3.35603623054e-07
2.05642632909e-07
1.17765565413e-07
6.30828738306e-08
3.16367326164e-08
1.48690980095e-08
6.55603171239e-09
2.71478171264e-09
1.05697082311e-09
3.87385050822e-10
1.33810205266e-10
4.35824788942e-11
1.32618881193e-11
3.24372125169e-12
1.32618881193e-11
5.44702260541e-11
1.77591897129e-10
5.40918373871e-10
1.55506658645e-09
4.21811264278e-09
1.07825503317e-08
2.59428111317e-08
5.86771399846e-08
1.24610210806e-07
2.48178693637e-07
4.63038124627e-07
8.08449029531e-07
1.31961372993e-06
2.01192510301e-06
2.86288131932e-06
3.79949185257e-06
4.70040623873e-06
5.41809996661e-06
5.81747545704e-06
5.81747545704e-06
5.41809996661e-06
4.70040623873e-06
3.79949185257e-06
2.86288131932e-06
2.01192510301e-06
1.31961372993e-06
8.08449029531e-07
4.63038124627e-07
2.48178693637e-07
1.24610210806e-07
5.86771399846e-08
2.59428111317e-08
1.07825503317e-08
4.21811264278e-09
1.55506658645e-09
5.40918373871e-10
1.77591897129e-10
5.44702260541e-11
1.32618881193e-11
4.35824788942e-11
1.77591897129e-10
5.77941420001e-10
1.7577262156e-09
5.04637098179e-09
1.36712132422e-08
3.49074092326e-08
8.39012902098e-08
1.89593343586e-07
4.02305082334e-07
8.00676339589e-07
1.4929324477e-06
2.6052211733e-06
4.25052327306e-06
6.47804092806e-06
9.21514353445e-06
1.22270008955e-05
1.51235181339e-05
1.74306556871e-05
1.87144076869e-05
1.87144076869e-05
1.74306556871e-05
1.51235181339e-05
1.22270008955e-05
9.21514353445e-06
6.47804092806e-06
4.25052327306e-06
2.6052211733e-06
1.4929324477e-06
8.00676339589e-07
4.02305082334e-07
1.89593343586e-07
8.39012902098e-08
3.49074092326e-08
1.36712132422e-08
5.04637098179e-09
1.7577262156e-09
5.77941420001e-10
1.77591897129e-10
4.35824788942e-11
1.33810205266e-10
5.40918373871e-10
1.7577262156e-09
5.33997661334e-09
1.53150661325e-08
4.1449800739e-08
1.05738513023e-07
2.53927446657e-07
5.7334422467e-07
1.21569825202e-06
2.41786666357e-06
4.50555511234e-06
7.85803175159e-06
1.28144898571e-05
1.9521873888e-05
2.77605682818e-05
3.68234526008e-05
4.55371525947e-05
5.24765921694e-05
5.63374750172e-05
5.63374750172e-05
5.24765921694e-05
4.55371525947e-05
3.68234526008e-05
2.77605682818e-05
1.9521873888e-05
1.28144898571e-05
7.85803175159e-06
4.50555511234e-06
2.41786666357e-06
1.21569825202e-06
5.7334422467e-07
2.53927446657e-07
1.05738513023e-07
4.1449800739e-08
1.53150661325e-08
5.33997661334e-09
1.7577262156e-09
5.40918373871e-10
1.33810205266e-10
3.87385050822e-10
1.55506658645e-09
5.04637098179e-09
1.53150661325e-08
4.38810757213e-08
1.18653685011e-07
3.02422664216e-07
7.25664473299e-07
1.63723208291e-06
3.46907322637e-06
6.89505815508e-06
1.28409625065e-05
2.23837687958e-05
3.64853105256e-05
5.55601307181e-05
7.89811436784e-05
0.000104737361733
0.0001294953545
0.000149208845148
0.000160175683431
0.000160175683431
0.000149208845148
0.0001294953545
0.000104737361733
7.89811436784e-05
5.55601307181e-05
3.64853105256e-05
2.23837687958e-05
1.28409625065e-05
6.89505815508e-06
3.46907322637e-06
1.63723208291e-06
7.25664473299e-07
3.02422664216e-07
1.18653685011e-07
4.38810757213e-08
1.53150661325e-08
5.04637098179e-09
1.55506658645e-09
3.87385050822e-10
1.05697082311e-09
4.21811264278e-09
1.36712132422e-08
4.1449800739e-08
1.18653685011e-07
3.2055744127e-07
8.16357506707e-07
1.95733353665e-06
4.41290309954e-06
9.34406340997e-06
1.85606054273e-05
3.45468234022e-05
6.01901206208e-05
9.80657315595e-05
0.000149278086403
0.000212137121793
0.000281243615959
0.000347656803671
0.000400529599461
0.000429940477935
0.000429940477935
0.000400529599461
0.000347656803671
0.000281243615959
0.000212137121793
0.000149278086403
9.80657315594e-05
6.01901206208e-05
3.45468234022e-05
1.85606054273e-05
9.34406340997e-06
4.41290309954e-06
1.95733353665e-06
8.16357506707e-07
3.2055744127e-07
1.18653685011e-07
4.1449800739e-08
1.36712132422e-08
4.21811264278e-09
1.05697082311e-09
2.71478171264e-09
1.07825503317e-08
3.49074092326e-08
1.05738513023e-07
3.02422664216e-07
8.16357506707e-07
2.07737999858e-06
4.97716147446e-06
1.12135634974e-05
2.37289830407e-05
4.71066269586e-05
8.76329864722e-05
0.000152608272675
0.000248535173779
0.000378189341634
0.000537276627642
0.000712127644683
0.000880128337722
0.00101385644096
0.0010882368412
0.0010882368412
0.00101385644096
0.000880128337722
0.000712127644683
0.000537276627642
0.000378189341634
0.000248535173779
0.000152608272675
8.76329864722e-05
4.71066269586e-05
2.37289830407e-05
1.12135634974e-05
4.97716147446e-06
2.07737999858e-06
8.16357506707e-07
3.02422664216e-07
1.05738513023e-07
3.49074092326e-08
1.07825503317e-08
2.71478171264e-09
6.55603171239e-09
2.59428111317e-08
8.39012902098e-08
2.53927446657e-07
7.25664473299e-07
1.95733353665e-06
4.97716147446e-06
1.19164787452e-05
2.68305790295e-05
5.67421957368e-05
0.000112582454666
0.000209333978833
0.000364381170807
0.000593190709541
0.000902335025326
0.00128154075118
0.00169821455397
0.00209848367098
0.00241705106311
0.00259422491829
0.00259422491829
0.00241705106311
0.00209848367098
0.00169821455397
0.00128154075118
0.000902335025326
0.000593190709541
0.000364381170807
0.000209333978833
0.000112582454666
5.67421957368e-05
2.68305790295e-05
1.19164787452e-05
4.97716147446e-06
1.95733353665e-06
7.25664473299e-07
2.53927446657e-07
8.39012902098e-08
2.59428111317e-08
6.55603171239e-09
1.48690980095e-08
5.86771399846e-08
1.89593343586e-07
5.7334422467e-07
1.63723208291e-06
4.41290309954e-06
1.12135634974e-05
2.68305790295e-05
6.03741163659e-05
0.000127609966704
0.000253061789629
0.000470319814483
0.000818329130897
0.00133169983749
0.00202507736535
0.00287534750262
0.00380940624372
0.00470652261292
0.00542042650514
0.00581743794622
0.00581743794622
0.00542042650514
0.00470652261292
0.00380940624372
0.00287534750262
0.00202507736535
0.00133169983749
0.000818329130897
0.000470319814483
0.000253061789629
0.000127609966704
6.03741163659e-05
2.68305790295e-05
1.12135634974e-05
4.41290309954e-06
1.63723208291e-06
5.7334422467e-07
1.89593343586e-07
5.86771399846e-08
1.48690980095e-08
3.16367326164e-08
1.24610210806e-07
4.02305082334e-07
1.21569825202e-06
3.46907322637e-06
9.34406340997e-06
2.37289830407e-05
5.67421957368e-05
0.000127609966704
0.000269583805489
0.000534354442755
0.00099267839805
0.00172653378205
0.0028086977911
0.00426984551319
0.00606112787735
0.00802849246113
0.00991771914423
0.0114209338552
0.0122568289973
0.0122568289973
0.0114209338552
0.00991771914423
0.00802849246113
0.00606112787735
0.00426984551319
0.0028086977911
0.00172653378205
0.00099267839805
0.000534354442755
0.000269583805489
0.000127609966704
5.67421957368e-05
2.37289830407e-05
9.34406340997e-06
3.46907322637e-06
1.21569825202e-06
4.02305082334e-07
1.24610210806e-07
3.16367326164e-08
6.30828738306e-08
2.48178693637e-07
8.00676339589e-07
2.41786666357e-06
6.89505815508e-06
1.85606054273e-05
4.71066269586e-05
0.000112582454666
0.000253061789629
0.000534354442755
0.00105870620628
0.00196599444453
0.00341817451968
0.00555888659299
0.00844845401349
0.0119900175201
0.0158789213038
0.0196127738813
0.0225833759228
0.0242351300742
0.0242351300742
0.0225833759228
0.0196127738813
0.0158789213038
0.0119900175201
0.00844845401349
0.00555888659299
0.00341817451968
0.00196599444453
0.00105870620628
0.000534354442755
0.000253061789629
0.000112582454666
4.71066269586e-05
1.85606054273e-05
6.89505815508e-06
2.41786666357e-06
8.00676339589e-07
2.48178693637e-07
6.30828738306e-08
1.17765565413e-07
4.63038124627e-07
1.4929324477e-06
4.50555511234e-06
1.28409625065e-05
3.45468234022e-05
8.76329864722e-05
0.000209333978833
0.000470319814483
0.00099267839805
0.00196599444453
0.00364949262706
0.00634313495535
0.0103127288755
0.0156695322204
0.0222335536241
0.0294400070916
0.036358135291
0.0418615316722
0.0449214130509
0.0449214130509
0.0418615316722
0.036358135291
0.0294400070916
0.0222335536241
0.0156695322204
0.0103127288755
0.00634313495535
0.00364949262706
0.00196599444453
0.00099267839805
0.000470319814483
0.000209333978833
8.76329864722e-05
3.45468234022e-05
1.28409625065e-05
4.50555511234e-06
1.4929324477e-06
4.63038124627e-07
1.17765565413e-07
2.05642632909e-07
8.08449029531e-07
2.6052211733e-06
7.85803175159e-06
2.23837687958e-05
6.01901206208e-05
0.000152608272675
0.000364381170807
0.000818329130897
0.00172653378205
0.00341817451968
0.00634313495535
0.0110217206854
0.0179146317086
0.0272141227583
0.038607058126
0.0511129584341
0.0631169453655
0.0726652711458
0.0779738305806
0.0779738305806
0.0726652711458
0.0631169453655
0.0511129584341
0.038607058126
0.0272141227583
0.0179146317086
0.0110217206854
0.00634313495535
0.00341817451968
0.00172653378205
0.000818329130897
0.000364381170807
0.000152608272675
6.01901206208e-05
2.23837687958e-05
7.85803175159e-06
2.6052211733e-06
8.08449029531e-07
2.05642632909e-07
3.35603623054e-07
1.31961372993e-06
4.25052327306e-06
1.28144898571e-05
3.64853105256e-05
9.80657315595e-05
0.000248535173779
0.000593190709541
0.00133169983749
0.0028086977911
0.00555888659299
0.0103127288755
0.0179146317086
0.0291117490527
0.0442150463051
0.0627150039946
0.0830192237816
0.102506315999
0.118005650364
0.126622351473
0.126622351473
0.118005650364
0.102506315999
0.0830192237816
0.0627150039946
0.0442150463051
0.0291117490527
0.0179146317086
0.0103127288755
0.00555888659299
0.0028086977911
0.00133169983749
0.000593190709541
0.000248535173779
9.80657315594e-05
3.64853105256e-05
1.28144898571e-05
4.25052327306e-06
1.31961372993e-06
3.35603623054e-07
5.1147295998e-07
2.01192510301e-06
6.47804092806e-06
1.9521873888e-05
5.55601307181e-05
0.000149278086403
0.000378189341634
0.000902335025326
0.00202507736535
0.00426984551319
0.00844845401349
0.0156695322204
0.0272141227583
0.0442150463051
0.067142694727
0.0952223373396
0.12603662254
0.155607881867
0.179126131551
0.192200310858
0.192200310858
0.179126131551
0.155607881867
0.12603662254
0.0952223373396
0.067142694727
0.0442150463051
0.0272141227583
0.0156695322204
0.00844845401349
0.00426984551319
0.00202507736535
0.000902335025326
0.000378189341634
0.000149278086403
5.55601307181e-05
1.9521873888e-05
6.47804092806e-06
2.01192510301e-06
5.1147295998e-07
7.27448767386e-07
2.86288131932e-06
9.21514353445e-06
2.77605682818e-05
7.89811436784e-05
0.000212137121793
0.000537276627642
0.00128154075118
0.00287534750262
0.00606112787735
0.0119900175201
0.0222335536241
0.038607058126
0.0627150039946
0.0952223373396
0.135029140785
0.178708037871
0.220621478827
0.253953576047
0.272482770181
0.272482770181
0.253953576047
0.220621478827
0.178708037871
0.135029140785
0.0952223373396
0.0627150039946
0.038607058126
0.0222335536241
0.0119900175201
0.00606112787735
0.00287534750262
0.00128154075118
0.000537276627642
0.000212137121793
7.89811436784e-05
2.77605682818e-05
9.21514353445e-06
2.86288131932e-06
7.27448767386e-07
9.64958042923e-07
3.79949185257e-06
1.22270008955e-05
3.68234526008e-05
0.000104737361733
0.000281243615959
0.000712127644683
0.00169821455397
0.00380940624372
0.00802849246113
0.0158789213038
0.0294400070916
0.0511129584341
0.0830192237816
0.12603662254
0.178708037871
0.236497975369
0.291948399365
0.336043811268
0.360555587975
0.360555587975
0.336043811268
0.291948399365
0.236497975369
0.178708037871
0.12603662254
0.0830192237816
0.0511129584341
0.0294400070916
0.0158789213038
0.00802849246113
0.00380940624372
0.00169821455397
0.000712127644683
0.000281243615959
0.000104737361733
3.68234526008e-05
1.22270008955e-05
3.79949185257e-06
9.64958042923e-07
1.19324296786e-06
4.70040623873e-06
1.51235181339e-05
4.55371525947e-05
0.0001294953545
0.000347656803671
0.000880128337722
0.00209848367098
0.00470652261292
0.00991771914423
0.0196127738813
0.036358135291
0.0631169453655
0.102506315999
0.155607881867
0.220621478827
0.291948399365
0.360384345629
0.414804171992
0.445054432794
0.445054432794
0.414804171992
0.360384345629
0.291948399365
0.220621478827
0.155607881867
0.102506315999
0.0631169453655
0.036358135291
0.0196127738813
0.00991771914423
0.00470652261292
0.00209848367098
0.000880128337722
0.000347656803671
0.0001294953545
4.55371525947e-05
1.51235181339e-05
4.70040623873e-06
1.19324296786e-06
1.37499529418e-06
5.41809996661e-06
1.74306556871e-05
5.24765921694e-05
0.000149208845148
0.000400529599461
0.00101385644096
0.00241705106311
0.00542042650514
0.0114209338552
0.0225833759228
0.0418615316722
0.0726652711458
0.118005650364
0.179126131551
0.253953576047
0.336043811268
0.414804171992
0.477432396891
0.512244942202
0.512244942202
0.477432396891
0.414804171992
0.336043811268
0.253953576047
0.179126131551
0.118005650364
0.0726652711458
0.0418615316722
0.0225833759228
0.0114209338552
0.00542042650514
0.00241705106311
0.00101385644096
0.000400529599461
0.000149208845148
5.24765921694e-05
1.74306556871e-05
5.41809996661e-06
1.37499529418e-06
1.47609806257e-06
5.81747545704e-06
1.87144076869e-05
5.63374750172e-05
0.000160175683431
0.000429940477935
0.0010882368412
0.00259422491829
0.00581743794622
0.0122568289973
0.0242351300742
0.0449214130509
0.0779738305806
0.126622351473
0.192200310858
0.272482770181
0.360555587975
0.445054432794
0.512244942202
0.549593209235
0.549593209235
0.512244942202
0.445054432794
0.360555587975
0.272482770181
0.192200310858
0.126622351473
0.0779738305806
0.0449214130509
0.0242351300742
0.0122568289973
0.00581743794622
0.00259422491829
0.0010882368412
0.000429940477935
0.000160175683431
5.63374750172e-05
1.87144076869e-05
5.81747545704e-06
1.47609806257e-06
1.47609806257e-06
5.81747545704e-06
1.87144076869e-05
5.63374750172e-05
0.000160175683431
0.000429940477935
0.0010882368412
0.00259422491829
0.00581743794622
0.0122568289973
0.0242351300742
0.0449214130509
0.0779738305806
0.126622351473
0.192200310858
0.272482770181
0.360555587975
0.445054432794
0.512244942202
0.549593209235
0.549593209235
0.512244942202
0.445054432794
0.360555587975
0.272482770181
0.192200310858
0.126622351473
0.0779738305806
0.0449214130509
0.0242351300742
0.0122568289973
0.00581743794622
0.00259422491829
0.0010882368412
0.000429940477935
0.000160175683431
5.63374750172e-05
1.87144076869e-05
5.81747545704e-06
1.47609806257e-06
1.37499529418e-06
5.41809996661e-06
1.74306556871e-05
5.24765921694e-05
0.000149208845148
0.000400529599461
0.00101385644096
0.00241705106311
0.00542042650514
0.0114209338552
0.0225833759228
0.0418615316722
0.0726652711458
0.118005650364
0.179126131551
0.253953576047
0.336043811268
0.414804171992
0.477432396891
0.512244942202
0.512244942202
0.477432396891
0.414804171992
0.336043811268
0.253953576047
0.179126131551
0.118005650364
0.0726652711458
0.0418615316722
0.0225833759228
0.0114209338552
0.00542042650514
0.00241705106311
0.00101385644096
0.000400529599461
0.000149208845148
5.24765921694e-05
1.74306556871e-05
5.41809996661e-06
1.37499529418e-06
1.19324296786e-06
4.70040623873e-06
1.51235181339e-05
4.55371525947e-05
0.0001294953545
0.000347656803671
0.000880128337722
0.00209848367098
0.00470652261292
0.00991771914423
0.0196127738813
0.036358135291
0.0631169453655
0.102506315999
0.155607881867
0.220621478827
0.291948399365
0.360384345629
0.414804171992
0.445054432794
0.445054432794
0.414804171992
0.360384345629
0.291948399365
0.220621478827
0.155607881867
0.102506315999
0.0631169453655
0.036358135291
0.0196127738813
0.00991771914423
0.00470652261292
0.00209848367098
0.000880128337722
0.000347656803671
0.0001294953545
4.55371525947e-05
1.51235181339e-05
4.70040623873e-06
1.19324296786e-06
9.64958042923e-07
3.79949185257e-06
1.22270008955e-05
3.68234526008e-05
0.000104737361733
0.000281243615959
0.000712127644683
0.00169821455397
0.00380940624372
0.00802849246113
0.0158789213038
0.0294400070916
0.0511129584341
0.0830192237816
0.12603662254
0.178708037871
0.236497975369
0.291948399365
0.336043811268
0.360555587975
0.360555587975
0.336043811268
0.291948399365
0.236497975369
0.178708037871
0.12603662254
0.0830192237816
0.0511129584341
0.0294400070916
0.0158789213038
0.00802849246113
0.00380940624372
0.00169821455397
0.000712127644683
0.000281243615959
0.000104737361733
3.68234526008e-05
1.22270008955e-05
3.79949185257e-06
9.64958042923e-07
7.27448767386e-07
2.86288131932e-06
9.21514353445e-06
2.77605682818e-05
7.89811436784e-05
0.000212137121793
0.000537276627642
0.00128154075118
0.00287534750262
0.00606112787735
0.0119900175201
0.0222335536241
0.038607058126
0.0627150039946
0.0952223373396
0.135029140785
0.178708037871
0.220621478827
0.253953576047
0.272482770181
0.272482770181
0.253953576047
0.220621478827
0.178708037871
0.135029140785
0.0952223373396
0.0627150039946
0.038607058126
0.0222335536241
0.0119900175201
0.00606112787735
0.00287534750262
0.00128154075118
0.000537276627642
0.000212137121793
7.89811436784e-05
2.77605682818e-05
9.21514353445e-06
2.86288131932e-06
7.27448767386e-07
5.1147295998e-07
2.01192510301e-06
6.47804092806e-06
1.9521873888e-05
5.55601307181e-05
0.000149278086403
0.000378189341634
0.000902335025326
0.00202507736535
0.00426984551319
0.00844845401349
0.0156695322204
0.0272141227583
0.0442150463051
0.067142694727
0.0952223373396
0.12603662254
0.155607881867
0.179126131551
0.192200310858
0.192200310858
0.179126131551
0.155607881867
0.12603662254
0.0952223373396
0.067142694727
0.0442150463051
0.0272141227583
0.0156695322204
0.00844845401349
0.00426984551319
0.00202507736535
0.000902335025326
0.000378189341634
0.000149278086403
5.55601307181e-05
1.9521873888e-05
6.47804092806e-06
2.01192510301e-06
5.1147295998e-07
3.35603623054e-07
1.31961372993e-06
4.25052327306e-06
1.28144898571e-05
3.64853105256e-05
9.80657315594e-05
0.000248535173779
0.000593190709541
0.00133169983749
0.0028086977911
0.00555888659299
0.0103127288755
0.0179146317086
0.0291117490527
0.0442150463051
0.0627150039946
0.0830192237816
0.102506315999
0.118005650364
0.126622351473
0.126622351473
0.118005650364
0.102506315999
0.0830192237816
0.0627150039946
0.0442150463051
0.0291117490527
0.0179146317086
0.0103127288755
0.00555888659299
0.0028086977911
0.00133169983749
0.000593190709541
0.000248535173779
9.80657315594e-05
3.64853105256e-05
1.28144898571e-05
4.25052327306e-06
1.31961372993e-06
3.35603623054e-07
2.05642632909e-07
8.08449029531e-07
2.6052211733e-06
7.85803175159e-06
2.23837687958e-05
6.01901206208e-05
0.000152608272675
0.000364381170807
0.000818329130897
0.00172653378205
0.00341817451968
0.00634313495535
0.0110217206854
0.0179146317086
0.0272141227583
0.038607058126
0.0511129584341
0.0631169453655
0.0726652711458
0.0779738305806
0.0779738305806
0.0726652711458
0.0631169453655
0.0511129584341
0.038607058126
0.0272141227583
0.0179146317086
0.0110217206854
0.00634313495535
0.00341817451968
0.00172653378205
0.000818329130897
0.000364381170807
0.000152608272675
6.01901206208e-05
2.23837687958e-05
7.85803175159e-06
2.6052211733e-06
8.08449029531e-07
2.05642632909e-07
1.17765565413e-07
4.63038124627e-07
1.4929324477e-06
4.50555511234e-06
1.28409625065e-05
3.45468234022e-05
8.76329864722e-05
0.000209333978833
0.000470319814483
0.00099267839805
0.00196599444453
0.00364949262706
0.00634313495535
0.0103127288755
0.0156695322204
0.0222335536241
0.0294400070916
0.036358135291
0.0418615316722
0.0449214130509
0.0449214130509
0.0418615316722
0.036358135291
0.0294400070916
0.0222335536241
0.0156695322204
0.0103127288755
0.00634313495535
0.00364949262706
0.00196599444453
0.00099267839805
0.000470319814483
0.000209333978833
8.76329864722e-05
3.45468234022e-05
1.28409625065e-05
4.50555511234e-06
1.4929324477e-06
4.63038124627e-07
1.17765565413e-07
6.30828738306e-08
2.48178693637e-07
8.00676339589e-07
2.41786666357e-06
6.89505815508e-06
1.85606054273e-05
4.71066269586e-05
0.000112582454666
0.000253061789629
0.000534354442755
0.00105870620628
0.00196599444453
0.00341817451968
0.00555888659299
0.00844845401349
0.0119900175201
0.0158789213038
0.0196127738813
0.0225833759228
0.0242351300742
0.0242351300742
0.0225833759228
0.0196127738813
0.0158789213038
0.0119900175201
0.00844845401349
0.00555888659299
0.00341817451968
0.00196599444453
0.00105870620628
0.000534354442755
0.000253061789629
0.000112582454666
4.71066269586e-05
1.85606054273e-05
6.89505815508e-06
2.41786666357e-06
8.00676339589e-07
2.48178693637e-07
6.30828738306e-08
3.16367326164e-08
1.24610210806e-07
4.02305082334e-07
1.21569825202e-06
3.46907322637e-06
9.34406340997e-06
2.37289830407e-05
5.67421957368e-05
0.000127609966704
0.000269583805489
0.000534354442755
0.00099267839805
0.00172653378205
0.0028086977911
0.00426984551319
0.00606112787735
0.00802849246113
0.00991771914423
0.0114209338552
0.0122568289973
0.0122568289973
0.0114209338552
0.00991771914423
0.00802849246113
0.00606112787735
0.00426984551319
0.0028086977911
0.00172653378205
0.00099267839805
0.000534354442755
0.000269583805489
0.000127609966704
5.67421957368e-05
2.37289830407e-05
9.34406340997e-06
3.46907322637e-06
1.21569825202e-06
4.02305082334e-07
1.24610210806e-07
3.16367326164e-08
1.48690980095e-08
5.86771399846e-08
1.89593343586e-07
5.7334422467e-07
1.63723208291e-06
4.41290309954e-06
1.12135634974e-05
2.68305790295e-05
6.03741163659e-05
0.000127609966704
0.000253061789629
0.000470319814483
0.000818329130897
0.00133169983749
0.00202507736535
0.00287534750262
0.00380940624372
0.00470652261292
0.00542042650514
0.00581743794622
0.00581743794622
0.00542042650514
0.00470652261292
0.00380940624372
0.00287534750262
0.00202507736535
0.00133169983749
0.000818329130897
0.000470319814483
0.000253061789629
0.000127609966704
6.03741163659e-05
2.68305790295e-05
1.12135634974e-05
4.41290309954e-06
1.63723208291e-06
5.7334422467e-07
1.89593343586e-07
5.86771399846e-08
1.48690980095e-08
6.55603171239e-09
2.59428111317e-08
8.39012902098e-08
2.53927446657e-07
7.25664473299e-07
1.95733353665e-06
4.97716147446e-06
1.19164787452e-05
2.68305790295e-05
5.67421957368e-05
0.000112582454666
0.000209333978833
0.000364381170807
0.000593190709541
0.000902335025326
0.00128154075118
0.00169821455397
0.00209848367098
0.00241705106311
0.00259422491829
0.00259422491829
0.00241705106311
0.00209848367098
0.00169821455397
0.00128154075118
0.000902335025326
0.000593190709541
0.000364381170807
0.000209333978833
0.000112582454666
5.67421957368e-05
2.68305790295e-05
1.19164787452e-05
4.97716147446e-06
1.95733353665e-06
7.25664473299e-07
2.53927446657e-07
8.39012902098e-08
2.59428111317e-08
6.55603171239e-09
2.71478171264e-09
1.07825503317e-08
3.49074092326e-08
1.05738513023e-07
3.02422664216e-07
8.16357506707e-07
2.07737999858e-06
4.97716147446e-06
1.12135634974e-05
2.37289830407e-05
4.71066269586e-05
8.76329864722e-05
0.000152608272675
0.000248535173779
0.000378189341634
0.000537276627642
0.000712127644683
0.000880128337722
0.00101385644096
0.0010882368412
0.0010882368412
0.00101385644096
0.000880128337722
0.000712127644683
0.000537276627642
0.000378189341634
0.000248535173779
0.000152608272675
8.76329864722e-05
4.71066269586e-05
2.37289830407e-05
1.12135634974e-05
4.97716147446e-06
2.07737999858e-06
8.16357506707e-07
3.02422664216e-07
1.05738513023e-07
3.49074092326e-08
1.07825503317e-08
2.71478171264e-09
1.05697082311e-09
4.21811264278e-09
1.36712132422e-08
4.1449800739e-08
1.18653685011e-07
3.2055744127e-07
8.16357506707e-07
1.95733353665e-06
4.41290309954e-06
9.34406340997e-06
1.85606054273e-05
3.45468234022e-05
6.01901206208e-05
9.80657315595e-05
0.000149278086403
0.000212137121793
0.000281243615959
0.000347656803671
0.000400529599461
0.000429940477935
0.000429940477935
0.000400529599461
0.000347656803671
0.000281243615959
0.000212137121793
0.000149278086403
9.80657315595e-05
6.01901206208e-05
3.45468234022e-05
1.85606054273e-05
9.34406340997e-06
4.41290309954e-06
1.95733353665e-06
8.16357506707e-07
3.2055744127e-07
1.18653685011e-07
4.1449800739e-08
1.36712132422e-08
4.21811264278e-09
1.05697082311e-09
3.87385050822e-10
1.55506658645e-09
5.04637098179e-09
1.53150661325e-08
4.38810757213e-08
1.18653685011e-07
3.02422664216e-07
7.25664473299e-07
1.63723208291e-06
3.46907322637e-06
6.89505815508e-06
1.28409625065e-05
2.23837687958e-05
3.64853105256e-05
5.55601307181e-05
7.89811436784e-05
0.000104737361733
0.0001294953545
0.000149208845148
0.000160175683431
0.000160175683431
0.000149208845148
0.0001294953545
0.000104737361733
7.89811436784e-05
5.55601307181e-05
3.64853105256e-05
2.23837687958e-05
1.28409625065e-05
6.89505815508e-06
3.46907322637e-06
1.63723208291e-06
7.25664473299e-07
3.02422664216e-07
1.18653685011e-07
4.38810757213e-08
1.53150661325e-08
5.04637098179e-09
1.55506658645e-09
3.87385050822e-10
1.33810205266e-10
5.40918373871e-10
1.7577262156e-09
5.33997661334e-09
1.53150661325e-08
4.1449800739e-08
1.05738513023e-07
2.53927446657e-07
5.7334422467e-07
1.21569825202e-06
2.41786666357e-06
4.50555511234e-06
7.85803175159e-06
1.28144898571e-05
1.9521873888e-05
2.77605682818e-05
3.68234526008e-05
4.55371525947e-05
5.24765921694e-05
5.63374750172e-05
5.63374750172e-05
5.24765921694e-05
4.55371525947e-05
3.68234526008e-05
2.77605682818e-05
1.9521873888e-05
1.28144898571e-05
7.85803175159e-06
4.50555511234e-06
2.41786666357e-06
1.21569825202e-06
5.7334422467e-07
2.53927446657e-07
1.05738513023e-07
4.1449800739e-08
1.53150661325e-08
5.33997661334e-09
1.7577262156e-09
5.40918373871e-10
1.33810205266e-10
4.35824788942e-11
1.77591897129e-10
5.77941420001e-10
1.7577262156e-09
5.04637098179e-09
1.36712132422e-08
3.49074092326e-08
8.39012902098e-08
1.89593343586e-07
4.02305082334e-07
8.00676339589e-07
1.4929324477e-06
2.6052211733e-06
4.25052327306e-06
6.47804092806e-06
9.21514353445e-06
1.22270008955e-05
1.51235181339e-05
1.74306556871e-05
1.87144076869e-05
1.87144076869e-05
1.74306556871e-05
1.51235181339e-05
1.22270008955e-05
9.21514353445e-06
6.47804092806e-06
4.25052327306e-06
2.6052211733e-06
1.4929324477e-06
8.00676339589e-07
4.02305082334e-07
1.89593343586e-07
8.39012902098e-08
3.49074092326e-08
1.36712132422e-08
5.04637098179e-09
1.7577262156e-09
5.77941420001e-10
1.77591897129e-10
4.35824788942e-11
1.32618881193e-11
5.44702260541e-11
1.77591897129e-10
5.40918373871e-10
1.55506658645e-09
4.21811264278e-09
1.07825503317e-08
2.59428111317e-08
5.86771399846e-08
1.24610210806e-07
2.48178693637e-07
4.63038124627e-07
8.08449029531e-07
1.31961372993e-06
2.01192510301e-06
2.86288131932e-06
3.79949185257e-06
4.70040623873e-06
5.41809996661e-06
5.81747545704e-06
5.81747545704e-06
5.41809996661e-06
4.70040623873e-06
3.79949185257e-06
2.86288131932e-06
2.01192510301e-06
1.31961372993e-06
8.08449029531e-07
4.63038124627e-07
2.48178693637e-07
1.24610210806e-07
5.86771399846e-08
2.59428111317e-08
1.07825503317e-08
4.21811264278e-09
1.55506658645e-09
5.40918373871e-10
1.77591897129e-10
5.44702260541e-11
1.32618881193e-11
3.24372125169e-12
1.32618881193e-11
4.35824788942e-11
1.33810205266e-10
3.87385050822e-10
1.05697082311e-09
2.71478171264e-09
6.55603171239e-09
1.48690980095e-08
3.16367326164e-08
6.30828738306e-08
1.17765565413e-07
2.05642632909e-07
3.35603623054e-07
5.1147295998e-07
7.27448767386e-07
9.64958042923e-07
1.19324296786e-06
1.37499529418e-06
1.47609806257e-06
1.47609806257e-06
1.37499529418e-06
1.19324296786e-06
9.64958042923e-07
7.27448767386e-07
5.1147295998e-07
3.35603623054e-07
2.05642632909e-07
1.17765565413e-07
6.30828738306e-08
3.16367326164e-08
1.48690980095e-08
6.55603171239e-09
2.71478171264e-09
1.05697082311e-09
3.87385050822e-10
1.33810205266e-10
4.35824788942e-11
1.32618881193e-11
3.24372125169e-12
)
;

boundaryField
{
    xMin
    {
        type            codedFixedValue;
        value           nonuniform List<scalar> 
40
(
9.52391167966e-13
3.56322134029e-12
1.24368645109e-11
4.04967029492e-11
1.23018121434e-10
3.48625520835e-10
9.21700710758e-10
2.2733239621e-09
5.23086362897e-09
1.12286133424e-08
2.24863785386e-08
4.20100858021e-08
7.32197565778e-08
1.19053907444e-07
1.80592490799e-07
2.55562061718e-07
3.37391190878e-07
4.15538967405e-07
4.77452788679e-07
5.11787616573e-07
5.11787616573e-07
4.77452788679e-07
4.15538967405e-07
3.37391190878e-07
2.55562061718e-07
1.80592490799e-07
1.19053907444e-07
7.32197565778e-08
4.20100858021e-08
2.24863785386e-08
1.12286133424e-08
5.23086362897e-09
2.2733239621e-09
9.21700710758e-10
3.48625520835e-10
1.23018121434e-10
4.04967029492e-11
1.24368645109e-11
3.56322134029e-12
9.52391167966e-13
)
;
        name            xMinGaussianDirichlet;
        code            #{ 
            const scalar t = this->db().time().value();
            const scalar denom = 1.0 + 4.0*t;
            const scalar invDenom = 1.0/denom;
            const scalar mu = 1;
            const vectorField& Cf = patch().Cf();
            scalarField values(patch().size(), 0.0);
            forAll(Cf, i)
            {
                const scalar x = Cf[i].x();
                const scalar y = Cf[i].y();
                values[i] = invDenom*exp(-mu*(x*x + y*y)*invDenom);
            }
            operator==(values);
        #};
    }
    xMax
    {
        type            codedFixedValue;
        value           nonuniform List<scalar> 
40
(
9.52391167966e-13
3.56322134029e-12
1.24368645109e-11
4.04967029492e-11
1.23018121434e-10
3.48625520835e-10
9.21700710758e-10
2.2733239621e-09
5.23086362897e-09
1.12286133424e-08
2.24863785386e-08
4.20100858021e-08
7.32197565778e-08
1.19053907444e-07
1.80592490799e-07
2.55562061718e-07
3.37391190878e-07
4.15538967405e-07
4.77452788679e-07
5.11787616573e-07
5.11787616573e-07
4.77452788679e-07
4.15538967405e-07
3.37391190878e-07
2.55562061718e-07
1.80592490799e-07
1.19053907444e-07
7.32197565778e-08
4.20100858021e-08
2.24863785386e-08
1.12286133424e-08
5.23086362897e-09
2.2733239621e-09
9.21700710758e-10
3.48625520835e-10
1.23018121434e-10
4.04967029492e-11
1.24368645109e-11
3.56322134029e-12
9.52391167966e-13
)
;
        name            xMaxGaussianDirichlet;
        code            #{ 
            const scalar t = this->db().time().value();
            const scalar denom = 1.0 + 4.0*t;
            const scalar invDenom = 1.0/denom;
            const scalar mu = 1;
            const vectorField& Cf = patch().Cf();
            scalarField values(patch().size(), 0.0);
            forAll(Cf, i)
            {
                const scalar x = Cf[i].x();
                const scalar y = Cf[i].y();
                values[i] = invDenom*exp(-mu*(x*x + y*y)*invDenom);
            }
            operator==(values);
        #};
    }
    yMin
    {
        type            codedFixedValue;
        value           nonuniform List<scalar> 
40
(
9.52391167966e-13
3.56322134029e-12
1.24368645109e-11
4.04967029492e-11
1.23018121434e-10
3.48625520835e-10
9.21700710758e-10
2.2733239621e-09
5.23086362897e-09
1.12286133424e-08
2.24863785386e-08
4.20100858021e-08
7.32197565778e-08
1.19053907444e-07
1.80592490799e-07
2.55562061718e-07
3.37391190878e-07
4.15538967405e-07
4.77452788679e-07
5.11787616573e-07
5.11787616573e-07
4.77452788679e-07
4.15538967405e-07
3.37391190878e-07
2.55562061718e-07
1.80592490799e-07
1.19053907444e-07
7.32197565778e-08
4.20100858021e-08
2.24863785386e-08
1.12286133424e-08
5.23086362897e-09
2.2733239621e-09
9.21700710758e-10
3.48625520835e-10
1.23018121434e-10
4.04967029492e-11
1.24368645109e-11
3.56322134029e-12
9.52391167966e-13
)
;
        name            yMinGaussianDirichlet;
        code            #{ 
            const scalar t = this->db().time().value();
            const scalar denom = 1.0 + 4.0*t;
            const scalar invDenom = 1.0/denom;
            const scalar mu = 1;
            const vectorField& Cf = patch().Cf();
            scalarField values(patch().size(), 0.0);
            forAll(Cf, i)
            {
                const scalar x = Cf[i].x();
                const scalar y = Cf[i].y();
                values[i] = invDenom*exp(-mu*(x*x + y*y)*invDenom);
            }
            operator==(values);
        #};
    }
    yMax
    {
        type            codedFixedValue;
        value           nonuniform List<scalar> 
40
(
9.52391167966e-13
3.56322134029e-12
1.24368645109e-11
4.04967029492e-11
1.23018121434e-10
3.48625520835e-10
9.21700710758e-10
2.2733239621e-09
5.23086362897e-09
1.12286133424e-08
2.24863785386e-08
4.20100858021e-08
7.32197565778e-08
1.19053907444e-07
1.80592490799e-07
2.55562061718e-07
3.37391190878e-07
4.15538967405e-07
4.77452788679e-07
5.11787616573e-07
5.11787616573e-07
4.77452788679e-07
4.15538967405e-07
3.37391190878e-07
2.55562061718e-07
1.80592490799e-07
1.19053907444e-07
7.32197565778e-08
4.20100858021e-08
2.24863785386e-08
1.12286133424e-08
5.23086362897e-09
2.2733239621e-09
9.21700710758e-10
3.48625520835e-10
1.23018121434e-10
4.04967029492e-11
1.24368645109e-11
3.56322134029e-12
9.52391167966e-13
)
;
        name            yMaxGaussianDirichlet;
        code            #{ 
            const scalar t = this->db().time().value();
            const scalar denom = 1.0 + 4.0*t;
            const scalar invDenom = 1.0/denom;
            const scalar mu = 1;
            const vectorField& Cf = patch().Cf();
            scalarField values(patch().size(), 0.0);
            forAll(Cf, i)
            {
                const scalar x = Cf[i].x();
                const scalar y = Cf[i].y();
                values[i] = invDenom*exp(-mu*(x*x + y*y)*invDenom);
            }
            operator==(values);
        #};
    }
    zMin
    {
        type            empty;
    }
    zMax
    {
        type            empty;
    }
}


// ************************************************************************* //
