/*--------------------------------*- C++ -*----------------------------------*\
  =========                 |
  \\      /  F ield         | OpenFOAM: The Open Source CFD Toolbox
   \\    /   O peration     | Website:  https://openfoam.org
    \\  /    A nd           | Version:  14
     \\/     M anipulation  |
\*---------------------------------------------------------------------------*/
FoamFile
{
    format      ascii;
    class       volScalarField;
    location    "71.99999999998";
    object      p;
}
// * * * * * * * * * * * * * * * * * * * * * * * * * * * * * * * * * * * * * //

dimensions      [0 2 -2 0 0 0 0];

internalField   nonuniform List<scalar> 
2646
(
5.16916922067e-10
0.000175538521122
0.000361016421917
0.000638100599528
-0.000119268378054
0.016194552544
0.000973010975737
-0.0128666350059
-0.0073814612913
-0.0213000882515
-0.00314061608406
-0.0104387152609
-0.0301198250138
-0.0170324048445
-0.0201088859899
0.00751139027503
-0.000511224829019
-0.000207497971256
-0.00644711911738
-0.00306521698343
-0.00264186737495
-0.00114834326196
-0.00211976150871
-0.00425558795142
0.00975910229305
0.00342415420507
-0.00925056982233
-0.00829713903105
-0.0161782955311
-0.00465838387817
-0.00241251329446
-0.000578249743723
0.000501680166221
0.00694261315458
0.0106087510613
0.00107958768464
-0.0104307186042
-0.0194335816591
-0.0336525969439
0.00102657194339
0.0140898785262
0.00867794250945
0.00697715092182
0.00661127913358
0.00736888634229
0.00711121066076
0.00762930385075
-0.00557259289498
0.00344991330151
-0.00197180901231
-0.0138372426407
-0.0197666511726
-0.0217436821852
-0.0210012082352
-3.83735383183e-05
0.00159122296869
-0.0114600588364
-0.0305267488686
-0.0304094429497
-0.0257921508348
-0.0159506790874
-0.00462834909406
-0.0321916345917
0.00124495916313
-0.0207679482115
0.00235599163931
-0.0070577084742
0.00162014270537
-0.00426752104021
-0.00249425405041
-0.0117834119132
-0.000103117662515
-0.00356468114216
0.00170640007778
-0.0054849339913
-0.0253136532273
0.00045190614226
0.00128761716802
0.00458748044904
-0.00404445461636
0.00115662231893
-0.00335491101874
-0.0206472935574
-0.0213001881975
-0.00736337287609
-0.00773719802457
-0.00289612134922
0.00840049011912
-0.0338347664587
-0.0264151885159
-0.0596832585963
-0.000773671682792
-0.0562794970374
-0.0548961753521
-0.0594804234003
-0.0392102528055
-0.0264542081881
-0.0577800652505
-0.00122669158842
-0.0453134340217
-0.00284099577118
-0.0416867807293
0.00284868139133
-0.0416442703229
-0.0685825493874
-0.0403516935377
0.013554717732
-0.0516378018494
-0.0104881524735
-0.041084293843
-0.0248917475623
-0.00367061831877
0.00680303467516
0.00726903285634
0.0145363289242
0.0081611395572
-0.0194829548372
-0.0519275093779
-0.0608896973195
-0.0366065472816
-0.00698290833484
-0.0339286241373
-0.0158668844869
-0.00342662631058
-0.0171431043789
-0.000979429008079
0.000103445150788
0.025349293592
-0.0334179821762
0.00351118025856
-0.0534112826269
-0.0369163781337
-0.0568756079474
-0.0637502229535
-0.0287227985885
0.00486887377707
0.000238155789621
-0.0500316854793
-0.0413684215701
-0.0485438420929
-0.0591212224053
-0.0441350157637
-0.0238231429984
-0.0575981184346
-0.00374380925096
-0.0492096823444
0.00706601637146
-0.0608230459231
0.017590335407
-0.0476987491697
-0.0235113246283
-0.0663770680228
-0.00684908207513
-0.0208743166067
-0.011242975369
-5.59713758396e-05
-0.0362642881809
0.000990403959749
-0.0133456450835
0.0155404997341
0.0546920671243
0.00717820013039
-0.0197881272734
-0.0683731493402
-0.0512413789439
-0.0376569061467
-0.0271198970962
0.227976851434
0.0616415298897
0.0680966445428
0.0530243699184
0.0561195883166
-0.0226081149938
-0.0272329451279
-0.0003403061279
-0.00199265240861
-0.00841175650281
-0.0139577065038
0.000467290645141
-0.000261091675639
-0.0181375127057
-0.000158551033753
-0.0140586308508
-0.00826948017589
0.00503147407125
0.000272249858042
0.0100906649879
0.00747422974346
-0.0315757368943
-0.0213693497418
-0.00227355569568
-0.000775372352287
-0.0176095356274
-0.0177434230684
0.000108537058323
0.000781671921242
-0.00200907160093
-0.0105205422021
-0.00959359300525
-0.0210140402372
-0.00820463144054
0.00348402267638
0.00436772471296
0.00473973365002
-0.0326192739395
-0.00987242489309
-0.000415627482053
-0.0621430733732
-0.000160277454227
0.0032373955101
0.00715903355469
-0.0684188218642
-0.0439432344314
-0.0624829210786
-0.0660252494623
-0.0293694525806
-0.00026152095724
-0.00203406161631
-0.00659128519944
-0.0545075988016
-0.058743887296
-0.0386577003532
-0.0254186528755
-0.0405923723102
-0.0346544118233
-0.0108866803254
-0.00678777424306
-0.0161835266943
-0.00416414583821
-0.0404290762294
-0.0321152365095
-0.0201311390156
-0.0694943715305
-0.0392694197426
-0.00145053769111
-0.0103631617165
-0.0437549565673
-0.0170124137925
-0.0113774731452
-0.070704973392
-0.00794830916507
-0.0613237784268
-0.0703755023368
-0.00444816018034
-0.00293555771297
-0.0525342011329
-0.0501772879775
-0.0226816198786
-0.0241732025851
-0.0614962428491
-0.0615380462652
-0.0551827181023
-0.0761184214364
-0.0699848762895
-0.0528288503825
-0.0526938049084
-0.0441002408506
-0.042641712685
-0.0689071377588
-0.0141361096995
-0.0134080235912
0.00040976134984
-0.0741203923376
-0.0729826434804
-0.056784498268
-0.048488437291
-0.0505029282522
-0.0694575937113
-0.0540580873704
-0.0749978846081
-0.0682232732513
-0.0596322741442
-0.0273059697195
0.000679825073213
-0.00882358183614
-0.0451121178877
-0.0667366820447
-0.0640638932148
-0.0260791840404
-0.00189404477789
-0.0375829021378
-0.0616564201922
-0.0342876763078
-0.0667410038041
-0.0395297741794
-0.0205404014355
-0.0158914122736
-0.0136852157455
-0.011134347772
-0.0296586597368
-0.0627277730361
-0.0394302646898
-0.043308218083
-0.0180192932956
-0.0423617596748
-0.0126058216273
-0.0329668502031
-0.0497364114723
-0.015201691196
-0.0663781128861
-0.0330493461595
0.000147057498177
0.00660943499729
-0.00518941916447
-0.00114495223869
-0.0342732305175
-0.0351920461062
0.00177639334253
-0.00036290398588
-0.00490425478893
-0.0390345824375
-0.0111819004412
-0.0268647795512
-0.0663774555778
-0.0376268934604
-0.0354465959962
-0.0181815970809
-0.0349277242648
-0.0168965608608
-0.0342040242354
-0.016229197142
-0.0173420759633
-0.0496339104016
-0.0417950728315
-0.0257031295241
-0.00105531720939
-0.0025116467195
0.00105593260546
-0.0548896546377
-0.0645743670232
-0.0689899112618
-0.0719890518778
-0.0290543480763
-0.0578130066363
-0.00963356651825
-0.0641397912531
-0.00764368095737
-0.0114793349243
-0.00636331343021
-0.0674307873914
-0.0908108975541
-0.0966517681182
-0.100930488327
-0.0237947567274
-0.0621089921253
-0.103716813321
-0.032319379859
-0.0609692048781
-0.0985280858346
-0.0104941635847
-0.0776780352621
-0.0663256023324
-0.0451819607373
-0.105083754869
-0.0489141523258
-0.0970784178887
-0.0955017416657
-0.101123222359
-0.105090663569
-0.101996880781
-0.0976029615981
-0.0983599446287
-0.0353822565149
-0.0325334228153
-0.0366285871686
-0.0980380370634
-0.0898401951807
-0.0659320812013
-0.0663691273819
-0.0464931694315
-0.0415219274865
-0.0960013131805
-0.0376278737359
-0.0409380446365
-0.0619031571572
-0.100569166166
-0.093353165076
-0.0587640972608
-0.0671353550182
-0.0917250815709
-0.101241581011
-0.057290444313
-0.0571996212528
-0.100988167614
-0.0932663723411
-0.0694436339089
-0.067286526097
-0.10240526218
-0.0383934046351
-0.0624836574139
-0.102088835453
0.00711265646851
-0.103629451168
-0.0413979292395
-0.0655008728575
-0.0283270749756
-0.0794161691503
-0.0419027666258
-0.0921458545116
-0.0889464953166
-0.100636423824
-0.0766758494315
-0.101264734272
-0.0483293319101
-0.0993833141244
-0.0916996185454
-0.0972038495995
-0.0896520908261
0.00373907953109
-0.105257864056
-0.103392618587
-0.10070082499
-0.100869196218
0.00366794050388
-0.0970788415384
-0.100674305277
-0.0339842914878
-0.101573461045
-0.101176393681
-0.0462768472246
-0.0370679333423
-0.0592996445331
-0.00518587287515
-0.0404921687334
-0.0992403004198
-0.102261085557
-0.0373933815499
-0.0990093390076
-0.103163165103
-0.0227740726469
-0.0975838527539
-0.0834159289133
-0.0339601121612
-0.0334147276
-0.0362374159619
-0.0602240138524
-0.065154562374
-0.0992529020846
-0.0964101323249
-0.0361874035423
-0.0395861380772
-0.00650477439512
-0.0165469088432
-0.0981576986987
-0.00290690152082
-0.093395101839
-0.000614122766671
-0.0325269544323
-0.0989103928412
-0.0324176626742
-0.100365716717
-0.0305766152575
-0.092141241229
-0.00207020494465
-0.092606596504
-0.0973314874789
-0.0936779479256
0.00777196735427
-0.100865726711
-0.100242381691
-0.100954899976
-0.0114228617221
-0.0895965742131
-0.0984342573776
-0.10273040933
-0.0925345162919
-0.095730804017
-0.00171774479801
-0.0966690897713
-0.0660932813998
-0.101036837872
-0.0194970684193
-0.0258262567495
-0.0276583147813
-0.064130674913
-0.0368835178242
-0.0725787644595
-0.0823503588711
-0.092449443186
-0.078462007461
-0.0366496087904
-0.0642948022316
-0.0639126697427
-0.105512309226
-0.0434882870512
-0.0356261939631
-0.0466740250184
-0.0438475835706
-0.0798184622217
-0.0532975306665
-0.0767465535843
-0.0505918319932
-0.0585683857108
-0.0529295383999
-0.0957659947409
-0.0573624400225
-0.0592859363749
-0.0582440597432
-0.0484344651376
-0.0613093299114
-0.0223160273606
-0.0371939205462
-0.032413128231
-0.0998421120525
-0.0694205589706
-0.0297110875227
-0.102459119187
-0.0367561537423
-0.0939378564838
-0.100363653933
-0.0873606879865
0.0106379987211
-0.0101807902434
-0.0736843538521
-0.0635101813089
-0.0330947841432
-0.065818000556
-0.049003012348
-0.0427983189093
-0.0412705192437
-0.018460701241
-0.0302922332221
-0.100725532714
-0.086634146949
-0.100398266117
-0.101804022545
0.00314832239882
-0.0999465982853
-0.0600335612184
-0.0572201331052
-0.0985311629452
-0.0553251063553
-0.0945477016758
-0.00380250770642
-0.079883313745
-0.0893194047946
-0.0995027193618
-0.0848097459842
-0.0924786184465
-0.0286168452811
-0.0930216558515
-0.00776579566181
-0.00958994517446
-0.102731241519
-0.0911168846732
-0.101565302074
-0.102505219823
-0.0429262196915
-0.0668821344167
-0.0130191332229
-0.099654099911
-0.0297946396413
-0.0997505630072
-0.0955026852299
-0.0603304988936
-0.0676669697194
-0.0652560316305
-0.000321349952648
-0.0983965445217
-0.0984724580258
-0.056529195058
-0.0943225460689
-0.0988596146854
-0.0703553607202
0.00573164785914
-0.0704228500687
-0.033716851216
-0.102221057085
-0.086829077621
-0.0615017731544
-0.0618232555031
-0.0895061572182
-0.0672380279479
-0.0907684880085
-0.034263595655
-0.0347432485183
-0.0654080803168
-0.00225120331709
-0.0833660790227
-0.0358939818616
-0.0285939436367
-0.0711073200579
-0.0969626997482
-0.0858535193291
-0.0682049245185
-0.0791431269845
-0.00983818858694
-0.0903972427826
-0.0442864438277
-0.00747715699637
-0.0638604891708
-0.0892414848635
-0.0365930957594
-0.0762354604572
-0.092569142452
-0.00938789522949
0.00259717147245
-0.0139546766535
-0.0104822330339
-0.0230494469892
-0.0367684570914
-0.0134293694432
-0.104575326664
-0.0193049633151
-0.0479482490296
-0.102664434782
-0.00160593529175
-0.0905165625074
-0.0410769501574
-0.0672951707629
-0.0670869187179
-0.00864499309252
-0.032674435025
-0.0671337701658
-0.0938286788576
-0.0369643875008
-0.0440117734046
-0.0169440880661
-0.00638833120003
-0.023274262507
-0.0363550786731
-0.0346467254552
-0.0796143799228
-0.0441815700629
-0.0324595546662
-0.0615233103167
-0.00329941975945
-0.0542231134329
-0.0167517516465
-0.00786663691455
-0.0403001796674
-0.0193984785923
-0.0274760798815
-0.0429368456753
-0.059913667694
-0.0942939364577
-0.0850256627475
-0.0482207577656
-0.0318268330623
-0.0884819007463
-0.0532800247129
-0.082165909921
-0.0623316811492
-0.0490275888332
-0.0917488653491
-0.0907522809035
-0.00803532160902
-0.0547927941931
-0.0436325630729
-0.0567873933702
-0.00955445438138
-0.0808089906392
-0.0385626184278
-0.0818889225229
-0.0666811932617
-0.0317142071105
-0.100978078995
-0.0910861031496
-0.0911095672064
-0.00194040578844
-0.0383515913299
-0.0608705538838
-0.0908966122005
0.00144487102548
-0.00424486309758
-0.089480299111
-0.0433971102862
-0.0348610412355
-0.00635607288762
-0.0933973882513
-0.00225714328204
-0.0187062158995
-0.067408258121
-0.0662581326435
-0.0911538253413
-0.0720336230809
-0.0922678479437
-0.0885196177578
-0.0828082209871
-0.105521504598
-0.0901885409534
-0.000970800151153
-0.0999111869118
-0.0382025900008
-0.0757023320478
-0.0376222328296
-0.0469833280246
-0.0705673396542
-0.000281610316793
-0.0533314286624
-0.0862693564176
-0.034424973358
-0.0644213644254
-0.0666225715119
-0.0235721944117
-0.0148320425071
-0.069425429921
-0.020499072465
-0.00978262315199
-0.0522205874169
-0.0859493406037
-0.0176453592239
-0.0707119917818
-0.0611275450536
-0.0385899408178
-0.055583873151
-0.0542754829708
-0.0889433932294
-0.0386391826649
-0.0301676173962
-0.00306573823254
-0.0924804467621
-0.0864038518929
-0.0439345382597
-0.00448998079584
-0.0171631726182
-0.083502241296
-0.0439698511413
-0.0714255182036
-0.090057724268
-0.0204273615649
0.00956635591894
-0.0244562627527
-0.018188368073
-0.0757316120273
-0.000450895278482
0.00623828520209
-0.0225525825146
-0.0658081628224
-0.0284788251169
-0.0930421556785
-0.0906009170461
-0.0554727980031
-0.0724741994263
-0.0714414827887
-0.0634898867578
-0.0904869188163
-0.0880198389184
-0.0280936836791
-0.0261249799819
-0.0685556271509
-0.0367385334913
-0.0891356375889
-0.0906941716665
-0.00485862053594
-0.0274458812887
-0.0707135321564
-0.0277127332192
-0.0121026272305
-0.0890981223863
-0.0980346245294
-0.0887060023866
-0.0991626264722
-0.0710600537355
-0.0209791734843
-0.0234201531038
-0.00332565374817
-0.0748796143707
-0.0408647294924
-0.0670725144632
-0.0242150543384
-0.0548601804273
-0.00308287290919
-0.0898598458101
-0.060631267168
-0.072866647863
-0.0203832549723
-0.0846116321575
-0.0287252706449
-0.0737129463597
-0.0841367103175
-0.100833163058
-0.0428673825115
-0.0641753474882
-0.0628926336155
-0.0350640626273
-0.0828468726549
-0.0378870116727
-0.0661473933169
-0.0467988618483
-0.0698775641015
-0.0472239874533
-0.065261390753
-0.0826701856716
-0.101211390633
-0.0697916731574
-0.0821328073146
-0.0504256202315
-0.0850389499559
-0.104620780448
-0.0862643446854
-0.0334370653952
-0.064930184612
-0.0823940708188
-0.0199395352579
-0.0461098457426
-0.0670291535702
-0.0797946887103
-0.0829628322953
-0.0813994303203
-0.0852105435231
-0.0431626184437
-0.0580155544097
-0.088134101963
-0.0655236663008
-0.083827650159
-0.0479852060932
-0.068652905153
-0.0238186113529
-0.0598632616192
-0.0868187639642
-0.0759901245806
-0.0641827736264
-0.00318988621981
-0.0652423309883
-0.0860282420399
-0.0354169573754
-0.0296064436913
-0.0796280877589
-0.0629448700004
0.00747120718875
-0.0782012090779
-0.0890693623773
-0.0476332667479
-0.00549194448217
-0.00162715923329
-0.0937128578881
-0.07500409337
-0.0491956848883
-0.0813603921299
-0.0455806800897
-0.0537603680522
-0.101898539908
-0.0508643022587
-0.0602388449294
-0.0628993884392
-0.054676463245
-0.0795820494091
-0.078433174674
-0.0595048221409
-0.0733460424646
-0.0820776663635
-0.0922452168444
-0.0813565666632
-0.0841795877034
-0.0834325198391
-0.00015666082459
-0.00070319063429
-0.026121641503
-0.0619591120249
-0.0569664958381
-0.0633868750515
-0.0513142395121
-0.0716791219024
-0.0915465616821
-0.0936703394132
-0.0980129263196
-0.00263347294448
-0.0262859894165
-0.105076147518
-0.0224995214495
-0.0586785234217
-0.059603739768
-0.0753462267427
-0.0773155064928
-0.0753240050601
-0.0606287399094
-0.0997561302026
-0.0688263882402
-0.0296337625161
-0.000836447941682
-0.0187784501749
-0.0934494594783
-0.0813366319231
-0.0407666302274
-0.0693431149363
-0.0674511155575
-0.0206145365358
-0.0790364773084
-0.0600952238058
-0.0846924271006
-0.0870723722903
-0.00643406382825
-0.0040600086168
-0.00948480944529
-0.053921183734
-0.0925682633111
-0.0576518367867
-0.0585702694033
-0.0706455523821
-0.0804175454445
-0.0577345136425
-0.0835849367023
-0.0719802033225
-0.0892200281104
-0.0792313769814
-0.015453774217
-0.0756427136187
-0.0585807576064
-0.0924217446775
-0.0739405220882
-0.0804028944214
-0.00025435755393
-0.0447389366026
-0.049217027744
-0.0958003627451
-0.063872584651
-0.0403197994114
-0.0569682268346
-0.086315975053
-0.0761319209555
-0.0512084576691
-0.10038033906
-0.074013990562
-0.00055952805046
-0.059676509463
-0.0875839989067
-0.0969011094467
-0.0403211528013
-0.0199486554078
-0.0600897418318
-0.0963146912013
-0.0256739480874
-0.0680110319017
-0.096593720147
-0.0742674135741
-0.0596789866346
-0.0440884503438
-0.0135196847532
-0.0349610046616
-0.0785723968876
-0.0851555924098
-0.0320909747508
-0.086433305749
-0.0801390625291
-0.0741119003374
-0.0266109592309
-0.0818697199771
-0.0100621824602
-0.0544487984415
-0.0513550477995
-0.0779765770922
-0.0870468063407
-0.0764940859557
-0.0875042221937
-0.0840665888746
-0.0821372152892
-0.0751941370549
-0.089040374013
-0.0823229922706
-0.0995723431515
-0.0574268370185
-0.00411101690225
-0.05063388456
-0.0527014516403
-0.0988593041495
-0.0499656192856
-0.0952876696612
-0.101808789455
-0.054672778666
-0.0864364169526
-0.0840179269881
-0.020883634469
-0.083615486159
-0.0967509970079
-0.0434748010905
-0.0927611117994
-0.0941258407701
-0.0823886228271
-0.0821666117189
-0.0810049020768
-0.0811944091155
-0.102750084102
-0.0120506674293
-0.105134508683
-0.0639842464328
-0.0706615703438
-0.0990731183109
-0.0495049669332
-0.0769911874832
-0.0961900414483
-0.0118402580806
-0.103219903177
-0.0155841036045
-0.042551401607
-0.0703003050572
-0.0968987724026
-0.0922508299834
-0.0651148284965
-0.0911924273597
-0.0766490242033
-0.075719733246
-0.0791852358858
-0.0487733011222
-0.0951974104825
-0.0786172484257
-0.0965927056619
-0.0508854157717
-0.0797832101778
-0.0956893757639
-0.0491391620639
-0.103414181734
-0.0956273780132
-0.0937668885359
-0.102302362159
-0.081850157087
-0.0329457219645
-0.0841085673594
-0.0889131127285
-0.0457455881973
-0.105081433153
-0.0720276095245
-0.0944728511453
-0.0788542995523
-0.00645447844242
-0.0768348809612
-0.0960360298585
-0.0867403587554
-0.0968292871429
-0.0738653625323
-0.0272570351548
-0.0685805648012
-0.0819978015629
-0.0506719724195
-0.0602884800746
-0.0795413344678
-0.0572806507643
-0.0948686741029
-0.055287720498
-0.0683806527091
-0.046471952093
0.00553625151865
-0.0902978065807
-0.0431049807233
-0.0532952372543
-0.100307599688
-0.0894803700003
-0.0949133105346
-0.0768870510036
-0.0786154980744
-0.0640570738107
-0.063883576001
-0.0732370837393
-0.0628608340058
-0.095604480515
-0.101183864867
-0.06440351967
-0.0576130756354
-0.0817145417186
-0.0877594059253
-0.0987524469111
-0.0886796631055
-0.0984102009061
-0.0751359313897
-0.0940728830611
-0.105112830238
-0.0794286611763
-0.0995639766434
-0.0976421990558
-0.0849613758059
-0.105347159109
-0.0970978841044
-0.0704133668038
-0.0216642113536
-0.0247535861365
-0.0912872153966
-0.068827917582
-0.0526556477287
-0.0991923972502
-0.0877723863605
-0.0709494180982
-0.0699736027422
-0.0489284816692
-0.0741213142898
-0.0773382339804
-0.0884539658908
-0.061573601049
-0.087356044194
-0.0956853702859
-0.071178857473
-0.0104600403714
-0.0966969478203
-0.0551684524315
-0.0616751406566
-0.0901417640097
-0.06661732839
-0.0640587997941
-0.0784879932781
-0.0968746133493
-0.0747369703108
-0.0947892326773
-0.0275986653267
-0.00450667003172
-0.0815329590157
-0.0979255906951
-0.0846558374995
-0.0532781306579
-0.0590795133299
-0.0434807617812
-0.0521921092361
-0.0418182599466
-0.0666116217346
-0.0331649379737
-0.0740859950299
-0.0317407672958
-0.0459435135916
-0.0964819709317
-0.0104467474262
-0.0868804312029
-0.0878420392551
-0.0529621515442
-0.099353905066
-0.0968409043963
-0.084097201157
-0.0520137125453
-0.0918704047533
-0.0843137984789
-0.078506420021
-0.0798361482395
-0.0181369988396
-0.0518640124675
-0.0850279904053
-0.0510254380543
-0.0420720633503
-0.0752155230966
-0.0997987783403
-0.0804780040443
-0.0537030209544
-0.063416753091
-0.0801999138884
-0.0988369149349
-0.097865731146
-0.0934536646693
-0.0953070902666
-0.0851353426687
-0.0766614931338
-0.0817804000709
-0.0453955344882
-0.0969666471182
-0.0631841151737
-0.0829653198219
-0.0923442202851
-0.101121041391
-0.0901473991459
-0.0658333564939
-0.0258458275512
-0.0885199795338
-0.0484377332277
-0.0782616403451
-0.0571869520872
-0.0924799811081
-0.0321568744812
-0.0275240015047
-0.0384760359405
-0.101549786963
-0.0440788637565
-0.0440888953287
-0.0658355341636
-0.0158248146186
-0.0167180532615
-0.032393225836
-0.0565757762156
-0.088567753845
-0.083437057845
-0.0519820375508
-0.081105793816
-0.0748386012403
-0.101107568886
-0.0121779024403
-0.0617843886124
-0.0604706868199
-0.0728309818392
-0.070249048816
-0.0908490029715
-0.101754353904
-0.0530998880629
-0.0243666533474
-0.0345529198005
-0.0765094427521
-0.0907403723024
-0.0781173682411
-0.0856699204871
-0.0873872460372
-0.0838543225625
-0.0552826619537
-0.0150360096524
-0.00669436839343
-0.0473643036354
-0.0952536779095
-0.0545913741705
-0.0935291694655
-0.0241825626055
-0.0143719991574
-0.0315359113468
-0.0870933748674
-0.0836610128493
-0.0541805876653
-0.0482561887984
-0.0712994383675
-0.076580853412
-0.0749026543277
-0.104459615671
-0.0371891980962
-0.0827924389123
-0.0401849530552
-0.0985156872209
-0.0509936254293
-0.084751914202
-0.0715038248273
-0.0670226130432
-0.0644778061951
-0.0736668625097
-0.0800130349189
-0.0844706358486
-0.104390403804
0.000151100572828
-0.0857110953264
-0.0846079601828
-0.0692713361397
-0.102369965703
-0.0453560951158
-0.0984814324889
-0.0365598612628
-0.0617932893867
-0.0991385516309
-0.0165370828115
-0.0852648393078
-0.0861019177216
-0.0682081793173
-0.0507929725747
-0.0727545171644
-0.0921690198134
-0.0913646179589
-0.0637249176544
-0.0193616182404
-0.042233174692
-0.0959427577024
-0.0810782760647
-0.099278275236
-0.0601056826787
-0.0287238422778
-0.0644450659817
-0.0890445974552
-0.0227160148559
-0.0649400353375
-0.0961190906503
-0.0994925161109
-0.0953745684524
-0.0925834516128
-0.0357717728439
-0.0956792869726
-0.0942812901846
-0.0631036390251
-0.045176337364
-0.098412167784
-0.0863316589451
-0.0898498147099
-0.09997175348
-0.0921302983646
-0.0853989286951
-0.0909039185746
0.000943175779563
-0.0855691849413
-0.026277315041
-0.0888483617095
-0.0812246390482
-0.0867001688859
-0.0935089294784
-0.0252448126813
-0.00467921274337
-0.0990313716393
-0.0902311333699
-0.0956689941781
-0.0808508496029
-0.047898001956
-0.0699673082767
-0.0603214409009
-0.0376664764444
-0.088251987858
-0.0596583230086
-0.0900595672236
-0.0741410084527
-0.0678897920888
-0.0978982254664
-0.0499690027804
-0.098696541733
-0.0761488751326
-0.0506141420214
-0.0882929514796
-0.0314915781637
-0.0217143974464
-0.0173860453421
-0.0625483919756
-0.011773103524
-0.0625778916928
-0.0628012068274
-0.0306856726097
-0.100824984727
-0.0830871826142
-0.0862248247226
-0.0845373157444
-0.0570717287492
-0.0272855152223
-0.0798764245924
-0.0136655349676
-0.0792463529714
-0.09013212189
-0.068087903777
-0.094825078503
-0.0705630073007
-0.0782540801226
-0.091461766029
-0.0596406136151
-0.020443352395
-0.0834172934041
-0.0624905012996
-0.0665101329635
-0.0436474476626
-0.0856702090859
-0.0873073246224
-0.0682154112047
-0.0526111173169
-0.0985534906591
-0.045827343456
-0.0999801480975
-0.0882063370657
-0.0759148292666
-0.100857626858
-0.0958125169823
-0.0798140359702
-0.0758680721218
-0.0710395632247
-0.0993894513357
-0.0665841492012
-0.0980019844859
-0.0904811248242
-0.100602154792
-0.0950440358778
-0.098355955894
-0.0799688207906
-0.0990900532003
-0.0896609062298
-0.0692734224939
-0.0727821866866
-0.0272562827752
-0.0540163699515
-0.0881165017251
-0.074239102392
-0.0842349393843
-0.0261477469802
-0.0809223117177
-0.0403515775513
-0.0794420710737
-0.0781425732699
-0.0770081524712
-0.0939328186135
-0.0857623961564
-0.0687181400277
-0.0714850129143
-0.0571836197742
-0.053975887789
-0.0926558496801
-0.0729948856285
-0.067414916521
0.00858377678826
-0.104406048363
-0.0943600996409
-0.0722535562513
-0.0836989393661
-0.0373875148372
-0.0510191570164
-0.0790025394509
-0.0581952007606
-0.0765104110089
-0.092521863402
-0.0116462797844
-0.0601239313294
-0.102270590063
-0.0792908798701
-0.0244695639097
-0.0530192045436
-0.0738727474503
-0.00609408191816
-0.072768332757
-0.0989441566744
-0.0963817966882
-0.0953553641058
-0.0775894706121
-0.0769144359438
-0.0687333474411
-0.097121765874
-0.00704791073212
-0.0806374065075
-0.0818631053068
-0.0749758884289
-0.09712409391
-0.0869244416524
-0.0805866616105
-0.0873600661292
-0.0692133855092
-0.0905667043922
-0.0795956578152
-0.0612447244831
-0.0945664384638
-0.0274656091178
-0.0360484353925
-0.0827624569036
-0.100356500997
-0.0341865785496
-0.100614459416
-0.0736509812573
-0.102423405232
-0.080869654699
-0.0935659817614
-0.0994259180605
-0.0723631647435
-0.062594901627
-0.0947839546175
-0.0224842102469
-0.0518055327031
-0.103396933925
-0.0859406330063
-0.101780137762
-0.0755631336859
-0.0516010119296
-0.0522049266543
-0.0545548250736
-0.0765070255554
-0.0240906797012
-0.104067366811
-0.100361281251
-0.0709493869232
-0.10058948492
-0.0221323589379
-0.0617370086427
-0.0999749381358
-0.101914955518
-0.0500846222072
-0.0724652432864
-0.0775597027563
-0.103340757797
-0.104634531054
-0.0463975954746
-0.0913237495285
-0.00580159219348
-0.104158995371
-0.0673721035503
-0.0953399017316
-0.0318093833181
-0.088496725297
-0.0868409469215
-0.0924743037331
-0.0239697187127
-0.049472774718
-0.0162842634388
-0.0567600078381
-0.0834541887866
-0.0927654738724
-0.0982562564567
-0.0298650407152
-0.0686087652389
-0.0315015972061
-0.0770086034561
-0.00310595311377
-0.000657100470128
-0.0651818151375
-0.0966044789847
-0.102217548261
-0.0720039713997
-0.0843768579834
-0.0502379708566
-0.0502155689119
-0.0572813617969
-0.0976721970242
-0.0806261263131
-0.0278666904821
-0.0920569394136
-0.0352677586457
-0.0844769856923
-0.0128052850177
-0.0962635983536
-0.0560783156018
-0.083925466972
-0.0217954776688
-0.0222431598167
-0.0671676859494
-0.104306545993
-0.103718121489
-0.0664589358209
-0.0714057601048
-0.0866159642105
-0.088698016793
-0.104421957755
-0.0314276896672
-0.0975191296226
-0.100425698266
-0.101793726117
-0.0696695954908
-0.0943652705082
-0.100332009376
-0.0418332968278
-0.0456867573922
-0.0465235341144
-0.0978456159264
-0.104085378761
-0.0285130157039
-0.103171086748
-0.104467767224
-0.0478752467291
-0.0582579711924
-0.0758404723799
-0.0800625317979
-0.104455599367
-0.0492095117032
-0.0895425319054
-0.0714557598502
-0.0792943453
-0.0774175407348
-0.0516843347604
-0.103784155843
-0.0910937156205
-0.0524647965611
-0.099678466727
-0.0991678792996
-0.0953115287009
-0.10269173027
-0.0927359024545
-0.0827295389798
-0.0593189317892
-0.043531315276
-0.09228268519
-0.0396152141909
-0.103356072104
-0.0370227138976
-0.0525922038854
-0.0554548602907
-0.0596759708205
-0.0822677006142
-0.103300993885
-0.0689018647728
-0.0686366246442
-0.0524716593515
-0.081132298858
-0.0730314121318
-0.00847993887716
-0.101632636867
-0.0768039676568
-0.0487442338565
-0.0577359122718
-0.0875841642784
-0.0887106621046
-0.0912022270097
-0.0941523026164
-0.103822913405
-0.095614420149
-0.081416556142
-0.0446174982912
-0.0836445378896
-0.0961709134427
-0.0965786784419
-0.105241906068
-0.0858401800422
-0.0879593914272
-0.0903942545375
-0.102135182805
-0.0731643525989
-0.0812985030757
-0.0948821956927
-0.0938681620543
-0.0820942126117
-0.103691187517
-0.0877830061437
-0.0741825420859
-0.0923384163841
-0.0966703059674
-0.0840641754138
-0.10254711737
-0.102712873357
-0.105113573947
-0.0952159130883
-0.0915268873764
-0.0900222894544
-0.0732936132408
-0.102496092646
-0.103819223348
-0.0958480902001
-0.102249187743
-0.10431616292
-0.0891307136591
-0.0609003751809
-0.0984882984376
-0.074342656427
-0.0881970213695
-0.0820728512785
-0.0481140804189
-0.0775116374241
-0.0749597858078
-0.0394802457049
-0.0829829741077
-0.104731655815
-0.0479742370954
-0.0414528647667
-0.104750389599
-0.0589754885646
-0.0906920407905
-0.0604370103685
-0.0456943914875
-0.104275504265
-0.0595756847999
-0.0640205441216
-0.0792034025342
-0.0939313843259
-0.0898028483408
-0.0900326663102
-0.0722443699727
-0.0752612105168
-0.0768026317962
-0.101376973879
-0.0513981584498
-0.0862095921261
-0.0794471029675
-0.0945013411429
-0.0467537014431
-0.0969453774817
-0.0990509676412
-0.102374737962
-0.103406993059
-0.0980211459387
-0.0945879047426
-0.0721954703334
-0.0974286274153
-0.103738523186
-0.0671481368817
-0.0943369965996
-0.104687650569
-0.0395483288922
-0.0310058831249
-0.0972962032852
-0.0257232635724
-0.101757348932
-0.0932767494178
-0.098134338464
-0.0889991281494
-0.103372763688
-0.0779084147528
-0.0947821281236
-0.0903527203724
-0.0966488829137
-0.0548343118125
-0.0594534277301
-0.0063604091992
-0.0851748174945
-0.0854947951294
-0.0341482719419
-0.0771641763092
-0.0983958582011
-0.0932485723313
-0.0822665812619
-0.0555438819494
-0.104993745243
-0.0892736848957
-0.0996826995936
-0.0800494441194
-0.0982116484325
-0.054780735794
-0.0758923499459
-0.0792462451745
-0.0929410627007
-0.0783495570523
-0.0273054918925
-0.0951879909606
-0.0794207370441
-0.0579502087752
-0.0872951748854
-0.0881838505987
-0.0504711862654
0.00329229312616
-0.0460567148488
-0.0568333233769
-0.101819901471
-0.0636026828814
-0.036951362779
-0.0303085490624
-0.0957902402772
-0.0341348662314
-0.0843417276753
-0.0392464936521
-0.0385117595239
-0.0797676488621
-0.0483906006887
-0.00547460512803
-0.0436362189625
-0.0736959032935
-0.101720978765
-0.0961592190072
0.00405763868257
0.0055887434525
-0.0218646444518
-0.0944411906856
-0.0928599026354
-0.104530211059
-0.082300132382
-0.0424559332009
-0.0956417890298
-0.0473571126894
-0.100671316165
-0.0967993724317
-0.0709535586911
-0.103722350958
-0.0686743853059
-0.0791598792686
-0.0939648758695
-0.0174205642781
-0.0631961613624
-0.0956515738739
-0.103303601025
-0.0728162606201
-0.105003071484
-0.0625049907853
-0.0932202505517
-0.102687644398
-0.102990017421
-0.0698506095632
-0.04089339896
-0.0721736125208
-0.0555130211236
-0.0709379470844
-0.0743887289657
-0.0974212040848
-0.0653274141503
-0.0728955837837
-0.0884215301818
-0.104559825526
-0.0961058618361
-0.0690400938048
-0.0663450397582
-0.0417892162658
-0.0946115930866
-0.0741363849405
-0.0757773501762
-0.0686240279586
-0.0783397137868
-0.00607159171628
-0.0652749625107
-0.0385435510931
-0.086513902199
-0.0942010436114
-0.101058498638
-0.0692814538344
-0.0697649514715
-0.0415466596747
-0.0800740740959
-0.0938599966292
-0.0582566697931
-0.0524442567539
-0.0683456351152
-0.0911817727886
-0.0785526928171
-0.0676117222001
-0.0680057731343
-0.0819457840326
-0.0840743927888
-0.0961470113679
-0.0951244779254
-0.0773250005532
-0.0449632211217
-0.0574203902953
-0.0877033722062
-0.0580099046634
-0.0595249261185
-0.0621141814604
-0.0841479779415
-0.061308160268
-0.0570037092412
-0.0715868516758
-0.0313707795827
-0.101743109223
0.000784710370811
-0.104677036492
-0.0837067644049
-0.0556198194945
-0.0990007063788
-0.0541726318435
-0.0965045119122
-0.0412035897874
-0.0680338399875
-0.0574372595279
-0.0626746484234
-0.0665172720569
-0.0768618668628
-0.00383150465228
-0.0789647097961
-0.0457618744382
-0.0907476811622
-0.089058021221
-0.0473675130325
0.00480975609238
-0.0874750190385
-0.080702234227
-0.0695145523754
-0.0572627565533
-0.0970763239442
-0.0738966451824
-0.0759734696599
-0.0524124176789
-0.0837215224605
-0.0557130573386
-0.0875135110838
-0.103064544554
-0.0772176077751
-0.0746148131908
-0.0650905937357
-0.0975132297961
-0.0670028393948
-0.059225387722
-0.0394336617374
-0.0724633187889
-0.0836312510927
-0.0762356504102
-0.103801395708
-0.103293067867
-0.0613811388024
-0.0917662092042
-0.0791172937739
-0.0908340310185
-0.0815468230796
-0.0937344202417
-0.0770116287706
-0.0701180068063
-0.0510112313137
-0.0658570585074
-0.0773942593517
-0.0154898641017
-0.0301860470013
-0.0586408950908
-0.0827504751674
-0.0349711055267
-0.0650546147123
-0.064769491954
-0.103666002398
-0.0586686176331
-0.10444262814
-0.0756346933842
-0.0859219979374
-0.0670567518687
-0.0478348485866
-0.104663133245
-0.0579181336554
-0.0831917466834
-0.0606662341275
-0.0567641683377
-0.0657083816805
-0.0594338374064
-0.0539334463825
-0.041264969537
-0.0648530306617
-0.0941070830004
-0.0725822838665
-0.0828192050338
-0.0789759658328
-0.0936736756797
-0.0408642693176
-0.0314755551565
-0.0690592449921
-0.070589108347
-0.0639036971249
-0.0983155707104
-0.0901561904726
-0.0922458322261
-0.0865394612421
-0.103371067304
-0.027633656939
-0.0812430520512
-0.0636565365333
-0.0685679921647
-0.0974998521437
-0.0508183017731
-0.1024692976
-0.0876423171902
0.00280850762224
-0.00224971935876
-0.00152073466748
-0.0583875952011
-0.1039156585
-0.0915903221277
-0.0569024171942
-0.0662510141114
-0.0803486530952
-0.049805987968
-0.0710409977753
-0.0958742887704
-0.0503359132564
-0.0631094681023
-0.0707585705738
-0.052827807026
-0.0329638830597
-0.0714930160563
-0.0862748128058
-0.0665876652467
-0.0311194630941
-0.103615527906
-0.0558998567457
-0.0667101014565
-0.0729325009359
-0.0652557786245
-0.0772754999795
-0.0537437914275
-0.0612692323673
-0.0984954106286
-0.0467305369421
-0.0838664339711
-0.0862741983953
-0.0872768130845
-0.086210689117
-0.0685181670345
-0.10373510324
-0.0864226146228
-0.0742291984643
-0.0827811320635
-0.0783891462025
-0.0729650719832
-0.0727681958151
-0.0289083198654
-0.0929539090985
-0.0302495961125
-0.0291261620993
-0.0327795813963
-0.0633564743626
-0.0569000020883
-0.0626946682265
-0.0191164337171
-0.00391439116303
-0.093294930796
-0.089227211014
-0.0517047859409
-0.0800110608792
-0.0290658552883
-0.0310924798005
-0.073724106457
-0.0908118176511
-0.0501465966448
0.000809096459908
-0.0899723605936
-0.0761468031745
-0.0833353981673
-0.0200852633785
-0.0546190676247
-0.067078309698
-0.0898369316877
-0.0758103413639
-0.0768652167285
-0.0461319713691
-0.0752374941668
-0.0902742926185
-0.103801598056
-0.0877037641328
-0.0131800922466
-0.0269392169145
-0.09121394318
-0.0575335530219
-0.0800919891342
-0.0366144348802
-0.0136531660136
-0.0872640582027
-0.0533155973734
-0.0623533346783
-0.0923426258007
-0.0380308045365
-0.0751705048543
-0.0301838263829
-0.0807643213589
-0.0908677193112
-0.0548274176254
-0.0831211676772
-0.0486074823045
-0.0973426449306
-0.0933484007272
-0.0662024622953
-0.0747623468238
-0.0642005856036
-0.0990908682643
-0.0720748744702
-0.0604885875976
-0.0813086004952
-0.0361507585498
-0.0414698530874
-0.0784263869733
-0.0860886131673
-0.060217618756
-0.0793639124123
-0.0836381193258
-0.0887859541599
-0.0549045428102
-0.0438113539475
-0.0264578995795
-0.0743157768868
-0.0734995776286
-0.0747989790898
-0.0509662744273
-0.0929706006182
-0.0797173021832
-0.00205701207328
-0.053785397353
-0.086752789718
-0.0548025482878
-0.0549440376232
-0.0876890847017
-0.0810515388594
-0.00691473119199
-0.103809698278
-0.094059660986
-0.0782545617472
-0.0690640943604
-0.0777727230369
-0.0849849154486
-0.0897504255472
-0.101861352651
-0.0556320235542
-0.00753333684478
-0.0174064284327
-0.0785948495144
-0.010335828837
-0.0559739771081
-0.0524942699521
-0.0824414204412
-0.0692945633931
-0.065427242865
-0.0508710520435
-0.0940492520457
-0.0696798212689
-0.050569793304
-0.0419531328428
-0.0370215151976
-0.0143382492389
-0.0455279413032
-0.0933087125791
-0.0259031746287
-0.0527652606591
-0.0271563622973
-0.0335889040645
-0.0545953700823
-0.0482561451317
-0.0741090398442
-0.0904572302009
-0.0854131916756
-0.0293357148744
-0.0871432358925
-0.0858425334535
-0.0621923737996
-0.0939874827901
-0.0300889326279
-0.0390555470096
-0.0253578492128
-0.0741550749965
-0.0749431402212
-0.0600730621766
-0.0567356161934
-0.065432872235
-0.102593187934
-0.00201418637132
-0.0862900153443
-0.0458008344666
-0.0874337415571
-0.014268227815
-0.0251708060017
-0.0626289265524
-0.0170309928531
-0.0614050665394
-0.0668643248932
-0.0233882991255
-0.0496867587642
-0.0869208742428
-0.094247014228
-0.0398041850668
-0.0937616524177
-0.0916575899139
-0.0860249781578
-0.0125165374526
-0.0869159089647
-0.08488345793
-0.0768839307215
-0.0652364087229
-0.0719099162652
-0.0178881208837
-0.0574943069891
-0.100828300163
-0.0789819538044
-0.0876984230564
-0.069282373444
-0.0324020574525
-0.0750628891398
-0.0910834360971
-0.039985761203
-0.035074869271
-0.102605820531
-0.0692520160615
-0.0610606649933
-0.0634900971454
-0.0942016820638
-0.0686464212616
-0.0396448584742
-0.104645551621
-0.0812245068674
-0.0616895378558
-0.0830980711865
-0.0893515541241
-0.0584957657703
-0.0896044042134
-0.0769549178561
-0.0832428930793
-0.0771136693796
-0.0612601621187
-0.0712801560217
-0.0554473740097
-0.102615363184
-0.0783652274598
-0.0641838633285
-0.0153102045384
-0.0177077936205
-0.082097688727
-0.012529162735
-0.0998356604738
-0.00243558890092
-0.00768046936063
-0.0545679280413
-0.0194001890316
-0.0623231926354
-0.0818982878561
-0.0853411409507
-0.0773750746124
-0.00851740473668
-0.0600245433759
-0.0665164917612
-0.10186619785
-0.0833066721636
-0.00746193332024
0.000125465168628
-0.0878230464204
-0.0707088788672
-0.0846650790975
-0.0738041858301
-0.0622617623216
-0.0595793276417
0.000649679818499
-0.0221134226382
-0.0556034973299
-0.0871632595131
-0.0720085417186
-0.00705298156492
-0.0121394290182
-0.102484932198
-0.0707900867374
-0.00869900770649
-0.0638521818185
-0.100055737546
-0.0986434943399
-0.0876079509958
-0.0680805577136
-0.0837374438928
-0.0825313393554
-0.0680121521305
-0.0736764841976
-0.0181418182271
-0.0294193051168
-0.0847592285304
-0.0506237063595
-0.00233767653728
-0.0714157494236
-0.0734343704707
-0.105317373645
-0.00121482081574
-0.0638176158695
-0.0656782198027
-0.0776121123448
-0.100720537771
-0.102229866748
-0.0640047455143
-0.0984410746902
-0.104552037969
-0.0402604565982
-0.0208672101744
-0.0145414708977
-0.0785555480121
-0.0930977167683
-0.0796790378531
-0.0889374446381
-0.0912209038105
-0.0756704859849
-0.0801275556539
-0.0140162579598
-0.105477279304
-0.0666358748216
-0.0388290336707
-0.0853569173209
-0.0861274417911
-0.0670760301462
-0.0848614108894
-0.0524929161281
-0.0700947463208
-0.0126471303769
-0.0805316092051
-0.0845415750206
-0.0797834971544
-0.100117230552
-0.0910578539285
-0.0779216216557
-0.0820415132182
-0.0783999783944
-0.103433589041
-0.0755169540214
-0.100519512384
-0.066102634942
-0.0873486390069
-0.0755767539929
-0.0818477486639
-0.0112016478596
-0.0912057735772
-0.0399658426599
-0.0687757983059
-0.000584080261669
-0.055357136868
-0.0964776094662
-0.0834730327883
-0.0838778987081
-0.071750995391
-0.102534166754
-0.087198209119
-0.00371896856874
-0.0727361141708
-0.0975491799983
-0.0135505771592
-0.065164522453
-0.0468883450754
-0.0721827716686
-0.0460514326729
-0.0477336415769
-0.0703399628699
-0.0729555542403
-0.078721845418
-0.0618082126794
-0.0535023709873
-0.0486384311178
-0.0478457589104
-0.0793192812253
-0.0461616644811
-0.105106179995
-0.103762022902
-0.105104971186
-0.101007686502
-0.0602944769643
-0.105057519284
-0.0967654763827
-0.104457583342
-0.0839216268686
-0.0537056299182
-0.0909534843429
-0.0155501082615
-0.0746544372041
-0.102831027722
-0.104162986618
-0.0559103553176
-0.0228448056135
-0.0715699261309
-0.0835083532959
-0.0870083142511
-0.0191130036902
-0.00182249950099
-0.0826401885901
-0.0451548724326
-0.103378790721
-0.0461433490001
-0.031930218348
-0.0816414134076
-0.0332509598784
-0.0389815808191
-0.0340785621189
-0.0685987964293
-0.0317591971824
0.00015175871639
-0.0348255148397
-0.0563091742524
-0.0285332269518
-0.0547545905565
-0.048057426663
-0.0394516360942
-0.0498714222016
-0.0400710341521
-0.0427267713803
-0.0438210325771
-0.0412658777301
-0.042392948201
-0.0441108437595
-0.0709350241956
-0.037373499429
-0.0689845587524
-0.0332522173384
-0.0232052412808
-0.0409488173006
-0.0356155049688
-0.0286841337774
-0.0417733477567
-0.0275063060373
-0.0262953950769
-0.0226007988401
-0.0201145703757
-0.0137404644063
-0.0154551692798
-0.0173996126193
-0.0311458287233
-0.00828591209442
-0.0111933483082
-0.0546191099521
-0.039299048994
-0.00698041278855
-0.00119903093638
-0.0377817756839
-0.0728756286902
-0.0685513594416
-0.0497353643031
-0.044649297687
-0.0674699389541
-0.0690901078476
-0.0406895107397
-0.0251332030037
0.0185915556367
0.00819828184327
-0.000694081725456
0.00342567502302
0.00572818487267
-0.0018564202653
-0.0769045322614
-0.0612416265411
-0.00575916971337
-0.0276668579059
-0.0384514113956
-0.0630013459353
-0.0259168081114
-0.0365430026706
-0.00335955210132
-0.0447406537593
-0.0426489417077
-0.000913200172691
-0.0586103252745
-0.0757040689278
-0.0540906817168
-0.0576896554995
-0.0432749943561
-0.0474921859721
-0.0656486559422
-0.0461160157832
-0.0357834891031
-0.053649136381
-0.0648512476758
-0.0235689772077
-0.00974610642716
-0.0659466845719
-0.00553586776659
-0.012062911608
-0.0317185840828
0.0016601623027
0.00399024617188
-0.0573203077774
-0.0786013417866
-0.0774546038759
-0.0710871877564
-0.0507522628222
-0.0452374361825
-0.0599313755778
-0.0536939266383
-0.0740572836922
-0.018666562841
-0.074805572592
-0.0398775237755
-0.060631598923
-0.0718965613897
-0.0734793256416
-0.0772688632537
-0.0221275748536
-0.017541632913
-0.0331880921905
-0.0207316195948
-0.0185013865707
-0.0161632800731
-0.0695634865516
-0.0097214807994
-0.00470957405968
-0.0603479333186
-0.0568492597375
-0.0626513533445
-0.0710388433547
-0.0689907166714
-0.0559675227936
-0.00970680144318
-0.0656968124146
-0.0270138058451
-0.0508905949837
-0.0460441399967
-0.0254504969991
0.00366404516221
0.00507144724584
0.000720802670185
0.000550266553881
-0.0159055199658
-0.0767105206363
-0.00534801263128
-0.0474542862293
-0.0447929756025
-0.0290703311768
-0.0311697640412
-0.0117305848181
-0.0533218675475
-0.0112310745612
-0.0406848096474
-0.016203874256
-0.00493862858706
-0.00303491191919
-0.00168937609739
-0.0475030086237
-0.0172567329299
-0.0292542768329
-0.00443392335555
-0.0242647172784
-0.0179703911773
-0.037475337691
-0.0571836297605
-0.0229033421345
-0.0529593148429
-0.0549013791394
-0.0529848482682
-0.0388707798216
-0.00136232756116
0.00297325266609
0.00401551768174
-0.0029802843277
0.0213897739472
0.0192104444391
-0.000144478793195
-0.000709753406719
-0.00610332263175
-0.0124927139921
-0.0367443547699
-0.062414193665
-0.0163688671893
-0.02543680916
-0.0710366920455
-0.0431958466287
-0.00724238633703
-0.046199719728
-0.060749945115
-0.0261990299939
-0.0406662870634
-0.0396552314679
-0.0601859432802
-0.0382659835187
-0.0486663436523
-0.0492295803671
-0.051979729427
-0.0497117943092
-0.0693225577207
-0.075761591454
-0.00584149821185
-0.0431323178018
-0.0149993116761
-0.0162571509737
-0.0368195847115
-0.0136835910687
0.00213783484888
-0.0672333566034
-0.0799277888856
-0.0667023047304
-0.0481795359055
-0.0395574111381
-0.0596183524
-0.0271011917439
-0.0734555857936
-0.0422656879942
-0.0727604855027
-0.0634694723291
-0.00450103659788
-0.0737571196064
-0.0458076508243
-0.0760083092157
-0.000894747477006
-0.0778607375765
-0.07242186402
-0.0694748172155
-0.0723421299441
-0.0747339497328
-0.0569118827917
-0.0632586180078
-0.0227882708642
-0.0218047107159
-0.0227199729901
-0.025875896003
-0.0212742011766
-0.0192885602621
-0.06603808474
-0.00667490091311
-0.0349587906827
-0.0565297439466
-0.0529084418417
-0.0356813347322
-0.0160715576563
-0.00330846181801
-0.0625334399425
-0.029589392543
-0.0720188556079
-0.019707046627
-0.0443566983151
-0.0356292686439
-0.0277979694076
-0.062964021491
-0.0271911976239
-0.0211433179313
-0.0485817621755
-0.0731827920764
-0.00659563379928
-0.00860933056218
-0.0370712166677
-0.0462554835799
-0.0479504339296
-0.0278356124974
-0.036669003948
-0.0200881139305
-0.0466357859802
-0.00503350510149
-0.039887532225
-0.0421912715385
-0.0266428005537
0.00045693586185
-0.0684342830587
-0.0673292352727
-0.0216380934715
-0.0280048895243
-0.038544130488
-0.00972674399217
-0.0372436052992
-0.00209999469128
-0.00294543383447
-0.00562867728821
-0.050176769056
-0.0478339206438
-0.0245130252203
-0.0741885559696
-0.0599045533528
-0.00384695412366
-0.0316593310432
-0.0443669419518
-0.056518699977
-0.0456984298646
-0.0279371783982
0.0117598854221
-0.000260370399135
0.00195129504788
0.00639368511903
-0.0670132315145
-0.0502177789754
-0.0442780094476
-0.0575575038422
-0.0760017376042
-0.036565492443
-0.0359576418665
0.00637515308573
0.000448415672617
0.00843074869665
-0.000286718810221
-0.0136122103749
-0.043535034989
-0.0649106421546
-0.0131794625858
-0.0662092807319
-0.0688808242968
-0.0298385009141
-0.0382353309012
-0.0160260521887
-0.0661188308538
-0.0629861321751
-0.0624746247979
-0.044298382761
-0.0127504701707
-0.0167316140985
-0.0129070830267
-0.0206326694764
-0.0172890328698
-0.068709757803
-0.0512688680295
-0.0708304531207
-0.0728385672787
-0.0727090299595
-0.0611206426304
-0.0410532068536
-0.0197267896942
-0.00138658101643
-0.0709320580789
-0.0689368461507
0.005431761586
-0.0290516699396
-0.0212745952307
-0.0352770485377
0.00397432177981
-0.000295911663903
0.000972694346001
0.00590700483489
-0.0276577462314
-0.0696570755882
-0.0638548644561
-0.0551747406365
-0.0480490456188
-0.0306449313702
-0.0739020030057
-0.000499333906634
0.0018840374338
-0.0120519054787
-0.0406956268874
-0.0624891310938
-0.0596674886716
0.000859676815809
-0.00161771253829
-0.0571412003604
-0.0511715830317
0.00733705994458
0.00697334834504
-0.030325631787
-0.0135022933247
-0.0377235266648
-0.0381015942478
-0.0343717292617
-0.0102566806188
0.0236184193072
-0.00783557404242
-0.0623286911427
-0.0576299383079
-0.00596802152896
-0.00369314903377
-0.0468446950384
-0.0453537578258
0.00759045523581
0.00377645211765
-0.0258230781308
-0.0291848616851
-0.0420791682723
-0.0439363267842
-0.0309883691484
-0.0208011359817
-0.0247442202749
-0.0169063170075
)
;

boundaryField
{
    bottomWall
    {
        type            zeroGradient;
    }
    leftWall
    {
        type            zeroGradient;
    }
    rightWall
    {
        type            zeroGradient;
    }
    movingTop
    {
        type            zeroGradient;
    }
    front
    {
        type            empty;
    }
    back
    {
        type            empty;
    }
}


// ************************************************************************* //
