/*--------------------------------*- C++ -*----------------------------------*\
  =========                 |
  \\      /  F ield         | OpenFOAM: The Open Source CFD Toolbox
   \\    /   O peration     | Website:  https://openfoam.org
    \\  /    A nd           | Version:  14
     \\/     M anipulation  |
\*---------------------------------------------------------------------------*/
FoamFile
{
    format      ascii;
    class       surfaceScalarField;
    location    "71.99999999998";
    object      phi;
}
// * * * * * * * * * * * * * * * * * * * * * * * * * * * * * * * * * * * * * //

dimensions      [0 3 -1 0 0 0 0];

internalField   nonuniform List<scalar> 
4035
(
-7.63057239052e-06
-2.76888279527e-05
3.53194001616e-05
-6.70679582385e-06
5.05981467639e-05
-5.15219233225e-05
-3.43956237822e-05
8.59175469186e-05
-8.5917547096e-05
0.000927742846852
-0.000169091463147
-0.000758651383717
1.73874172237e-05
0.000240694440386
-0.000258081857591
-0.000649737351358
3.19891127757e-05
0.000617748238545
-0.000997824411906
0.000470021738318
0.000985708958637
-0.000457906285046
0.000427937045176
-0.00137856166404
-0.000382440831458
0.00133306545025
0.000364300705714
-9.06945893521e-05
-0.000400378455083
0.000126772338729
-0.000278261384698
-0.000770667944726
0.000762472015436
0.00028645731402
0.00120492823316
-0.000867180686877
9.01894988175e-05
5.58602567712e-05
-0.00100627697025
0.000977163193719
-2.67464802793e-05
6.58108418019e-05
-0.00118380094924
0.000943880884823
0.000174109222564
0.000933396962159
0.000577373646762
-0.00115580693392
-0.000354963675012
0.000611268784636
-0.000768380962109
-0.000121149207285
-0.00037185814449
-0.000707351538527
0.000778975490323
0.000300234192684
0.000654056430175
-0.000702704979753
0.00032324439993
-0.000274595850437
0.000338639406751
-0.000193823208303
0.000219484507264
0.000664664727733
-0.000781276242278
-7.33071721279e-05
0.00056022939178
0.00103217818281
-0.000559541967522
-0.000390825737921
-0.000531542159188
-0.00125272160094
0.000320708030801
0.000112332962059
-0.000680374411745
0.000618853990908
2.17028541793e-05
-1.28912905381e-05
7.7105983288e-05
7.51680207842e-05
0.000225452920009
-6.41520595322e-05
2.18780090173e-05
-0.000183178869494
-0.00034665055487
0.000572103474885
0.000245037316232
0.000168770111303
-0.000386255689335
0.000297758141728
0.00013346024596
-0.00010855087159
-0.000328849985123
0.000448220136633
-0.000508266359781
-0.000286604331734
-1.08050296629e-06
1.08050295294e-06
-6.28751619159e-07
3.4158678125e-06
-3.86761915058e-06
4.51751302148e-07
-6.02844404136e-05
-6.41520596086e-05
0.000247131377515
-0.000891827721631
0.000644696344097
-0.000320978711229
-8.52897711216e-05
0.000406268482376
0.00015769705947
-0.000984605420272
0.000826908360864
0.000918651306278
-0.000431297424182
-0.000916925241577
0.000429571359465
-0.000791259285245
0.000765783658915
0.000286668864971
-0.000261193238658
-0.00139740724988
0.000100392597506
0.000505755367074
0.000806029769735
0.000658053809931
-0.000698299920756
0.000474450924584
-0.000442940958513
0.000113317042247
-0.000144827008355
-0.000436476063386
0.000589948276743
0.000356254736534
0.000696906410744
-0.000343272129493
-0.00131159903471
0.000257463914326
-0.00113802311876
0.000858877328606
-6.41263393631e-05
0.000947816140287
-0.000890417723897
4.29941811325e-05
-4.44539440631e-05
0.0010770496531
-0.000879212275144
-0.00015338343387
-0.00012035913058
-0.00127429158998
0.00112608000346
0.000268570717115
-0.000587749161714
0.000751430548988
0.000122987477755
0.000691598233997
-0.000801325087742
-0.000326749209647
0.000815399329581
-0.000372507929667
0.000215162410055
-0.000359978648569
0.000173978495463
-0.000256940805414
-0.00108437227526
2.80272711237e-05
-0.000614525808907
-2.76571238785e-05
0.000521823802212
0.00111572998801
-0.0002415326258
-3.81719871831e-05
0.000386425271744
0.000819869563759
-0.000661218711232
0.000358768147866
-1.10874398778e-05
-1.71019730958e-06
-7.3119909927e-05
-0.000127887177108
-0.000636011470941
0.000659701157702
-0.000187500605746
0.000163810918964
0.000244580479134
-0.000275206369876
-0.000212659455805
0.000350610947567
-0.000320231424813
-9.91454528063e-05
9.88737399199e-05
0.000238014150386
-0.000561415456118
0.000579554321166
0.00022644161406
0.00274582713106
-3.27582975604e-05
-0.00271306883349
0.000238298434645
0.000544260231219
-0.000782558665917
-0.00162379001839
9.00796372883e-05
0.00153371038118
-0.00150049232777
0.000692963627365
0.00137098943453
-0.00056346073425
0.000612906569937
-0.00189930586627
-0.000748175035315
0.00203457433187
0.000761407309886
-0.000210174984828
-0.000880803033781
0.000329570708671
-0.000103802390909
-0.00119441637353
0.000831748414662
0.000466470349623
0.00139282268466
0.00011601676204
-0.000895932876925
-5.00272694959e-05
-0.00103421142037
4.42052006596e-05
0.00104003348932
2.96276150212e-05
-0.00141686521553
0.000221390484042
0.00116584711655
0.0013386849389
0.000231202437064
-0.000130941272546
-0.0014389461035
0.000600290102636
5.11672643772e-06
-0.000709209219878
-0.000649305483712
-0.00105907467243
0.000450662205471
0.00125771795065
0.000420171264145
-0.00102960090514
-6.06754769267e-05
0.000670105117542
0.000663682035218
0.00040596732891
-0.000308242054251
0.000743722643486
-0.00151796775308
2.81234498244e-05
0.00111758472124
0.00237196505318
-0.000414767004323
-0.00113595904622
-0.000985848286242
-0.00195626386451
0.000485399151829
0.000168390104741
-0.00123655086708
0.000943666208057
-0.000175025446024
0.000155700510124
-4.4827123726e-05
0.000182668712462
0.00338789142677
-0.00405284042215
-0.000341483079616
0.00100643207497
0.000321263433843
0.000525087313825
0.000419363977335
-0.000534772441772
0.000144347573979
3.25490321009e-05
-0.00010568297052
0.000229934015919
-0.000168423530309
0.00113622809166
-0.00119773857728
0.00361782544265
-0.000362730583866
0.000362730583853
0.000183871736555
-0.000346929472585
-0.000199672847849
0.000546602320414
0.00031277168511
0.000659701157642
0.000267570153137
-0.00273484842182
0.00246727826881
-0.000461213391853
-0.00128288978927
0.00174410318116
-5.62186018023e-05
-0.00224052776363
0.00229674636558
0.00107676684624
-0.000600748895645
-0.00102078801373
0.000544770063077
-0.000790554303559
0.00102165192093
0.000152597898125
-0.000383695515522
-0.00164027213364
-1.23483417278e-06
0.000850952664128
0.0012764754551
0.000611695842056
-0.000866519376293
0.00088533221289
-0.000761574673751
0.00025270470073
-0.000376462239937
-0.000492517646974
0.000916636468029
0.000934074830847
0.00060997077753
-0.000462214219809
-0.00163172668187
0.000453668768126
-0.00124223319561
-0.00010242251693
0.000882441492708
0.000995664138076
-2.02305398821e-05
-0.000976668432296
-0.000152250724241
0.00126298772067
-0.000139210768489
-0.000971526227897
0.000235478896765
-0.00149224602932
0.000140942939363
0.00111582419344
-0.000595022038318
2.68400794048e-05
0.00072077985718
0.000891738614227
-0.000346315354692
-0.00103794090652
0.00102438486765
0.00013654570421
-0.000549234729747
-0.000627766740932
-0.000385737985108
0.000251930052293
-0.00275041513394
-0.00103018508856
-0.00135176540384
0.000178468937925
0.00140877536268
0.00150383478603
-0.000579318664004
-0.000184110497564
0.0020495876957
0.00107574324654
-0.00075985567424
0.00222805663353
0.00102847283142
-0.000312089728622
-5.6681945178e-05
-0.00331197703401
0.00405284042209
6.85334246251e-05
-0.000809396812924
-0.000378174497078
0.000324854961934
-0.000388298831935
-0.000617642406084
-0.000329669644113
0.000461552584091
-0.000163355972425
1.69465842933e-05
0.000142109615854
0.000168501963164
-0.000869484202934
0.00102583720176
-0.00106418707113
0.00106418707114
0.000654226937486
0.000286021860041
-0.00200443586863
0.00171841400854
-0.00204840455355
-0.000945705851715
7.85251649006e-05
3.14573420539e-05
-0.000482961683727
0.000289138475425
0.0002960138066
-0.000572423440953
-0.00019595752104
-0.000249179041029
-0.000116503645054
0.000103612354515
0.00012853367118
0.00070733114339
0.000278377815285
0.00032107545403
0.000732800370612
0.000211080514248
0.00027489408554
-0.000792779971658
-0.000363026962276
-0.000344559835029
0.000238564026898
-0.000216686017879
-0.000269702332886
0.000899831722681
-4.09543940073e-05
9.41399876174e-06
0.00047778462203
-0.000303806126572
-0.000323540465719
0.000585414202561
0.000166016346348
0.000212906272862
0.000117933385804
-0.000119643583116
-0.000157272984075
-0.000659793976526
-0.000257131265065
-0.000309183028958
-0.000680196847267
-0.000199015427894
-0.000250625487781
0.000861059234993
0.000265020768446
0.000299643778856
-0.000386773089198
0.00019927248346
0.000192781231976
0.00105650837433
-0.000390060533071
-0.000666447841271
-0.000890776332685
0.000752012275876
0.000138764056802
-0.000100771229299
0.000268330901123
-0.000167559671828
-0.000837708897157
0.00026353934778
0.00057416954939
4.00190818143e-05
-0.000434575484049
0.000394556402235
-0.000114586505586
0.000445756963097
-0.000331170457533
-0.000543500029474
0.00042891352388
0.000855534122197
-0.000317138594217
-0.000538395527967
0.000246493318745
-0.000675812059181
0.000429318740442
-0.000871299875119
0.000698819800382
0.000172480074749
-0.000825779880735
-1.19290164035e-05
0.000892170749279
0.000164337625052
-0.00028633193411
0.00018556070481
0.000451714353481
-0.000411695271668
-0.000813052698738
0.000392064079882
0.000420988618854
0.00089837521759
-0.000838959546921
-5.94156705856e-05
0.000645642460162
0.000252732757438
0.00125560378639
-0.000762615294957
-0.000492988491457
0.000886577659324
0.000369026127053
0.00117965177766
-0.000643669566745
-0.000535982210863
0.000417036482678
0.00113087656259
-0.000501759723002
-0.000629116839593
0.000704144791856
0.000426731770725
-0.00083163104721
4.64768789553e-05
0.000785154168248
-0.00103304715046
0.000602955521604
0.000430091628836
-0.000269416596933
0.000515909915679
0.000137370722502
-0.000564294421148
0.000426923698662
0.000451983913642
-0.000877666369363
0.000425682455713
-0.000839182224669
0.000910891050778
-7.17088260614e-05
0.00090201473629
-0.00102297889735
0.000120964161046
-0.000457314405881
0.000423784656171
3.3529749668e-05
-0.000216017018437
-0.0005970356803
-0.000137576213044
-0.000538235846121
7.24817198465e-05
-0.000904112767061
-0.000637489043972
-0.000253287288716
-0.000125103117553
-0.000714079107096
0.000703960321326
4.80519545504e-05
-0.000322870695336
-0.000548429179781
0.000677316103054
0.000178218019157
-1.09424599835e-05
0.000715087251833
0.000563685692426
-0.000574628152417
0.000375714802455
-0.000834518875441
0.000458804073
0.000883982023679
-0.000508267221231
-0.000161874529548
0.000831499123913
-0.00066962459438
0.000724703129771
-0.000491279623291
-0.000347679923616
0.000286641651281
-0.000777921274537
-0.000636358689057
0.000593931152565
4.24275364891e-05
-0.000638867054978
0.000451031922389
0.000187835132613
0.000464716459642
0.000232072069227
-0.000696788528841
-0.000943577908952
0.000109059033518
-0.000297935448767
0.00105973288604
-0.000175750862341
0.000416063319277
0.000663128016081
6.93313103215e-05
-0.000732459326352
0.00115911432453
-0.000327615200627
0.000657354601526
0.000875898160925
-0.000312212468512
-0.000472740928588
-0.000166126126372
0.000190643548423
-0.000663384476999
0.00049173056069
0.000186324856072
-0.00067805541683
0.000333549494247
0.000286486346642
-0.000620035840922
-0.000302809194807
0.000695254259882
-0.000230537800222
0.000637873789606
-4.39426370389e-05
0.000626765192527
-0.000175733270116
0.000759435554046
-9.63075379487e-05
0.000702570447821
-0.00021083988711
0.000488162811421
-0.000350792088976
0.000332398131448
-0.000337801915099
-0.000695245235369
0.000201180321545
0.000646631632801
-0.000847811954367
-0.000448462068701
0.000712001416471
-0.000717879233104
0.000400740638907
-0.000263318923281
0.000715302836926
-0.000399990194302
-5.73242115859e-05
0.00020049840954
0.000701516326742
-1.90594327143e-05
0.000450713173117
-0.000840773706198
0.000625167726431
0.000285723324365
-0.000660433523951
-0.000362545373416
-0.000248611405244
-0.000629054964118
-0.000538532021723
9.33592731808e-05
0.00044517274857
-0.000220950276427
0.00082390579802
-0.00045841935984
-0.00029679479788
0.000755214157706
-0.000107360530028
-0.000773384073531
0.000880744603551
3.22458924985e-05
0.000743929702858
-0.000776175595267
-1.62464545634e-05
0.000507889118537
-0.000491642663933
-0.000743869444129
0.00103319777199
-0.000289328327868
-1.10760741263e-05
-0.000527455947627
8.68173097323e-05
0.000674397732114
-0.000761215041855
-0.00059101216502
0.000440155065286
-0.000456401519872
0.000676405647548
-0.000475225326009
0.000707030765085
-0.000314966685201
-0.000657413618926
-0.0001683662618
0.000767794053979
0.000124376695287
-0.000512165045855
7.75895618099e-05
0.000428269147608
1.74878154776e-05
0.000472635271177
8.89502752117e-05
-0.000561585546389
-0.000387754313389
1.43348112103e-05
0.000373419502174
0.000777280419025
-0.00053680916706
-0.000240471251953
0.000547924581339
0.000229355837619
0.000352729100852
7.10555552652e-05
0.000263449502233
4.88139888841e-06
0.000670145163063
-0.000197509891885
-0.000581345534518
0.000668162844248
0.000108731373532
-0.000852600817667
-0.000793224009975
0.00073460361981
5.86203901827e-05
0.000857583536447
-0.000795595209733
-6.19883267265e-05
-0.000833711018042
-0.000944884718743
0.000779814769606
0.000165069949115
-0.000211154691478
-0.000582069318496
0.000231844352308
0.000625739184137
-0.00029764049662
-0.000647244222134
-0.000235589055795
-0.000673354493562
0.000908943549347
0.000533714895056
0.000499482876925
-0.000486432094476
0.000475356020425
-0.000486142946296
9.83886329067e-05
-0.000271997122899
0.000540664628691
0.000451562904519
-0.000774433599855
-0.000489721767636
-0.000179954080479
0.000669675848103
2.03885735896e-05
0.000656927529464
0.00056065696326
-0.000685760080794
-5.95083958421e-05
0.000427656582315
0.00011911076019
-0.000546767342509
-0.000306630921156
7.27372248315e-05
-0.00056245899247
0.000382610638337
0.000332757718479
-0.000715368356816
-0.000434384299659
-0.000318202572662
0.000752586872321
-0.000738424582869
0.00030404028321
-0.000669481024187
0.000115401616358
0.000554079407844
-0.000385552951384
3.70471512187e-05
0.000348505800147
-0.000299002811533
3.64943398235e-05
0.000262508471703
-0.000216450090677
3.51578038363e-05
0.000181292286838
-4.04512518569e-05
-0.000588603712256
-0.000713881362886
9.00940079483e-05
0.000623787354959
-0.000137169168182
3.28261270823e-05
0.000104343041083
0.000633959579972
0.000249945389917
-0.000883904969899
-0.000649291226514
-6.45901363735e-05
0.000245484555025
-0.00018991955113
-5.55650038725e-05
-0.000355813944531
-0.000563078914668
0.000448353209701
0.000114725704984
0.000749076453515
-0.000685371095714
-6.37053577542e-05
-0.000868540484421
0.000494975884597
0.000373564599818
-5.9675914947e-05
2.92163285164e-05
3.04595864419e-05
0.000742043873202
-0.000568297883091
-0.000173745990094
0.000147458878594
-0.00027134945785
0.000123890579275
2.48833261001e-05
-0.000336749004137
0.00031186567805
0.00017717403834
-0.000201545157758
2.43711194439e-05
1.76652350833e-05
2.41118654071e-05
-4.17771004815e-05
-0.000190939726299
0.00019730949051
-6.36976418594e-06
9.34024523884e-05
-0.000333345950441
0.000239943498067
0.000300317169138
-0.000206914716727
3.70316366187e-05
-0.000841211354623
0.000804179718018
0.000774214496061
-0.000866411412721
9.21969166581e-05
-0.000334350758659
0.000903339500873
-0.000568988742224
-0.00032690314177
0.000158785362573
0.000168117779213
-1.12302349092e-05
-0.000374322716466
-4.49288690576e-05
-0.000806239507759
0.000851168376871
-0.000579387016235
-0.000398514330392
-0.000470026154028
0.000887479147244
-0.000371255652696
-0.000516223494561
-1.10014036527e-05
-0.000288001407875
0.000553128388585
-0.000802967600422
0.000839999237049
-0.000725933019484
0.000311388705825
0.000414544313636
-1.0202374713e-05
-0.000206247715961
4.80930449597e-05
0.000307677127576
-0.000355770172502
-0.000702408113823
0.000498814536513
0.000203593577295
-0.000759007976143
-0.000337378807064
0.000385471852042
0.000206832373657
-0.000120343256096
-8.6489117533e-05
0.000738420079514
-0.000445526711633
-0.000292893367895
0.000472221582533
0.000266198496973
0.000169135349445
8.03868891634e-06
0.000380257276587
-0.000250673905109
-0.00012958337145
0.000733908674734
-0.000650489667247
-8.34190074429e-05
0.000674239215093
5.96694596743e-05
-0.000109677660126
0.000178825550759
-6.91478906097e-05
-0.0007529347783
0.000112602705812
0.000640332072501
-0.000338325672172
-0.000387607347332
0.000168171080259
1.04508059753e-05
-0.000178621886205
-0.000315329964519
0.000403562442726
-8.82324782186e-05
-8.60552265368e-06
-0.00012856364553
-0.000134553057178
-0.000618381721112
9.85867862894e-05
0.00073759818318
-0.000778049435029
-0.000528304296643
0.000396421342168
0.000131882954473
1.37278583475e-05
-0.000816695458766
0.000395390895658
-0.000144183988491
-0.000251206907163
-0.000426124920074
9.23625565402e-05
0.000333762363525
-0.000100598353342
-0.000133678749749
0.000234277103112
-8.88904870598e-05
-0.000474188427605
-3.78046967834e-05
0.000205975777048
-0.000782945306207
0.000796673164558
0.000262095925039
-0.000197476574423
-6.46193506264e-05
0.000118331021642
0.000277059874013
0.000310345625928
-0.000143592169086
-0.000166753456847
-0.000307793898435
-0.000112939183092
0.000588896080788
-0.000475956897717
-5.94836536722e-06
-5.37275495696e-05
0.000140368070586
-0.000122994896012
-1.73731745389e-05
0.000229197453784
-0.000143495537316
-8.57019164722e-05
0.000117854844055
0.000111342609715
0.000117932521208
0.000192413104722
5.66683352367e-05
0.000150164038426
0.000132199838254
-0.000867194075584
0.000734994237355
-0.000202442010574
5.89464732346e-05
-0.00016910437079
-3.33376397847e-05
0.000607490816029
-0.000863357699801
9.61954547489e-05
0.000767162245055
-0.000230186531295
0.000418411053724
0.000235688244814
-0.000654099298542
-0.000731609709026
-0.000131747990759
0.000207427152431
-0.000234914462958
2.74873105369e-05
-0.000210276013461
0.000876979211468
-0.000690628550173
-0.000186350661298
-0.000105694246548
0.000253153125152
0.000144162203999
-0.000125015025707
-1.91471782952e-05
0.00039206662744
0.000519820061074
-0.000911886688521
-0.000156591980285
-0.000114757477554
0.000455807630672
-0.000560631960136
0.0001048243295
0.000145369502456
0.00086092316935
-0.000782398004468
-0.000855882005726
0.0008149276117
-0.000840796987486
0.000776715915127
6.4081072406e-05
0.000952262632073
-0.000872087893434
-8.01747386403e-05
0.000187044937565
0.000113272231586
-0.00025952596524
-7.3819985188e-05
-0.000886045352741
0.000239126131428
0.000646919221304
-0.000606503470318
-0.000279541882417
-0.00037165124891
0.000675691532121
0.000306729638131
0.000582616183579
-0.000889345821725
8.88925747509e-05
0.000604549882908
-0.000186138829187
0.000315208285996
-0.000387662132321
7.24538463726e-05
0.000259287483649
-0.000466520784928
0.000207233301287
0.000887959494478
-0.000648833363048
-0.0002278562521
-4.58042470297e-05
0.000273660499156
0.000296836030553
0.000133564671519
-0.000267243421259
0.000197330944317
0.000413279872604
-9.80715866196e-05
0.000252877562205
-0.000624528811112
-0.000332503559781
-5.51585725251e-05
-0.000139858204198
-0.000361016388209
2.8512828448e-05
0.000133860109833
-0.000220475686681
2.95359604065e-05
1.91620320382e-05
-0.000247018284125
0.00021647152256
-0.000768543036094
0.000440313649219
0.000328229386891
-0.00040890573574
7.15269286937e-05
0.000292350034098
0.000150818876558
0.000116500756764
0.000296779115864
-0.000324368660575
0.000202429944667
0.00012193871589
0.00030533021227
-0.000280446886155
-0.000612284819881
0.000108141828048
0.000504142991812
-4.66505066412e-05
-0.000154894651104
0.000925739106558
-0.000619009468427
0.000250763426835
-0.000866694982135
0.000615931555287
0.000805671838122
-0.000836385374801
3.01458671077e-05
-0.000831797355849
0.000307691295561
0.000317203223649
-0.000624894519241
0.000299487153515
0.00022160288502
-0.0005210900385
0.000101277946681
0.00027897932993
0.000279102660771
0.000285709146171
-0.000564811806946
0.00096965454286
-0.00074221020115
0.00074029447135
0.000211968160756
-1.97598881629e-06
1.96412239223e-05
0.000490816238845
-0.000862071891553
0.000865708422315
-0.00076951296755
0.000772043262111
-0.000529664656287
-0.000242378605806
0.000203745379025
0.000547553700819
-0.00024806654728
0.000342979266283
0.0004535687026
-0.000796547968893
-0.000303579160773
0.000574608064518
-0.000271028903718
0.000833795505124
0.000764957408416
0.000132204518449
-0.000798578432468
0.000666373914011
-0.000176562445868
-0.000147806214728
-0.000844632718077
0.000856311233316
-0.000118877729249
-0.000725754988779
8.95759114196e-05
0.000729252524193
-0.000818828435604
0.000745962116935
0.000110349116368
-0.00049973723797
0.000891803865403
0.00105984404167
0.00077559841221
0.000284245629454
8.41834105285e-05
0.000177912514536
-0.000350918682156
0.000658609977703
0.000884723006807
3.74468333239e-05
-0.00016044172932
-0.000801582082932
-5.42999227889e-05
0.000221390735377
-0.000365574723879
-0.000235281271201
-0.000249741340867
0.000461323237938
-0.000211581897041
0.00024301055245
-0.000529614884198
-0.000339069031536
0.000565510645591
0.000303784873499
-0.000607364034252
0.000660993352106
-0.000482932528119
-0.000178060823972
-0.000689244354337
0.000823211149528
-0.000328235264937
1.68697441488e-05
-0.000833565202901
-0.000803747426272
0.000274082769994
-0.000926153176778
0.000730195655752
0.000861172279256
-0.000695155932913
7.03768944718e-05
0.00014990024769
-0.000220277142174
0.000457781104418
-0.000365418547896
-8.9889855486e-06
0.000216416137993
6.96290840502e-06
-0.00017606727921
-0.000418778862125
0.000661789414565
-0.000178246127718
0.000823172467517
-0.000758840765859
-6.43317016696e-05
0.000831710000911
-0.000843255571323
1.15455703098e-05
0.000138660894569
-0.00028225306366
0.000714493005232
-0.000582288486816
-0.000378022003994
0.0002421524186
0.000135869585397
-0.000273739552956
-0.00038308674067
-0.000145217555971
0.000398567350193
-0.000401719348829
3.15199866776e-06
-0.000175643269547
0.000246020164004
-0.000490276375353
0.000240535034503
-1.21968300006e-05
-0.000348819558186
-4.97591594128e-05
0.000842644730565
-0.000792885571162
0.000354828815482
-0.000317781664243
0.000606362569232
-0.000437860606113
-0.000515590874222
0.000347167343865
0.000151125112403
0.000155773578169
-0.00040644748326
-4.47950469839e-05
0.000194695294653
-0.000169810072687
4.34752557385e-07
0.000786332420383
-0.000786767172957
0.000331375032418
-0.000670684489092
0.000339309456694
0.000676560065548
-0.000226037502632
-0.000653788709275
0.000256515738619
0.000339323256587
5.40366782882e-05
0.000777673322667
-0.000476419404793
-0.000135865415103
0.000728388398015
-2.02024201746e-05
-0.00070818597773
0.000286722903433
-0.000416849889296
0.000130126985811
0.000270436525488
-0.000233942185655
9.60382068051e-05
-0.000271681476375
-0.000691365006781
-0.000107213425754
-0.000261521247229
-0.00022158631851
3.16667673966e-05
-8.47687610352e-05
-0.000695763703264
0.00027698484113
0.000635159905925
0.000810559254585
-0.000860318414009
0.000189827220224
-0.000154669416385
0.000278416456811
0.000182906781146
0.000715810070279
-0.000661773391971
0.000143470040402
0.000517523311712
-6.59391517856e-05
-0.000285703581306
0.000351642733097
-0.000713527558444
-5.73041304951e-05
0.000770831689002
-0.000405206475036
0.000204853223538
0.000200353251492
2.32738336519e-05
0.000838579320981
-0.000408487692155
3.70672002994e-05
-0.000476254299352
0.000439187099061
0.000950306252489
-0.000601202363361
-0.000349103889131
0.00062796734085
0.000322338911626
0.00062764629572
-0.000512244679348
0.00029846815147
0.000304476415356
-0.000370415567128
1.48608395796e-05
-0.000333132151771
-0.000211290049575
0.000544422201366
0.000510987232841
-0.000782215005534
0.000271227772688
0.000303285427881
-0.000378885666792
7.56002389365e-05
-0.000492310814344
-0.000311436611916
-0.000291771092635
-0.000782790049115
0.000762587629033
0.00043419003499
0.000810994007137
0.000241475912753
0.000364333006863
-6.10475789629e-05
-0.000678835893439
0.000339766861903
0.000483615645965
-0.000499972318974
0.000705334417683
-0.000893157893004
0.000847173899161
-0.000681030962221
0.000893605318862
-0.000212574356679
0.000111819897234
-7.89937701368e-05
0.000559326641258
-0.000831093965345
0.000271767324101
-0.00015167395879
0.000804847506618
-0.000653173547841
0.000132175044129
-0.000179239768253
-0.000225966706802
-0.000839747060432
0.000688073101631
0.000830937837021
-0.000737832530712
0.000782037731395
0.000379192114581
0.000326142303102
0.000850200888995
-0.000804248824967
-3.76081728831e-06
-0.000332988186834
0.000917856426206
-0.000289889085365
0.000600944386645
0.000176588159639
-0.000777532546189
-0.000356132058976
-0.000512404471791
0.000868536530759
0.000954546005274
-0.000474869759199
-0.000479676246086
0.00024959311123
-0.000916040952491
0.000581605840841
-0.000741887326071
0.00016028148531
0.000715904402981
-0.000134298561994
0.000276524797111
0.000534034294344
-0.000664975566907
-0.00014950744204
-0.000542901920621
0.000692409362651
-0.000261764664588
0.00055090314001
-0.000181293684653
-0.000582854050177
0.000764147734811
-0.000797340791643
0.000297368472679
0.00100988094734
-0.0005262653014
-0.000850647737961
0.000796347815184
0.000207383569976
-8.34854928985e-05
0.000757844140191
-0.000467347780376
-0.000290496359823
0.000173839146434
-0.000350401592316
-8.9820516912e-05
0.000394296932261
0.000623553821959
0.000654963028322
0.000262893397871
0.000271135766234
-0.000393305761252
0.00012216999504
-0.000719154822589
0.000545408832503
-0.000129152757517
0.000584960388214
0.000323282378635
0.000434561761543
0.00031061496131
0.000512596188213
0.000332975853901
3.13571529837e-05
0.000386370520204
0.000746675477653
0.000131807460722
-0.000566778736075
-0.000101098601304
0.000667877337377
-0.000732361492221
-0.000411701066292
0.000321880549375
0.000672461706612
-0.000138427412284
-0.000517059831614
0.000305769782057
7.62409255934e-06
0.000910680878093
-0.000390860817028
7.93824520135e-05
0.00043845034126
-0.000141671225372
-0.00010774990055
0.000242784587402
-0.000546590713981
0.000341632656712
-0.000833943471046
0.000667773841615
-0.000168959305115
0.000325459458334
-1.75067555093e-05
-0.000307952702813
-0.000193141306418
-0.000502622396855
-0.000228867970776
-0.000277353947888
0.000463371378862
-0.000186017430947
-3.72173877149e-05
-0.000933754395198
0.000720700670185
0.000213053724988
-0.000481450808626
0.000252582837818
-1.58437042751e-05
-0.000302847390577
-0.000367837098503
-0.000795136661137
0.000161096393379
0.000486787961976
0.000140858333756
0.000326222016563
-0.000429697220561
0.000103475204012
-0.000431965021433
0.000252725253172
0.000495934697693
-4.89007577648e-05
-0.000447033939918
3.48104892139e-05
-5.59416067873e-06
-0.000370362195835
-0.000193756846814
0.000362526958116
-0.000130573444674
-0.000127817308948
0.000258390753637
-0.000161054021845
-0.000772700373372
0.000596305884416
-0.000731434554556
0.000630335953226
-0.000734148103377
0.000749008942976
-0.00044095540218
0.000247198555364
0.000738274584381
-0.000534681007098
0.000462337518908
-0.00012656224594
-0.000335775272946
-0.000875207634815
0.000191577988355
0.000683629646445
-0.000406098409599
0.000729380788207
-0.000574126698538
0.000786094859319
0.000417051723818
-0.00101825408719
0.000588160970087
-0.000845292235151
0.00065430173643
-0.000167513774442
-0.000596685630963
0.000875063446205
0.000436714124506
0.000388547798334
-0.000825261922851
0.000177869524258
0.000560405060117
0.000236587201353
0.000170974266872
-0.000407561468204
-0.000793465079631
0.000718506471975
7.49586076566e-05
-0.000672300456509
0.000346338050813
0.000325962405681
0.000613214429138
-0.000868360114365
0.000255145685264
0.000119536181325
0.000594956823931
0.000783369099907
-0.000693793188479
-0.00033956517573
0.000415165414685
-0.000220244606496
-0.000716063488967
0.000907641477311
0.00079208699001
-0.000515102148892
0.000378692369955
8.89866355864e-05
-0.0004285518113
-0.000561916307916
0.000872531269218
0.000318133842792
-0.000695605807851
0.000377471965056
-0.000903570397456
-0.000604465922865
0.000218695973179
0.000385769949703
3.23477380277e-05
0.000753984682346
-0.000301276127632
-0.000371024328908
-0.000135223708344
0.000461445724916
-0.000255377235505
-0.000538087844121
-0.000395754774371
0.000912826620681
-0.000701746106476
0.0009447033919
-0.000291705353187
-0.00065299803873
8.80726148655e-05
0.000457350211519
-0.000545422826369
0.000406505784753
-0.000304918496099
0.000523572919412
0.000315952771976
-0.000839525691378
6.61853307744e-06
-0.000605967332265
0.000599348799167
-0.000333424768916
0.000403248811979
-8.54898701911e-05
-0.000344207350363
-0.000509751959347
-0.000209402863231
-0.000334860969601
-0.000290033549654
0.000433540773338
-0.000689839037357
0.000256298263993
0.000406288751845
-0.000709136142416
0.000328456618552
-2.99716020863e-06
-0.000278545199132
-0.00015341982231
0.000974385199253
-0.000652046287637
-0.000325305120959
-0.000574677165496
0.000899982286439
-0.000707374537249
-9.86486294867e-06
0.000764565435546
-0.000754700572612
0.000403108204657
-9.80710571715e-05
-0.000305037147509
-0.00030762778905
-0.000614147649391
0.000352382984801
0.000341692135865
-0.00024758276847
0.000642926367548
-0.000395343599058
0.000822940274171
-0.000299367354751
0.000682925693219
0.000261777698667
-0.000156718559894
0.000361133161228
-0.000496356869562
0.00022374315059
-0.000199372031137
-0.000419582037049
0.000623549815022
-0.000203967777991
-0.000229509754957
0.000912435448165
-0.000945573243931
0.000357730227736
0.000246819655166
-0.000452195908361
0.000114783016427
0.000337412891934
-0.000117851861398
-0.000721895199038
-0.000681531593557
0.0004339488251
0.000567563038667
0.000116743537886
0.00066662556203
0.000124563005519
0.000142051222307
-0.000740530892845
0.000598479670562
0.000593602407593
-0.0004470496401
-0.000146552767506
-0.000921990751927
0.000441408056975
-0.000270433790098
0.000493838591932
0.000361509766176
-0.000855348358092
0.000174020370535
0.00020920365553
-0.000489072624662
0.000279868969116
-0.000148301494039
0.000232484904577
-0.000847667883181
0.000715919892412
-0.000661885752577
0.000118983831944
0.000220893719053
-0.000723007983069
0.000502114264031
0.000835471248649
-0.000492576235754
0.000512713872282
-2.01376365044e-05
-0.00091102019706
-0.000783860251358
-0.000606511255431
0.000784380779678
0.000460637874505
0.000193663861944
-0.000555727819257
0.000732315978925
0.000570809751556
-0.000633259513499
6.24497619265e-05
2.15017781702e-05
0.000390356971111
-0.000411858749289
-0.00018761087175
0.000569525783738
-0.000562907250669
-0.000396568342251
-0.000207897580603
0.000786338809385
-0.000440704019056
-0.000345634790312
-0.000268673490323
-8.71088209226e-05
8.00708788174e-05
7.03794210442e-06
-0.000169254957449
0.000530388118685
0.000738935604523
-0.000856787465928
0.000696130630155
0.000265729954298
0.000647096666371
-0.000165738745006
-0.00068192913818
0.000522784235801
-0.000100335429968
-0.00042244880581
-8.76932268631e-05
-0.000472938733256
0.000475468805873
-0.000503921259935
2.84524540945e-05
0.000565837878203
-0.000347141905025
-0.000826755861931
0.000727082156923
-0.000607545975615
4.48032188601e-05
0.000528616855718
-1.71074298678e-05
0.000474902197473
-0.00027383376391
-0.000878356835265
0.0006793414074
0.000331817117734
-0.000429888174924
0.00042213134666
-0.000589211543457
0.000167080196838
-0.000251546238172
-0.000300103756561
0.000551649994709
-0.00038912286914
0.000631907456534
-0.000102877680005
-0.000552213539186
0.000655091219176
0.000353903249007
0.000115161566854
-0.000469064815843
-0.000220367752365
0.000941068422527
0.000800439238912
-0.000232876200237
0.000446361706946
7.64225288594e-05
-9.10760010252e-05
0.000317229579529
-0.000412084087253
0.000433585865434
-0.000463052052753
0.000377562182574
-0.000807793646908
0.000770576259198
-0.000698137358815
0.000309014489669
-0.000188860486249
-0.000425625870277
0.000257668183963
0.000167957686322
-0.000231254479147
0.000593409777714
-0.000362155298578
0.000650341056383
-0.000816079801397
0.000427846977875
-0.000491133855968
6.32868781095e-05
-0.000582642183854
-0.000244113678085
-0.000713862732268
-1.48065935059e-05
0.000728669325787
-0.00075213056515
-0.000330340065017
0.000736628816871
-0.000194391127343
-0.000141031955802
0.000701437015906
-0.000537219974393
-6.30061800351e-05
0.000600226154452
6.83764221191e-05
-0.000480460509381
-0.000749841210604
0.000275187317316
0.000474653893297
0.000615795208613
-5.75595529811e-05
0.000392458705603
-0.000222694613444
-0.000169764092157
-0.000366496147709
-4.52049185733e-05
0.000487229524744
2.54843475675e-05
-5.09667328468e-05
0.000538196257605
0.000219063506397
-9.05298352162e-05
8.49429497622e-05
-0.000242215933837
0.000185063925479
0.00061537531344
-0.000526741885813
0.000634883713844
0.000724257958428
-0.000491002018167
-0.000233255940279
-0.000881499786454
0.000685065642872
0.000196434143611
0.000392295335869
0.000151340036806
0.000310105688116
0.000292008554592
6.28202608823e-05
-2.96382850309e-06
-0.000277483057636
-5.6649234474e-05
-0.000254321532973
-0.00062403530229
0.000467999114169
0.00025625884425
-0.000692335391347
0.000258548808111
0.000430314773355
3.2710920727e-06
-0.000685535224585
0.000194533206415
-0.000153971189659
-0.000216059326278
-0.00051374857521
0.000729807901487
-0.000682679846066
0.00060605528695
-0.000911181021516
0.000305125734554
0.000802677222265
-0.000486724450288
9.71256871847e-05
0.000252064640379
-0.000349190327576
0.000386845990006
0.000141071354502
-0.000527917344471
-0.00053745559725
-0.000619695194998
0.000516817514983
-0.000346899288386
0.000693237339184
0.000553926186859
-0.000561169613179
0.000813902370643
-0.000379316630349
0.000468303265952
-6.73769498098e-05
-0.000395675102934
-0.000395371615171
-0.000707468640955
0.0003807194313
-0.000349797388565
-0.000131653420083
0.000343604499842
-0.000848948471618
0.000505343971776
-0.000274285833465
0.00014195298973
0.000607596052469
-0.000749549042209
-0.000170491065421
-0.000515044159175
0.000275089269057
0.000416933083204
-0.000507003213594
9.00701303728e-05
0.000305121082904
-0.000556667321096
-0.000265636881749
-0.000335458480831
0.000601095362592
-0.00045889203447
-0.000230947002908
0.0002567148422
0.000206656536657
0.00030698067885
-0.000547222990699
0.000240242311835
0.000264589378144
-0.000385109854782
-6.70860535884e-05
-0.000360358959512
-0.000398494031978
0.000758852991469
0.000381087837465
-8.9079282865e-05
-0.000332274765182
-0.000588186707228
5.15038345686e-05
0.000632563219991
0.000151817559682
-0.00023410535765
-0.00064739442884
0.000353357371349
-0.000185239592118
-0.000777228939433
0.000778166261373
-2.38608234021e-05
-0.000346554743717
-0.000627000652807
0.000563994472792
0.000778794685183
0.000156138838337
-0.000243103975264
8.69651369448e-05
-0.000309168940442
0.000635131346119
0.000474024635166
-0.000301201510135
-0.000172823125023
-0.000308658676479
0.00019560998315
0.000113048693326
0.000709588850846
-0.000704776203623
-4.81264721867e-06
-0.000247726946567
0.00020331931117
0.000150038060176
-0.000478015925199
0.000723030065798
-0.000550549991039
-0.000113817611335
0.000317136922513
0.000257488807243
-0.00061124546641
0.000353756659152
-0.00036860041682
0.000751081916613
-0.000382481499821
1.94274964769e-05
0.000690161354381
0.000658291800588
0.000254143647566
0.000405095334923
-0.000859594050873
0.000454498715964
-0.000638224095265
0.000251723746992
0.000386500348284
0.000428557747889
-0.000162674121584
0.000461928908694
0.000512532927605
0.000501879311752
-0.00043350288963
0.000914618494675
-0.000533091670136
-0.000381526824549
-0.000637493696695
0.000371856814949
-0.000567400716474
-0.000214814289063
0.000792294046114
0.000363551176095
-0.000559220619512
0.0001956694434
-0.000422825283805
-0.000215398811448
-0.000306381816253
0.000578953983833
-0.000271973305001
-0.000230379397372
-0.000295391660287
0.000525771057662
6.52575243578e-05
1.42735080363e-05
-0.000443079689294
0.000428806181229
0.00011789459757
-0.00056494423769
0.000493351901778
-0.00018324621366
0.00012712810721
0.000358839867935
-0.00048596797516
-0.000114173329498
0.000270312167853
0.00040956584456
0.000329432245094
0.000221470894916
-0.00069443523579
-0.000167496687825
0.000762453511775
0.000178532422769
-0.000745495293396
-6.22983534963e-05
-0.0003895536177
0.000204314025589
5.76742830214e-05
-0.000773761976572
0.000135026240739
0.000286499819995
0.000606318865469
-0.000892818685472
-0.000183547222043
-0.00030552540263
-2.15683208045e-06
-0.00024312649664
0.000245283328741
-0.000221360578186
0.000868279799478
0.000115198174474
0.000265889663
-0.0001956437584
-0.000169930965493
0.000479652060317
-0.000344625819574
0.000332633469111
-0.000516180691163
-7.99425015069e-05
-0.000111963544208
0.000191906045759
0.000854215546831
-0.00047674358178
1.71711007078e-05
6.28997781231e-05
0.000644230727181
-0.000386741919946
0.000588992686504
-0.000225441510446
0.000281981689728
0.000296972294095
-0.000265425930419
0.000209860926564
0.000237230073009
-0.000804630789489
-0.000164180295771
8.42377942672e-05
-0.000601498529307
0.000899256671028
0.000586764317116
-0.000866306199546
0.000184634537838
-0.000222532687808
-5.85428436516e-05
0.000281075531472
0.000196814947208
0.000116855975747
-0.000680277144686
0.000563421168935
-0.000197960241491
0.000455628425461
-0.000686266052223
0.000182301688996
0.000503964363244
0.000469526020504
-0.000455252512487
0.000840286881681
-0.000253522564565
0.000323214480344
-0.000226088793187
-0.000214589521597
-0.000221267355325
-8.73913211465e-05
0.000528333815791
-0.000831402742129
0.00030306892632
0.000436663565807
0.000325328732597
0.000304387373448
0.000284605313039
-5.98372546886e-05
0.00019974065323
0.000123473827098
0.000141074439203
-0.000363769052649
0.000129989965545
0.000422652296538
0.000485840124055
-0.000908492420603
0.000494974603522
0.000141689790871
-0.000437601254329
0.000295911463477
-0.000828980786297
5.19815899291e-05
-0.000450761450864
0.000454032542938
-0.000221595931371
-0.000490280624475
0.000145654804913
-0.000481239479804
0.000131442091216
-0.000532255106564
0.00010980630076
0.000236803989607
8.85247430047e-05
0.000253421928203
0.000235077283073
-0.000488499211271
9.46042347107e-05
-0.000329263776694
0.00092211385884
-0.000748004636315
-0.000517248049644
-0.000123017608883
0.000640265658546
-0.000550388122532
0.000278896521398
0.000271491601142
0.000394808646297
0.000356273270306
0.000321760189329
-0.000551709385314
0.000229949195972
-0.000163222585018
0.000793014300577
-0.000629791715573
0.000352002164095
-0.000775975814725
0.00044563574971
0.000580106907943
-7.59639161545e-05
0.000620779016021
-0.000316391642595
-0.000771514654435
9.15661559215e-05
-0.000813461354969
0.000113527773816
0.000587909242081
-6.18116884214e-05
0.000411518970341
-6.30131701958e-05
0.000141373198492
0.000210628965611
-0.000580341312448
-0.000300528671336
0.000661690576204
-0.00036116190485
-0.000627743226749
2.17758944764e-05
-3.39107143379e-05
-0.000501631514382
0.000689700529347
-0.000213134756761
-0.000476565772598
0.000336684422341
1.86280154404e-05
-0.000526477944328
0.000685924223639
-0.000159446279323
0.000491215710909
0.000235866446018
0.000524166170162
-0.000202405980844
0.000158688918262
0.000315335716906
0.000208624837074
-0.000234529943999
0.000434883195476
7.49069974379e-05
-0.000530633289212
0.000510490766878
2.014252232e-05
-0.000150660939091
-4.28762270404e-05
6.69880924716e-05
-0.000254737091229
-1.88651332064e-05
-0.000281374948682
6.01075933325e-05
0.00045894522494
1.02044894648e-05
-3.44321173893e-05
-0.000246942831277
-0.000128587478936
-0.000491107716074
0.000874660790083
0.000177931121202
0.0007297103561
0.000407579453876
-0.000181491160401
-0.000469062835008
0.000650553995397
-0.000140780090638
0.000807405652685
-0.000257914874782
0.000420519096808
-6.25987722612e-05
-0.000357920324556
0.00018761775738
-0.000701366332571
-0.000676397575549
0.000125847584522
-0.000113060893884
-0.000587669957207
0.000459082478261
0.000395276539365
-0.000629870446067
0.00023459390668
8.9137714669e-05
0.000331381382126
-0.000493048424701
8.09482052948e-05
0.000412100219435
0.000361454135569
-0.000121510637488
-7.44771777917e-05
0.000591294692762
-0.000818359834418
0.000462227775437
0.000197153497903
-0.000776451286064
0.000579297788157
0.000724452028213
-0.000451445100928
0.000353373514339
-0.000536508616853
-0.000143768527823
0.000534827680769
3.79490348284e-05
-0.000434848080915
-0.000152821876301
-0.000395796470948
-0.000931143318387
0.000356466152879
-0.000362299077893
0.000691731322984
0.000177542009465
0.000346624160695
0.000182976250597
-0.000297149580079
-0.000565823299697
-0.0007941551657
0.000433796206173
0.00035964255332
0.000376986263563
0.000466028553258
0.000395779575917
-0.000861808129184
0.000765014412657
-9.4867975673e-05
-0.000670146436998
0.000888680849792
0.000319434834659
0.000373802504513
-0.000907084311593
0.000212395301362
-0.000671287335843
-0.0006654133641
0.000618926303494
-2.01426016696e-05
0.000115582219804
0.000588378101518
-0.000118794686986
-0.000331811079068
0.000860144894849
0.000139786906065
0.000130525261803
0.000324349449098
0.000450012413814
-3.55299013237e-05
-0.000414482512493
0.000376627645893
0.000324388928353
0.000276706434235
0.000555629782445
-0.000378087772987
0.000256569369098
0.00033235371093
-0.000588923080015
0.000868782920111
-0.000631552847105
0.000550658425668
-0.000804180990247
0.000387413641551
0.00080291961815
0.000607201860251
0.000651574803352
0.000122086687522
0.000123772738111
-0.000245859425678
0.000479371350538
-0.000528272108296
-0.000768834915736
0.000706536562244
0.00069895201002
-0.000157340823235
-0.000288159063785
0.00015758561912
-0.000292321266929
0.000274354640613
-0.000308786758019
-0.000530871944974
0.000412077257997
-0.000612904185366
0.000303735244919
0.000520111280942
-7.0353519041e-05
0.000744751251146
-3.27585948263e-05
-0.000247959423063
0.000280718017859
0.000133710684447
-0.000496581065879
0.000371641119517
0.000124939946348
0.000202002378093
-0.000173954494164
-2.80478839369e-05
4.27530372578e-05
-0.000579213262346
-4.85299644097e-05
0.000823256974014
1.9387756547e-05
0.000282418554943
0.000243352502718
-0.000635422930323
0.000630722864408
-0.000448421175403
-0.000225792860392
0.00014824486239
0.000230447507553
-0.000431348435363
0.000917188559412
-0.000876672351718
0.000723288917886
0.000430882415549
0.000457798434233
-0.00021695510249
0.000104991558307
-0.000264502021009
0.000877716450115
0.000527977584935
-0.000792479605945
-0.000280597556229
0.000695141869853
0.000449568769572
-0.000795884124273
-0.000551647698432
0.00100230990388
-0.000450253023166
-0.000301321921424
-0.000322439687476
-0.000149956905194
-0.00024202856866
0.000797151458575
-0.000555122889931
0.000424276725758
9.20867325414e-05
-0.000516363458315
0.000484429331045
-0.000558906508848
-0.000197007648307
0.000174917331749
2.20903165358e-05
-0.000621041529406
-0.000183589260085
0.000722512643999
-0.000425330407989
-0.000297182236032
0.000508965970199
-0.000734758830601
-0.000616339241315
-0.000469804416598
0.000402718363012
0.000228011905445
0.000200421786808
-0.000428433692258
-0.000277228367671
-0.000289450162018
-0.000615460361795
0.000904910523805
-0.000625272212554
0.00104463618989
-4.62039581693e-05
7.0388335802e-05
-0.000375425483336
0.000402807906139
0.000438439501991
-0.000455546931841
0.000441591500669
-0.000469028539005
0.000397177296056
7.18512429356e-05
0.000582382510612
0.000210631789951
-0.000713157783493
0.000851921840289
0.000475561023081
-0.000690375312147
0.000376129231269
0.000244649784764
-0.000289792521565
0.000175035044023
-0.000712140606668
0.000541649541238
-0.000168417440953
0.000379046406575
-0.000817072025511
0.000196030496102
0.000536103893902
-0.000167921049046
0.000463832512546
0.000255240016608
-0.000506714952005
0.000251474935406
-0.000332625158287
-0.000461530007423
3.47365487678e-05
0.000534789234955
0.00050255277404
7.93799282636e-06
0.000537289322799
0.000115390830199
-0.000108352888087
-0.000476201896047
-0.000293818753424
0.000222504496966
-0.000255263091793
0.000694660893612
1.44303465934e-05
-0.000461464286501
-0.000542764728353
-0.00068219759177
0.000706759870906
-0.000197793900692
0.00022045160957
0.000263068213022
0.000131228719245
5.51706627623e-05
0.000155116189086
-9.7387419491e-05
0.000597238996876
0.000116850090429
3.88505493277e-05
-0.000155700639714
0.000593067276104
-0.000835095844772
-0.000227499226756
-1.89987411858e-05
0.000246497967903
-0.000525441556984
-0.000383050863627
0.000324018612012
0.0002549062868
-0.000194798693479
0.000579332758092
0.000441688441713
-4.4511145659e-05
-0.000465443925062
0.000315487019869
-0.000338912930502
-0.000492489811636
0.000283854624924
0.000351276721172
6.1556440314e-05
0.000302576516309
-0.00036413295664
0.000276464938076
-0.000391714230978
0.000115249292884
7.58779568262e-05
-0.000875382239717
0.000243829392607
-1.50838190987e-05
0.000759835070234
6.13722393111e-05
-0.000309331662367
-0.0004799381402
0.000444408238868
-4.99472978611e-06
-0.000718386765372
0.000241820992766
-0.000903154896022
0.000688294364123
-0.000452235677786
-0.000236058686353
3.54000173584e-05
-0.000393320341916
0.000483270059309
0.000262963956127
0.000272027058969
8.69095887224e-06
0.000169204370334
-0.00036614125211
-0.000167579596109
0.000395591501531
-0.000875402233111
-7.99315949959e-05
0.00033591108092
0.000170251254053
-2.69321027294e-05
-0.000290367173542
-0.000175076751532
0.000420085926458
-0.000143620988387
-0.000228136333273
0.000213280599035
0.000242347826428
8.77688848895e-06
-0.00042325940098
0.000454285074906
0.000477187454351
-0.000304846068435
-0.000172341385921
0.000795767740649
2.74892333567e-05
0.000453843715007
0.000472000147374
-0.000453571106645
-1.84290407327e-05
0.000227398964687
-0.000248519759773
-0.000904219778
0.000288759416197
-0.000178538275463
0.000170819192067
-0.000422026099224
-0.000427923821888
0.000499775064814
0.000497712928127
-0.000830338086421
-0.000639541627952
0.000495773100134
0.000555730499219
7.91532146106e-05
0.000364095201057
-0.000889536758052
-0.000449280801813
0.000224069649814
0.000225211152016
0.000250321834305
-0.000474694348067
-9.02498896368e-05
0.00046884096417
-0.000666634864864
7.73808418884e-06
-0.00025468091549
0.000206725692519
-0.000110246549258
6.25949747259e-05
0.00082957578209
-0.000198958967508
0.000577604835954
0.000328787767975
-0.000906392603945
0.000338537697814
0.000566372825985
7.19963847523e-05
0.000242320645705
0.000571581724905
-0.00044770973009
-0.000614837961558
4.00098587287e-05
0.000574828102842
-6.46445747474e-05
-0.000634850264703
0.000699494839452
0.000916142533763
0.000244778464388
-6.6316738641e-05
0.000490593464379
0.000479309666425
0.000513973804469
-0.000758712243462
-0.000440986663364
-0.000470900025162
-0.00070148980571
9.98240305867e-05
-0.000527747852487
-9.12462776921e-05
0.000654667446637
0.000298380543843
-0.000314224248102
0.000506989107233
-0.000458656504542
0.000550743237094
-0.000328732939285
-0.000515626078515
0.000724650923382
-0.00020902484488
-0.000679351743617
-0.000158809476444
0.000421877689475
0.000176783284131
0.000532746061937
4.73608459882e-05
-6.44441311182e-05
0.000391464365786
-4.04797310809e-05
0.000431944096866
0.000625972939168
-0.000648666974594
-4.57682611859e-05
-0.000149594788858
6.67457824343e-05
-0.000281651308292
0.00045247050036
0.000117840459595
-0.000576496964138
-9.65044040687e-05
4.05673156216e-05
-0.000313532795204
0.000272965479593
-0.000170700663781
-0.000220398249086
-0.000479420171662
0.000656203455776
0.000218172206767
6.64055008944e-05
-0.000284577707654
0.000352359561191
-0.000279905714813
-0.000167627110774
0.000298152372597
-5.58006709595e-05
-0.000199462420831
-0.000400132639975
0.000359652908891
0.000613613559738
-0.000979540489452
0.000745435131816
-0.00038454345343
0.000432050900968
-0.000602751564757
-0.000868249460496
0.000790468562417
7.77808980698e-05
0.000183221611058
-0.000453655401149
-0.000560748990079
-0.000417475144712
0.000484979318046
6.57639190508e-05
-0.000302885559842
0.00034345287547
0.000278228486843
0.000655259291988
0.000522367282051
-0.000488592237028
-0.000270120006444
-0.000283563296096
-0.000520617694163
6.63702764505e-05
-0.000369255836292
-0.000205618082133
-0.000410721159188
-0.000413494813552
0.000458847824984
-4.53530115494e-05
-4.01694344744e-05
0.000103069212617
0.000202718543676
-0.000370298139785
1.6314502068e-05
0.000508846859218
-0.000525161361314
-0.000228486465161
0.000810186663899
0.000816003036657
-0.000406437192088
-4.02573623444e-05
0.000525236680387
0.000765817555536
-0.000167337884957
0.00058370585512
5.42755740605e-05
-0.000398482924412
0.000867832985613
0.000136807112912
5.50989328581e-05
-0.000624129292196
3.59425849905e-05
-0.000754409347594
0.000521153407307
0.000588131201114
0.000325429165676
5.11178608814e-05
-4.10082818918e-05
0.00025918048865
-0.000247127294308
0.000114235713369
0.000224864464495
-0.000339100177859
-0.000280550474443
-0.000144446063174
-0.000441777151555
-0.000224857713324
0.000297401003586
-0.000173927176503
0.000713322125767
-0.00012494402425
-0.000413191639485
0.000450336102034
-0.000405091110144
-0.000197660454621
1.79879810118e-05
-0.000272668896503
0.000448467056822
-0.000117085674706
-0.000354329173332
0.000378012421467
0.000575226846056
-0.000449456303474
-0.000242879087861
-0.000300250318427
-8.53643959876e-06
-0.000660390385395
-0.000781055842691
0.000333364066524
-0.000505705452448
-4.60563426774e-05
0.000220973674403
-0.000617633187749
-6.68987847598e-05
0.000231249920431
-0.00016435113569
-0.000550650168546
0.000117147278917
-4.21236199143e-05
-0.000137157396559
0.000179281016464
-0.000534749463997
0.000306262998835
-0.000250270250409
0.000364505963764
-7.94017105796e-05
-0.000193980382229
0.000273382092845
3.94876043867e-05
0.000548643596729
0.000714243480952
-0.000722507224095
0.000872939258668
-0.000150432034579
0.000679233152228
-0.000152850991122
0.000110727371196
0.000197658358134
-0.000204056181323
-0.000483669578471
0.000527031452127
0.000697941403438
-0.000862464947169
0.000139957723068
-4.51254942319e-05
0.000119958214718
-7.48327205012e-05
0.000190241638537
-1.57718736675e-05
-0.000175177750303
0.000241923532762
0.000193587515046
-0.000253364718299
-0.00048139411232
-0.000201770233645
4.12937722685e-05
0.000717684947443
-0.000744617050181
0.000629948823468
-0.000251936402011
-0.000563540696058
0.000201385397473
3.07543382176e-05
0.000120064538359
7.41964891741e-05
-6.39919996838e-05
-0.00040427345732
0.000239162012931
-0.00045131770365
0.000139408457028
-0.000631429519645
0.000453368695682
-0.000282262337428
0.000415805080124
-0.000398016645957
-1.77884341489e-05
0.000430235426723
-0.00033726937889
0.000774669717764
-0.000683103561853
-0.00071609319506
0.000621225219377
0.00047748377192
-0.000278801991788
-0.000237520134042
0.000265007444587
-0.000701269354573
0.000894856869615
0.000498860898575
0.000878893327588
-0.000389520325528
-0.000445801291666
0.000156722338325
-0.000149328603438
0.000171418919954
-0.000492773154393
0.000121496169919
0.000745854137934
-0.000713506399917
-4.4249930359e-05
-0.000228418966145
0.000145321251134
0.000270988348275
-0.00088862153603
0.000327053554489
-2.53698149633e-06
0.000299513392582
-0.000175622813298
-8.96017635101e-05
0.000467867596828
-4.00206189417e-05
-0.000553259755942
-0.0001231378196
-0.000100811036423
9.40975743944e-05
6.71346203797e-06
0.00013218205948
-1.67912292588e-05
0.000590022871894
-0.000608714459835
-9.26518727172e-05
-0.000427790900331
0.00025980644394
-8.84864857928e-05
4.56102587903e-05
0.00017762397301
-0.000207535894178
0.000282442891626
-0.000229755165128
-9.27135716112e-05
0.000657657129429
4.39859149118e-05
-0.000326248252342
0.000165376753823
0.000303306634294
-0.000864055624379
0.000230322021238
0.00100905551439
-0.000682054333427
-0.00032700118102
0.00010417199038
5.86045972992e-05
6.81529808519e-05
-0.000126757578145
0.000234466484216
0.000118465108651
3.26600037503e-05
5.13737909107e-05
-9.64992851621e-05
0.000746090993802
0.000459130714176
-0.000790941793252
-0.000640751861978
0.000139120347608
0.00062863661732
-0.000256779802364
-4.41738125371e-05
0.00010277840984
-0.000370496895622
0.00030944883571
-0.00063871261241
-8.40391672117e-05
-1.38047732829e-05
0.000483330793767
6.27505760759e-05
-0.000113874075319
9.65009007912e-05
0.000311017492309
7.04076584549e-05
-0.000381425150777
-0.000135131127595
-0.000577009479085
-9.75276479441e-05
-0.000148331777755
-0.000195338061459
0.000352060399798
-7.09006939401e-05
-9.89093787593e-05
0.000417594624626
-9.58271827159e-05
-0.000395306673241
0.000355003407215
-0.000609670768261
0.00029327912565
-8.46980102742e-05
-0.000654155051819
4.17854751809e-06
6.40331033038e-06
-3.10555689413e-05
0.000167862681859
0.000629510476286
-0.000210556692836
-0.0004208728268
-4.99561565733e-05
0.000516606991619
-0.000363705701338
-0.000152901290266
0.000602527910416
-0.000361051997651
0.00052973286568
-0.000517682939466
0.000594105468338
0.000425302324767
-0.000668922914098
0.000673101461605
0.000438037264899
-0.000366510336192
0.000411320570771
-0.000340912912323
0.000360697643071
-3.71890700966e-05
-0.000323508572986
0.000334835617135
-0.000273463377824
9.0838313956e-05
0.00062219906772
-0.000297810139355
-0.00082014877413
0.000379444755082
-4.11381822741e-05
-0.000401941507028
0.000297435464057
9.45079800494e-07
-8.44671978726e-05
4.73842586623e-05
-2.67846808241e-06
-4.47057905869e-05
-0.000358934060822
-7.09541141246e-05
0.000366809425109
0.000408051306326
0.000180507279452
-6.36571889902e-05
0.000458950344149
0.000407149631684
-0.000866099975807
-0.000100115080059
-0.00038585289512
-7.0049185325e-05
-0.000256199067024
0.000265374189706
0.000438300331814
-0.000122813311953
0.000363922600617
-0.000367683417893
0.000410743712981
0.000161492917683
-0.000177411581886
1.90264142129e-05
2.83578444409e-05
0.00032594829251
1.77340283217e-05
-0.000275859800179
0.000421181051301
-0.000514904277454
-0.000326649018741
7.67908425714e-05
0.000249858176209
0.000148289358731
-0.00017633724268
9.20126250169e-05
3.83620747348e-05
0.000661132764723
-0.000265952524388
0.000247087391183
-1.41474517634e-05
0.000562791048498
0.000177983914837
0.000321670396387
0.000313177810961
0.00051108922862
-0.000418767214071
0.000835447206123
-0.000102314197082
-1.42899966031e-05
-0.000713111105707
0.000355018898482
-0.000580460408951
3.90772129388e-05
-0.000629644555058
-3.45603237891e-05
-0.000259256051201
-0.000450718608838
0.000550765632535
-0.000100047023651
-6.82638165137e-05
-0.000647147019626
0.00020791628143
-0.000725164331045
0.000298515893592
0.000363174682633
0.000352386223438
-0.000332369508443
-4.30559749213e-05
0.000348907669047
1.17899739985e-05
-1.81694526311e-06
-0.000688745237284
0.000690562182574
-0.000180716500028
-0.000391971217581
0.000572687717623
-0.000359889702863
8.79523431095e-05
-0.000212759806361
-0.000307059013418
0.000316566445233
-0.000141531401205
-0.000993073310612
0.000337151870471
0.000655921440123
0.00025302831777
0.000200441625219
-0.000144701688424
0.000185995460715
0.000271454824448
-7.10131992487e-05
-9.19774984041e-05
0.000330349069462
-0.000238371571034
0.000744673668515
0.000209102382928
-0.0003193489322
-8.6536524808e-05
0.00012561373777
1.30635694643e-05
0.000616446906823
-0.000297646547039
0.000306337505905
-7.04002051237e-05
7.71136671549e-05
-0.000254651869778
0.000275655058423
-0.000953716915022
0.000624047270907
0.000195413782828
-7.2641896648e-05
-0.000122771886208
0.000183708345122
-0.000283929618695
-0.000145733414453
-0.000188172496504
0.000466026585865
-0.000277854089363
0.00022247702836
-0.000371245644137
0.000697103176199
-0.000160642446467
0.000559124989188
0.000577310463667
-0.000386600301652
-0.000194036483996
-5.71880776537e-05
0.000537060743963
-0.000479872666281
0.000485700329152
9.21646029319e-05
0.000121300318384
0.000228510618244
-0.000293129968878
0.000466953086807
-0.000805866017321
-0.000248042514932
0.00059931923609
0.000145307355238
0.000228798467513
-0.000308730062493
-2.53110592464e-05
-0.000246598195181
0.000377826914436
0.000507906686499
-0.000570230609974
6.23239235021e-05
-0.000596713216564
0.000208414384625
-0.000211542022817
0.000744898636981
7.84029500149e-05
0.000553443723032
-0.000631846673034
-0.000358029221346
0.000651308346986
-0.000597911732195
0.00023988251083
-0.000136381634182
0.000164180472392
0.000383159813466
-0.000547340285895
0.000865697074636
-0.000607388350833
0.000189913206137
-0.000308366990814
-0.00039910165015
0.000859685357786
0.000478670631419
-0.000141257739495
9.40181619305e-05
4.60425776953e-05
5.60485878714e-05
-0.000415641094941
0.000359592507064
-0.000165819307486
0.000423705538491
-0.000257886231022
0.000836222921786
9.10425859342e-05
-7.11173971716e-05
-2.53818880201e-05
-0.000360398097214
-0.000416279936543
-0.000406176118069
-0.000413972656053
4.49227575934e-05
0.000233509567992
-0.000155684415406
0.000549060563999
0.000499740423845
1.13488047733e-05
0.000140943631941
0.000864499381492
-0.000427785256994
0.000674196334186
-0.000269301490499
6.64235673895e-05
-0.000134687383878
-0.00016276113388
-0.000426258604201
0.000589019738066
3.29398546197e-05
0.000603091345198
-1.65381606039e-05
0.000322875666481
-1.03924472891e-06
-0.000624096301989
0.000899751360405
0.00066706245668
0.000460078167533
-0.000583095776405
0.000569884468294
0.000741181544288
0.000290498134914
7.3795865254e-05
2.34820898236e-05
-9.72779550974e-05
0.000344971968325
0.000492428567417
-8.97102044152e-05
-0.000583921417158
0.000623931275895
-5.94766726272e-05
-0.000188826483413
-0.000181471656372
0.000495042085928
0.000359180826689
-0.000573770348296
0.000257751031705
0.000399906097714
-0.000512560380384
0.000412445300312
0.000474283495254
-0.000599227519507
-0.000444888645652
-0.000414705405215
0.000303626382397
-0.000265677347555
0.000104667595635
0.000576307406722
0.00027410790828
-0.00064426692869
-0.000581958681857
0.000520400444699
6.1558237159e-05
-0.000134485695983
-0.000424734923513
-0.000592504027672
8.58261052306e-06
0.00032718433112
0.000672858863886
-0.000363410028189
0.000351170827916
-4.29054323643e-05
-0.000413901576914
0.000456807009244
-0.00034321268928
0.000501901607542
0.000156145484913
9.21959622796e-05
0.00056470765119
-0.000376502633129
-0.000188205018083
0.00061589327208
-0.000661661533257
-0.00037529545747
0.000387085431454
0.000571426428197
-1.26895350121e-05
-0.000569269146846
0.000421350113054
-0.000112325820449
-0.000416972784832
0.000529298605279
-0.000726684671142
-0.000219367798918
0.000509865933813
0.000783142999754
-0.000793007862714
-0.000122323670338
0.000547220002488
-0.000331997650529
-0.000215222351958
0.000589726395941
-0.000249982112617
-0.00029710199245
0.000494616619524
-0.00044349875865
-0.000323988706452
-0.00050668298925
0.000562097858562
-1.30372945745e-05
0.000628817598069
-0.000592875013051
-0.000565148303628
0.000404505857158
0.000440425361395
-0.000425655468135
0.00010504453792
-0.000841934117997
0.000701154027375
-0.000401990035756
0.000153746041699
-0.000602167217093
7.06715199572e-05
4.05277784128e-05
0.000333930828008
-0.00060590413302
0.000401946517305
0.000799997850275
-0.000354362100557
0.000301617057665
0.000212356746808
0.000763011457791
-0.000386025194221
0.000416433639744
-6.67098313864e-05
-0.000349723808368
6.36717903891e-05
0.000231097060712
0.000234929525157
0.000222816602954
-0.000663751914655
-0.000448688023783
0.000639190747262
-0.000487610544019
0.000575683158893
1.49046043021e-05
9.70863807178e-05
-0.000122468268771
-0.000468924301741
0.000676840583169
0.000192311604239
-0.000333843005433
-0.000169584795278
0.000361896399526
-0.000222558340435
-0.000229539062304
0.000379577122488
-7.21350189977e-05
-0.000622722700668
0.000196464096456
0.000513777293795
-0.000815099215213
-0.000365225742334
-3.73188604911e-05
0.000537059284342
-0.000504614919364
-0.000340677315794
0.000814187941076
-0.000756183669436
-5.80042716577e-05
-0.000360997877703
0.0008766002054
-0.00050475242402
-0.000371847781371
0.000466155210836
-0.000481927084511
-0.000707944074988
-9.58368345343e-05
-0.000417376667479
-0.000309308003653
3.4764046804e-06
9.30244961275e-05
-0.000600893993471
8.59897160231e-05
0.000479600972495
-0.000604278083613
-3.86030877968e-05
0.000642881171413
-0.000711944304886
0.000576813177281
7.04644971488e-05
-1.37512829743e-05
-0.000765798156957
0.000448490533781
0.000317307623159
-0.000519471555485
-0.000583258583237
-0.000716279753471
0.000840656448744
0.000679101144754
4.40736746799e-05
-1.21688232103e-05
0.000574959871716
0.000199319349042
0.000630168890034
-0.000117635962403
9.61871564087e-05
-0.000851064763715
0.000314518294259
-0.000569170164067
-0.000304781784409
0.000285237994368
-0.000208242119158
-4.86470337462e-05
0.000869898179908
-8.67551801653e-05
0.00053954107792
-0.00014707774482
-0.000578086586232
0.000286116943937
0.000313731104034
0.000434162118243
-0.000766794573068
0.00033263245481
-0.000662542529252
0.000276804544139
0.000731396494583
-0.000701941323337
0.000610865322302
0.000110126831137
1.54869066603e-05
-0.00016983764523
-0.0004375507056
-1.23690470068e-05
-0.000430773455458
-0.000152322320942
-0.000687894314312
0.000265303404865
0.000244562528944
0.00064006776773
-0.000779006567863
-0.000577851200277
0.000461894800188
-0.000123507513507
-0.000168300727576
-0.000538922622597
-0.000606255310642
-0.00054273450682
0.000385393683575
0.000617891496944
4.91709597264e-05
-1.36979801237e-05
-0.000177349469853
-0.000106580148838
-0.000514962235297
-0.000478111075329
0.00020400731321
-0.000231784369061
0.000270755148493
0.000288369840702
4.29556763688e-05
0.00051914218218
0.000467075848249
0.000537641011226
0.000592425544884
-0.000463046869481
-0.000246723306337
-0.00053022247351
-0.000283393437909
0.000221777155602
0.00090905865816
-0.000868658420341
-0.00018601035056
-0.000889110961171
0.000890309690918
-0.000586038220403
0.000573000925811
-2.11800783628e-05
-0.00093376960039
0.000954949678732
-9.08648083745e-05
0.000299175818435
0.000122005232852
-0.000508672372812
0.000330826477973
-0.000124532647824
0.000854243003915
-0.000537997762297
0.000465862743287
0.000390218404372
-0.000291607870796
0.000812761278091
0.000228054021386
0.000257646307775
-0.000130289206513
0.000260427894362
0.000366569407767
-0.00084458533296
-0.000371703899082
-5.28115876052e-05
0.000500232930021
-0.000653507223687
-0.000835030983108
0.00048066888256
0.00070566552528
0.000205177839637
-0.000100025423694
0.000144676601921
-0.00085825744027
0.000256758910947
0.00068887887291
0.000351336059839
0.000370395881156
-0.000875148305166
0.000364762143518
-0.000516423862088
-0.000785642404252
0.000395174148747
0.000390468255492
0.000389644006374
-0.000346121471578
-0.000549251328346
-0.000319108786012
0.000193173916599
-0.000565361066561
-0.000445701870102
0.000272878745084
-0.000297799042794
-0.000510244751137
0.000339155066542
0.000171089684586
-0.000321253689311
0.000188055562327
5.22015288432e-05
-0.000421827131058
-0.000244144560367
1.70531247864e-05
0.000537184081579
0.000710914558294
-0.00100788762427
0.000516924548948
0.000623602577
-0.000312586393001
-0.000122962106056
0.000476335620423
0.000732529589977
9.80593344741e-05
0.000298469005771
0.000407196519515
-0.000345748706003
-0.000188376664727
0.000498411433693
-0.000492008123354
0.000257600144694
0.000134225962636
-0.000391826107334
0.000876675534793
-0.000191609891865
-0.000791209792265
0.000543482845706
3.92849479305e-05
0.000224597688576
0.000503885055855
0.000123778834341
-0.000328783067894
-2.98606745992e-05
0.000154416426257
0.000325184546231
-0.000203982493198
0.000126037932862
7.79445603342e-05
-0.000219783364063
0.000295357774001
-0.000537181986241
0.000520637089634
-0.000813797948327
0.000634944621722
-0.000271616369502
0.000505752486091
-0.000874776412487
0.000426314343788
-0.000114323361318
0.000829726126429
-0.00018965835869
0.000132660041448
0.000246917081046
-0.000371620424324
-0.000796711284356
0.000738707012689
0.000337881459958
-0.000637316856034
-7.4627448862e-05
-0.000265977025227
-0.000865874200935
0.000415621177775
-0.000261480668984
0.000637609900241
-0.00116125442347
0.00083848324049
0.000737464766326
-0.000660294267734
0.00070946522745
-4.45840117509e-05
-0.000480577349585
0.00048383166846
-0.000403979400747
0.000195159022231
-0.000447189779084
9.74659707041e-05
-0.000745815837516
0.000286119626896
-0.000853341072767
0.000304089744429
-0.00070915308226
-0.000452101341209
-0.000504148145448
0.000424122507985
0.000148565209649
-0.000560083148104
0.000151646194848
-0.000935506446156
0.000718831609853
0.000339258988384
-0.000702669016582
-0.000163274939038
-0.000454128144626
0.000393962442903
8.57967260623e-05
0.000406144469415
-0.000417374704318
-0.000804927022948
-0.000551126549609
-0.00043835761518
0.000378780007392
-0.000579638351712
0.000200858344318
-0.00019907119289
-0.000428964155183
0.000609942762369
-0.000341521315757
7.58439682073e-05
-0.000222739138129
0.000443211669714
-0.000349551903926
-0.000525603122483
0.000428134156769
-0.000531521099577
0.00010338694279
-0.000645378709911
-0.000551500537577
-0.000893931296343
0.000778260748219
-0.000387792492738
0.000200802116857
-7.17023674837e-05
0.000499836524238
-0.000431325738189
0.000331386244286
9.99394939115e-05
-0.000300257369957
0.000544819898893
-0.000229293801849
-0.000658209835259
0.000415357584376
0.000242852250886
0.000405538786534
3.54811514532e-05
0.000729084284083
0.000147661950798
-0.000601933905331
-0.000406556849137
0.000251392624755
0.000884655068897
-0.000634709678977
-8.49421355036e-05
0.000376177903812
0.000129574582271
-0.000328245726959
0.000565176626865
-0.000375263420727
-0.000434321035162
2.86289662843e-05
0.000473643874511
0.000342692892458
-0.000730485385204
0.000453154322957
0.000105620289678
-0.000359976124131
0.000850560530778
0.000814862507547
-0.000486633120652
-0.000118413120565
-0.000397950337758
-0.000449035804813
0.000151810604794
0.000315917653018
-0.000502056482209
-0.000375601494915
-0.000417488706264
0.000543351806324
7.30962909128e-05
-0.000616448097254
-0.000314755668939
-0.000210847453532
0.000769267229629
-0.000413177762052
-0.000448914613459
-9.9314897563e-05
-0.000372584378279
-3.92743710084e-05
-0.000771242265106
0.000372140614949
-0.00012988363865
-0.000115990021281
-0.000522871571288
-0.000437165618816
0.000693424463055
-0.000106123934078
0.000649475740393
0.000342543094454
0.000898685282157
-0.000415415222853
-0.000500773099878
-0.000556541265747
-0.000523002060419
-5.02993098275e-05
0.000657521309675
-0.000462988103271
-0.0002204461522
5.29359406594e-05
-5.74400306476e-05
0.000388826274934
-0.000664757908543
-0.000488676563203
0.000102330060111
-0.000592238473093
0.000489908412964
0.000162825782198
-0.000857981715101
-0.000541372125529
0.00016610870482
0.000546368795037
-0.000141862937881
0.000568192803393
-0.000601135166407
-7.57014949301e-06
-0.000367830519574
0.000220355690856
-0.000501016132518
-0.00015249109115
1.60060774237e-05
0.000280246700999
1.50359282821e-05
1.78362743332e-05
0.000744464220728
0.000112681593804
-0.000857145814511
-0.00032755847036
0.000762759700936
-0.000436617397835
1.46698075745e-05
-0.000576596574476
0.000193509833808
0.000334664395058
0.00036539273346
-0.000289548765252
-0.000251013315738
-0.000372589261261
0.000453121307902
2.07876949499e-05
-0.000384511207551
0.000876664058988
-0.000380198499518
-8.8866316323e-05
1.45693925462e-05
-0.000624339994177
0.000161351890896
-0.000147409682614
-0.000631234513891
0.000542396400933
-0.000371306716354
-0.000137144927866
-0.000568967170976
-0.00046490549458
-0.000344369482405
-0.000150324733527
0.000608867418186
0.000387158206023
-1.59935599282e-05
-0.000410878823041
-0.00068313341317
-0.000302794116868
-0.000456623545486
0.000356684051575
-0.000599255487771
0.00017773882138
-0.000761205550967
-0.000134431581218
-6.34941551776e-05
0.000693471667517
7.90239905679e-05
-0.000716340846614
-0.00043790359688
6.28708567419e-05
-0.000604109422609
0.000680859695161
1.2611972343e-05
0.00084969719338
-0.000239754431004
-2.50645666677e-05
-4.34471714497e-05
4.53999304818e-05
-5.18780246201e-05
0.000647556594058
0.000378245109714
0.00019010020411
7.84239238116e-05
7.19008097152e-05
0.000838707177667
-0.000541338704982
0.000669166594674
0.000352074057016
0.000326252460724
-0.000468115398609
-0.000502057955802
-0.000157892142547
0.000859046169932
0.000578080823879
0.000331367583811
-0.000887213275317
0.000555845691515
-0.000768320335659
0.00088159769865
-0.000718771916442
-0.000676521399919
-6.55736466112e-05
0.000205076298733
-0.000758383324853
0.000866978537711
-0.000595211213608
-3.95517150001e-05
-0.000757121449558
-6.17069860453e-05
-0.000543780721353
-0.000669387811242
0.00087446410998
-0.000778292251004
-7.8853563502e-05
-0.000286953586782
0.000865034410664
-0.000407588791177
0.000597688995285
0.000597701482118
0.000261577803502
0.000325639832731
-0.000289511793199
0.00050963774288
-0.000881485524247
0.000861711799897
0.000457732399152
0.000835977508868
-0.00079417155971
-0.000407013353685
0.000454997586384
0.000297589285937
0.000719586964528
0.00064624858586
-0.000218592003541
0.000213820284362
-0.000793713243401
0.000579892959032
0.000137710172773
-0.000832955408155
0.000587965220824
0.000311786139569
8.27749713285e-05
0.000511479673314
-0.00059425464463
-4.32070222285e-05
0.000702562615605
-0.000659355593365
7.72873871625e-05
0.000509105928955
-0.000586393316196
-0.000484799425336
0.000698619709693
-0.000534882193723
9.1383435069e-05
0.000417734914807
0.000471557245143
-0.000790666031145
-0.000518193973284
0.000856075433227
0.000195774208547
-0.000256953725159
6.11795165496e-05
0.000221075680751
4.43400782163e-05
-0.000163983661335
2.1084692705e-05
-0.000335816536906
0.000314731844198
-9.2535080958e-05
0.000314909040013
-0.00022237395907
0.000197875855621
0.00070251380228
-0.000316013453992
-0.00053480875078
0.000684674994177
0.000183157991426
0.000144068278831
0.000725829901067
-0.000873152562914
0.00079852511404
0.000770769782265
-0.000894533280803
0.000944431373704
-0.000697793162993
0.000400998365109
0.000769934257523
-0.000193121080255
-0.000557174451162
0.000271016086704
-0.000773638483568
-0.000705977010096
0.000123688523276
0.000646769444133
-0.000390144398619
0.000680640758446
0.00050078829315
0.000921407291077
-0.000490587288157
-0.000979989782191
-0.000884903944646
0.000542629767335
-0.000802756583088
0.00107440632534
-0.000802484959824
0.000738830709194
-0.000196093769687
0.000332685309496
-0.000293550957427
0.00015676834216
-0.000478031776003
-0.000656930715291
-0.000456431796066
0.00042797934197
-0.000543504554944
0.000684489247406
-0.000444948207915
-0.000535659049745
0.000334800705431
-0.000529133481729
-0.00025898582638
-0.000645126940683
-0.000682182382401
0.000466783570961
-0.000673429532724
0.000671566999381
-9.67388965314e-05
0.000660573281281
-0.000743992288707
-0.000305443012543
0.000666604917392
-0.00033577843941
9.14838861789e-05
0.000383872134189
-0.000538836298792
0.000505309817966
-3.92931362195e-05
-0.000796059427621
0.000698000093147
0.000138222828629
0.000263203381809
-0.00061558636661
-0.000450158386661
0.000726375699107
-0.000534765807243
-0.00018530885551
-2.98967107421e-05
-0.000168949487848
0.00037020166856
0.000385012489132
-0.000759229010957
0.00077219373196
3.05115397663e-06
-0.000320922360804
0.000381788313156
0.000733999402299
0.000445733999924
-0.000433825120434
0.000704841207127
0.000464865108142
0.000444078441194
0.00085641984966
0.000586881965713
0.000531638951537
0.000938818641738
-0.000522077072642
0.000817960524503
0.000299731648042
-0.000470819025211
0.000263996260452
-0.0002825546938
0.000781818139506
-0.000449185684703
-0.000477153742339
0.00036511231404
-0.000238944390933
0.000735729408161
0.000675496898093
-0.000626740561599
0.000384919568835
0.000407842094863
0.00035039696978
-0.000186586050814
-0.000257416064999
7.42371955e-05
-0.000101715554882
3.83072411565e-05
0.000352495107999
-0.000283961683404
1.10120283622e-05
0.000121875538462
-4.47695551732e-05
4.87556285357e-05
0.000504993521301
0.000567240412918
0.000665906175495
-0.000555557059097
0.000303513447154
-0.000444294202701
0.000140780755426
-0.000597556985829
0.000435619729322
0.000161937256472
0.000560059381475
-0.000507857852626
0.000655486879784
-0.000410837095041
0.000890899850173
-0.000461980427633
0.000831006554683
-0.000932006581672
-0.000384115651411
0.000764020251469
-0.000704604580858
-0.000275385201161
0.000514970098973
-0.00058323916085
-0.000469799650343
-0.000422360037702
0.000849091808418
-6.39258738635e-05
-0.000535880462377
2.75585318959e-05
-0.000583375620228
-0.00032451860843
0.000564401119282
5.88864462321e-05
0.000146843302855
0.000513729978442
0.000296232788629
-0.000612246242615
-0.000802551803245
-4.52601511318e-05
0.00059257730278
0.000637523865998
0.000718641948027
-3.38901794696e-05
-0.000684751768512
4.07970558526e-05
0.000559795565615
-0.000341879329736
-0.000217916235865
0.000276402127675
-0.00052788968029
-0.000135748919725
-0.000392140760517
0.000590970194991
-0.00031456806731
0.000639205557892
-0.000598408502016
0.000363085839182
0.00016718273875
0.000561486587043
-0.000207239388868
0.000642120305572
-0.000458962314152
-0.000112015099031
-0.000569965033683
-2.75919521675e-05
-0.000103325095516
-0.000266451586535
3.54510388539e-05
0.000568794441353
0.000322105408807
-0.000479349399899
-0.000447759500071
0.0005008388866
-0.000452786932051
0.000673211766181
0.000125313347847
-0.000463425531394
0.000630608270148
0.000537634763463
-0.000744874152335
0.000480090685921
0.000748781744567
-0.000854873897893
-0.000131518178001
-0.000171087377173
-0.000112041428257
-0.000145462671645
-0.000310900896506
0.000694107789195
0.000755864580761
0.000464747690509
0.000285356213181
-0.000317239134437
-0.000245941696813
-0.0001152280328
-0.000297509295748
0.000213193485127
-0.000300881188965
5.35046109035e-06
0.000249434024986
0.000256798863381
-0.000139498190979
-0.000360683020281
-0.000230681300605
0.000219919733938
0.000174886141545
0.000110346633911
0.000643216349924
-0.0003587749516
-9.71268587264e-05
0.000132407805949
-0.000411694926229
-0.00046600069608
-0.000411120227513
-0.000159112088231
0.000377028324311
-0.000245586232915
0.000381335152806
0.000111476095658
-0.000573275672876
0.000189739058231
0.000428961217412
-0.00051146485782
-0.000607475075722
0.000603166792682
-0.000309685909345
0.000178561551842
-0.000976107615424
-0.000787918300333
-0.00069766364987
-0.000267201082799
0.000986873782949
0.000890461915197
-0.00127700884709
0.00106761159146
0.000946522565207
0.000652928417386
0.00065644815534
0.000258049899023
-0.000765642328514
-0.000775092084356
0.00098152563124
-0.000854749824533
)
;

boundaryField
{
    bottomWall
    {
        type            calculated;
        value           uniform 0;
    }
    leftWall
    {
        type            calculated;
        value           uniform 0;
    }
    rightWall
    {
        type            calculated;
        value           uniform 0;
    }
    movingTop
    {
        type            calculated;
        value           uniform 0;
    }
    front
    {
        type            empty;
    }
    back
    {
        type            empty;
    }
}


// ************************************************************************* //
