/*--------------------------------*- C++ -*----------------------------------*\
  =========                 |
  \\      /  F ield         | OpenFOAM: The Open Source CFD Toolbox
   \\    /   O peration     | Website:  https://openfoam.org
    \\  /    A nd           | Version:  14
     \\/     M anipulation  |
\*---------------------------------------------------------------------------*/
FoamFile
{
    format      ascii;
    class       volScalarField;
    location    "constant";
    object      Ccy;
}
// * * * * * * * * * * * * * * * * * * * * * * * * * * * * * * * * * * * * * //

dimensions      [0 1 0 0 0 0 0];

internalField   nonuniform List<scalar> 
5000
(
0.00666666666669
0.0133333333334
0.0266666666668
0.0333333333335
0.0466666666669
0.0533333333336
0.0666666666669
0.0733333333336
0.086666666667
0.0933333333337
0.106666666667
0.113333333334
0.126666666667
0.133333333334
0.146666666667
0.153333333334
0.166666666667
0.173333333334
0.186666666667
0.193333333334
0.206666666668
0.213333333334
0.226666666668
0.233333333334
0.246666666668
0.253333333334
0.266666666668
0.273333333334
0.286666666668
0.293333333335
0.306666666668
0.313333333335
0.326666666668
0.333333333335
0.346666666668
0.353333333335
0.366666666668
0.373333333335
0.386666666668
0.393333333335
0.406666666668
0.413333333335
0.426666666668
0.433333333335
0.446666666669
0.453333333335
0.466666666669
0.473333333335
0.486666666669
0.493333333335
0.506666666669
0.513333333335
0.526666666669
0.533333333335
0.546666666668
0.553333333335
0.566666666668
0.573333333335
0.586666666668
0.593333333335
0.606666666668
0.613333333335
0.626666666668
0.633333333334
0.646666666668
0.653333333334
0.666666666668
0.673333333334
0.686666666667
0.693333333334
0.706666666667
0.713333333334
0.726666666667
0.733333333334
0.746666666667
0.753333333334
0.766666666667
0.773333333334
0.786666666667
0.793333333333
0.806666666667
0.813333333333
0.826666666666
0.833333333333
0.846666666666
0.853333333333
0.866666666666
0.873333333333
0.886666666666
0.893333333333
0.906666666666
0.913333333333
0.926666666666
0.933333333333
0.946666666666
0.953333333333
0.966666666667
0.973333333333
0.986666666667
0.993333333333
0.00666666666669
0.0133333333334
0.0266666666668
0.0333333333335
0.0466666666669
0.0533333333335
0.0666666666669
0.0733333333336
0.086666666667
0.0933333333337
0.106666666667
0.113333333334
0.126666666667
0.133333333334
0.146666666667
0.153333333334
0.166666666667
0.173333333334
0.186666666667
0.193333333334
0.206666666667
0.213333333334
0.226666666668
0.233333333334
0.246666666668
0.253333333334
0.266666666668
0.273333333334
0.286666666668
0.293333333335
0.306666666668
0.313333333335
0.326666666668
0.333333333335
0.346666666668
0.353333333335
0.366666666668
0.373333333335
0.386666666668
0.393333333335
0.406666666668
0.413333333335
0.426666666668
0.433333333335
0.446666666668
0.453333333335
0.466666666669
0.473333333335
0.486666666669
0.493333333335
0.506666666669
0.513333333335
0.526666666668
0.533333333335
0.546666666668
0.553333333335
0.566666666668
0.573333333335
0.586666666668
0.593333333335
0.606666666668
0.613333333335
0.626666666668
0.633333333334
0.646666666668
0.653333333334
0.666666666668
0.673333333334
0.686666666667
0.693333333334
0.706666666667
0.713333333334
0.726666666667
0.733333333334
0.746666666667
0.753333333334
0.766666666667
0.773333333333
0.786666666667
0.793333333333
0.806666666667
0.813333333333
0.826666666666
0.833333333333
0.846666666666
0.853333333333
0.866666666666
0.873333333333
0.886666666666
0.893333333333
0.906666666666
0.913333333333
0.926666666666
0.933333333333
0.946666666666
0.953333333333
0.966666666667
0.973333333333
0.986666666667
0.993333333333
0.00666666666669
0.0133333333334
0.0266666666668
0.0333333333335
0.0466666666668
0.0533333333335
0.0666666666669
0.0733333333336
0.086666666667
0.0933333333337
0.106666666667
0.113333333334
0.126666666667
0.133333333334
0.146666666667
0.153333333334
0.166666666667
0.173333333334
0.186666666667
0.193333333334
0.206666666667
0.213333333334
0.226666666668
0.233333333334
0.246666666668
0.253333333334
0.266666666668
0.273333333334
0.286666666668
0.293333333334
0.306666666668
0.313333333335
0.326666666668
0.333333333335
0.346666666668
0.353333333335
0.366666666668
0.373333333335
0.386666666668
0.393333333335
0.406666666668
0.413333333335
0.426666666668
0.433333333335
0.446666666668
0.453333333335
0.466666666668
0.473333333335
0.486666666669
0.493333333335
0.506666666669
0.513333333335
0.526666666668
0.533333333335
0.546666666668
0.553333333335
0.566666666668
0.573333333335
0.586666666668
0.593333333335
0.606666666668
0.613333333335
0.626666666668
0.633333333334
0.646666666668
0.653333333334
0.666666666667
0.673333333334
0.686666666667
0.693333333334
0.706666666667
0.713333333334
0.726666666667
0.733333333334
0.746666666667
0.753333333334
0.766666666667
0.773333333333
0.786666666667
0.793333333333
0.806666666667
0.813333333333
0.826666666666
0.833333333333
0.846666666666
0.853333333333
0.866666666666
0.873333333333
0.886666666666
0.893333333333
0.906666666666
0.913333333333
0.926666666666
0.933333333333
0.946666666666
0.953333333333
0.966666666667
0.973333333333
0.986666666667
0.993333333333
0.00666666666669
0.0133333333334
0.0266666666668
0.0333333333335
0.0466666666668
0.0533333333335
0.0666666666669
0.0733333333336
0.086666666667
0.0933333333337
0.106666666667
0.113333333334
0.126666666667
0.133333333334
0.146666666667
0.153333333334
0.166666666667
0.173333333334
0.186666666667
0.193333333334
0.206666666667
0.213333333334
0.226666666668
0.233333333334
0.246666666668
0.253333333334
0.266666666668
0.273333333334
0.286666666668
0.293333333334
0.306666666668
0.313333333334
0.326666666668
0.333333333335
0.346666666668
0.353333333335
0.366666666668
0.373333333335
0.386666666668
0.393333333335
0.406666666668
0.413333333335
0.426666666668
0.433333333335
0.446666666668
0.453333333335
0.466666666668
0.473333333335
0.486666666668
0.493333333335
0.506666666668
0.513333333335
0.526666666668
0.533333333335
0.546666666668
0.553333333335
0.566666666668
0.573333333335
0.586666666668
0.593333333335
0.606666666668
0.613333333334
0.626666666668
0.633333333334
0.646666666668
0.653333333334
0.666666666667
0.673333333334
0.686666666667
0.693333333334
0.706666666667
0.713333333334
0.726666666667
0.733333333334
0.746666666667
0.753333333334
0.766666666667
0.773333333333
0.786666666667
0.793333333333
0.806666666667
0.813333333333
0.826666666666
0.833333333333
0.846666666666
0.853333333333
0.866666666666
0.873333333333
0.886666666666
0.893333333333
0.906666666666
0.913333333333
0.926666666666
0.933333333333
0.946666666666
0.953333333333
0.966666666667
0.973333333333
0.986666666667
0.993333333333
0.00666666666669
0.0133333333334
0.0266666666668
0.0333333333335
0.0466666666668
0.0533333333335
0.0666666666669
0.0733333333336
0.086666666667
0.0933333333337
0.106666666667
0.113333333334
0.126666666667
0.133333333334
0.146666666667
0.153333333334
0.166666666667
0.173333333334
0.186666666667
0.193333333334
0.206666666667
0.213333333334
0.226666666667
0.233333333334
0.246666666668
0.253333333334
0.266666666668
0.273333333334
0.286666666668
0.293333333334
0.306666666668
0.313333333334
0.326666666668
0.333333333335
0.346666666668
0.353333333335
0.366666666668
0.373333333335
0.386666666668
0.393333333335
0.406666666668
0.413333333335
0.426666666668
0.433333333335
0.446666666668
0.453333333335
0.466666666668
0.473333333335
0.486666666668
0.493333333335
0.506666666668
0.513333333335
0.526666666668
0.533333333335
0.546666666668
0.553333333335
0.566666666668
0.573333333335
0.586666666668
0.593333333335
0.606666666668
0.613333333334
0.626666666668
0.633333333334
0.646666666668
0.653333333334
0.666666666667
0.673333333334
0.686666666667
0.693333333334
0.706666666667
0.713333333334
0.726666666667
0.733333333334
0.746666666667
0.753333333334
0.766666666667
0.773333333333
0.786666666667
0.793333333333
0.806666666667
0.813333333333
0.826666666666
0.833333333333
0.846666666666
0.853333333333
0.866666666666
0.873333333333
0.886666666666
0.893333333333
0.906666666666
0.913333333333
0.926666666666
0.933333333333
0.946666666666
0.953333333333
0.966666666667
0.973333333333
0.986666666667
0.993333333333
0.00666666666669
0.0133333333334
0.0266666666668
0.0333333333334
0.0466666666668
0.0533333333335
0.0666666666669
0.0733333333336
0.086666666667
0.0933333333337
0.106666666667
0.113333333334
0.126666666667
0.133333333334
0.146666666667
0.153333333334
0.166666666667
0.173333333334
0.186666666667
0.193333333334
0.206666666667
0.213333333334
0.226666666667
0.233333333334
0.246666666668
0.253333333334
0.266666666668
0.273333333334
0.286666666668
0.293333333334
0.306666666668
0.313333333334
0.326666666668
0.333333333334
0.346666666668
0.353333333335
0.366666666668
0.373333333335
0.386666666668
0.393333333335
0.406666666668
0.413333333335
0.426666666668
0.433333333335
0.446666666668
0.453333333335
0.466666666668
0.473333333335
0.486666666668
0.493333333335
0.506666666668
0.513333333335
0.526666666668
0.533333333335
0.546666666668
0.553333333335
0.566666666668
0.573333333335
0.586666666668
0.593333333334
0.606666666668
0.613333333334
0.626666666668
0.633333333334
0.646666666668
0.653333333334
0.666666666667
0.673333333334
0.686666666667
0.693333333334
0.706666666667
0.713333333334
0.726666666667
0.733333333334
0.746666666667
0.753333333334
0.766666666667
0.773333333333
0.786666666667
0.793333333333
0.806666666667
0.813333333333
0.826666666666
0.833333333333
0.846666666666
0.853333333333
0.866666666666
0.873333333333
0.886666666666
0.893333333333
0.906666666666
0.913333333333
0.926666666666
0.933333333333
0.946666666666
0.953333333333
0.966666666667
0.973333333333
0.986666666667
0.993333333333
0.00666666666669
0.0133333333334
0.0266666666668
0.0333333333334
0.0466666666668
0.0533333333335
0.0666666666669
0.0733333333336
0.086666666667
0.0933333333336
0.106666666667
0.113333333334
0.126666666667
0.133333333334
0.146666666667
0.153333333334
0.166666666667
0.173333333334
0.186666666667
0.193333333334
0.206666666667
0.213333333334
0.226666666667
0.233333333334
0.246666666667
0.253333333334
0.266666666668
0.273333333334
0.286666666668
0.293333333334
0.306666666668
0.313333333334
0.326666666668
0.333333333334
0.346666666668
0.353333333335
0.366666666668
0.373333333335
0.386666666668
0.393333333335
0.406666666668
0.413333333335
0.426666666668
0.433333333335
0.446666666668
0.453333333335
0.466666666668
0.473333333335
0.486666666668
0.493333333335
0.506666666668
0.513333333335
0.526666666668
0.533333333335
0.546666666668
0.553333333335
0.566666666668
0.573333333335
0.586666666668
0.593333333334
0.606666666668
0.613333333334
0.626666666668
0.633333333334
0.646666666667
0.653333333334
0.666666666667
0.673333333334
0.686666666667
0.693333333334
0.706666666667
0.713333333334
0.726666666667
0.733333333334
0.746666666667
0.753333333334
0.766666666667
0.773333333333
0.786666666667
0.793333333333
0.806666666667
0.813333333333
0.826666666666
0.833333333333
0.846666666666
0.853333333333
0.866666666666
0.873333333333
0.886666666666
0.893333333333
0.906666666666
0.913333333333
0.926666666666
0.933333333333
0.946666666666
0.953333333333
0.966666666667
0.973333333333
0.986666666667
0.993333333333
0.00666666666669
0.0133333333334
0.0266666666668
0.0333333333334
0.0466666666668
0.0533333333335
0.0666666666669
0.0733333333336
0.0866666666669
0.0933333333336
0.106666666667
0.113333333334
0.126666666667
0.133333333334
0.146666666667
0.153333333334
0.166666666667
0.173333333334
0.186666666667
0.193333333334
0.206666666667
0.213333333334
0.226666666667
0.233333333334
0.246666666667
0.253333333334
0.266666666668
0.273333333334
0.286666666668
0.293333333334
0.306666666668
0.313333333334
0.326666666668
0.333333333334
0.346666666668
0.353333333334
0.366666666668
0.373333333335
0.386666666668
0.393333333335
0.406666666668
0.413333333335
0.426666666668
0.433333333335
0.446666666668
0.453333333335
0.466666666668
0.473333333335
0.486666666668
0.493333333335
0.506666666668
0.513333333335
0.526666666668
0.533333333335
0.546666666668
0.553333333335
0.566666666668
0.573333333335
0.586666666668
0.593333333334
0.606666666668
0.613333333334
0.626666666668
0.633333333334
0.646666666667
0.653333333334
0.666666666667
0.673333333334
0.686666666667
0.693333333334
0.706666666667
0.713333333334
0.726666666667
0.733333333334
0.746666666667
0.753333333334
0.766666666667
0.773333333333
0.786666666667
0.793333333333
0.806666666667
0.813333333333
0.826666666666
0.833333333333
0.846666666666
0.853333333333
0.866666666666
0.873333333333
0.886666666666
0.893333333333
0.906666666666
0.913333333333
0.926666666666
0.933333333333
0.946666666666
0.953333333333
0.966666666667
0.973333333333
0.986666666667
0.993333333333
0.00666666666669
0.0133333333334
0.0266666666667
0.0333333333334
0.0466666666668
0.0533333333335
0.0666666666669
0.0733333333336
0.0866666666669
0.0933333333336
0.106666666667
0.113333333334
0.126666666667
0.133333333334
0.146666666667
0.153333333334
0.166666666667
0.173333333334
0.186666666667
0.193333333334
0.206666666667
0.213333333334
0.226666666667
0.233333333334
0.246666666667
0.253333333334
0.266666666667
0.273333333334
0.286666666668
0.293333333334
0.306666666668
0.313333333334
0.326666666668
0.333333333334
0.346666666668
0.353333333334
0.366666666668
0.373333333334
0.386666666668
0.393333333335
0.406666666668
0.413333333335
0.426666666668
0.433333333335
0.446666666668
0.453333333335
0.466666666668
0.473333333335
0.486666666668
0.493333333335
0.506666666668
0.513333333335
0.526666666668
0.533333333335
0.546666666668
0.553333333335
0.566666666668
0.573333333334
0.586666666668
0.593333333334
0.606666666668
0.613333333334
0.626666666667
0.633333333334
0.646666666667
0.653333333334
0.666666666667
0.673333333334
0.686666666667
0.693333333334
0.706666666667
0.713333333334
0.726666666667
0.733333333334
0.746666666667
0.753333333333
0.766666666667
0.773333333333
0.786666666667
0.793333333333
0.806666666667
0.813333333333
0.826666666666
0.833333333333
0.846666666666
0.853333333333
0.866666666666
0.873333333333
0.886666666666
0.893333333333
0.906666666666
0.913333333333
0.926666666666
0.933333333333
0.946666666666
0.953333333333
0.966666666667
0.973333333333
0.986666666667
0.993333333333
0.00666666666669
0.0133333333334
0.0266666666667
0.0333333333334
0.0466666666668
0.0533333333335
0.0666666666669
0.0733333333336
0.0866666666669
0.0933333333336
0.106666666667
0.113333333334
0.126666666667
0.133333333334
0.146666666667
0.153333333334
0.166666666667
0.173333333334
0.186666666667
0.193333333334
0.206666666667
0.213333333334
0.226666666667
0.233333333334
0.246666666667
0.253333333334
0.266666666667
0.273333333334
0.286666666667
0.293333333334
0.306666666668
0.313333333334
0.326666666668
0.333333333334
0.346666666668
0.353333333334
0.366666666668
0.373333333334
0.386666666668
0.393333333334
0.406666666668
0.413333333335
0.426666666668
0.433333333335
0.446666666668
0.453333333335
0.466666666668
0.473333333335
0.486666666668
0.493333333335
0.506666666668
0.513333333335
0.526666666668
0.533333333335
0.546666666668
0.553333333334
0.566666666668
0.573333333334
0.586666666668
0.593333333334
0.606666666668
0.613333333334
0.626666666667
0.633333333334
0.646666666667
0.653333333334
0.666666666667
0.673333333334
0.686666666667
0.693333333334
0.706666666667
0.713333333334
0.726666666667
0.733333333334
0.746666666667
0.753333333333
0.766666666667
0.773333333333
0.786666666667
0.793333333333
0.806666666667
0.813333333333
0.826666666666
0.833333333333
0.846666666666
0.853333333333
0.866666666666
0.873333333333
0.886666666666
0.893333333333
0.906666666666
0.913333333333
0.926666666666
0.933333333333
0.946666666666
0.953333333333
0.966666666667
0.973333333333
0.986666666667
0.993333333333
0.00666666666669
0.0133333333334
0.0266666666667
0.0333333333334
0.0466666666668
0.0533333333335
0.0666666666669
0.0733333333335
0.0866666666669
0.0933333333336
0.106666666667
0.113333333334
0.126666666667
0.133333333334
0.146666666667
0.153333333334
0.166666666667
0.173333333334
0.186666666667
0.193333333334
0.206666666667
0.213333333334
0.226666666667
0.233333333334
0.246666666667
0.253333333334
0.266666666667
0.273333333334
0.286666666667
0.293333333334
0.306666666668
0.313333333334
0.326666666668
0.333333333334
0.346666666668
0.353333333334
0.366666666668
0.373333333334
0.386666666668
0.393333333334
0.406666666668
0.413333333334
0.426666666668
0.433333333335
0.446666666668
0.453333333335
0.466666666668
0.473333333335
0.486666666668
0.493333333335
0.506666666668
0.513333333335
0.526666666668
0.533333333335
0.546666666668
0.553333333334
0.566666666668
0.573333333334
0.586666666668
0.593333333334
0.606666666668
0.613333333334
0.626666666667
0.633333333334
0.646666666667
0.653333333334
0.666666666667
0.673333333334
0.686666666667
0.693333333334
0.706666666667
0.713333333334
0.726666666667
0.733333333334
0.746666666667
0.753333333333
0.766666666667
0.773333333333
0.786666666667
0.793333333333
0.806666666667
0.813333333333
0.826666666666
0.833333333333
0.846666666666
0.853333333333
0.866666666666
0.873333333333
0.886666666666
0.893333333333
0.906666666666
0.913333333333
0.926666666666
0.933333333333
0.946666666666
0.953333333333
0.966666666667
0.973333333333
0.986666666667
0.993333333333
0.00666666666668
0.0133333333334
0.0266666666667
0.0333333333334
0.0466666666668
0.0533333333335
0.0666666666669
0.0733333333335
0.0866666666669
0.0933333333336
0.106666666667
0.113333333334
0.126666666667
0.133333333334
0.146666666667
0.153333333334
0.166666666667
0.173333333334
0.186666666667
0.193333333334
0.206666666667
0.213333333334
0.226666666667
0.233333333334
0.246666666667
0.253333333334
0.266666666667
0.273333333334
0.286666666667
0.293333333334
0.306666666667
0.313333333334
0.326666666668
0.333333333334
0.346666666668
0.353333333334
0.366666666668
0.373333333334
0.386666666668
0.393333333334
0.406666666668
0.413333333334
0.426666666668
0.433333333334
0.446666666668
0.453333333335
0.466666666668
0.473333333335
0.486666666668
0.493333333335
0.506666666668
0.513333333335
0.526666666668
0.533333333334
0.546666666668
0.553333333334
0.566666666668
0.573333333334
0.586666666668
0.593333333334
0.606666666667
0.613333333334
0.626666666667
0.633333333334
0.646666666667
0.653333333334
0.666666666667
0.673333333334
0.686666666667
0.693333333334
0.706666666667
0.713333333334
0.726666666667
0.733333333334
0.746666666667
0.753333333333
0.766666666667
0.773333333333
0.786666666667
0.793333333333
0.806666666667
0.813333333333
0.826666666666
0.833333333333
0.846666666666
0.853333333333
0.866666666666
0.873333333333
0.886666666666
0.893333333333
0.906666666666
0.913333333333
0.926666666666
0.933333333333
0.946666666666
0.953333333333
0.966666666667
0.973333333333
0.986666666667
0.993333333333
0.00666666666668
0.0133333333334
0.0266666666667
0.0333333333334
0.0466666666668
0.0533333333335
0.0666666666668
0.0733333333335
0.0866666666669
0.0933333333336
0.106666666667
0.113333333334
0.126666666667
0.133333333334
0.146666666667
0.153333333334
0.166666666667
0.173333333334
0.186666666667
0.193333333334
0.206666666667
0.213333333334
0.226666666667
0.233333333334
0.246666666667
0.253333333334
0.266666666667
0.273333333334
0.286666666667
0.293333333334
0.306666666667
0.313333333334
0.326666666667
0.333333333334
0.346666666668
0.353333333334
0.366666666668
0.373333333334
0.386666666668
0.393333333334
0.406666666668
0.413333333334
0.426666666668
0.433333333334
0.446666666668
0.453333333334
0.466666666668
0.473333333335
0.486666666668
0.493333333335
0.506666666668
0.513333333335
0.526666666668
0.533333333334
0.546666666668
0.553333333334
0.566666666668
0.573333333334
0.586666666667
0.593333333334
0.606666666667
0.613333333334
0.626666666667
0.633333333334
0.646666666667
0.653333333334
0.666666666667
0.673333333334
0.686666666667
0.693333333334
0.706666666667
0.713333333334
0.726666666667
0.733333333334
0.746666666667
0.753333333333
0.766666666667
0.773333333333
0.786666666667
0.793333333333
0.806666666667
0.813333333333
0.826666666666
0.833333333333
0.846666666666
0.853333333333
0.866666666666
0.873333333333
0.886666666666
0.893333333333
0.906666666666
0.913333333333
0.926666666666
0.933333333333
0.946666666666
0.953333333333
0.966666666667
0.973333333333
0.986666666667
0.993333333333
0.00666666666668
0.0133333333334
0.0266666666667
0.0333333333334
0.0466666666668
0.0533333333335
0.0666666666668
0.0733333333335
0.0866666666669
0.0933333333336
0.106666666667
0.113333333334
0.126666666667
0.133333333334
0.146666666667
0.153333333334
0.166666666667
0.173333333334
0.186666666667
0.193333333334
0.206666666667
0.213333333334
0.226666666667
0.233333333334
0.246666666667
0.253333333334
0.266666666667
0.273333333334
0.286666666667
0.293333333334
0.306666666667
0.313333333334
0.326666666667
0.333333333334
0.346666666667
0.353333333334
0.366666666668
0.373333333334
0.386666666668
0.393333333334
0.406666666668
0.413333333334
0.426666666668
0.433333333334
0.446666666668
0.453333333334
0.466666666668
0.473333333334
0.486666666668
0.493333333334
0.506666666668
0.513333333334
0.526666666668
0.533333333334
0.546666666668
0.553333333334
0.566666666668
0.573333333334
0.586666666667
0.593333333334
0.606666666667
0.613333333334
0.626666666667
0.633333333334
0.646666666667
0.653333333334
0.666666666667
0.673333333334
0.686666666667
0.693333333334
0.706666666667
0.713333333334
0.726666666667
0.733333333333
0.746666666667
0.753333333333
0.766666666667
0.773333333333
0.786666666667
0.793333333333
0.806666666666
0.813333333333
0.826666666666
0.833333333333
0.846666666666
0.853333333333
0.866666666666
0.873333333333
0.886666666666
0.893333333333
0.906666666666
0.913333333333
0.926666666666
0.933333333333
0.946666666666
0.953333333333
0.966666666667
0.973333333333
0.986666666667
0.993333333333
0.00666666666668
0.0133333333334
0.0266666666667
0.0333333333334
0.0466666666668
0.0533333333335
0.0666666666668
0.0733333333335
0.0866666666669
0.0933333333336
0.106666666667
0.113333333334
0.126666666667
0.133333333334
0.146666666667
0.153333333334
0.166666666667
0.173333333334
0.186666666667
0.193333333334
0.206666666667
0.213333333334
0.226666666667
0.233333333334
0.246666666667
0.253333333334
0.266666666667
0.273333333334
0.286666666667
0.293333333334
0.306666666667
0.313333333334
0.326666666667
0.333333333334
0.346666666667
0.353333333334
0.366666666667
0.373333333334
0.386666666668
0.393333333334
0.406666666668
0.413333333334
0.426666666668
0.433333333334
0.446666666668
0.453333333334
0.466666666668
0.473333333334
0.486666666668
0.493333333334
0.506666666668
0.513333333334
0.526666666668
0.533333333334
0.546666666668
0.553333333334
0.566666666667
0.573333333334
0.586666666667
0.593333333334
0.606666666667
0.613333333334
0.626666666667
0.633333333334
0.646666666667
0.653333333334
0.666666666667
0.673333333334
0.686666666667
0.693333333334
0.706666666667
0.713333333334
0.726666666667
0.733333333333
0.746666666667
0.753333333333
0.766666666667
0.773333333333
0.786666666667
0.793333333333
0.806666666666
0.813333333333
0.826666666666
0.833333333333
0.846666666666
0.853333333333
0.866666666666
0.873333333333
0.886666666666
0.893333333333
0.906666666666
0.913333333333
0.926666666666
0.933333333333
0.946666666666
0.953333333333
0.966666666667
0.973333333333
0.986666666667
0.993333333333
0.00666666666668
0.0133333333334
0.0266666666667
0.0333333333334
0.0466666666668
0.0533333333335
0.0666666666668
0.0733333333335
0.0866666666669
0.0933333333335
0.106666666667
0.113333333334
0.126666666667
0.133333333334
0.146666666667
0.153333333334
0.166666666667
0.173333333334
0.186666666667
0.193333333334
0.206666666667
0.213333333334
0.226666666667
0.233333333334
0.246666666667
0.253333333334
0.266666666667
0.273333333334
0.286666666667
0.293333333334
0.306666666667
0.313333333334
0.326666666667
0.333333333334
0.346666666667
0.353333333334
0.366666666667
0.373333333334
0.386666666667
0.393333333334
0.406666666668
0.413333333334
0.426666666668
0.433333333334
0.446666666668
0.453333333334
0.466666666668
0.473333333334
0.486666666668
0.493333333334
0.506666666668
0.513333333334
0.526666666668
0.533333333334
0.546666666668
0.553333333334
0.566666666667
0.573333333334
0.586666666667
0.593333333334
0.606666666667
0.613333333334
0.626666666667
0.633333333334
0.646666666667
0.653333333334
0.666666666667
0.673333333334
0.686666666667
0.693333333334
0.706666666667
0.713333333334
0.726666666667
0.733333333333
0.746666666667
0.753333333333
0.766666666667
0.773333333333
0.786666666667
0.793333333333
0.806666666666
0.813333333333
0.826666666666
0.833333333333
0.846666666666
0.853333333333
0.866666666666
0.873333333333
0.886666666666
0.893333333333
0.906666666666
0.913333333333
0.926666666666
0.933333333333
0.946666666666
0.953333333333
0.966666666667
0.973333333333
0.986666666667
0.993333333333
0.00666666666668
0.0133333333334
0.0266666666667
0.0333333333334
0.0466666666668
0.0533333333334
0.0666666666668
0.0733333333335
0.0866666666669
0.0933333333335
0.106666666667
0.113333333334
0.126666666667
0.133333333334
0.146666666667
0.153333333334
0.166666666667
0.173333333334
0.186666666667
0.193333333334
0.206666666667
0.213333333334
0.226666666667
0.233333333334
0.246666666667
0.253333333334
0.266666666667
0.273333333334
0.286666666667
0.293333333334
0.306666666667
0.313333333334
0.326666666667
0.333333333334
0.346666666667
0.353333333334
0.366666666667
0.373333333334
0.386666666667
0.393333333334
0.406666666667
0.413333333334
0.426666666667
0.433333333334
0.446666666668
0.453333333334
0.466666666668
0.473333333334
0.486666666668
0.493333333334
0.506666666668
0.513333333334
0.526666666668
0.533333333334
0.546666666667
0.553333333334
0.566666666667
0.573333333334
0.586666666667
0.593333333334
0.606666666667
0.613333333334
0.626666666667
0.633333333334
0.646666666667
0.653333333334
0.666666666667
0.673333333334
0.686666666667
0.693333333334
0.706666666667
0.713333333333
0.726666666667
0.733333333333
0.746666666667
0.753333333333
0.766666666667
0.773333333333
0.786666666667
0.793333333333
0.806666666666
0.813333333333
0.826666666666
0.833333333333
0.846666666666
0.853333333333
0.866666666666
0.873333333333
0.886666666666
0.893333333333
0.906666666666
0.913333333333
0.926666666666
0.933333333333
0.946666666666
0.953333333333
0.966666666667
0.973333333333
0.986666666667
0.993333333333
0.00666666666668
0.0133333333334
0.0266666666667
0.0333333333334
0.0466666666668
0.0533333333334
0.0666666666668
0.0733333333335
0.0866666666668
0.0933333333335
0.106666666667
0.113333333334
0.126666666667
0.133333333334
0.146666666667
0.153333333334
0.166666666667
0.173333333334
0.186666666667
0.193333333334
0.206666666667
0.213333333334
0.226666666667
0.233333333334
0.246666666667
0.253333333334
0.266666666667
0.273333333334
0.286666666667
0.293333333334
0.306666666667
0.313333333334
0.326666666667
0.333333333334
0.346666666667
0.353333333334
0.366666666667
0.373333333334
0.386666666667
0.393333333334
0.406666666667
0.413333333334
0.426666666667
0.433333333334
0.446666666667
0.453333333334
0.466666666668
0.473333333334
0.486666666668
0.493333333334
0.506666666668
0.513333333334
0.526666666667
0.533333333334
0.546666666667
0.553333333334
0.566666666667
0.573333333334
0.586666666667
0.593333333334
0.606666666667
0.613333333334
0.626666666667
0.633333333334
0.646666666667
0.653333333334
0.666666666667
0.673333333334
0.686666666667
0.693333333334
0.706666666667
0.713333333333
0.726666666667
0.733333333333
0.746666666667
0.753333333333
0.766666666667
0.773333333333
0.786666666667
0.793333333333
0.806666666666
0.813333333333
0.826666666666
0.833333333333
0.846666666666
0.853333333333
0.866666666666
0.873333333333
0.886666666666
0.893333333333
0.906666666666
0.913333333333
0.926666666666
0.933333333333
0.946666666666
0.953333333333
0.966666666667
0.973333333333
0.986666666667
0.993333333333
0.00666666666668
0.0133333333334
0.0266666666667
0.0333333333334
0.0466666666668
0.0533333333334
0.0666666666668
0.0733333333335
0.0866666666668
0.0933333333335
0.106666666667
0.113333333334
0.126666666667
0.133333333334
0.146666666667
0.153333333334
0.166666666667
0.173333333334
0.186666666667
0.193333333334
0.206666666667
0.213333333334
0.226666666667
0.233333333334
0.246666666667
0.253333333334
0.266666666667
0.273333333334
0.286666666667
0.293333333334
0.306666666667
0.313333333334
0.326666666667
0.333333333334
0.346666666667
0.353333333334
0.366666666667
0.373333333334
0.386666666667
0.393333333334
0.406666666667
0.413333333334
0.426666666667
0.433333333334
0.446666666667
0.453333333334
0.466666666667
0.473333333334
0.486666666667
0.493333333334
0.506666666667
0.513333333334
0.526666666667
0.533333333334
0.546666666667
0.553333333334
0.566666666667
0.573333333334
0.586666666667
0.593333333334
0.606666666667
0.613333333334
0.626666666667
0.633333333334
0.646666666667
0.653333333334
0.666666666667
0.673333333334
0.686666666667
0.693333333333
0.706666666667
0.713333333333
0.726666666667
0.733333333333
0.746666666667
0.753333333333
0.766666666667
0.773333333333
0.786666666667
0.793333333333
0.806666666666
0.813333333333
0.826666666666
0.833333333333
0.846666666666
0.853333333333
0.866666666666
0.873333333333
0.886666666666
0.893333333333
0.906666666666
0.913333333333
0.926666666666
0.933333333333
0.946666666666
0.953333333333
0.966666666667
0.973333333333
0.986666666667
0.993333333333
0.00666666666668
0.0133333333334
0.0266666666667
0.0333333333334
0.0466666666667
0.0533333333334
0.0666666666668
0.0733333333335
0.0866666666668
0.0933333333335
0.106666666667
0.113333333334
0.126666666667
0.133333333334
0.146666666667
0.153333333334
0.166666666667
0.173333333334
0.186666666667
0.193333333334
0.206666666667
0.213333333334
0.226666666667
0.233333333334
0.246666666667
0.253333333334
0.266666666667
0.273333333334
0.286666666667
0.293333333334
0.306666666667
0.313333333334
0.326666666667
0.333333333334
0.346666666667
0.353333333334
0.366666666667
0.373333333334
0.386666666667
0.393333333334
0.406666666667
0.413333333334
0.426666666667
0.433333333334
0.446666666667
0.453333333334
0.466666666667
0.473333333334
0.486666666667
0.493333333334
0.506666666667
0.513333333334
0.526666666667
0.533333333334
0.546666666667
0.553333333334
0.566666666667
0.573333333334
0.586666666667
0.593333333334
0.606666666667
0.613333333334
0.626666666667
0.633333333334
0.646666666667
0.653333333334
0.666666666667
0.673333333334
0.686666666667
0.693333333333
0.706666666667
0.713333333333
0.726666666667
0.733333333333
0.746666666667
0.753333333333
0.766666666667
0.773333333333
0.786666666667
0.793333333333
0.806666666666
0.813333333333
0.826666666666
0.833333333333
0.846666666666
0.853333333333
0.866666666666
0.873333333333
0.886666666666
0.893333333333
0.906666666666
0.913333333333
0.926666666666
0.933333333333
0.946666666666
0.953333333333
0.966666666667
0.973333333333
0.986666666667
0.993333333333
0.00666666666668
0.0133333333334
0.0266666666667
0.0333333333334
0.0466666666667
0.0533333333334
0.0666666666668
0.0733333333335
0.0866666666668
0.0933333333335
0.106666666667
0.113333333334
0.126666666667
0.133333333334
0.146666666667
0.153333333334
0.166666666667
0.173333333334
0.186666666667
0.193333333334
0.206666666667
0.213333333334
0.226666666667
0.233333333334
0.246666666667
0.253333333334
0.266666666667
0.273333333334
0.286666666667
0.293333333334
0.306666666667
0.313333333334
0.326666666667
0.333333333334
0.346666666667
0.353333333334
0.366666666667
0.373333333334
0.386666666667
0.393333333334
0.406666666667
0.413333333334
0.426666666667
0.433333333334
0.446666666667
0.453333333334
0.466666666667
0.473333333334
0.486666666667
0.493333333334
0.506666666667
0.513333333334
0.526666666667
0.533333333334
0.546666666667
0.553333333334
0.566666666667
0.573333333334
0.586666666667
0.593333333334
0.606666666667
0.613333333334
0.626666666667
0.633333333334
0.646666666667
0.653333333334
0.666666666667
0.673333333334
0.686666666667
0.693333333333
0.706666666667
0.713333333333
0.726666666667
0.733333333333
0.746666666667
0.753333333333
0.766666666667
0.773333333333
0.786666666666
0.793333333333
0.806666666666
0.813333333333
0.826666666666
0.833333333333
0.846666666666
0.853333333333
0.866666666666
0.873333333333
0.886666666666
0.893333333333
0.906666666666
0.913333333333
0.926666666666
0.933333333333
0.946666666666
0.953333333333
0.966666666667
0.973333333333
0.986666666667
0.993333333333
0.00666666666668
0.0133333333334
0.0266666666667
0.0333333333334
0.0466666666667
0.0533333333334
0.0666666666668
0.0733333333334
0.0866666666668
0.0933333333335
0.106666666667
0.113333333334
0.126666666667
0.133333333334
0.146666666667
0.153333333334
0.166666666667
0.173333333334
0.186666666667
0.193333333334
0.206666666667
0.213333333334
0.226666666667
0.233333333334
0.246666666667
0.253333333334
0.266666666667
0.273333333334
0.286666666667
0.293333333334
0.306666666667
0.313333333334
0.326666666667
0.333333333334
0.346666666667
0.353333333334
0.366666666667
0.373333333334
0.386666666667
0.393333333334
0.406666666667
0.413333333334
0.426666666667
0.433333333334
0.446666666667
0.453333333334
0.466666666667
0.473333333334
0.486666666667
0.493333333334
0.506666666667
0.513333333334
0.526666666667
0.533333333334
0.546666666667
0.553333333334
0.566666666667
0.573333333334
0.586666666667
0.593333333334
0.606666666667
0.613333333334
0.626666666667
0.633333333334
0.646666666667
0.653333333334
0.666666666667
0.673333333333
0.686666666667
0.693333333333
0.706666666667
0.713333333333
0.726666666667
0.733333333333
0.746666666667
0.753333333333
0.766666666667
0.773333333333
0.786666666666
0.793333333333
0.806666666666
0.813333333333
0.826666666666
0.833333333333
0.846666666666
0.853333333333
0.866666666666
0.873333333333
0.886666666666
0.893333333333
0.906666666666
0.913333333333
0.926666666666
0.933333333333
0.946666666666
0.953333333333
0.966666666667
0.973333333333
0.986666666667
0.993333333333
0.00666666666668
0.0133333333334
0.0266666666667
0.0333333333334
0.0466666666667
0.0533333333334
0.0666666666668
0.0733333333334
0.0866666666668
0.0933333333335
0.106666666667
0.113333333334
0.126666666667
0.133333333334
0.146666666667
0.153333333334
0.166666666667
0.173333333334
0.186666666667
0.193333333334
0.206666666667
0.213333333334
0.226666666667
0.233333333334
0.246666666667
0.253333333334
0.266666666667
0.273333333334
0.286666666667
0.293333333334
0.306666666667
0.313333333334
0.326666666667
0.333333333334
0.346666666667
0.353333333334
0.366666666667
0.373333333334
0.386666666667
0.393333333334
0.406666666667
0.413333333334
0.426666666667
0.433333333334
0.446666666667
0.453333333334
0.466666666667
0.473333333334
0.486666666667
0.493333333334
0.506666666667
0.513333333334
0.526666666667
0.533333333334
0.546666666667
0.553333333334
0.566666666667
0.573333333334
0.586666666667
0.593333333334
0.606666666667
0.613333333334
0.626666666667
0.633333333334
0.646666666667
0.653333333333
0.666666666667
0.673333333333
0.686666666667
0.693333333333
0.706666666667
0.713333333333
0.726666666667
0.733333333333
0.746666666667
0.753333333333
0.766666666667
0.773333333333
0.786666666666
0.793333333333
0.806666666666
0.813333333333
0.826666666666
0.833333333333
0.846666666666
0.853333333333
0.866666666666
0.873333333333
0.886666666666
0.893333333333
0.906666666666
0.913333333333
0.926666666666
0.933333333333
0.946666666666
0.953333333333
0.966666666667
0.973333333333
0.986666666667
0.993333333333
0.00666666666668
0.0133333333334
0.0266666666667
0.0333333333334
0.0466666666667
0.0533333333334
0.0666666666668
0.0733333333334
0.0866666666668
0.0933333333335
0.106666666667
0.113333333333
0.126666666667
0.133333333334
0.146666666667
0.153333333334
0.166666666667
0.173333333334
0.186666666667
0.193333333334
0.206666666667
0.213333333334
0.226666666667
0.233333333334
0.246666666667
0.253333333334
0.266666666667
0.273333333334
0.286666666667
0.293333333334
0.306666666667
0.313333333334
0.326666666667
0.333333333334
0.346666666667
0.353333333334
0.366666666667
0.373333333334
0.386666666667
0.393333333334
0.406666666667
0.413333333334
0.426666666667
0.433333333334
0.446666666667
0.453333333334
0.466666666667
0.473333333334
0.486666666667
0.493333333334
0.506666666667
0.513333333334
0.526666666667
0.533333333334
0.546666666667
0.553333333334
0.566666666667
0.573333333334
0.586666666667
0.593333333334
0.606666666667
0.613333333334
0.626666666667
0.633333333333
0.646666666667
0.653333333333
0.666666666667
0.673333333333
0.686666666667
0.693333333333
0.706666666667
0.713333333333
0.726666666667
0.733333333333
0.746666666667
0.753333333333
0.766666666666
0.773333333333
0.786666666666
0.793333333333
0.806666666666
0.813333333333
0.826666666666
0.833333333333
0.846666666666
0.853333333333
0.866666666666
0.873333333333
0.886666666666
0.893333333333
0.906666666666
0.913333333333
0.926666666666
0.933333333333
0.946666666666
0.953333333333
0.966666666667
0.973333333333
0.986666666667
0.993333333333
0.00666666666668
0.0133333333333
0.0266666666667
0.0333333333334
0.0466666666667
0.0533333333334
0.0666666666667
0.0733333333334
0.0866666666668
0.0933333333334
0.106666666667
0.113333333333
0.126666666667
0.133333333333
0.146666666667
0.153333333334
0.166666666667
0.173333333334
0.186666666667
0.193333333334
0.206666666667
0.213333333334
0.226666666667
0.233333333334
0.246666666667
0.253333333334
0.266666666667
0.273333333334
0.286666666667
0.293333333334
0.306666666667
0.313333333334
0.326666666667
0.333333333334
0.346666666667
0.353333333334
0.366666666667
0.373333333334
0.386666666667
0.393333333334
0.406666666667
0.413333333334
0.426666666667
0.433333333334
0.446666666667
0.453333333334
0.466666666667
0.473333333334
0.486666666667
0.493333333334
0.506666666667
0.513333333334
0.526666666667
0.533333333334
0.546666666667
0.553333333334
0.566666666667
0.573333333334
0.586666666667
0.593333333334
0.606666666667
0.613333333333
0.626666666667
0.633333333333
0.646666666667
0.653333333333
0.666666666667
0.673333333333
0.686666666667
0.693333333333
0.706666666667
0.713333333333
0.726666666667
0.733333333333
0.746666666667
0.753333333333
0.766666666666
0.773333333333
0.786666666666
0.793333333333
0.806666666666
0.813333333333
0.826666666666
0.833333333333
0.846666666666
0.853333333333
0.866666666666
0.873333333333
0.886666666666
0.893333333333
0.906666666666
0.913333333333
0.926666666666
0.933333333333
0.946666666666
0.953333333333
0.966666666667
0.973333333333
0.986666666667
0.993333333333
0.00666666666667
0.0133333333333
0.0266666666667
0.0333333333334
0.0466666666667
0.0533333333334
0.0666666666667
0.0733333333334
0.0866666666668
0.0933333333334
0.106666666667
0.113333333333
0.126666666667
0.133333333333
0.146666666667
0.153333333333
0.166666666667
0.173333333334
0.186666666667
0.193333333334
0.206666666667
0.213333333334
0.226666666667
0.233333333334
0.246666666667
0.253333333334
0.266666666667
0.273333333334
0.286666666667
0.293333333334
0.306666666667
0.313333333334
0.326666666667
0.333333333334
0.346666666667
0.353333333334
0.366666666667
0.373333333334
0.386666666667
0.393333333334
0.406666666667
0.413333333334
0.426666666667
0.433333333334
0.446666666667
0.453333333334
0.466666666667
0.473333333334
0.486666666667
0.493333333334
0.506666666667
0.513333333334
0.526666666667
0.533333333334
0.546666666667
0.553333333334
0.566666666667
0.573333333334
0.586666666667
0.593333333333
0.606666666667
0.613333333333
0.626666666667
0.633333333333
0.646666666667
0.653333333333
0.666666666667
0.673333333333
0.686666666667
0.693333333333
0.706666666667
0.713333333333
0.726666666667
0.733333333333
0.746666666667
0.753333333333
0.766666666666
0.773333333333
0.786666666666
0.793333333333
0.806666666666
0.813333333333
0.826666666666
0.833333333333
0.846666666666
0.853333333333
0.866666666666
0.873333333333
0.886666666666
0.893333333333
0.906666666666
0.913333333333
0.926666666666
0.933333333333
0.946666666666
0.953333333333
0.966666666667
0.973333333333
0.986666666667
0.993333333333
0.00666666666667
0.0133333333333
0.0266666666667
0.0333333333334
0.0466666666667
0.0533333333334
0.0666666666667
0.0733333333334
0.0866666666668
0.0933333333334
0.106666666667
0.113333333333
0.126666666667
0.133333333333
0.146666666667
0.153333333333
0.166666666667
0.173333333333
0.186666666667
0.193333333333
0.206666666667
0.213333333333
0.226666666667
0.233333333334
0.246666666667
0.253333333334
0.266666666667
0.273333333334
0.286666666667
0.293333333334
0.306666666667
0.313333333334
0.326666666667
0.333333333334
0.346666666667
0.353333333334
0.366666666667
0.373333333334
0.386666666667
0.393333333334
0.406666666667
0.413333333334
0.426666666667
0.433333333334
0.446666666667
0.453333333334
0.466666666667
0.473333333334
0.486666666667
0.493333333334
0.506666666667
0.513333333334
0.526666666667
0.533333333334
0.546666666667
0.553333333334
0.566666666667
0.573333333333
0.586666666667
0.593333333333
0.606666666667
0.613333333333
0.626666666667
0.633333333333
0.646666666667
0.653333333333
0.666666666667
0.673333333333
0.686666666667
0.693333333333
0.706666666667
0.713333333333
0.726666666667
0.733333333333
0.746666666666
0.753333333333
0.766666666666
0.773333333333
0.786666666666
0.793333333333
0.806666666666
0.813333333333
0.826666666666
0.833333333333
0.846666666666
0.853333333333
0.866666666666
0.873333333333
0.886666666666
0.893333333333
0.906666666666
0.913333333333
0.926666666666
0.933333333333
0.946666666666
0.953333333333
0.966666666667
0.973333333333
0.986666666667
0.993333333333
0.00666666666667
0.0133333333333
0.0266666666667
0.0333333333334
0.0466666666667
0.0533333333334
0.0666666666667
0.0733333333334
0.0866666666667
0.0933333333334
0.106666666667
0.113333333333
0.126666666667
0.133333333333
0.146666666667
0.153333333333
0.166666666667
0.173333333333
0.186666666667
0.193333333333
0.206666666667
0.213333333333
0.226666666667
0.233333333333
0.246666666667
0.253333333333
0.266666666667
0.273333333333
0.286666666667
0.293333333333
0.306666666667
0.313333333333
0.326666666667
0.333333333334
0.346666666667
0.353333333333
0.366666666667
0.373333333334
0.386666666667
0.393333333334
0.406666666667
0.413333333334
0.426666666667
0.433333333334
0.446666666667
0.453333333334
0.466666666667
0.473333333334
0.486666666667
0.493333333334
0.506666666667
0.513333333334
0.526666666667
0.533333333333
0.546666666667
0.553333333333
0.566666666667
0.573333333333
0.586666666667
0.593333333333
0.606666666667
0.613333333333
0.626666666667
0.633333333333
0.646666666667
0.653333333333
0.666666666667
0.673333333333
0.686666666667
0.693333333333
0.706666666667
0.713333333333
0.726666666666
0.733333333333
0.746666666666
0.753333333333
0.766666666666
0.773333333333
0.786666666666
0.793333333333
0.806666666666
0.813333333333
0.826666666666
0.833333333333
0.846666666666
0.853333333333
0.866666666666
0.873333333333
0.886666666666
0.893333333333
0.906666666666
0.913333333333
0.926666666666
0.933333333333
0.946666666666
0.953333333333
0.966666666667
0.973333333333
0.986666666667
0.993333333333
0.00666666666667
0.0133333333333
0.0266666666667
0.0333333333334
0.0466666666667
0.0533333333334
0.0666666666667
0.0733333333334
0.0866666666667
0.0933333333334
0.106666666667
0.113333333333
0.126666666667
0.133333333333
0.146666666667
0.153333333333
0.166666666667
0.173333333333
0.186666666667
0.193333333333
0.206666666667
0.213333333333
0.226666666667
0.233333333333
0.246666666667
0.253333333333
0.266666666667
0.273333333333
0.286666666667
0.293333333333
0.306666666667
0.313333333333
0.326666666667
0.333333333333
0.346666666667
0.353333333333
0.366666666667
0.373333333333
0.386666666667
0.393333333333
0.406666666667
0.413333333333
0.426666666667
0.433333333333
0.446666666667
0.453333333333
0.466666666667
0.473333333333
0.486666666667
0.493333333333
0.506666666667
0.513333333333
0.526666666667
0.533333333333
0.546666666667
0.553333333333
0.566666666667
0.573333333333
0.586666666667
0.593333333333
0.606666666667
0.613333333333
0.626666666667
0.633333333333
0.646666666667
0.653333333333
0.666666666667
0.673333333333
0.686666666667
0.693333333333
0.706666666666
0.713333333333
0.726666666666
0.733333333333
0.746666666666
0.753333333333
0.766666666666
0.773333333333
0.786666666666
0.793333333333
0.806666666666
0.813333333333
0.826666666666
0.833333333333
0.846666666666
0.853333333333
0.866666666666
0.873333333333
0.886666666666
0.893333333333
0.906666666666
0.913333333333
0.926666666666
0.933333333333
0.946666666666
0.953333333333
0.966666666667
0.973333333333
0.986666666667
0.993333333333
0.00666666666667
0.0133333333333
0.0266666666667
0.0333333333334
0.0466666666667
0.0533333333334
0.0666666666667
0.0733333333334
0.0866666666667
0.0933333333334
0.106666666667
0.113333333333
0.126666666667
0.133333333333
0.146666666667
0.153333333333
0.166666666667
0.173333333333
0.186666666667
0.193333333333
0.206666666667
0.213333333333
0.226666666667
0.233333333333
0.246666666667
0.253333333333
0.266666666667
0.273333333333
0.286666666667
0.293333333333
0.306666666667
0.313333333333
0.326666666667
0.333333333333
0.346666666667
0.353333333333
0.366666666667
0.373333333333
0.386666666667
0.393333333333
0.406666666667
0.413333333333
0.426666666667
0.433333333333
0.446666666667
0.453333333333
0.466666666667
0.473333333333
0.486666666667
0.493333333333
0.506666666667
0.513333333333
0.526666666667
0.533333333333
0.546666666667
0.553333333333
0.566666666667
0.573333333333
0.586666666667
0.593333333333
0.606666666667
0.613333333333
0.626666666667
0.633333333333
0.646666666667
0.653333333333
0.666666666667
0.673333333333
0.686666666666
0.693333333333
0.706666666666
0.713333333333
0.726666666666
0.733333333333
0.746666666666
0.753333333333
0.766666666666
0.773333333333
0.786666666666
0.793333333333
0.806666666666
0.813333333333
0.826666666666
0.833333333333
0.846666666666
0.853333333333
0.866666666666
0.873333333333
0.886666666666
0.893333333333
0.906666666666
0.913333333333
0.926666666666
0.933333333333
0.946666666666
0.953333333333
0.966666666667
0.973333333333
0.986666666667
0.993333333333
0.00666666666667
0.0133333333333
0.0266666666667
0.0333333333333
0.0466666666667
0.0533333333334
0.0666666666667
0.0733333333334
0.0866666666667
0.0933333333334
0.106666666667
0.113333333333
0.126666666667
0.133333333333
0.146666666667
0.153333333333
0.166666666667
0.173333333333
0.186666666667
0.193333333333
0.206666666667
0.213333333333
0.226666666667
0.233333333333
0.246666666667
0.253333333333
0.266666666667
0.273333333333
0.286666666667
0.293333333333
0.306666666667
0.313333333333
0.326666666667
0.333333333333
0.346666666667
0.353333333333
0.366666666667
0.373333333333
0.386666666667
0.393333333333
0.406666666667
0.413333333333
0.426666666667
0.433333333333
0.446666666667
0.453333333333
0.466666666667
0.473333333333
0.486666666667
0.493333333333
0.506666666667
0.513333333333
0.526666666667
0.533333333333
0.546666666667
0.553333333333
0.566666666667
0.573333333333
0.586666666667
0.593333333333
0.606666666667
0.613333333333
0.626666666667
0.633333333333
0.646666666667
0.653333333333
0.666666666666
0.673333333333
0.686666666666
0.693333333333
0.706666666666
0.713333333333
0.726666666666
0.733333333333
0.746666666666
0.753333333333
0.766666666666
0.773333333333
0.786666666666
0.793333333333
0.806666666666
0.813333333333
0.826666666666
0.833333333333
0.846666666666
0.853333333333
0.866666666666
0.873333333333
0.886666666666
0.893333333333
0.906666666666
0.913333333333
0.926666666666
0.933333333333
0.946666666666
0.953333333333
0.966666666667
0.973333333333
0.986666666667
0.993333333333
0.00666666666667
0.0133333333333
0.0266666666667
0.0333333333333
0.0466666666667
0.0533333333333
0.0666666666667
0.0733333333334
0.0866666666667
0.0933333333334
0.106666666667
0.113333333333
0.126666666667
0.133333333333
0.146666666667
0.153333333333
0.166666666667
0.173333333333
0.186666666667
0.193333333333
0.206666666667
0.213333333333
0.226666666667
0.233333333333
0.246666666667
0.253333333333
0.266666666667
0.273333333333
0.286666666667
0.293333333333
0.306666666667
0.313333333333
0.326666666667
0.333333333333
0.346666666667
0.353333333333
0.366666666667
0.373333333333
0.386666666667
0.393333333333
0.406666666667
0.413333333333
0.426666666667
0.433333333333
0.446666666667
0.453333333333
0.466666666667
0.473333333333
0.486666666667
0.493333333333
0.506666666667
0.513333333333
0.526666666667
0.533333333333
0.546666666667
0.553333333333
0.566666666667
0.573333333333
0.586666666667
0.593333333333
0.606666666667
0.613333333333
0.626666666666
0.633333333333
0.646666666666
0.653333333333
0.666666666666
0.673333333333
0.686666666666
0.693333333333
0.706666666666
0.713333333333
0.726666666666
0.733333333333
0.746666666666
0.753333333333
0.766666666666
0.773333333333
0.786666666666
0.793333333333
0.806666666666
0.813333333333
0.826666666666
0.833333333333
0.846666666666
0.853333333333
0.866666666666
0.873333333333
0.886666666666
0.893333333333
0.906666666666
0.913333333333
0.926666666666
0.933333333333
0.946666666666
0.953333333333
0.966666666667
0.973333333333
0.986666666667
0.993333333333
0.00666666666667
0.0133333333333
0.0266666666667
0.0333333333333
0.0466666666667
0.0533333333333
0.0666666666667
0.0733333333333
0.0866666666667
0.0933333333334
0.106666666667
0.113333333333
0.126666666667
0.133333333333
0.146666666667
0.153333333333
0.166666666667
0.173333333333
0.186666666667
0.193333333333
0.206666666667
0.213333333333
0.226666666667
0.233333333333
0.246666666667
0.253333333333
0.266666666667
0.273333333333
0.286666666667
0.293333333333
0.306666666667
0.313333333333
0.326666666667
0.333333333333
0.346666666667
0.353333333333
0.366666666667
0.373333333333
0.386666666667
0.393333333333
0.406666666667
0.413333333333
0.426666666667
0.433333333333
0.446666666667
0.453333333333
0.466666666667
0.473333333333
0.486666666667
0.493333333333
0.506666666667
0.513333333333
0.526666666667
0.533333333333
0.546666666666
0.553333333333
0.566666666666
0.573333333333
0.586666666666
0.593333333333
0.606666666666
0.613333333333
0.626666666666
0.633333333333
0.646666666666
0.653333333333
0.666666666666
0.673333333333
0.686666666666
0.693333333333
0.706666666666
0.713333333333
0.726666666666
0.733333333333
0.746666666666
0.753333333333
0.766666666666
0.773333333333
0.786666666666
0.793333333333
0.806666666666
0.813333333333
0.826666666666
0.833333333333
0.846666666666
0.853333333333
0.866666666666
0.873333333333
0.886666666666
0.893333333333
0.906666666666
0.913333333333
0.926666666666
0.933333333333
0.946666666666
0.953333333333
0.966666666667
0.973333333333
0.986666666667
0.993333333333
0.00666666666667
0.0133333333333
0.0266666666667
0.0333333333333
0.0466666666667
0.0533333333333
0.0666666666667
0.0733333333333
0.0866666666667
0.0933333333333
0.106666666667
0.113333333333
0.126666666667
0.133333333333
0.146666666667
0.153333333333
0.166666666667
0.173333333333
0.186666666667
0.193333333333
0.206666666667
0.213333333333
0.226666666667
0.233333333333
0.246666666667
0.253333333333
0.266666666667
0.273333333333
0.286666666667
0.293333333333
0.306666666667
0.313333333333
0.326666666667
0.333333333333
0.346666666667
0.353333333333
0.366666666667
0.373333333333
0.386666666667
0.393333333333
0.406666666667
0.413333333333
0.426666666667
0.433333333333
0.446666666666
0.453333333333
0.466666666666
0.473333333333
0.486666666666
0.493333333333
0.506666666666
0.513333333333
0.526666666666
0.533333333333
0.546666666666
0.553333333333
0.566666666666
0.573333333333
0.586666666666
0.593333333333
0.606666666666
0.613333333333
0.626666666666
0.633333333333
0.646666666666
0.653333333333
0.666666666666
0.673333333333
0.686666666666
0.693333333333
0.706666666666
0.713333333333
0.726666666666
0.733333333333
0.746666666666
0.753333333333
0.766666666666
0.773333333333
0.786666666666
0.793333333333
0.806666666666
0.813333333333
0.826666666666
0.833333333333
0.846666666666
0.853333333333
0.866666666666
0.873333333333
0.886666666666
0.893333333333
0.906666666666
0.913333333333
0.926666666666
0.933333333333
0.946666666666
0.953333333333
0.966666666667
0.973333333333
0.986666666667
0.993333333333
0.00666666666667
0.0133333333333
0.0266666666667
0.0333333333333
0.0466666666667
0.0533333333333
0.0666666666667
0.0733333333333
0.0866666666667
0.0933333333333
0.106666666667
0.113333333333
0.126666666667
0.133333333333
0.146666666667
0.153333333333
0.166666666667
0.173333333333
0.186666666667
0.193333333333
0.206666666667
0.213333333333
0.226666666667
0.233333333333
0.246666666667
0.253333333333
0.266666666667
0.273333333333
0.286666666667
0.293333333333
0.306666666667
0.313333333333
0.326666666667
0.333333333333
0.346666666667
0.353333333333
0.366666666667
0.373333333333
0.386666666666
0.393333333333
0.406666666666
0.413333333333
0.426666666666
0.433333333333
0.446666666666
0.453333333333
0.466666666666
0.473333333333
0.486666666666
0.493333333333
0.506666666666
0.513333333333
0.526666666666
0.533333333333
0.546666666666
0.553333333333
0.566666666666
0.573333333333
0.586666666666
0.593333333333
0.606666666666
0.613333333333
0.626666666666
0.633333333333
0.646666666666
0.653333333333
0.666666666666
0.673333333333
0.686666666666
0.693333333333
0.706666666666
0.713333333333
0.726666666666
0.733333333333
0.746666666666
0.753333333333
0.766666666666
0.773333333333
0.786666666666
0.793333333333
0.806666666666
0.813333333333
0.826666666666
0.833333333333
0.846666666666
0.853333333333
0.866666666666
0.873333333333
0.886666666666
0.893333333333
0.906666666666
0.913333333333
0.926666666666
0.933333333333
0.946666666667
0.953333333333
0.966666666667
0.973333333333
0.986666666667
0.993333333333
0.00666666666667
0.0133333333333
0.0266666666667
0.0333333333333
0.0466666666667
0.0533333333333
0.0666666666667
0.0733333333333
0.0866666666667
0.0933333333333
0.106666666667
0.113333333333
0.126666666667
0.133333333333
0.146666666667
0.153333333333
0.166666666667
0.173333333333
0.186666666667
0.193333333333
0.206666666667
0.213333333333
0.226666666667
0.233333333333
0.246666666667
0.253333333333
0.266666666667
0.273333333333
0.286666666667
0.293333333333
0.306666666667
0.313333333333
0.326666666666
0.333333333333
0.346666666666
0.353333333333
0.366666666666
0.373333333333
0.386666666666
0.393333333333
0.406666666666
0.413333333333
0.426666666666
0.433333333333
0.446666666666
0.453333333333
0.466666666666
0.473333333333
0.486666666666
0.493333333333
0.506666666666
0.513333333333
0.526666666666
0.533333333333
0.546666666666
0.553333333333
0.566666666666
0.573333333333
0.586666666666
0.593333333333
0.606666666666
0.613333333333
0.626666666666
0.633333333333
0.646666666666
0.653333333333
0.666666666666
0.673333333333
0.686666666666
0.693333333333
0.706666666666
0.713333333333
0.726666666666
0.733333333333
0.746666666666
0.753333333333
0.766666666666
0.773333333333
0.786666666666
0.793333333333
0.806666666666
0.813333333333
0.826666666666
0.833333333333
0.846666666666
0.853333333333
0.866666666666
0.873333333333
0.886666666666
0.893333333333
0.906666666666
0.913333333333
0.926666666666
0.933333333333
0.946666666667
0.953333333333
0.966666666667
0.973333333333
0.986666666667
0.993333333333
0.00666666666667
0.0133333333333
0.0266666666667
0.0333333333333
0.0466666666667
0.0533333333333
0.0666666666666
0.0733333333333
0.0866666666666
0.0933333333333
0.106666666667
0.113333333333
0.126666666667
0.133333333333
0.146666666667
0.153333333333
0.166666666667
0.173333333333
0.186666666667
0.193333333333
0.206666666667
0.213333333333
0.226666666667
0.233333333333
0.246666666667
0.253333333333
0.266666666666
0.273333333333
0.286666666666
0.293333333333
0.306666666666
0.313333333333
0.326666666666
0.333333333333
0.346666666666
0.353333333333
0.366666666666
0.373333333333
0.386666666666
0.393333333333
0.406666666666
0.413333333333
0.426666666666
0.433333333333
0.446666666666
0.453333333333
0.466666666666
0.473333333333
0.486666666666
0.493333333333
0.506666666666
0.513333333333
0.526666666666
0.533333333333
0.546666666666
0.553333333333
0.566666666666
0.573333333333
0.586666666666
0.593333333333
0.606666666666
0.613333333333
0.626666666666
0.633333333333
0.646666666666
0.653333333333
0.666666666666
0.673333333333
0.686666666666
0.693333333333
0.706666666666
0.713333333333
0.726666666666
0.733333333333
0.746666666666
0.753333333333
0.766666666666
0.773333333333
0.786666666666
0.793333333333
0.806666666666
0.813333333333
0.826666666666
0.833333333333
0.846666666666
0.853333333333
0.866666666666
0.873333333333
0.886666666666
0.893333333333
0.906666666666
0.913333333333
0.926666666666
0.933333333333
0.946666666667
0.953333333333
0.966666666667
0.973333333333
0.986666666667
0.993333333333
0.00666666666666
0.0133333333333
0.0266666666667
0.0333333333333
0.0466666666666
0.0533333333333
0.0666666666666
0.0733333333333
0.0866666666666
0.0933333333333
0.106666666667
0.113333333333
0.126666666667
0.133333333333
0.146666666667
0.153333333333
0.166666666667
0.173333333333
0.186666666667
0.193333333333
0.206666666667
0.213333333333
0.226666666667
0.233333333333
0.246666666666
0.253333333333
0.266666666666
0.273333333333
0.286666666666
0.293333333333
0.306666666666
0.313333333333
0.326666666666
0.333333333333
0.346666666666
0.353333333333
0.366666666666
0.373333333333
0.386666666666
0.393333333333
0.406666666666
0.413333333333
0.426666666666
0.433333333333
0.446666666666
0.453333333333
0.466666666666
0.473333333333
0.486666666666
0.493333333333
0.506666666666
0.513333333333
0.526666666666
0.533333333333
0.546666666666
0.553333333333
0.566666666666
0.573333333333
0.586666666666
0.593333333333
0.606666666666
0.613333333333
0.626666666666
0.633333333333
0.646666666666
0.653333333333
0.666666666666
0.673333333333
0.686666666666
0.693333333333
0.706666666666
0.713333333333
0.726666666666
0.733333333333
0.746666666666
0.753333333333
0.766666666666
0.773333333333
0.786666666666
0.793333333333
0.806666666666
0.813333333333
0.826666666666
0.833333333333
0.846666666666
0.853333333333
0.866666666666
0.873333333333
0.886666666666
0.893333333333
0.906666666666
0.913333333333
0.926666666666
0.933333333333
0.946666666667
0.953333333333
0.966666666667
0.973333333333
0.986666666667
0.993333333333
0.00666666666666
0.0133333333333
0.0266666666667
0.0333333333333
0.0466666666666
0.0533333333333
0.0666666666666
0.0733333333333
0.0866666666666
0.0933333333333
0.106666666667
0.113333333333
0.126666666667
0.133333333333
0.146666666667
0.153333333333
0.166666666667
0.173333333333
0.186666666667
0.193333333333
0.206666666667
0.213333333333
0.226666666666
0.233333333333
0.246666666666
0.253333333333
0.266666666666
0.273333333333
0.286666666666
0.293333333333
0.306666666666
0.313333333333
0.326666666666
0.333333333333
0.346666666666
0.353333333333
0.366666666666
0.373333333333
0.386666666666
0.393333333333
0.406666666666
0.413333333333
0.426666666666
0.433333333333
0.446666666666
0.453333333333
0.466666666666
0.473333333333
0.486666666666
0.493333333333
0.506666666666
0.513333333333
0.526666666666
0.533333333333
0.546666666666
0.553333333333
0.566666666666
0.573333333333
0.586666666666
0.593333333333
0.606666666666
0.613333333333
0.626666666666
0.633333333333
0.646666666666
0.653333333333
0.666666666666
0.673333333333
0.686666666666
0.693333333333
0.706666666666
0.713333333333
0.726666666666
0.733333333333
0.746666666666
0.753333333333
0.766666666666
0.773333333333
0.786666666666
0.793333333333
0.806666666666
0.813333333333
0.826666666666
0.833333333333
0.846666666666
0.853333333333
0.866666666666
0.873333333333
0.886666666666
0.893333333333
0.906666666666
0.913333333333
0.926666666666
0.933333333333
0.946666666667
0.953333333333
0.966666666667
0.973333333333
0.986666666667
0.993333333333
0.00666666666666
0.0133333333333
0.0266666666667
0.0333333333333
0.0466666666666
0.0533333333333
0.0666666666666
0.0733333333333
0.0866666666666
0.0933333333333
0.106666666667
0.113333333333
0.126666666667
0.133333333333
0.146666666667
0.153333333333
0.166666666667
0.173333333333
0.186666666667
0.193333333333
0.206666666666
0.213333333333
0.226666666666
0.233333333333
0.246666666666
0.253333333333
0.266666666666
0.273333333333
0.286666666666
0.293333333333
0.306666666666
0.313333333333
0.326666666666
0.333333333333
0.346666666666
0.353333333333
0.366666666666
0.373333333333
0.386666666666
0.393333333333
0.406666666666
0.413333333333
0.426666666666
0.433333333333
0.446666666666
0.453333333333
0.466666666666
0.473333333333
0.486666666666
0.493333333333
0.506666666666
0.513333333333
0.526666666666
0.533333333333
0.546666666666
0.553333333333
0.566666666666
0.573333333333
0.586666666666
0.593333333333
0.606666666666
0.613333333333
0.626666666666
0.633333333333
0.646666666666
0.653333333333
0.666666666666
0.673333333333
0.686666666666
0.693333333333
0.706666666666
0.713333333333
0.726666666666
0.733333333333
0.746666666666
0.753333333333
0.766666666666
0.773333333333
0.786666666666
0.793333333333
0.806666666666
0.813333333333
0.826666666666
0.833333333333
0.846666666666
0.853333333333
0.866666666666
0.873333333333
0.886666666666
0.893333333333
0.906666666666
0.913333333333
0.926666666666
0.933333333333
0.946666666667
0.953333333333
0.966666666667
0.973333333333
0.986666666667
0.993333333333
0.00666666666666
0.0133333333333
0.0266666666666
0.0333333333333
0.0466666666666
0.0533333333333
0.0666666666666
0.0733333333333
0.0866666666666
0.0933333333333
0.106666666667
0.113333333333
0.126666666667
0.133333333333
0.146666666667
0.153333333333
0.166666666667
0.173333333333
0.186666666666
0.193333333333
0.206666666666
0.213333333333
0.226666666666
0.233333333333
0.246666666666
0.253333333333
0.266666666666
0.273333333333
0.286666666666
0.293333333333
0.306666666666
0.313333333333
0.326666666666
0.333333333333
0.346666666666
0.353333333333
0.366666666666
0.373333333333
0.386666666666
0.393333333333
0.406666666666
0.413333333333
0.426666666666
0.433333333333
0.446666666666
0.453333333333
0.466666666666
0.473333333333
0.486666666666
0.493333333333
0.506666666666
0.513333333333
0.526666666666
0.533333333333
0.546666666666
0.553333333333
0.566666666666
0.573333333333
0.586666666666
0.593333333333
0.606666666666
0.613333333333
0.626666666666
0.633333333333
0.646666666666
0.653333333333
0.666666666666
0.673333333333
0.686666666666
0.693333333333
0.706666666666
0.713333333333
0.726666666666
0.733333333333
0.746666666666
0.753333333333
0.766666666666
0.773333333333
0.786666666666
0.793333333333
0.806666666666
0.813333333333
0.826666666666
0.833333333333
0.846666666666
0.853333333333
0.866666666666
0.873333333333
0.886666666666
0.893333333333
0.906666666666
0.913333333333
0.926666666666
0.933333333333
0.946666666667
0.953333333333
0.966666666667
0.973333333333
0.986666666667
0.993333333333
0.00666666666666
0.0133333333333
0.0266666666666
0.0333333333333
0.0466666666666
0.0533333333333
0.0666666666666
0.0733333333333
0.0866666666666
0.0933333333333
0.106666666667
0.113333333333
0.126666666667
0.133333333333
0.146666666667
0.153333333333
0.166666666666
0.173333333333
0.186666666666
0.193333333333
0.206666666666
0.213333333333
0.226666666666
0.233333333333
0.246666666666
0.253333333333
0.266666666666
0.273333333333
0.286666666666
0.293333333333
0.306666666666
0.313333333333
0.326666666666
0.333333333333
0.346666666666
0.353333333333
0.366666666666
0.373333333333
0.386666666666
0.393333333333
0.406666666666
0.413333333333
0.426666666666
0.433333333333
0.446666666666
0.453333333333
0.466666666666
0.473333333333
0.486666666666
0.493333333333
0.506666666666
0.513333333333
0.526666666666
0.533333333333
0.546666666666
0.553333333333
0.566666666666
0.573333333333
0.586666666666
0.593333333333
0.606666666666
0.613333333333
0.626666666666
0.633333333333
0.646666666666
0.653333333333
0.666666666666
0.673333333333
0.686666666666
0.693333333333
0.706666666666
0.713333333333
0.726666666666
0.733333333333
0.746666666666
0.753333333333
0.766666666666
0.773333333333
0.786666666666
0.793333333333
0.806666666666
0.813333333333
0.826666666666
0.833333333333
0.846666666666
0.853333333333
0.866666666666
0.873333333333
0.886666666666
0.893333333333
0.906666666666
0.913333333333
0.926666666666
0.933333333333
0.946666666667
0.953333333333
0.966666666667
0.973333333333
0.986666666667
0.993333333333
0.00666666666666
0.0133333333333
0.0266666666666
0.0333333333333
0.0466666666666
0.0533333333333
0.0666666666666
0.0733333333333
0.0866666666666
0.0933333333332
0.106666666667
0.113333333333
0.126666666667
0.133333333333
0.146666666667
0.153333333333
0.166666666666
0.173333333333
0.186666666666
0.193333333333
0.206666666666
0.213333333333
0.226666666666
0.233333333333
0.246666666666
0.253333333333
0.266666666666
0.273333333333
0.286666666666
0.293333333333
0.306666666666
0.313333333333
0.326666666666
0.333333333333
0.346666666666
0.353333333333
0.366666666666
0.373333333333
0.386666666666
0.393333333333
0.406666666666
0.413333333333
0.426666666666
0.433333333333
0.446666666666
0.453333333333
0.466666666666
0.473333333333
0.486666666666
0.493333333333
0.506666666666
0.513333333333
0.526666666666
0.533333333333
0.546666666666
0.553333333333
0.566666666666
0.573333333333
0.586666666666
0.593333333333
0.606666666666
0.613333333333
0.626666666666
0.633333333333
0.646666666666
0.653333333333
0.666666666666
0.673333333333
0.686666666666
0.693333333333
0.706666666666
0.713333333333
0.726666666666
0.733333333333
0.746666666666
0.753333333333
0.766666666666
0.773333333333
0.786666666666
0.793333333333
0.806666666666
0.813333333333
0.826666666666
0.833333333333
0.846666666666
0.853333333333
0.866666666666
0.873333333333
0.886666666666
0.893333333333
0.906666666666
0.913333333333
0.926666666666
0.933333333333
0.946666666667
0.953333333333
0.966666666667
0.973333333333
0.986666666667
0.993333333333
0.00666666666666
0.0133333333333
0.0266666666666
0.0333333333333
0.0466666666666
0.0533333333333
0.0666666666666
0.0733333333332
0.0866666666666
0.0933333333332
0.106666666667
0.113333333333
0.126666666667
0.133333333333
0.146666666666
0.153333333333
0.166666666666
0.173333333333
0.186666666666
0.193333333333
0.206666666666
0.213333333333
0.226666666666
0.233333333333
0.246666666666
0.253333333333
0.266666666666
0.273333333333
0.286666666666
0.293333333333
0.306666666666
0.313333333333
0.326666666666
0.333333333333
0.346666666666
0.353333333333
0.366666666666
0.373333333333
0.386666666666
0.393333333333
0.406666666666
0.413333333333
0.426666666666
0.433333333333
0.446666666666
0.453333333333
0.466666666666
0.473333333332
0.486666666666
0.493333333332
0.506666666666
0.513333333332
0.526666666666
0.533333333333
0.546666666666
0.553333333333
0.566666666666
0.573333333333
0.586666666666
0.593333333333
0.606666666666
0.613333333333
0.626666666666
0.633333333333
0.646666666666
0.653333333333
0.666666666666
0.673333333333
0.686666666666
0.693333333333
0.706666666666
0.713333333333
0.726666666666
0.733333333333
0.746666666666
0.753333333333
0.766666666666
0.773333333333
0.786666666666
0.793333333333
0.806666666666
0.813333333333
0.826666666666
0.833333333333
0.846666666666
0.853333333333
0.866666666666
0.873333333333
0.886666666666
0.893333333333
0.906666666666
0.913333333333
0.926666666666
0.933333333333
0.946666666667
0.953333333333
0.966666666667
0.973333333333
0.986666666667
0.993333333333
0.00666666666666
0.0133333333333
0.0266666666666
0.0333333333333
0.0466666666666
0.0533333333333
0.0666666666666
0.0733333333332
0.0866666666666
0.0933333333332
0.106666666667
0.113333333333
0.126666666667
0.133333333333
0.146666666666
0.153333333333
0.166666666666
0.173333333333
0.186666666666
0.193333333333
0.206666666666
0.213333333333
0.226666666666
0.233333333333
0.246666666666
0.253333333333
0.266666666666
0.273333333333
0.286666666666
0.293333333333
0.306666666666
0.313333333333
0.326666666666
0.333333333333
0.346666666666
0.353333333333
0.366666666666
0.373333333333
0.386666666666
0.393333333333
0.406666666666
0.413333333333
0.426666666666
0.433333333333
0.446666666666
0.453333333332
0.466666666666
0.473333333332
0.486666666666
0.493333333332
0.506666666666
0.513333333332
0.526666666666
0.533333333332
0.546666666666
0.553333333332
0.566666666666
0.573333333332
0.586666666666
0.593333333333
0.606666666666
0.613333333333
0.626666666666
0.633333333333
0.646666666666
0.653333333333
0.666666666666
0.673333333333
0.686666666666
0.693333333333
0.706666666666
0.713333333333
0.726666666666
0.733333333333
0.746666666666
0.753333333333
0.766666666666
0.773333333333
0.786666666666
0.793333333333
0.806666666666
0.813333333333
0.826666666666
0.833333333333
0.846666666666
0.853333333333
0.866666666666
0.873333333333
0.886666666666
0.893333333333
0.906666666666
0.913333333333
0.926666666666
0.933333333333
0.946666666667
0.953333333333
0.966666666667
0.973333333333
0.986666666667
0.993333333333
0.00666666666666
0.0133333333333
0.0266666666666
0.0333333333333
0.0466666666666
0.0533333333333
0.0666666666666
0.0733333333332
0.0866666666665
0.0933333333332
0.106666666667
0.113333333333
0.126666666666
0.133333333333
0.146666666666
0.153333333333
0.166666666666
0.173333333333
0.186666666666
0.193333333333
0.206666666666
0.213333333333
0.226666666666
0.233333333333
0.246666666666
0.253333333333
0.266666666666
0.273333333333
0.286666666666
0.293333333333
0.306666666666
0.313333333333
0.326666666666
0.333333333333
0.346666666666
0.353333333333
0.366666666666
0.373333333333
0.386666666666
0.393333333333
0.406666666666
0.413333333333
0.426666666666
0.433333333332
0.446666666666
0.453333333332
0.466666666666
0.473333333332
0.486666666666
0.493333333332
0.506666666666
0.513333333332
0.526666666666
0.533333333332
0.546666666666
0.553333333332
0.566666666666
0.573333333332
0.586666666666
0.593333333332
0.606666666666
0.613333333333
0.626666666666
0.633333333333
0.646666666666
0.653333333333
0.666666666666
0.673333333333
0.686666666666
0.693333333333
0.706666666666
0.713333333333
0.726666666666
0.733333333333
0.746666666666
0.753333333333
0.766666666666
0.773333333333
0.786666666666
0.793333333333
0.806666666666
0.813333333333
0.826666666666
0.833333333333
0.846666666666
0.853333333333
0.866666666666
0.873333333333
0.886666666666
0.893333333333
0.906666666666
0.913333333333
0.926666666666
0.933333333333
0.946666666667
0.953333333333
0.966666666667
0.973333333333
0.986666666667
0.993333333333
0.00666666666666
0.0133333333333
0.0266666666666
0.0333333333333
0.0466666666666
0.0533333333332
0.0666666666666
0.0733333333332
0.0866666666665
0.0933333333332
0.106666666667
0.113333333333
0.126666666666
0.133333333333
0.146666666666
0.153333333333
0.166666666666
0.173333333333
0.186666666666
0.193333333333
0.206666666666
0.213333333333
0.226666666666
0.233333333333
0.246666666666
0.253333333333
0.266666666666
0.273333333333
0.286666666666
0.293333333333
0.306666666666
0.313333333333
0.326666666666
0.333333333333
0.346666666666
0.353333333333
0.366666666666
0.373333333333
0.386666666666
0.393333333333
0.406666666666
0.413333333332
0.426666666666
0.433333333332
0.446666666666
0.453333333332
0.466666666666
0.473333333332
0.486666666666
0.493333333332
0.506666666666
0.513333333332
0.526666666666
0.533333333332
0.546666666666
0.553333333332
0.566666666666
0.573333333332
0.586666666666
0.593333333332
0.606666666666
0.613333333332
0.626666666666
0.633333333333
0.646666666666
0.653333333333
0.666666666666
0.673333333333
0.686666666666
0.693333333333
0.706666666666
0.713333333333
0.726666666666
0.733333333333
0.746666666666
0.753333333333
0.766666666666
0.773333333333
0.786666666666
0.793333333333
0.806666666666
0.813333333333
0.826666666666
0.833333333333
0.846666666666
0.853333333333
0.866666666666
0.873333333333
0.886666666666
0.893333333333
0.906666666666
0.913333333333
0.926666666666
0.933333333333
0.946666666667
0.953333333333
0.966666666667
0.973333333333
0.986666666667
0.993333333333
0.00666666666666
0.0133333333333
0.0266666666666
0.0333333333333
0.0466666666666
0.0533333333332
0.0666666666666
0.0733333333332
0.0866666666665
0.0933333333332
0.106666666667
0.113333333333
0.126666666666
0.133333333333
0.146666666666
0.153333333333
0.166666666666
0.173333333333
0.186666666666
0.193333333333
0.206666666666
0.213333333333
0.226666666666
0.233333333333
0.246666666666
0.253333333333
0.266666666666
0.273333333333
0.286666666666
0.293333333333
0.306666666666
0.313333333333
0.326666666666
0.333333333333
0.346666666666
0.353333333333
0.366666666666
0.373333333333
0.386666666666
0.393333333332
0.406666666666
0.413333333332
0.426666666666
0.433333333332
0.446666666666
0.453333333332
0.466666666666
0.473333333332
0.486666666666
0.493333333332
0.506666666666
0.513333333332
0.526666666666
0.533333333332
0.546666666666
0.553333333332
0.566666666666
0.573333333332
0.586666666666
0.593333333332
0.606666666666
0.613333333332
0.626666666666
0.633333333332
0.646666666666
0.653333333333
0.666666666666
0.673333333333
0.686666666666
0.693333333333
0.706666666666
0.713333333333
0.726666666666
0.733333333333
0.746666666666
0.753333333333
0.766666666666
0.773333333333
0.786666666666
0.793333333333
0.806666666666
0.813333333333
0.826666666666
0.833333333333
0.846666666666
0.853333333333
0.866666666666
0.873333333333
0.886666666666
0.893333333333
0.906666666666
0.913333333333
0.926666666666
0.933333333333
0.946666666667
0.953333333333
0.966666666667
0.973333333333
0.986666666667
0.993333333333
0.00666666666666
0.0133333333333
0.0266666666666
0.0333333333333
0.0466666666666
0.0533333333332
0.0666666666665
0.0733333333332
0.0866666666665
0.0933333333332
0.106666666666
0.113333333333
0.126666666666
0.133333333333
0.146666666666
0.153333333333
0.166666666666
0.173333333333
0.186666666666
0.193333333333
0.206666666666
0.213333333333
0.226666666666
0.233333333333
0.246666666666
0.253333333333
0.266666666666
0.273333333333
0.286666666666
0.293333333333
0.306666666666
0.313333333333
0.326666666666
0.333333333333
0.346666666666
0.353333333333
0.366666666666
0.373333333332
0.386666666666
0.393333333332
0.406666666666
0.413333333332
0.426666666666
0.433333333332
0.446666666666
0.453333333332
0.466666666666
0.473333333332
0.486666666666
0.493333333332
0.506666666665
0.513333333332
0.526666666666
0.533333333332
0.546666666666
0.553333333332
0.566666666666
0.573333333332
0.586666666666
0.593333333332
0.606666666666
0.613333333332
0.626666666666
0.633333333332
0.646666666666
0.653333333332
0.666666666666
0.673333333333
0.686666666666
0.693333333333
0.706666666666
0.713333333333
0.726666666666
0.733333333333
0.746666666666
0.753333333333
0.766666666666
0.773333333333
0.786666666666
0.793333333333
0.806666666666
0.813333333333
0.826666666666
0.833333333333
0.846666666666
0.853333333333
0.866666666666
0.873333333333
0.886666666666
0.893333333333
0.906666666666
0.913333333333
0.926666666666
0.933333333333
0.946666666667
0.953333333333
0.966666666667
0.973333333333
0.986666666667
0.993333333333
0.00666666666665
0.0133333333333
0.0266666666666
0.0333333333333
0.0466666666666
0.0533333333332
0.0666666666665
0.0733333333332
0.0866666666665
0.0933333333332
0.106666666666
0.113333333333
0.126666666666
0.133333333333
0.146666666666
0.153333333333
0.166666666666
0.173333333333
0.186666666666
0.193333333333
0.206666666666
0.213333333333
0.226666666666
0.233333333333
0.246666666666
0.253333333333
0.266666666666
0.273333333333
0.286666666666
0.293333333333
0.306666666666
0.313333333333
0.326666666666
0.333333333333
0.346666666666
0.353333333332
0.366666666666
0.373333333332
0.386666666666
0.393333333332
0.406666666666
0.413333333332
0.426666666666
0.433333333332
0.446666666666
0.453333333332
0.466666666665
0.473333333332
0.486666666665
0.493333333332
0.506666666665
0.513333333332
0.526666666665
0.533333333332
0.546666666666
0.553333333332
0.566666666666
0.573333333332
0.586666666666
0.593333333332
0.606666666666
0.613333333332
0.626666666666
0.633333333332
0.646666666666
0.653333333332
0.666666666666
0.673333333332
0.686666666666
0.693333333333
0.706666666666
0.713333333333
0.726666666666
0.733333333333
0.746666666666
0.753333333333
0.766666666666
0.773333333333
0.786666666666
0.793333333333
0.806666666666
0.813333333333
0.826666666666
0.833333333333
0.846666666666
0.853333333333
0.866666666666
0.873333333333
0.886666666666
0.893333333333
0.906666666666
0.913333333333
0.926666666666
0.933333333333
0.946666666667
0.953333333333
0.966666666667
0.973333333333
0.986666666667
0.993333333333
)
;

boundaryField
{
    zMin
    {
        type            empty;
    }
    zMax
    {
        type            empty;
    }
    xMin
    {
        type            calculated;
        value           nonuniform List<scalar> 
50
(
0.01
0.0300000000001
0.0500000000002
0.0700000000003
0.0900000000004
0.11
0.130000000001
0.150000000001
0.170000000001
0.190000000001
0.210000000001
0.230000000001
0.250000000001
0.270000000001
0.290000000001
0.310000000001
0.330000000001
0.350000000001
0.370000000002
0.390000000002
0.410000000002
0.430000000002
0.450000000002
0.470000000002
0.490000000002
0.510000000002
0.530000000002
0.550000000002
0.570000000002
0.590000000001
0.610000000001
0.630000000001
0.650000000001
0.670000000001
0.690000000001
0.710000000001
0.73
0.75
0.77
0.79
0.81
0.83
0.85
0.87
0.89
0.91
0.93
0.95
0.97
0.99
)
;
    }
    xMax
    {
        type            calculated;
        value           nonuniform List<scalar> 
50
(
0.00999999999998
0.0299999999999
0.0499999999999
0.0699999999999
0.0899999999998
0.11
0.13
0.15
0.17
0.19
0.21
0.229999999999
0.249999999999
0.269999999999
0.289999999999
0.309999999999
0.329999999999
0.349999999999
0.369999999999
0.389999999999
0.409999999999
0.429999999999
0.449999999999
0.469999999999
0.489999999999
0.509999999999
0.529999999999
0.549999999999
0.569999999999
0.589999999999
0.609999999999
0.629999999999
0.649999999999
0.669999999999
0.689999999999
0.709999999999
0.729999999999
0.749999999999
0.769999999999
0.789999999999
0.809999999999
0.83
0.85
0.87
0.89
0.91
0.93
0.95
0.97
0.99
)
;
    }
    yMin
    {
        type            calculated;
        value           uniform 0;
    }
    yMax
    {
        type            calculated;
        value           nonuniform List<scalar> 
50
(
1
1
1
1
1
1
1
1
1
1
1
1
1
1
1
1
1
1
1
1
1
1
1
1
1
1
1
1
1
1
1
1
1
1
1
1
1
1
1
1
1
1
1
1
1
1
1
1
1
1
)
;
    }
}


// ************************************************************************* //
