/*--------------------------------*- C++ -*----------------------------------*\
  =========                 |
  \\      /  F ield         | OpenFOAM: The Open Source CFD Toolbox
   \\    /   O peration     | Website:  https://openfoam.org
    \\  /    A nd           | Version:  14
     \\/     M anipulation  |
\*---------------------------------------------------------------------------*/
FoamFile
{
    format      ascii;
    class       surfaceScalarField;
    location    "36.000000000007";
    object      phi;
}
// * * * * * * * * * * * * * * * * * * * * * * * * * * * * * * * * * * * * * //

dimensions      [0 3 -1 0 0 0 0];

internalField   nonuniform List<scalar> 
4035
(
-6.37458884982e-06
-2.26866545767e-05
2.90612433834e-05
-5.37156961948e-06
4.05157167197e-05
-4.15187359675e-05
-2.80582241963e-05
6.95769601116e-05
-6.95769601551e-05
0.000899100563656
-0.000153371620422
-0.000745728943241
1.38031227698e-05
0.000207124476766
-0.000220927599497
-0.000598648174466
4.42894936616e-05
0.000554358680882
-0.000913716771575
0.000416950108845
0.000902858203188
-0.000406091540472
0.00041364856824
-0.00126732380546
-0.000369831431141
0.00122350666842
0.000309880576772
-7.51589732456e-05
-0.000344941820592
0.000110220217087
-0.000241933265549
-0.000731529779764
0.000695159282712
0.000278303762517
0.00109990630738
-0.000780413433933
9.41556948542e-05
3.11675327349e-05
-0.00092732289339
0.000907416457262
-1.12610966397e-05
4.64104134186e-05
-0.00108651517848
0.000869821137424
0.000170283627679
0.000883800014825
0.000540852362882
-0.00109614109301
-0.000328511284712
0.000562262334922
-0.00070462647159
-9.95691289347e-05
-0.00033029981527
-0.000631089833009
0.000689911288242
0.000271478360042
0.000596825337742
-0.000665249798581
0.000314184050288
-0.000245759589532
0.000290005103941
-0.000170207970679
0.000190083443512
0.000610376031963
-0.000745080474
-6.13558504623e-05
0.000540996990013
0.000968479605607
-0.000518988509869
-0.000379463584563
-0.000468117159092
-0.00114605415669
0.000278747798592
0.000121742005416
-0.000612178879977
0.000561011829763
1.33373841427e-05
-9.77266788198e-06
6.60122438658e-05
6.22017507688e-05
0.00024436273261
-7.33534625894e-05
1.24466535401e-05
-0.000183455923556
-0.000339977432313
0.000584340164922
0.000207057120797
0.000145149733915
-0.000343058998009
0.000272980994754
0.000135133134326
-8.67567959668e-05
-0.000300438293631
0.000429417246319
-0.000493807645287
-0.000275587033353
-2.33387711646e-06
2.3338771136e-06
1.2775298998e-06
5.51400608665e-06
-9.12541310776e-06
3.61140701557e-06
-6.42280494927e-05
-7.33534626066e-05
0.000215314085246
-0.000792552644133
0.000577238558961
-0.000273041134637
-6.76491920848e-05
0.000340690326762
0.000133061623635
-0.000845638976519
0.000712577352944
0.000803074813359
-0.000374794060101
-0.000803362913645
0.000375082160338
-0.000687364764509
0.0006812246491
0.000243528593297
-0.000237388477882
-0.00121845777706
7.98354191899e-05
0.000451257593392
0.00072124401836
0.000562480385935
-0.000602499755164
0.000407988730151
-0.000378641914064
9.65287429945e-05
-0.000125875559056
-0.000374745057309
0.000509692652821
0.000332480827358
0.000604077276263
-0.000306524502226
-0.00114315072769
0.000231217452928
-0.00100293220134
0.000755438957289
-5.90312581533e-05
0.000836406689036
-0.000789398084878
3.28268150101e-05
-3.78870155436e-05
0.000950467119255
-0.000775368158207
-0.000137211945516
-8.09985758901e-05
-0.00113634392715
0.000991662604247
0.000225679898776
-0.000517790794416
0.000659812801594
0.000101506586064
0.000602099147151
-0.000692546675693
-0.000284297528777
0.000730658224146
-0.000345780255404
0.000177602417145
-0.000309319999919
0.000151494529046
-0.0002208164432
-0.000943794805872
2.88795509197e-05
-0.000549341365951
-1.84048352522e-05
0.000486747625377
0.000972098858715
-0.000206911060863
-3.79902453249e-05
0.000360378020389
0.00071185971062
-0.000576961117876
0.000341973185175
-7.25934203472e-06
-7.51826033043e-07
-6.15657920785e-05
-0.000104255350171
-0.000627622451146
0.000670628897932
-0.000187810990665
0.000144804543914
0.000201098359406
-0.00023278417021
-0.00018079117988
0.000305971146155
-0.000280833116892
-9.04553273965e-05
8.12274167351e-05
0.000198391573259
-0.000515256437958
0.000526972058992
0.000189382738359
0.00264384861571
-2.69970506111e-05
-0.00261685156539
0.000231955545009
0.000517047611723
-0.000749003156726
-0.0015526232526
9.07177110122e-05
0.00146190554169
-0.00142329938919
0.000656497341231
0.00129730097275
-0.000530498924866
0.000590431949377
-0.00180545146917
-0.000720830119324
0.00193584963924
0.000726277035547
-0.000199573700752
-0.000846569908008
0.000319866573193
-9.19322181105e-05
-0.0011396883156
0.000785326941856
0.00044629359187
0.00131850305136
0.000114855767306
-0.000842926869099
-5.53619548709e-05
-0.000977801390528
4.59711518552e-05
0.000987192193641
2.22433097048e-05
-0.00134370196114
0.000214618081049
0.00110684057052
0.0012736624739
0.000197961954848
-0.000114225515738
-0.00135739891322
0.000566815511214
8.70731546457e-06
-0.000667455044724
-0.000610078099741
-0.00100166131148
0.000422148085175
0.001189591326
0.000389778708326
-0.000980715604757
-5.1623795647e-05
0.000642560691637
0.000640997936009
0.000383088040988
-0.000297808941454
0.000705091238403
-0.00145500084588
3.23818442459e-05
0.00107548648218
0.00227345337192
-0.000386492820282
-0.00109550507635
-0.00093960039604
-0.00185944985101
0.000458393771601
0.0001671174993
-0.00117129615656
0.000888193101752
-0.000177913098668
0.000151464504292
-4.69048682426e-05
0.000174335318771
0.00331308981284
-0.00400463970583
-0.000313052023766
0.00100460191674
0.000305087467945
0.000510245786835
0.00039241813191
-0.000505886341674
0.000141918589552
3.53077126068e-05
-9.35459511676e-05
0.000201304874135
-0.000148899106672
0.00109156367673
-0.00114396944427
0.00351439468688
-0.00036289432165
0.000362894321629
0.000185019370496
-0.000350431139065
-0.000197482553088
0.000547913692127
0.000320197758868
0.000670628897891
0.000232890744481
-0.00260594525247
0.00237305450752
-0.000411483295019
-0.0012765671355
0.00168805043043
-7.89272334898e-05
-0.0021045380994
0.00218346533275
0.000930173506773
-0.000523336704877
-0.000874928992928
0.000468092191017
-0.000666312161461
0.000912183484331
0.000104109955203
-0.000349981278042
-0.00141866720003
-2.19292997657e-05
0.000774284338117
0.00116623563572
0.000515922526384
-0.000769974678238
0.000804840095029
-0.000689233704636
0.00023664177172
-0.000352248162187
-0.000422956947156
0.000816313747123
0.000885311640023
0.000513814739962
-0.000410099906522
-0.00142673755368
0.000418170260056
-0.00105616840055
-9.41606310937e-05
0.000740229125269
0.00085076417947
-3.37785366631e-05
-0.000838914942476
-0.000141013760791
0.00108689165867
-0.000115956034297
-0.000829921863528
0.000263864321457
-0.00134159571781
9.68060897118e-05
0.000980925306426
-0.000507482130677
-1.74056854433e-07
0.000611766142799
0.000776342338116
-0.000296640895671
-0.000902658389615
0.000927780078054
9.84924107632e-05
-0.000510349962635
-0.000559187027933
-0.000344705405317
0.000214658728592
-0.0026016355928
-0.00103992536381
-0.00126066225624
0.000186206911596
0.00133831966596
0.00132567705708
-0.000536517311161
-0.000179987730069
0.0019977038913
0.000953004980137
-0.000660027937959
0.00218391080292
0.00103529273042
-0.00030006235507
-6.46014774959e-05
-0.0032402109748
0.00400463970571
4.29360634883e-05
-0.000807364794271
-0.00035688079559
0.000282019494078
-0.000352857310951
-0.000563210512582
-0.000283653406985
0.000399967807155
-0.000149264471922
-6.69922923595e-06
9.99991001861e-05
0.00013642813268
-0.000818421005235
0.000964012366678
-0.00106139781367
0.00106139781368
0.000648552293691
0.000278612172379
-0.00198856227969
0.0017099501074
-0.00201607742602
-0.000865026121847
8.4612687932e-05
4.23903354207e-05
-0.000424832269323
0.000254624298645
0.000265079018919
-0.000534822487653
-0.000169803983968
-0.000220638437379
-9.78152486208e-05
8.80425807401e-05
0.000109241872175
0.000641969424904
0.000260888778266
0.000298910426896
0.000666535151745
0.000203285985659
0.000260443611265
-0.000756387283411
-0.000339753809611
-0.000326970037094
0.000228551569063
-0.000216104915521
-0.000265256076223
0.000794665658004
-3.92267007316e-05
5.26757311901e-06
0.000413034586372
-0.000261540057336
-0.000279512089323
0.000522050741064
0.000137762060508
0.000176270485648
0.000100177432902
-0.000100929258934
-0.000132606737307
-0.000578086145904
-0.000225276767767
-0.000272114999754
-0.000597949722949
-0.000177418435292
-0.000222867562626
0.00076872938636
0.000222933217858
0.000253472948394
-0.000362653066581
0.00017484207591
0.000164318992408
0.000961115572313
-0.000342667785577
-0.000618447786713
-0.000797309532141
0.00066726614902
0.000130043383124
-8.62771239162e-05
0.000229175413209
-0.000142898289294
-0.000699130647184
0.000189200270939
0.000509930376199
2.04693983489e-05
-0.000383768655071
0.000363299256705
-0.000115189705097
0.000432817564556
-0.00031762785946
-0.000521529368339
0.000406339663239
0.000716058031956
-0.000265854165265
-0.000450203866701
0.000251777737576
-0.000605088365173
0.000353310627519
-0.00073056147883
0.000582922707749
0.000147638771077
-0.000715306296424
1.61756493184e-05
0.000823084411235
0.000138031161084
-0.000246981036278
0.000160703912361
0.000396262659498
-0.000375793261157
-0.000702513118363
0.000331090339125
0.000371422779228
0.000846697148924
-0.000785150047914
-6.15471009243e-05
0.000601259336442
0.000245437812527
0.00117542850209
-0.000714396181843
-0.000461032320281
0.000830201832012
0.000345226670076
0.00110596965556
-0.000601341174208
-0.000504628481345
0.000391573473717
0.00106404180946
-0.000474650680142
-0.000589391129319
0.000666711640144
0.000397330169307
-0.000745532100186
3.50503305477e-05
0.000710481769641
-0.000960707191709
0.000563096568284
0.000397610623419
-0.000210543829019
0.000462321566533
0.000154335505895
-0.000514956460854
0.000360620954837
0.0003847600667
-0.000751151089448
0.00036639102275
-0.000720071561332
0.000760343464428
-4.02719030307e-05
0.000831963832012
-0.000929552111772
9.75882797537e-05
-0.000397948416402
0.000383149589482
1.47988269417e-05
-0.0001788593277
-0.000523653790669
-0.000152100089911
-0.000452988275295
7.39972120769e-05
-0.000819529312261
-0.000568009786347
-0.00022929974579
-0.000129288217132
-0.000590783344162
0.00062819583371
3.90703153078e-05
-0.000274770753882
-0.00045579072495
0.000569584303651
0.000146473728311
-4.05619853485e-06
0.000670767838673
0.000538836785073
-0.000542892983614
0.000346301309027
-0.000778900161643
0.000432598852595
0.000826392575484
-0.000480091266454
-0.000154681249801
0.000782052253971
-0.000627371004186
0.000675520582206
-0.000452739109715
-0.000332410938154
0.000277620068134
-0.000730359177811
-0.000585210161632
0.000554873252738
3.03369088695e-05
-0.000611029476122
0.000432808512244
0.000178220963877
0.000433353201042
0.0002316015752
-0.000664954776177
-0.000887837462819
0.00010893730123
-0.000286578126419
0.000993641665056
-0.000167249089582
0.000392300490862
0.000633245704478
5.98833696538e-05
-0.000693129074031
0.00108751315205
-0.000305460898078
0.000612862471902
0.0008332664251
-0.000294429640031
-0.000447075070057
-0.000163954406056
0.000183996497937
-0.000631071567987
0.000460093335748
0.000172106334815
-0.000632199670515
0.000299143546176
0.000266513457106
-0.000565657003309
-0.000286066615463
0.000657487755947
-0.000224134554852
0.000593498924323
-3.86256716128e-05
0.000602286993659
-0.000169478481404
0.000719959740047
-8.6714035525e-05
0.000659709018961
-0.000199615683188
0.000444394683156
-0.000290059177293
0.000311737056759
-0.000316626664135
-0.00064408052758
0.000199594681827
0.000579994550752
-0.000779589232567
-0.000418691637393
0.000607891908259
-0.000600945243272
0.000335091078013
-0.000225819652849
0.000610579719544
-0.000363830312795
-3.41181035764e-05
0.000199727603507
0.000632236228512
-1.80225355233e-05
0.000421954959351
-0.000764622744926
0.000544022255422
0.000216321209016
-0.000612368790072
-0.000317183321707
-0.000208960386809
-0.000542190702641
-0.000490641414541
0.000103152918983
0.000387488495628
-0.00019916867307
0.000762265241351
-0.000399752707368
-0.000252889753098
0.000652642460452
-8.33702611958e-05
-0.000718439961592
0.000801810222748
-1.58510219727e-06
0.000647628807327
-0.00064604370506
1.67734024618e-05
0.000429126307666
-0.000445899710187
-0.000690387282472
0.000941396906644
-0.000251009624157
-3.6438319652e-05
-0.000454203094958
6.56101125938e-05
0.000621877663589
-0.000687487776181
-0.000532959455796
0.000398075566289
-0.000381302163852
0.000619562215098
-0.000419967533265
0.000608713094178
-0.000277622755056
-0.000542437153225
-0.000172869143208
0.000695739051268
0.000127345359967
-0.000466466638387
8.26979833045e-05
0.000412341780697
2.04757838589e-05
0.000403364477168
9.19451075697e-05
-0.000495309584751
-0.000337532722163
1.19515763717e-05
0.000325581145792
0.000706543513631
-0.000486220210275
-0.000220323303353
0.000499130656126
0.000207412857491
0.000303327632968
7.98219565228e-05
0.000225770616609
3.40479659948e-06
0.000585566285613
-0.000182201808454
-0.000538548477471
0.000604158590067
8.46720992301e-05
-0.000775059381677
-0.000674531314885
0.00062333799475
5.11933201349e-05
0.000773488990244
-0.000725186108345
-4.83028818898e-05
-0.000725500289924
-0.000871949706784
0.000713753659859
0.000158196046914
-0.000179795629767
-0.000494735685123
0.000203081516639
0.000570407473608
-0.000280061782106
-0.000591887924683
-0.000228609904576
-0.000601704035561
0.000830313940143
0.00047581321495
0.000465583691712
-0.000441640357474
0.000405202037835
-0.000425315602038
8.77828798749e-05
-0.000235029459906
0.000488207767064
0.000375716637346
-0.000650487391228
-0.000394891515429
-0.00020207673517
0.000596968250521
2.28042702286e-05
0.00054678003342
0.0004568075099
-0.000586095727032
-8.10194026812e-05
0.00040775610177
6.24361319808e-05
-0.000470192233802
-0.000260677393784
0.000102130369335
-0.000497021884817
0.000322887285311
0.00031000371544
-0.000632891000763
-0.00036764227283
-0.000292522920214
0.000660165193029
-0.000650547819794
0.000282905546957
-0.000592043836373
0.000102465621105
0.000489578215263
-0.000357146899404
5.05208608672e-05
0.000306626038551
-0.000300270473289
5.76507522756e-05
0.000242619721024
-0.000245066597695
6.20918841782e-05
0.000182974713528
-4.10558286217e-05
-0.000501134874021
-0.000637126234295
7.96964965907e-05
0.000557429737696
-0.000188140542527
6.29434128813e-05
0.000125197129667
0.000569781071153
0.00021197161385
-0.000781752685022
-0.000580612248871
-5.65139854168e-05
0.000200278991219
-0.000228272597669
2.79936064608e-05
-0.000327660534487
-0.000491398319069
0.000385922805858
0.000105475513207
0.000629595534795
-0.000568725107053
-6.08704276717e-05
-0.000804160096278
0.000460884501427
0.000343275594851
-0.00012621159208
5.97391194569e-05
6.6472472636e-05
0.000632671041584
-0.000484167923278
-0.000148503118315
7.18991310067e-05
-0.000228655971911
0.00015675684093
1.05889637851e-05
-0.000326407977908
0.000315819014118
0.000130994853654
-0.000239052957683
0.000108058104027
-5.62846760038e-05
5.23979851368e-05
3.88669088426e-06
-0.000215333179844
0.0002461936368
-3.08604569569e-05
6.29643157923e-05
-0.000337092528898
0.000274128213099
0.000316886958652
-0.000253922642872
2.93950959834e-05
-0.000747967358742
0.00071857226276
0.000702795162183
-0.000801380609877
9.85854476983e-05
-0.000299759129993
0.000815890569509
-0.000516131439511
-0.000342587680236
0.00011699272238
0.000225594957843
-2.3726994954e-05
-0.000333419904448
-5.51209598423e-05
-0.000671672413976
0.000726793373915
-0.000512347339781
-0.000364818563188
-0.000439341533096
0.000804798691403
-0.000333008985057
-0.000471789706338
-3.05651811592e-05
-0.000269705292126
0.000505039561414
-0.000722038749202
0.000751433845185
-0.000653411299965
0.000275156338456
0.000378254961519
-3.54712740911e-05
-0.000209595323598
4.31408035631e-05
0.000297811130148
-0.000340951933729
-0.000642336173423
0.000464159880869
0.000178176292561
-0.00064590430399
-0.00031244555808
0.000355586361633
0.000160852572471
-4.23947261765e-05
-0.000118457846294
0.000678356815625
-0.000416556659707
-0.000261800155911
0.000440662367218
0.000237694448411
0.000207571654935
-7.65768012858e-05
0.000355207918074
-0.000240528271333
-0.00011467964675
0.000619979034892
-0.000537873203396
-8.21058314479e-05
0.000557436088233
6.25429467152e-05
-6.809324571e-05
0.000215803191191
-0.000147709945481
-0.000641998147195
9.82378714021e-05
0.000543760275787
-0.000297255977912
-0.000356155322048
0.000119891627472
-7.16389797966e-06
-0.000112727729483
-0.000308630784327
0.000390618810338
-8.19880260072e-05
-3.71949882587e-05
-0.00015094555426
-0.000116308531508
-0.000525689615692
9.17223314813e-05
0.000626424145687
-0.000667479974313
-0.000501030243096
0.000326775436504
0.000174254806536
9.95564825067e-06
-0.000731994397446
0.00036620517513
-0.000116304792845
-0.000249900382279
-0.000385589902669
6.97727439503e-05
0.000315817158733
-0.000175397641263
-9.24804029997e-05
0.00026787804426
-8.1311296648e-05
-0.000410087022418
-2.68659223745e-05
0.000146757549865
-0.000706202800408
0.000716158448668
0.000211585502049
-0.000151493887953
-6.00916140532e-05
9.2385477422e-05
0.000273819697716
0.000304065243133
-0.000116663071108
-0.000187402172015
-0.000293204425243
-0.00010371099637
0.000561194338538
-0.000457483342169
-3.51448364662e-05
-9.10667556075e-05
9.09516622899e-05
-4.9534763632e-05
-4.14168986577e-05
0.000243070283333
-0.00011955165673
-0.000123518626594
9.1851505412e-05
0.00015121877793
9.0985276416e-05
0.000213079966722
8.30526998738e-05
7.7799872616e-05
0.000111074535642
-0.000767609995541
0.000656535459878
-0.000224357300895
0.000104805644176
-0.000148385611859
-7.597168903e-05
0.000516362510073
-0.000777012087905
8.76151373569e-05
0.000689396950595
-0.000201673806201
0.000364009182559
0.000210524555848
-0.000574533738409
-0.000658067420965
-0.000118944666923
0.00014380572314
-0.000191238514791
4.74327916867e-05
-0.000243490886975
0.000789082107919
-0.000621620721649
-0.000167461386255
-0.000138419747528
0.000210318878541
0.00012535036074
-0.000161120634051
3.57702733222e-05
0.000349019563611
0.000471097352742
-0.00082011691634
-0.000193293920148
-3.53620517586e-05
0.000432336825284
-0.000544376376286
0.000112039551015
0.000131014686969
0.000794310635785
-0.000709697947828
-0.000764095389499
0.000724868688782
-0.000707815284165
0.000646665444857
6.11498394794e-05
0.000899357452806
-0.000819781133481
-7.95763191813e-05
0.000240093056262
7.67939023833e-05
-0.000286566086381
-5.05264425261e-05
-0.000800930799114
0.000214418858803
0.000586511940315
-0.000550173501177
-0.000250757297931
-0.000313962374507
0.000596867921451
0.000272924622794
0.000541451766326
-0.000814376389127
6.98507106875e-06
0.000527823418434
-0.00016381423588
0.000281875943716
-0.000354482886178
7.26069424745e-05
0.000223282384407
-0.000423047986275
0.000199765601853
0.000798491718845
-0.000584072860042
-0.000267323629913
-2.3053921272e-05
0.000290377551172
0.00026571706833
0.000201362244767
-0.00029384264777
0.000176870997197
0.000384976664523
-0.000103100720778
0.00024318425398
-0.000557146628499
-0.000300366235386
-5.41166507772e-05
-0.000102494623979
-0.000322041008848
2.16747734741e-05
0.000125362734115
-0.000260216054564
4.48828747148e-05
-4.06611215473e-06
-0.000263257517761
0.00024212752464
-0.000676983991722
0.000401429864141
0.000275554127547
-0.000369692182923
5.72466248333e-05
0.000318354967144
8.37877643177e-05
0.00012261954905
0.00026235711549
-0.000309936945951
0.000227396538315
8.25404076475e-05
0.000309620007653
-0.000299031043875
-0.000559227640223
8.54369011565e-05
0.000473790739072
-0.000128613821076
-0.000110439136606
0.000852184550534
-0.000579259927774
0.000209887264993
-0.000761474402658
0.000551587137641
0.000745185497612
-0.000709208391572
3.75359776821e-05
-0.000742699785625
0.000267002181067
0.000291633449795
-0.000558635630852
0.000249525376689
0.000200234017898
-0.0004497593946
8.60783571073e-05
0.000269129560957
0.000239954143918
0.000266585123984
-0.000506539267895
0.000878982735031
-0.000616092952576
0.000693408584374
0.00020594886853
-2.91184207518e-05
-2.71662552483e-05
0.000450372872034
-0.000783381857088
0.000772795208867
-0.000685180071452
0.000663384433855
-0.000451974552887
-0.000211409880976
0.000179216510575
0.000467559830329
-0.000218034453651
0.000306299086977
0.00041571284479
-0.000722011931759
-0.000263127438492
0.000486861600022
-0.000223734161542
0.000756671959014
0.000690869183249
8.42568484012e-05
-0.000682283083128
0.000598026234709
-0.000204096454875
-0.000105840491066
-0.000710253583643
0.000808264351726
-0.000107637578005
-0.000602616005577
7.7145273638e-05
0.000657092447321
-0.000734237720963
0.000698161438551
0.000110102913271
-0.000447905368912
0.000796924932528
0.000973138429913
0.00069963774861
0.000273500681338
8.04441647301e-05
0.000131141337328
-0.000321527332798
0.00058852951387
0.000779668336141
6.26913527014e-05
-0.00011222611633
-0.000713763950714
-5.03314387464e-05
0.000231186458823
-0.000347491251661
-0.000178359810323
-0.000227304175246
0.000404075999466
-0.000176771824224
0.000230452279313
-0.000506039312667
-0.000316489168582
0.000505871906932
0.000254968595166
-0.000518096033671
0.000557582653293
-0.000411924898225
-0.00014565775508
-0.000618783310708
0.000757987378493
-0.000297102877064
1.78310968434e-05
-0.000749825494288
-0.000695821626299
0.000243847073409
-0.000849781913403
0.000679977929438
0.000759337177765
-0.000621575117282
2.44647186348e-05
0.000183428152465
-0.000207892871088
0.000406546290504
-0.00033677354654
-2.77634958404e-05
0.000171569218988
5.61684835906e-05
-0.00020455409544
-0.000397065321084
0.000627517600391
-0.000108185814915
0.000695349898186
-0.000663630399846
-3.17194982684e-05
0.000783141663642
-0.000788537716447
5.39605290108e-06
0.000169179851915
-0.000285842923015
0.00060567017198
-0.000521413323703
-0.000345418406933
0.000202732428984
0.000142685977984
-0.00025872899387
-0.000310844224175
-0.000190186018937
0.00036371164328
-0.000375108372976
1.13967297001e-05
-0.00020545906036
0.000229923779003
-0.000425245468044
0.000197941292795
-4.37856180336e-06
-0.000317662447038
-3.35004442255e-05
0.00076067865816
-0.000727178213924
0.000337993822435
-0.000287472961569
0.000546590176599
-0.000410162043896
-0.000468221460151
0.000319322353418
0.000181518844334
0.000130543455818
-0.000371071727154
5.44727364606e-06
0.00017798087883
-0.000155673360402
-1.12316832565e-05
0.000722221653584
-0.000710989970317
0.000285534148734
-0.00057679782884
0.000291263680094
0.000631546113153
-0.000180814473707
-0.00058520391702
0.000261031357332
0.000322171735242
5.37333601667e-05
0.000729408303584
-0.000450141262622
-0.000109086377597
0.000689923536687
-2.13368935875e-05
-0.000668586643009
0.000268209156099
-0.000371837497437
0.00010362834128
0.000283594764532
-0.000225944012253
5.38122153437e-05
-0.000259271275693
-0.000612586401333
-6.96966818505e-05
-0.000222798857869
-0.000175098190217
-5.31744074512e-05
-8.84682157429e-05
-0.000656786231034
0.000259720909947
0.000540502743896
0.000743528377405
-0.000777028821624
0.000229290811113
-0.000167198926926
0.000255167443424
0.000148908556039
0.000675993225261
-0.000622259865059
0.000117729859158
0.000439852794127
9.94629976717e-06
-0.000316053769888
0.000306107470105
-0.000673888255283
-5.79233841176e-05
0.000731811639444
-0.000387499289548
0.000225867519871
0.000161631769685
3.54875497941e-05
0.0007840599083
-0.000386449284881
4.2730401704e-05
-0.000422422329553
0.000379691927855
0.000881218757983
-0.000558258172699
-0.000322960585278
0.000581052291753
0.000300166466228
0.000549386804246
-0.000446921183146
0.000281208753661
0.000329567980018
-0.000319621680247
1.60352814086e-05
-0.000288784385569
-0.000171065168465
0.000459849554027
0.000449397564863
-0.000695398300851
0.000246000735989
0.000251310125808
-0.000347582226554
9.62721007416e-05
-0.00042034114764
-0.000275480478662
-0.000247142913062
-0.000738115619048
0.000716778725587
0.000385710899239
0.000732296694152
0.000198077214447
0.000333572460809
-8.22623349839e-05
-0.000603216316406
0.000286727147811
0.000455548623584
-0.000451304092953
0.000624363081988
-0.000812641706526
0.000751399077771
-0.000637313789183
0.000825019517305
-0.00018770572816
0.000171768101008
-0.000108824688121
0.000502011176179
-0.000729189554787
0.000227178378603
-0.000148503162302
0.000736056745976
-0.000587553583672
8.71893701122e-05
-0.000201259226816
-0.000186240062724
-0.00076848444326
0.000619981280964
0.000693014837292
-0.000694163054143
0.000740134206044
0.000349743368012
0.000274619713964
0.000724662017085
-0.000676362685064
1.53424285547e-06
-0.000327942220772
0.000846489541275
-0.000265437249517
0.000556736979972
0.000123651834141
-0.000680388814236
-0.000320836078214
-0.000454640345535
0.00077547642375
0.000902433761837
-0.000451789545999
-0.000450644215836
0.00021823580025
-0.000836683586962
0.000547525331841
-0.000653543069683
0.00010601773775
0.000640868730045
-9.33433982376e-05
0.000243825668785
0.000493306798233
-0.000607532314004
-0.000146300533626
-0.000481142901282
0.000627443434908
-0.000229885865664
0.000484510164314
-0.000175128240544
-0.000521150121741
0.000696278362288
-0.000700402749438
0.00024909865648
0.000937752082813
-0.000482203459245
-0.000765228285798
0.000714896847063
0.00017413326074
-7.58313351982e-05
0.000709913333757
-0.00043054729466
-0.000279366039081
0.000134122563535
-0.000338219018402
-1.83917099592e-05
0.00034795968998
0.000560928505434
0.000603879550437
0.000242609990837
0.000212983774144
-0.000360162003398
0.000147178229238
-0.000612901029292
0.000464397910971
-0.000137540397822
0.000569877223137
0.000311781567513
0.000398131766254
0.000282596366555
0.000475391011944
0.000287584207116
4.5988253698e-05
0.00035933308148
0.000659922120708
8.27634968037e-05
-0.000524842313119
-9.24895243498e-05
0.000617331837306
-0.000667450655366
-0.000358485848499
0.000340094138529
0.000618388264287
-0.000125081466115
-0.00044176696158
0.000270701793112
7.40658225854e-06
0.000821063282115
-0.00034996592937
0.000157438907654
0.000413802231983
-0.000151445116477
-0.00013459845241
0.000212332026116
-0.000473872083457
0.000306318935039
-0.000726660082687
0.000607309266696
-0.000143149385823
0.00035134132571
-9.54964186219e-05
-0.000255844907084
-0.000180517759985
-0.000476268471051
-0.000200012303997
-0.000242178249801
0.000440908345876
-0.000198730096051
-3.49286472196e-05
-0.000855995545494
0.00064813723383
0.000207858311682
-0.000427356264369
0.000227343960325
-3.00782399174e-05
-0.000261751348253
-0.00031504648059
-0.000752086438194
0.000171623982193
0.000424036963076
0.000125349841166
0.000321002952559
-0.000399472728044
7.8469775465e-05
-0.00041418961922
0.000212930392411
0.000432326619209
-4.5702938339e-05
-0.000386623680885
0.000107598635924
-4.78595164604e-05
-0.000329120119278
-0.000166846422026
0.000311996155942
-0.00013272843658
-7.8410701997e-05
0.000211139138595
-0.000160045133316
-0.000695950412158
0.000531587593715
-0.000674827902112
0.000582338377717
-0.000700580354128
0.000716615635546
-0.000383370156312
0.000216523734288
0.000672232242295
-0.000494055949733
0.000400612477394
-0.00010209707342
-0.000298515403981
-0.000802845029853
0.000174413247736
0.000628431782119
-0.000372150718127
0.000683932285652
-0.000538702751941
0.000744651620538
0.000390869399958
-0.000949127572664
0.000523718457652
-0.000748995225429
0.000570971238587
-0.000146934275516
-0.000535340408756
0.000796229187016
0.000390483717056
0.000341785707817
-0.000732269424879
0.000156188081788
0.000516044160512
0.000173256841918
0.000197794747372
-0.000371051589293
-0.000688033451285
0.000611238385799
7.67950654766e-05
-0.000638559944289
0.000313986907073
0.000324573037235
0.000522322464976
-0.000738116022759
0.000215793557766
6.74497048998e-05
0.000538220467089
0.000701437552256
-0.000624292278623
-0.000291794935705
0.000388067036444
-0.000198965479413
-0.00066109199961
0.000835505247346
0.000742282195342
-0.000482561285401
0.000359990083412
0.000107877939931
-0.000399672875647
-0.000520817561078
0.000803413927636
0.000281098080741
-0.000622938780556
0.000341840699818
-0.000778757629078
-0.000524980447969
0.000175189627739
0.000349790820211
4.15593926909e-05
0.000680662260898
-0.000298721290804
-0.000339838653471
-0.000107179593975
0.000428182546522
-0.00023189287889
-0.000456140572401
-0.000380676578553
0.000835241798937
-0.000631955813276
0.000881503224922
-0.000273804281465
-0.000607698943466
6.50240704498e-05
0.00039138052358
-0.000456404594042
0.000374607677759
-0.000298092941527
0.000443533362151
0.00028769637791
-0.000731229740072
2.03068131865e-05
-0.000551978809899
0.000531671996722
-0.000295231820635
0.000374356411187
-6.78393973751e-05
-0.000331633330681
-0.000435372829075
-0.000177528200225
-0.000290334955337
-0.00026830067551
0.000401114667668
-0.000661400283977
0.000260285616343
0.000355010020185
-0.000616761368436
0.000279175540879
7.21657848142e-05
-0.000238759481698
-0.000175430137513
0.000906060425697
-0.000605893959475
-0.000306565766991
-0.000514640931414
0.000821206698403
-0.000670872008923
-1.62483950622e-05
0.000698871197413
-0.000682622802348
0.000392630936786
-0.000126742589174
-0.000265888347599
-0.000283613825819
-0.00054617709966
0.000316291233998
0.000304931842606
-0.000215191432486
0.00055370547456
-0.000338514042081
0.00071345689764
-0.000269923535495
0.000633720809247
0.000247782415667
-0.000186905161491
0.000337864950445
-0.000445044544437
0.000261036341571
-0.000152978237538
-0.000366707430069
0.000560367492652
-0.000193660062578
-0.000213774135455
0.000847494944701
-0.000874866135066
0.000309558931814
0.000218264486617
-0.000395138177323
4.80754921605e-05
0.000347062685155
-0.000117337802589
-0.000651146640673
-0.000593493162342
0.000378301729854
0.000481564018748
0.000101835651325
0.000599601900924
0.000153871455092
0.000124489379337
-0.000659265389021
0.000534776009668
0.000535496988015
-0.00039170803118
-0.000143788956833
-0.000841906175755
0.000409273392729
-0.000211478645368
0.000419665831029
0.000327078744307
-0.000746744575344
0.000168789557948
0.000222973515051
-0.000461307474725
0.000238333959684
-9.91678452501e-05
0.000179612009994
-0.000766131989806
0.000647187322897
-0.000600282570006
0.000119139668727
0.000192355904401
-0.000636486761637
0.000444130857232
0.000725984766065
-0.000471508179485
0.000488700602553
-1.71924230856e-05
-0.000843778146363
-0.000653558414817
-0.000558040709336
0.000714228791125
0.000401137257941
0.000169833980639
-0.000508201966671
0.000631853800775
0.000505884329969
-0.000575361849199
6.94775192355e-05
8.50337624319e-05
0.000332695190745
-0.00041772895322
-0.000140491225317
0.000518102764508
-0.00049779595132
-0.000355797448284
-0.000169182999699
0.000682062704986
-0.000377813898128
-0.000304248806865
-0.000225011450148
-0.000154913736529
0.000113588637008
4.13250995452e-05
-0.00013673887578
0.000474603826204
0.00066513590392
-0.000782473706507
0.000614067594599
0.000253779234437
0.000581462564491
-0.000148601287085
-0.000617530702712
0.000496747977443
-0.000116090535148
-0.000380657442288
-9.34901969063e-05
-0.000450886179381
0.000446657177982
-0.00048131608265
3.46589046677e-05
0.000504564779641
-0.000329375151935
-0.000757006188746
0.000616024305963
-0.000548574601116
5.89469171654e-05
0.00046713331908
-2.48510015048e-05
0.000406582226322
-0.000269757341243
-0.000782380095462
0.000604961660166
0.00029149700171
-0.000418239590876
0.000362088470471
-0.000511272647023
0.000149184176533
-0.000197081845963
-0.000301466006281
0.000498547852223
-0.000338523375168
0.000550855401277
-7.69002096381e-05
-0.000506277338382
0.00058317754803
0.00030192989268
0.000113457883587
-0.00041538777627
-0.000213053564044
0.00086119079788
0.000690361972745
-0.000208797954003
0.000411296710406
8.54512670281e-05
-9.43982400376e-05
0.000300547563293
-0.000346195438993
0.000431229201419
-0.000415463696965
0.000347624299577
-0.000729064279646
0.000694135632432
-0.000613023003894
0.000274499628722
-0.000164313151643
-0.000410045303994
0.000281524785873
0.000128520518101
-0.000217715175798
0.000532446507883
-0.000314731332081
0.000589915704907
-0.000738516991978
0.000372366553165
-0.000417074516318
4.47079631411e-05
-0.000537976678119
-0.000219029510624
-0.000603480515139
-7.05083800112e-06
0.000610531353141
-0.000646782710053
-0.000285185024663
0.000640195044845
-0.000169353442562
-0.0001190098579
0.000635054018414
-0.00051546676366
-6.77860369656e-05
0.000583252800617
0.000121081869001
-0.000467277308034
-0.000659013702943
0.000238459638582
0.000420554064362
0.000531922451106
-7.00193722454e-05
0.000372198705133
-0.000192181146024
-0.000180017559104
-0.000380241773445
2.17559249392e-05
0.000465824596538
2.2876006007e-05
-5.2969086356e-05
0.000518793682895
0.00018620856821
-7.69666960364e-05
7.41854010759e-05
-0.000206792138383
0.000167519243279
0.000522842729465
-0.000488299408795
0.000573736309952
0.000654276000203
-0.000429895159119
-0.000224380841082
-0.000744446734121
0.000576672391738
0.00016777434239
0.000342652316856
0.000117159192072
0.000311023354433
0.000260181131851
7.78126905916e-05
-1.73309438525e-05
-0.000281700100029
-8.84412638893e-05
-0.000227138007444
-0.000555242088035
0.000408639254646
0.000245636745563
-0.000589453098453
0.000242111552548
0.000368613807284
6.26153941176e-05
-0.000620631688316
0.000190736529207
-0.000217048745393
-0.000214671719982
-0.000481178957067
0.000695850677101
-0.000632256144232
0.000566030481865
-0.000858236976889
0.000292206495016
0.000699270837503
-0.0004115744596
0.000132502984171
0.000211982529436
-0.000344485513596
0.000329036536064
0.000130691860997
-0.000459728397076
-0.000500502551519
-0.000550980797025
0.000474080587393
-0.000336136378023
0.000650123285107
0.000478220712591
-0.000521157127008
0.000766594939549
-0.000335061705412
0.000442939645345
-5.72306135793e-05
-0.000358233083398
-0.000351460420517
-0.000620358418122
0.000336060889342
-0.000313457066953
-0.000113899197371
0.000325699667799
-0.00079169853572
0.000465998867932
-0.000292886111928
0.000126047210622
0.000549236245579
-0.000675283456178
-0.000167703090824
-0.000452928597488
0.000238658993964
0.000366351843321
-0.000465944020193
9.95921768756e-05
0.000296906545262
-0.000493988391229
-0.000211852875146
-0.000321841269039
0.000533694144148
-0.000428787724142
-0.000232612559808
0.000221298796858
0.000219609549035
0.000262213783319
-0.000506842602577
0.000244628819267
0.000243130265097
-0.000390369732223
-4.7684451171e-06
-0.000333496679857
-0.000352803834581
0.000686300514444
0.000356378164682
-9.61970328295e-05
-0.000279437039714
-0.000568435850008
4.33102789149e-05
0.000580146392111
0.000134082399019
-0.000195275494203
-0.000549171239935
0.000367290829421
-0.0001416958716
-0.000735828846978
0.000723831434048
4.75465827007e-05
-0.00036716826296
-0.000606848490255
0.000539062453306
0.000713085460357
0.000155816059025
-0.000267811512955
0.000111995453934
-0.000277976988607
0.000602550025851
0.000461594237524
-0.000241378294381
-0.000220215943155
-0.000310104485918
0.000167902938536
0.000142201547389
0.000601461532089
-0.000597354852992
-4.10667910925e-06
-0.000214882845712
0.000157008751317
0.000210282078105
-0.000404150995767
0.000605858630767
-0.000458219859693
-0.000184650330129
0.000341659081442
0.000214761443338
-0.000552023720286
0.000337262276958
-0.000349602324357
0.000697398231988
-0.000347795907629
1.92607837588e-05
0.000582200748326
0.000609490307748
0.000238004636948
0.000364979282443
-0.000752758168626
0.000387778886176
-0.000542653932916
0.000202110774877
0.000340543158021
0.000375096005624
-0.00014463724485
0.000435903907466
0.000489762603731
0.000478972670315
-0.000357890801333
0.000824333417636
-0.000476486679286
-0.000347846738345
-0.000551901595088
0.000340048719914
-0.00050145925554
-0.000193939045314
0.000715962915536
0.000343938701734
-0.000487626076996
0.000143687375242
-0.000368099996486
-0.000174553936432
-0.00025249464641
0.000528928826912
-0.000266715043585
-0.000182723510602
-0.000301125379875
0.000483848890427
6.790750352e-05
-1.46706840841e-05
-0.000406018777204
0.000420689461297
0.000120675251214
-0.000512383282389
0.000456252028676
-0.000145228674269
0.000148227658903
0.000315368024488
-0.000463595683378
-0.000133042582092
0.000288858641116
0.000374229109705
0.000291223451516
0.000193286712801
-0.000584219731383
-0.000116128931364
0.00065434939841
0.000133704637015
-0.000672824004389
-5.62402752499e-05
-0.000389969610827
0.000248273739215
4.75897046176e-05
-0.000713659536767
0.000156778746332
0.000254391193024
0.000545493799158
-0.00079988499219
-0.000197012951613
-0.000264294523105
-8.59381513537e-05
-0.000195504575208
0.000281442726584
-0.000198480148645
0.000784992088967
0.000123840632558
0.000232537532124
-0.000205981580508
-0.000141509671146
0.00045115224056
-0.000294373494244
0.000288155987236
-0.00048516893884
-9.88794244016e-05
-0.000139024666292
0.000237904090687
0.000764970263984
-0.000423129564159
-2.36481241624e-05
0.000137236761178
0.000577326928733
-0.000362565485389
0.000523057812561
-0.000179119110809
0.000237752357969
0.000291176468951
-0.000219227486352
0.000247221092826
0.000217525606032
-0.000718984861566
-0.000213801371823
0.000114921947433
-0.000538458953146
0.000811439947898
0.000534820252225
-0.000785577550151
0.000155654764065
-0.000174850762555
-0.00013816530713
0.000313016069694
0.000166217124626
0.000101826387124
-0.000607562430637
0.000505736043528
-0.000155126648802
0.000436651434647
-0.000577624751821
0.000150932273951
0.000426692477864
0.000426969120841
-0.00044163980492
0.000761363410891
-0.000226543158656
0.000316761960703
-0.000184258976522
-0.000218686615339
-0.000195330793618
-0.000114773692297
0.000493249753948
-0.00075389181064
0.000260642056704
0.000388169630696
0.000320432411614
0.00028791680084
0.000235141011706
-8.86042421506e-05
0.000158605096589
0.000158156864124
0.00016100890462
-0.000353190050639
0.000140686568963
0.00038928276695
0.000435371344634
-0.000824654111576
0.000432621753672
0.000140715287354
-0.000392966670817
0.00025225138346
-0.000748655339579
8.39505117671e-05
-0.000379038217452
0.000441653611554
-0.000261449092731
-0.000457047517758
0.000162674023511
-0.000421414877539
0.000107957810549
-0.000501923279227
0.000121265836925
0.000215052534045
0.000105379877569
0.000266453773201
0.000199999542867
-0.000466453316046
0.000166808318885
-0.000314271362313
0.00084500937732
-0.000674725749629
-0.000477912563868
-0.000128091882951
0.000606004446825
-0.000529480082341
0.000290196618495
0.000239283463867
0.00037479766924
0.000322600562754
0.000314836124351
-0.000504731936639
0.000189895812295
-0.00013206565401
0.000712366092601
-0.000580300438577
0.0003388931666
-0.000680879096063
0.000395694071401
0.000525656579668
-5.18658405958e-05
0.000560831263482
-0.000272914462634
-0.000726203094496
9.4662842864e-05
-0.000745809483533
9.56386760362e-05
0.00053941534238
-8.48367994251e-05
0.000375705820056
-6.9079781499e-05
0.000151785380324
0.000187107786278
-0.000497471493372
-0.000293652733484
0.000580385818004
-0.000286733084553
-0.000557714474638
5.73566474176e-06
-4.36898524737e-05
-0.000421969987758
0.000616476411491
-0.000175975092548
-0.000440501318931
0.000328911843161
-2.65732166072e-05
-0.00048441075748
0.000611963381356
-0.000127552623864
0.000454262398196
0.000161761907729
0.000479282095775
-0.00016444597142
0.000205469326335
0.000256124911192
0.000198757965108
-0.000247699692324
0.000409331462015
0.000102133063643
-0.000470740441004
0.000468757288862
1.98315214741e-06
-0.000179613921809
3.42074396425e-05
1.8190545496e-05
-0.000213555467684
-6.79059132198e-06
-0.000290769695264
9.54389016551e-05
0.000439724660617
8.78372026485e-05
-6.72034493329e-05
-0.00022356624593
-9.87056665431e-05
-0.000452275130475
0.000778109650661
0.000163462168108
0.000672043079236
0.000373252819479
-0.000146286892898
-0.000433540861432
0.000579827754339
-0.000121459226535
0.000721061127445
-0.000291143544668
0.000400045259282
-7.93808542773e-05
-0.000320664405
0.000192973294458
-0.000674152251488
-0.000567979319482
0.000109759459786
-0.000101468016675
-0.000524835944191
0.000426130277652
0.00036582518308
-0.000610333514609
0.000244508331567
0.0001068233944
0.000293221864887
-0.000471950807089
8.47251883478e-05
0.000387225618759
0.000363943716709
-8.98155036227e-05
-5.02640719177e-05
0.000524344659316
-0.000727270671065
0.000406434592847
0.000175633729726
-0.000701329690014
0.000525695960304
0.000651062632709
-0.000427187239965
0.000324086519203
-0.000483866096756
-0.000123696333873
0.000487027094535
0.00011751149449
-0.000405290296333
-0.000119545647854
-0.000382701615557
-0.000850819481545
0.000336178550132
-0.0003190022964
0.00061022574792
0.000141536326651
0.000337745769125
0.000171095260586
-0.000304137842677
-0.00049253632407
-0.000721346405439
0.000387849725585
0.000309695627547
0.000330499417291
0.000418425268341
0.000366279124876
-0.000784704393211
0.000689815795679
-7.21606390923e-05
-0.000617655156576
0.000807708035293
0.000287068509194
0.00036305477592
-0.000821755635705
0.000220272607718
-0.000649060331821
-0.000597040247104
0.000562883262252
6.22152402365e-05
0.000108227378537
0.000519968455174
-9.7420244866e-05
-0.000285609099871
0.000778858853827
0.00016066584246
0.000128192798656
0.000322880640909
0.000422657157189
-5.19698443802e-05
-0.000370687312808
0.000365853984533
0.000314026290753
0.000219667853358
0.000501151726119
-0.000359615399465
0.000267707267338
0.000301951488763
-0.00056965875607
0.000780133375051
-0.000562607769017
0.000501685870106
-0.000728229028757
0.000343276302913
0.000696518645443
0.00056570804166
0.000626110799433
7.68104414844e-05
0.000160868168487
-0.000237678609952
0.000405873813494
-0.000451576751842
-0.000693753026094
0.000637512750854
0.000600959307638
-0.000169800914349
-0.000243366919217
0.000110638482652
-0.000304231840098
0.000246789253767
-0.000313992703093
-0.000462650998326
0.000365230753449
-0.000588223634734
0.000310246646141
0.000482962778955
-5.08388763801e-05
0.000672716539977
1.40533934798e-05
-0.000253950615113
0.000239897221649
0.00010568604298
-0.000452876647824
0.000359822475035
9.30541727942e-05
0.000152718936904
-0.000174300134961
2.15811980774e-05
-3.68782290082e-05
-0.000529182614489
-2.85318601446e-05
0.000751488299379
9.19035878498e-06
0.000291451766071
0.000192397124334
-0.000580389714079
0.000537282996185
-0.000386350722243
-0.000199643819904
0.000110624662188
0.000249365421229
-0.000393841659769
0.000829213004407
-0.000781832657363
0.000644620711863
0.000386588289319
0.00042111974598
-0.000252682022896
0.0001136573566
-0.000220904105093
0.000743226570053
0.000447212849097
-0.00066811695419
-0.000244501909393
0.000622756870917
0.000387813077773
-0.00068445397344
-0.000521335194436
0.000943483279591
-0.000381765292905
-0.000260325031701
-0.000279508787227
-0.000115130878695
-0.000229433614489
0.000726405984192
-0.000496972369701
0.000382141443451
7.350751343e-05
-0.000455648956865
0.000447408976296
-0.000497673048209
-0.000195262852812
0.000126067303905
6.91955489266e-05
-0.000551213338814
-0.000167771522752
0.000652011020901
-0.000375177280743
-0.000276833740155
0.000461394512835
-0.000661038332732
-0.00055157718923
-0.000402513795312
0.000397745350179
0.000240360303383
0.000161498436885
-0.000401858740244
-0.000240200483736
-0.000266032941709
-0.000550058088927
0.000816091030642
-0.000589949382814
0.000982367514716
-2.3331464708e-05
0.000105416628879
-0.00037130497647
0.000381606078267
0.00040701618876
-0.000431867190264
0.00041841291846
-0.000425742030601
0.000381308362464
4.44336681418e-05
0.00053639929826
0.00017596679435
-0.000637569066199
0.000767612449326
0.00041590693837
-0.000609845983686
0.00032999767466
0.000230833588813
-0.000246227436824
0.000210865385076
-0.0006460317049
0.000478328614084
-0.000168570341738
0.000355678128016
-0.000733373760059
0.000182160421246
0.000456061230568
-0.000157019987291
0.000409271370745
0.000244901758956
-0.000459871947926
0.000214970188973
-0.000309887535396
-0.000411458870042
4.63715346233e-05
0.000471731229889
0.000443930168369
2.4827120495e-05
0.000490301702995
0.000182268171109
-0.000140943071555
-0.000435167346383
-0.000261772814998
0.000225075705504
-0.000211022312013
0.000638976919301
1.54584441835e-05
-0.000402082125077
-0.000495812799171
-0.000609515953979
0.000633453592624
-0.000172059079781
0.000193408409018
0.00028956929804
5.83903919416e-05
8.33268371251e-05
0.000131352859653
-6.59195555649e-05
0.000541208749126
0.000152847442234
-4.39509181591e-05
-0.000108896524091
0.000533440845241
-0.000762874459727
-0.000182531789601
-6.34115190793e-05
0.000245943308696
-0.000471809618807
-0.000352844492766
0.000299207186322
0.000267160002219
-0.000171721100556
0.000514100433343
0.000398278050994
-1.69696885287e-05
-0.000431147665109
0.000316016786416
-0.000293271118595
-0.000460620692036
0.000252516463552
0.000350033562306
8.70827314293e-05
0.000270082377164
-0.000357165108586
0.000242814013841
-0.000376905771564
0.000134091757733
5.39949335431e-05
-0.00078935218336
0.000226744414348
-2.65113065408e-05
0.000699227846524
1.63539583425e-05
-0.000270304573445
-0.000445122991874
0.000393153147496
4.25439159082e-05
-0.000644052257392
0.000203550938468
-0.000811210867488
0.000620401763777
-0.000398012605026
-0.000222389158747
5.92820885962e-05
-0.000379946493595
0.000430491757871
0.000245224483036
0.000274697783091
-3.48005614306e-05
0.000143641375626
-0.00035475828263
-0.000124701445823
0.000365061749218
-0.000803540128161
9.93655991455e-07
0.0003338719852
0.000149587495874
-1.17621237877e-05
-0.000293165555002
-0.000137982110102
0.000396298728655
-0.00015348471481
-0.000247692789582
0.000166727621354
0.000269923813278
3.15145507543e-05
-0.000402201863562
0.000425655531203
0.000439576442748
-0.000266328921967
-0.000173247520777
0.000716284425624
3.52038737582e-05
0.000427952210093
0.000420295871379
-0.000424219683946
3.92381256787e-06
0.000188204215145
-0.000219098292903
-0.000818628431752
0.000268570342829
-0.00015862680004
0.000141338328235
-0.00039123871051
-0.000403117480509
0.000447551148654
0.000446703449452
-0.000756590984846
-0.000568011285767
0.000444314951902
0.000512767362168
6.09689477857e-05
0.000338000943759
-0.000809810562563
-0.000415672456566
0.000190650870684
0.000225021585883
0.000216281169551
-0.000417510830299
-9.4872452086e-05
0.000422506748938
-0.000594565828713
4.70858144626e-05
-0.000270652060384
0.000146147431719
-0.000112225581874
7.27908726966e-05
0.000754128850463
-0.000199391287014
0.000517733123586
0.000305701108122
-0.000823434231702
0.000311598048464
0.000504492982182
7.29127034424e-05
0.00023706651859
0.000529528420966
-0.000406616050531
-0.000518499171709
4.04482418499e-05
0.000478050929859
-5.55134498341e-05
-0.000571804505491
0.00062731795534
0.000829331172052
0.000274323199057
-4.83423948094e-05
0.000430483838276
0.000435552629642
0.000490196161368
-0.000688292610196
-0.000394045658024
-0.000426071258309
-0.00062514638152
7.15427705565e-05
-0.000474660251061
-7.7081858334e-05
0.00058281790187
0.000248678227995
-0.000278756467891
0.000446336297041
-0.000410395052622
0.000483902566057
-0.000297883019987
-0.000457457776248
0.000656763768837
-0.000199305992587
-0.000607191762113
-9.06911303389e-05
0.000380260428387
0.000169985658662
0.000497241461965
2.84151177035e-05
-5.35945772087e-05
0.000358203895695
-2.26082002914e-05
0.000380812095994
0.00056547596577
-0.000549939403738
-3.42803276494e-05
-0.000182460834204
3.64549082981e-05
-0.000269495721701
0.000410834049941
9.84617852866e-05
-0.0005088568379
-4.70247025954e-05
1.76978836354e-05
-0.000296237675581
0.00027853979195
-0.000145504536826
-0.000200606975116
-0.000421687008938
0.000591672667604
0.000237828736597
4.07974476923e-05
-0.000278626184282
0.000314884830984
-0.000242277888482
-0.000179840797195
0.000308033595846
-6.69660606292e-06
-0.00020432570594
-0.000359776056921
0.000337167856637
0.000542776737191
-0.000822929486442
0.000627653992239
-0.000348431942839
0.000388740102085
-0.000534244638903
-0.000790281637701
0.000710161276476
8.01203612257e-05
0.000205080295717
-0.000416558941088
-0.000504109454441
-0.000390060906882
0.000431406593788
5.24959722772e-05
-0.000296592306894
0.000314290190533
0.000240185155736
0.000587876799894
0.00046569487886
-0.00043437461009
-0.000253918000105
-0.00025209505847
-0.000476133970281
4.39588981875e-05
-0.000340551205074
-0.00016754268979
-0.000384034499437
-0.000392597504668
0.00040844225181
-1.58447470467e-05
-1.02169083897e-06
0.000138258452017
0.000212679180269
-0.000337380626076
-4.1386040973e-06
0.000481641559028
-0.000477502954925
-0.00021968679219
0.000699908303974
0.000755877537194
-0.000381648427482
-2.77445705044e-05
0.000459151164302
0.000680184247502
-0.000145408237844
0.000527158089254
3.89392685121e-05
-0.000370572599204
0.000813812897531
0.00016582285258
7.20812381127e-05
-0.000599562244306
3.11263942959e-05
-0.000683827848965
0.000459447007896
0.000518190851137
0.000313042632515
9.99344528446e-05
-1.47520499097e-05
0.000252580786514
-0.000255440227886
6.94490310842e-05
0.000233288693132
-0.000302737724198
-0.000286272145962
-0.00012011673581
-0.000400492662968
-0.000194073165738
0.00028830132527
-0.000130144461136
0.000633594709628
-0.000113626254456
-0.000354252883867
0.000402739267777
-0.00036650199905
-0.000167742639847
-1.83441709501e-05
-0.00025230788943
0.000419813636777
-0.000126591771886
-0.000325150424493
0.000344027604481
0.000549530110013
-0.00038473696533
-0.000204716133131
-0.000275014429327
-3.89782737621e-05
-0.000591884017402
-0.000670326860544
0.000289924015416
-0.000463171536192
-9.03011999387e-05
0.000216368503854
-0.000554863888871
-4.01356085218e-05
0.000235620748309
-0.000195485139773
-0.000514611550438
0.000156720749063
-1.48476772525e-05
-0.000178272863108
0.000193120540373
-0.000484114507536
0.000264427715348
-0.000261082248768
0.000330531279864
-8.61883826034e-05
-0.000207856189119
0.000294044571712
3.15482564614e-05
0.000486642594685
0.000661866178439
-0.00064754633863
0.000790012406439
-0.000142466067806
0.000614494898868
-0.000176054789639
0.000161207112397
0.000166056907943
-0.000218408471626
-0.000456087037346
0.000472487984088
0.000600409829892
-0.000783073979919
0.00013552764129
1.45100291635e-05
0.000102592828753
-0.000117102857899
0.000220868698403
3.91398162287e-05
-0.000231906082314
0.000268360990601
0.000182820644329
-0.000222264207949
-0.000438774124778
-0.000227180191721
1.02214423229e-05
0.000658895698078
-0.00067065782186
0.000560575164788
-0.000216547560301
-0.000508921824199
0.00019419049212
1.40858508692e-05
6.97019134553e-05
0.000107658495912
-1.98212932656e-05
-0.000362262111105
0.000204682477741
-0.000394758517281
0.000198248784567
-0.000532123322722
0.000386465567633
-0.000293358600273
0.000370314771428
-0.000356226633968
-1.40881374758e-05
0.000385773215606
-0.000336861293747
0.000709211897967
-0.0006145490551
-0.00064208534124
0.000569924702155
0.00044286847979
-0.000239068884712
-0.000177173327801
0.000224606119511
-0.000630021991797
0.00081284263613
0.000463238117302
0.000800663545211
-0.00034013226625
-0.000385129594843
0.000143039843716
-9.54840961666e-05
0.000164679645109
-0.000457611526419
0.000121658314295
0.000683711511175
-0.000642152118478
-2.74358728232e-06
-0.000249564302143
0.000103979500458
0.000254771609957
-0.000809635498825
0.000275601766377
-1.91275548537e-05
0.000260288708265
-0.00010353186731
-7.92581272186e-05
0.000400457083708
-2.80905305513e-05
-0.000459399933765
-0.000108579385721
-0.000138363102076
7.2118254838e-05
6.6244847246e-05
0.000166538012011
1.57301590961e-05
0.000527304452039
-0.000574612473069
-9.9539778372e-05
-0.000404043303566
0.000271349351916
-4.09651612702e-05
7.51726009018e-05
0.000170641553416
-0.000140825374542
0.000242958438219
-0.000180996741017
-6.71896936917e-05
0.000615571239474
1.01282958923e-05
-0.000303486896162
0.000188134816451
0.000284103000758
-0.000788212455197
0.000194055330119
0.000950503589437
-0.000639332247898
-0.000311171341625
0.000100177406722
0.000115198260038
4.27333550352e-05
-0.000157931615066
0.00022095861873
9.57054841125e-05
8.58133602282e-05
9.45924080673e-05
-8.00823788882e-05
0.000675785068148
0.000426343499441
-0.000711952599304
-0.000540305495326
0.000118335507563
0.000541726571085
-0.000201677851188
-1.85097063968e-05
0.000133707966442
-0.000342462051612
0.000262125994511
-0.000576397356817
-0.000140501871539
-3.64083139775e-05
0.000463377434823
6.91624560775e-05
-6.46469892364e-05
2.32300905817e-05
0.000315852176608
3.82436358701e-05
-0.000354095812471
-0.000134761865709
-0.000511269839191
-0.000136847904125
-0.000100830705816
-0.000196776974973
0.000339816818686
-1.65296651643e-05
-0.000139143695226
0.000415001360562
-7.35419377e-05
-0.000343532578625
0.000325980472503
-0.00054334900251
0.000270434539869
-0.0001333214346
-0.000588676880093
1.67435796053e-05
-1.6250413729e-06
-5.73057130124e-05
0.000223128565602
0.000558852708504
-0.000172195189086
-0.000359928133643
-3.1680902556e-05
0.000436703650907
-0.000315608705745
-0.000121094945169
0.000508332467072
-0.000310255252633
0.000465823186876
-0.000482377937851
0.000567829204892
0.000391866739361
-0.000597974397889
0.000614717977501
0.000384317164519
-0.000327070539694
0.00037628245261
-0.000338038816737
0.000324896228407
4.38359984892e-06
-0.000329279828239
0.000298133314133
-0.000281779355778
9.20859731317e-05
0.000549126493261
-0.000235100202535
-0.000716695094643
0.000338881196511
-6.75345538433e-06
-0.00039926532181
0.00026100067438
-1.23224463666e-05
-3.70158803086e-05
2.57171438692e-05
-4.9946597816e-05
2.42294539648e-05
-0.000320130265093
-9.81093257745e-05
0.000359312764083
0.000381974014106
0.000133415287054
1.94321551656e-05
0.000419592113721
0.000323826088286
-0.000743418202007
-0.000119602934849
-0.000343992748522
-3.16444515188e-05
-0.000271842444638
0.000269407311274
0.000403958372302
-8.79415858818e-05
0.000343032467002
-0.000341498224157
0.000372920273099
0.000192268108645
-0.000200511128288
-4.58051092008e-05
7.15222530821e-05
0.000282675447868
-1.08808212432e-05
-0.000287517244902
0.000391496745371
-0.000430546035543
-0.000325314578654
7.18223727721e-05
0.000253492205865
0.000143367862525
-0.000121786664434
0.00016551632117
3.38367130257e-05
0.000593481242325
-0.000212283673145
0.000205493081853
-7.34980608084e-06
0.000493992400772
0.000140434965198
0.00025547375976
0.000280537988737
0.000451801358227
-0.000340356743925
0.000762514181138
-8.75549927077e-05
6.66933346376e-05
-0.00060353398095
0.000328253373706
-0.000507372484508
0.000118437158751
-0.000525550009711
-2.75401322081e-05
-0.000217708757948
-0.000413595544021
0.000471324977563
-5.77294336003e-05
1.05256116603e-05
-0.000592238733145
0.000201927585221
-0.000679840149099
0.000291518592962
0.000288867225032
0.00033190582888
-0.000294535084345
-7.67698921167e-05
0.000350210585471
-2.53143570544e-05
3.22440296829e-06
-0.000660534468123
0.0006573100652
-0.000144240848282
-0.000336137277985
0.000480378126253
-0.000304063084361
5.13122452062e-05
-0.000205499234875
-0.000251967222047
0.000276591305051
-6.57259199778e-05
-0.000902684502497
0.00031949555628
0.000583188946224
0.000211286264017
0.000155642108762
-0.000207998267741
0.000218219710059
0.000266992365261
-0.000111350256489
-0.000119463333723
0.00029523369243
-0.000175770358669
0.000635913322723
0.000165659418524
-0.000277885000366
-4.38474439703e-05
0.000162284602717
1.01093124379e-05
0.000548743396077
-0.000302516913981
0.000267716352562
-4.87872988665e-05
0.000115032146123
-0.000215095628764
0.000264150550776
-0.000818597167547
0.000534943760574
0.000186168397822
-0.000115537798038
-7.06305997652e-05
0.000158901153044
-0.000241341586243
-0.000133632523055
-0.000124628748438
0.000422107248794
-0.000297478500357
0.000225137171932
-0.000330145192396
0.000623919635701
-0.000144022796811
0.000511119619414
0.000491110349969
-0.000339249255724
-0.00017415762823
-1.22570452421e-05
0.000459770801631
-0.000447513756441
0.000462320937598
6.55462175605e-05
9.31710722783e-05
0.000185799027235
-0.000245890641254
0.000434952079927
-0.000728223198515
-0.000216201201441
0.000566234763755
0.000146894828286
0.000264025371646
-0.000263031715659
-3.013109063e-05
-0.000278292083472
0.000336682475409
0.000425852589263
-0.000518441671996
9.25890826681e-05
-0.000525742883546
0.000172885572585
-0.00020194595429
0.000671349463885
6.02055428357e-05
0.00046876764879
-0.000528973191634
-0.000318977432981
0.000589411972861
-0.000534928687263
0.000215951254287
-9.00585439223e-05
0.000123923082633
0.000347827745002
-0.000471750827617
0.000790622834383
-0.000591327347872
0.000201266441016
-0.000271343311955
-0.000349015106173
0.000787852862436
0.000426196413854
-7.91337287026e-05
1.4957440758e-05
4.03975594017e-05
3.75351164824e-05
-0.00037117174456
0.000333636628063
-0.000163895517798
0.00041144103378
-0.000247545515984
0.000772952475855
4.87519240918e-05
-7.86068157096e-06
-7.22216972973e-05
-0.000316276707904
-0.00038344940189
-0.000348142329127
-0.000368552765519
6.57851104305e-05
0.000193292429298
-0.000191557389454
0.000493102857868
0.000434501292908
1.73000653279e-05
0.000173059437738
0.00077003033089
-0.000379546613826
0.000603590554769
-0.000212971357446
9.72686755721e-05
-8.67430639188e-05
-0.000132713909533
-0.000412729785902
0.000545443695446
9.65224397299e-05
0.000541182479871
-5.56755011259e-05
0.000323391853697
4.78837663705e-05
-0.00055924295786
0.000823393508638
0.000600384290163
0.000420805120577
-0.000548897003538
0.00054207095751
0.000700304635903
0.000301567665413
5.7807279387e-05
-2.62456038077e-05
-3.15616755552e-05
0.000308345396517
0.000429760134471
-3.20147843121e-05
-0.000484899351071
0.000525347592917
-6.51472226331e-05
-0.000145273406071
-0.000192107219987
0.000445233245053
0.000310272299797
-0.000528958915128
0.00022723020207
0.000388341037413
-0.0004851353722
0.000365532437356
0.000414660820897
-0.000528287075353
-0.000399705470547
-0.000353052698084
0.000333191123043
-0.000215679628546
0.000101201308
0.00046304417948
0.000230247491259
-0.00061675466739
-0.000540296057249
0.000437303200154
0.000102992857063
-8.78755756731e-05
-0.000399750501356
-0.000500199438867
1.53000877918e-05
0.000333328908578
0.000603644135662
-0.000341518141144
0.000350626405752
-6.79044348057e-05
-0.000374197639482
0.000442102074297
-0.000277066796198
0.00048253612252
0.000163071990454
6.67315073587e-05
0.000529927822334
-0.000374177785244
-0.000155750037076
0.000520881514424
-0.000555161842076
-0.000375722692431
0.000350408335386
0.000510830804938
-6.10746294014e-05
-0.000479221427871
0.000400066022533
-6.00203002749e-05
-0.000401302978623
0.000461323278851
-0.000624937449069
-0.00016018266229
0.00046175032768
0.000712084321683
-0.00072833271675
-0.000192178641773
0.000510902387034
-0.000265062471588
-0.000245839915469
0.000532047556964
-0.000280588461616
-0.000295609233006
0.000465463132447
-0.000365528679632
-0.000277000519373
-0.000433317762949
0.000520521513274
-2.7418655402e-05
0.000603624087286
-0.000572497692974
-0.000495591508207
0.000351568711395
0.000395473000019
-0.000396578702386
2.78153866273e-05
-0.00075297969046
0.000631520463916
-0.000396900157205
0.00012730557062
-0.000513656292873
6.59476591494e-05
-1.02105562998e-05
0.000285294451654
-0.000552009495232
0.000397213912806
0.000700677072053
-0.000304983000656
0.000311947906417
0.000178248254963
0.000662623723823
-0.000332124306533
0.000382476147815
-2.78803728009e-05
-0.000354595774998
2.60410682834e-05
0.000168767323157
0.000253339925636
0.000192056978515
-0.000564644266778
-0.000416223524677
0.000571028125029
-0.000414489774598
0.00047951384504
4.64918218188e-05
3.95834777047e-05
-0.000111805174982
-0.000434790319437
0.000636717904653
0.000226114838288
-0.000291840758273
-9.80996965626e-05
0.000324214534836
-0.000247791617929
-0.000180480913684
0.000390762991777
-8.96623721791e-05
-0.000580398015928
0.000167668230033
0.000460115519023
-0.000720440550726
-0.000319576124384
-3.71817369683e-05
0.000471683029879
-0.000447023442487
-0.000301971782946
0.000742746783077
-0.000694981968786
-4.77648142943e-05
-0.000350301016001
0.000770077119357
-0.000454765359579
-0.000315311759783
0.000443528319249
-0.000404388503046
-0.000633932282621
-0.000130693982082
-0.000358374916958
-0.000266562532115
-1.94807200571e-05
4.27108106462e-05
-0.000507548000085
7.70019645337e-05
0.00045238287162
-0.00053522336144
-3.50257596733e-05
0.000570249121125
-0.000648004913765
0.000513243048059
-1.29017455384e-06
-4.66849528845e-06
-0.000691868751122
0.00039139672741
0.000300472023721
-0.000461648668588
-0.000494956299244
-0.000638642368672
0.000765987728644
0.000627296224606
8.43229689898e-05
-1.35200346371e-05
0.000507512435413
0.00013246881045
0.00061341567568
-0.000123653071913
6.00633842443e-05
-0.000747847799678
0.000285033771092
-0.000500129399858
-0.00029110290516
0.000294032428227
-0.000238582778847
-9.40490453434e-05
0.000797864696552
-8.57803748686e-05
0.000511577163545
-0.000152043475222
-0.000527796673886
0.000241078650277
0.000273710473113
0.000406985809891
-0.000696425310645
0.000289439500762
-0.000579592530493
0.000234887125164
0.0006961306735
-0.000640190581106
0.000545792341071
6.40006474442e-05
9.82839552662e-05
-0.000179084965808
-0.000412242382034
-1.20671679703e-05
-0.000385603937874
-0.000163293065674
-0.000615638008538
0.00020707875903
0.000254671568636
0.000575652889599
-0.000702353345279
-0.000537647413103
0.000417024421272
-6.39214086035e-05
-0.00011102226285
-0.000502542321409
-0.000504867934158
-0.000506915970272
0.000337115055931
0.000564894268982
3.54900211833e-05
-1.20474537662e-05
-0.000183651929191
-5.76896570393e-05
-0.000453880095554
-0.000448804406937
0.000233835590825
-0.000245154519182
0.0002818153377
0.000229304281685
5.86445317757e-05
0.000461876981502
0.000441288924469
0.000470330698447
0.000537289097453
-0.000395320785315
-0.000241737195433
-0.000441600340939
-0.000249894916171
0.000182249191208
0.000834770882945
-0.000775635398832
-0.000152301654776
-0.000751880477466
0.000840080028123
-0.000537898833216
0.000510480177814
-1.44140663273e-05
-0.000862422906302
0.000876836972623
-8.09306873099e-05
0.000308408276942
8.30884684403e-05
-0.000415448814951
0.00030662636854
-0.000110702196745
0.000782745275982
-0.000503877776829
0.000414215404655
0.00035716020104
-0.000277662584124
0.000737109592027
0.000257913928177
0.0002044070094
-0.000141383532912
0.000272226625854
0.000334260275459
-0.000738411271232
-0.000321237388619
-3.61002853711e-05
0.000460418684661
-0.000635172003129
-0.000736056625689
0.000431073625028
0.000615344681227
0.000137309373343
-9.01670124016e-05
0.000117629624702
-0.000779949528018
0.000241490574879
0.000582127770125
0.000355827126474
0.000316774174651
-0.000771539534235
0.000322124961978
-0.000487218209862
-0.00071089228369
0.000344449731976
0.000366442551724
0.000334396775519
-0.000310368811081
-0.000469508778836
-0.000268607243905
0.000208451462603
-0.000482875778027
-0.00043892745627
0.000218711513106
-0.000283229496473
-0.000456792485327
0.000314228190386
0.000142564294951
-0.000275941106668
0.000234520446869
5.96930196621e-05
-0.00039285363234
-0.000261415286342
3.28364665295e-06
0.000481555312959
0.000651811984393
-0.000916304952792
0.000499265169776
0.000561093850874
-0.000290735577381
-0.000131553302137
0.000455639821349
0.000659282295917
8.77633071944e-05
0.000291428012114
0.000323916669069
-0.000294090858817
-0.000191843859195
0.000419178379951
-0.000420803421332
0.000220124927594
0.000117597564959
-0.000337722492553
0.000738089943846
-0.000161417552065
-0.000701106303058
0.000486223457345
3.72456209065e-05
0.000190819735581
0.000459979527382
5.67966615234e-05
-0.000318038142726
-3.23983718946e-05
0.000119011249178
0.000333371622451
-0.000149752148515
0.000122204889078
2.7547259453e-05
-0.000190275498124
0.000265163603427
-0.000481039101123
0.000436088486718
-0.000719138442241
0.000568177915635
-0.000234217093383
0.000474838375657
-0.000754472191595
0.000335780554142
-8.91203975126e-05
0.000738856037393
-0.000163203147798
0.000194064442726
0.00019669854905
-0.000351975578667
-0.000723764133391
0.000675999319097
0.000315190085899
-0.000569385973911
-7.8618939855e-05
-0.000299909944663
-0.000758447870223
0.000376682577314
-0.000253027970514
0.000583025645163
-0.00109457786418
0.000767500567912
0.000622133909582
-0.000603832919151
0.000639322940334
-1.83047682789e-05
-0.000459198186643
0.000431857815093
-0.000341423448953
0.000184259920596
-0.000416460090891
6.18643159019e-05
-0.00066985415171
0.000237694704426
-0.000728676406814
0.000259167627999
-0.000667587318849
-0.000426990545397
-0.000430784089777
0.000363233521764
0.000117144604482
-0.000473998712836
0.000129746567884
-0.000783304982666
0.000647234842156
0.000289789367973
-0.000631307509109
-0.000204393915181
-0.000406706957913
0.000367711867648
7.19521489976e-05
0.000354702104606
-0.000378429099555
-0.000704097379817
-0.000494953149582
-0.000369837104362
0.000331030110677
-0.000531530846022
0.000200500735326
-0.000206617302437
-0.000361728693921
0.00054858053927
-0.000363506867935
0.000147827239396
-0.000212170574112
0.000397432506313
-0.000295002478158
-0.00050692733417
0.000419627504149
-0.000494334213524
7.47067093856e-05
-0.000593290648442
-0.000458698625048
-0.000802487083878
0.000701302172352
-0.000334859620621
0.000154397247478
-4.03170690432e-05
0.000459944573199
-0.000433130149578
0.000273943417767
0.000159186731823
-0.000246036592643
0.000500708161255
-0.000193732646232
-0.000586335085627
0.000333298030323
0.000253037055228
0.000412775955838
4.15237977584e-05
0.000657347399657
0.000185473325377
-0.000503610172115
-0.000380064783733
0.000252511259574
0.00078341584439
-0.000571444230545
-0.000143969524583
0.000377718074947
9.71203007182e-05
-0.000279019586451
0.000548756826266
-0.000347490385234
-0.000388942398337
1.52850653829e-05
0.000439582390853
0.000322961384133
-0.000657821004748
0.000436357317851
8.71714708775e-05
-0.000308346124973
0.000760101169332
0.000715873137584
-0.000440319010044
-9.50842685535e-05
-0.000360564688302
-0.000397013480266
0.000153449481564
0.000271610446053
-0.000435424681934
-0.000346163852957
-0.000391058974006
0.000480712195932
8.2089106238e-05
-0.000562801302166
-0.00028332093238
-0.000223606401772
0.000677846597157
-0.000357348981024
-0.000425622418405
-4.85508405082e-05
-0.00031103496387
-0.000106693989371
-0.000680934221569
0.00033191911539
-0.00011351914879
-0.000177005238379
-0.000443413559668
-0.000379706002303
0.000625342747871
-0.000109424233029
0.000590136428966
0.00029431032867
0.000805617872135
-0.000375126114259
-0.000482051028424
-0.000511064027236
-0.000462107067637
4.1822465396e-07
0.000595524480946
-0.000404787951735
-0.000235705586905
5.83389848007e-05
-0.000127753049775
0.000401696467528
-0.000599449030129
-0.000419610349151
0.000112109047622
-0.00054396608774
0.000431857040124
0.00013646692865
-0.000758042045943
-0.000525346708763
0.000177856323545
0.000476453917016
-0.000124885205622
0.00052632445228
-0.000528232479792
-7.6977937208e-05
-0.000317827116976
0.000215818478646
-0.000475875277858
-0.000159296725239
-1.12733748049e-05
0.00026799376685
-8.83449982448e-06
-1.02615581365e-05
0.000668912406854
9.58872431387e-05
-0.00076479965
-0.000297994101695
0.000672494025275
-0.000397874311319
-3.74795218918e-06
-0.000532511025114
0.000221666800901
0.000304194704879
0.000383597956859
-0.000235770717459
-0.000262418416571
-0.000298675434302
0.000400350309489
-5.45568412233e-06
-0.000331455263276
0.000779986942497
-0.000328352724814
-8.70350514506e-05
2.38299644334e-06
-0.000569064871605
0.000164276919875
-0.000157634841103
-0.000573192458706
0.000480681424112
-0.000338117129154
-0.000173829402644
-0.000505859768998
-0.00040512226422
-0.000315040033414
-8.97487877396e-05
0.000554964831202
0.000326330172315
-6.62348325171e-06
-0.000357373980057
-0.000620694072219
-0.000311831190666
-0.000451536835408
0.000292350103585
-0.000549217839248
0.00011729161808
-0.000733909198287
-0.000137207831478
-5.79017813442e-05
0.000632699457084
8.29812474651e-05
-0.000652367221374
-0.000384940919369
6.15960074613e-05
-0.000537712824753
0.000610843423615
2.185603347e-05
0.000754288071688
-0.000205707532422
-2.93680127614e-06
-5.23211243518e-05
-4.22697582424e-06
-3.57886513714e-05
0.000590033949105
0.000317998826263
0.000214608087249
6.87407775795e-05
2.10080101601e-05
0.000736693308147
-0.00048759465167
0.000588817609336
0.000296374298101
0.000280469165223
-0.000405354370844
-0.000441287935317
-0.000134468903284
0.000765989367201
0.000520070978303
0.000282141962677
-0.000782915307478
0.000500773344796
-0.000686382578806
0.000781984967858
-0.000645518039214
-0.000607619424289
-5.72533273291e-05
0.000174365543567
-0.000680806264035
0.000762079551715
-0.000534901173116
-3.35714218744e-05
-0.000682587026793
-5.16506941577e-05
-0.000489397571561
-0.000602786219402
0.000777151762967
-0.000699783151028
-6.50164989645e-05
-0.00024526769993
0.000765338678228
-0.000324523950108
0.000539132037293
0.000538148144457
0.000264293659202
0.000274484900045
-0.000244767163025
0.000459946485057
-0.000775258244841
0.000756320783156
0.0004148973342
0.000732896160461
-0.000697497638852
-0.00037116746654
0.000385930268559
0.000274234924461
0.000629060533651
0.000567548904862
-0.000159792803127
0.000208038644137
-0.00073082167621
0.000522783032088
0.000129627889999
-0.000773708417585
0.000524531310385
0.000298862198255
8.68982416604e-05
0.000483697788048
-0.000570596029675
-4.49254477701e-05
0.000668236496905
-0.000623311049089
7.02216404252e-05
0.000473491065635
-0.000543712706105
-0.000430940971065
0.000638979615207
-0.000493776051167
0.000128247371499
0.000337055302103
0.000400421687428
-0.000669028931329
-0.000463849783266
0.000779039869172
0.000182409061851
-0.000218148248143
3.57391862823e-05
0.000189428435586
3.82748491024e-05
-0.000139204108036
7.87248785587e-06
-0.000302047849893
0.000294175362024
-9.38131743196e-05
0.000309608576929
-0.000215795402608
0.000168517289281
0.000595834634234
-0.000255291476222
-0.000446444231811
0.000637739453101
0.000176073444425
0.000140592208587
0.000657272487959
-0.000797939608244
0.000719320668384
0.000647454750528
-0.000818009090522
0.000860709860517
-0.000606309904392
0.000353420151278
0.000699849228312
-0.000186606180253
-0.000494349993437
0.000252604846207
-0.000728873317263
-0.000592693873003
7.12805492118e-05
0.000625960694982
-0.00035909968312
0.000638465722201
0.000470412322932
0.000858299358793
-0.000458208778824
-0.000925910374256
-0.00083483640849
0.000507669090021
-0.00075989776379
0.00100373187186
-0.00075725044408
0.000695208758306
-0.000187469138219
0.000316112275402
-0.000273606990464
0.000153237689885
-0.00045832515783
-0.000616431381661
-0.000438533703508
0.00040387479884
-0.000516583856185
0.00063592968206
-0.000408314445014
-0.000497459765021
0.000296959029695
-0.000502307623069
-0.000239931479864
-0.000579597832393
-0.000573166206175
0.000398612269744
-0.000619482552202
0.000564370110671
-8.63191808119e-05
0.000547124567851
-0.000629230399284
-0.000286610692113
0.000573343776666
-0.000266717408137
5.68164204683e-05
0.000348385617426
-0.000483695533461
0.00042960534852
-9.8084118082e-06
-0.000732795016303
0.000645031709109
0.000127920766742
0.00023201080819
-0.000548302042189
-0.000416785295902
0.000609631456717
-0.000448213904652
-0.000181256988106
-2.48925771111e-05
-0.000158708604886
0.00031806295069
0.000334579509756
-0.000652742934262
0.000715053426773
1.78581795413e-05
-0.000267695266762
0.000357356915136
0.000677668299551
0.000394156783044
-0.000406578465961
0.000659183312163
0.000435138006158
0.000395175933991
0.000782916549733
0.000498842364233
0.000454891986774
0.000875744090047
-0.000446858725197
0.000749313896296
0.000285912782829
-0.000426715608228
0.00022107466029
-0.000244650458482
0.000711630316193
-0.000422190815422
-0.000419970455708
0.000350809552748
-0.00020879186775
0.000663061044023
0.000611104800509
-0.000562442259033
0.000358891320565
0.000371396874073
0.000325327140381
-0.000180522596473
-0.000253957323688
7.05014001343e-05
-0.000102492819396
2.52647853092e-05
0.000310339624245
-0.00026740356071
-2.71239951479e-06
0.000103350098531
-3.7337854667e-05
4.17843064526e-05
0.000469165624084
0.000526047931699
0.000630619979013
-0.000520517065686
0.000283386337911
-0.000404754425336
0.000121368087391
-0.000544586605679
0.000400119456513
0.000144467149127
0.000536092452272
-0.000476399432602
0.000599922258317
-0.000369088669508
0.000815468534867
-0.000428882871923
0.000774109541983
-0.000868224405024
-0.000364424085645
0.000722287171118
-0.000660740070194
-0.000265170304016
0.000476650931307
-0.00055774855717
-0.000441138168692
-0.000397837912384
0.000795168081685
-6.46890054221e-05
-0.000509177273919
1.94983002795e-05
-0.000533395911132
-0.000293372088134
0.000509323342413
1.23712485494e-05
0.000106086866393
0.000441037701466
0.000259282064682
-0.0005145735409
-0.000726225748416
-5.33634841377e-05
0.000500243649435
0.000603943551774
0.000685427045234
-2.97893006848e-05
-0.000655637744507
3.74491539106e-05
0.00049741572554
-0.000307768863282
-0.000189646862266
0.00024752080934
-0.000460070518043
-0.000105532484772
-0.000354538033246
0.000531469223765
-0.000283948414413
0.000604156389628
-0.000566707235699
0.000322161383046
0.000136988477502
0.00047354287564
-0.000199381538093
0.000607597665272
-0.00043152422085
-9.97391987776e-05
-0.000521483473533
-2.31031321384e-05
-9.49791157086e-05
-0.00023809713563
3.4265255006e-05
0.000527140077436
0.000288328457428
-0.000440617026766
-0.000369948334598
0.000440504195478
-0.00040143388017
0.000614895353528
0.000104425314851
-0.000393970485657
0.000530958963162
0.000480136760094
-0.000679518298182
0.000428289173273
0.000633394068463
-0.00077548109581
-0.000121275651992
-0.000140802825382
-6.91609029574e-05
-0.000115961271153
-0.000308430326098
0.000631565392287
0.000694038132248
0.000387223694828
0.000239423582809
-0.000295344335711
-0.000220860647642
-9.74198015845e-05
-0.000276783064587
0.000207115757533
-0.000232728225638
-6.55035606639e-06
0.00021678879979
0.000233526241304
-0.000100353953527
-0.000336333571652
-0.000227591541392
0.000194085081283
0.000141038691119
9.4015004985e-05
0.000597086390824
-0.000288537924423
-8.54320719015e-05
0.00012960501423
-0.000369380486329
-0.000437102221465
-0.000375163682621
-0.000142036526052
0.000331683388318
-0.000223725577809
0.000329258062581
0.000108500590362
-0.000547137154141
0.000176622026761
0.000352569485728
-0.000430818762267
-0.000578758994162
0.000558270581887
-0.0002632636964
0.000172419330923
-0.000922503188219
-0.000748453157304
-0.000662058991916
-0.000262700270851
0.000932876887071
0.00084167026649
-0.00121293176413
0.00104034110299
0.000801378964794
0.000568078879859
0.000580046644486
0.000229573884519
-0.000659135435154
-0.000662147521136
0.000887581908193
-0.000823209541296
)
;

boundaryField
{
    bottomWall
    {
        type            calculated;
        value           uniform 0;
    }
    leftWall
    {
        type            calculated;
        value           uniform 0;
    }
    rightWall
    {
        type            calculated;
        value           uniform 0;
    }
    movingTop
    {
        type            calculated;
        value           uniform 0;
    }
    front
    {
        type            empty;
    }
    back
    {
        type            empty;
    }
}


// ************************************************************************* //
