/*--------------------------------*- C++ -*----------------------------------*\
  =========                 |
  \\      /  F ield         | OpenFOAM: The Open Source CFD Toolbox
   \\    /   O peration     | Website:  https://openfoam.org
    \\  /    A nd           | Version:  14
     \\/     M anipulation  |
\*---------------------------------------------------------------------------*/
FoamFile
{
    format      ascii;
    class       surfaceScalarField;
    location    "34.000000000011";
    object      phi;
}
// * * * * * * * * * * * * * * * * * * * * * * * * * * * * * * * * * * * * * //

dimensions      [0 3 -1 0 0 0 0];

internalField   nonuniform List<scalar> 
4035
(
-9.80411066073e-06
-2.7471825504e-05
3.72759363432e-05
-7.48462808336e-06
6.63560156974e-05
-6.86754983032e-05
-3.49564535892e-05
0.000103631952036
-0.000103631951908
0.000898355696727
-0.000146182140407
-0.000752173556336
5.45795148568e-06
0.00019690276037
-0.000202360711837
-0.000580821434552
5.1285288651e-05
0.000529536145991
-0.000887454490593
0.000396261402698
0.000878390450787
-0.00038719736292
0.000415567431308
-0.00123591886552
-0.000369894687645
0.00119024612194
0.000297237614209
-7.34819228521e-05
-0.000320610916441
9.68552250735e-05
-0.000228601770674
-0.000727859200489
0.00067555096821
0.00028091000288
0.00107139908043
-0.000754786789338
9.89551402891e-05
1.92849696076e-05
-0.000910015849024
0.000894596644064
-3.86576467365e-06
3.69964339318e-05
-0.00106108521285
0.000851106480155
0.000172982298826
0.000879919229376
0.000525761252182
-0.00108721916381
-0.000318461317778
0.000551483186688
-0.000689617487788
-9.04674696189e-05
-0.000318865134295
-0.000603208571232
0.000659003841671
0.000263069863826
0.000578686787665
-0.000663838185217
0.000320152570945
-0.000235001173491
0.000270798087733
-0.000157228898045
0.000183668424515
0.000593443353168
-0.000742615766009
-6.80239713716e-05
0.000541082927705
0.000950716122197
-0.000506062385046
-0.000382735521388
-0.000442573290365
-0.00111174174611
0.000261283689509
0.000129789664528
-0.000588459123663
0.000542147236018
3.67370422864e-05
1.01927494295e-06
6.58756348037e-05
6.55682959887e-05
0.000270549013985
-9.80534189079e-05
1.53967101499e-05
-0.000187892305248
-0.000338598811563
0.000609147825542
0.000194790251632
0.000141576132091
-0.000326943847014
0.00026588251178
0.000140103532125
-7.76226594716e-05
-0.000289981340898
0.000435609029527
-0.000501291075746
-0.000272916765357
-4.87782380318e-06
4.87782379584e-06
5.42237380066e-06
9.58348429325e-06
-1.98836819162e-05
1.03001975931e-05
-7.81697370347e-05
-9.80534189438e-05
0.000216522214497
-0.000790631286378
0.000574109071791
-0.000276955300141
-5.78804601958e-05
0.000334835760277
0.000130877845845
-0.00084844335976
0.000717565513803
0.000794526188337
-0.000358187841435
-0.000792675344682
0.000356336997842
-0.000687750104211
0.000682138525557
0.000242134730577
-0.000236523151908
-0.00121594586235
7.62025891498e-05
0.000451993168951
0.000718400342372
0.000579214583298
-0.000615476400149
0.000387282099925
-0.000379407911528
0.000103276064127
-0.000111150252553
-0.000382573124132
0.000492899923916
0.000319563149145
0.000615359407704
-0.000313895050484
-0.00113859981581
0.000236549003818
-0.000978556727952
0.000729122103215
-6.44604257711e-05
0.000826068271776
-0.000776864504715
2.69988221273e-05
-2.6476015232e-05
0.000928570601978
-0.000761534336408
-0.000140560250348
-0.000100851946056
-0.00113686968077
0.0010025815305
0.000235140096376
-0.000513110647182
0.00065690027742
9.83451004374e-05
0.000584212221202
-0.000681527232169
-0.000285258113138
0.000728266060937
-0.000334527504879
0.000185476027341
-0.000296551944771
0.000137441963108
-0.000220297929844
-0.000954114517621
4.53956039182e-05
-0.000548400904625
-2.31780475684e-05
0.000470727006022
0.000964582936355
-0.000196532763322
-4.31390336391e-05
0.000345271316276
0.000710140362805
-0.000575428280359
0.000322093268619
-4.24825359983e-05
-5.00900526533e-06
-5.61404106545e-05
-0.000108237184631
-0.000585980073052
0.000637247481921
-0.000186983739421
0.000135716330383
0.00020684020159
-0.00022451401794
-0.000180275111457
0.000290257813668
-0.000281473872803
-9.31251596442e-05
7.64344726892e-05
0.000206755787871
-0.000506695169943
0.000517881006342
0.000195654365194
0.00257172494329
-2.46105997043e-05
-0.00254711434352
0.000250065303119
0.000521988873384
-0.000772054176426
-0.0015367807299
7.02910376682e-05
0.00146648969238
-0.00137846368966
0.000652306984352
0.00124974964844
-0.000523592943145
0.000554778881652
-0.00175060447399
-0.000687577235042
0.00188340282746
0.000736109930338
-0.000201353932482
-0.000866747168904
0.000331991171082
-9.02167386108e-05
-0.0010939260097
0.000760533175284
0.000423609572987
0.00126752040668
0.00010124409386
-0.000813985618817
-4.04162391754e-05
-0.00093053164856
3.77841180589e-05
0.000933163769639
3.3134415536e-05
-0.00128754568494
0.000196248778591
0.00105816249088
0.00122186299954
0.000181621907373
-0.000105046297105
-0.00129843860982
0.000538934312659
6.00186163786e-06
-0.000635152912954
-0.000600967483724
-0.000988582158196
0.000409875619048
0.00117967402287
0.000370853291968
-0.000940135730624
-4.6168393063e-05
0.000615450831553
0.0006531378364
0.000383293930159
-0.000300321836222
0.000683120559505
-0.00140619327721
4.87113706542e-05
0.00103048753788
0.00222435796495
-0.000367582890542
-0.00106322098639
-0.000945725779231
-0.00180988102596
0.00046455175194
0.00014381283921
-0.0011589872679
0.000865568473077
-0.000202598676215
0.000155397845557
-5.08525882655e-05
0.000178103865522
0.0032465283626
-0.00395170434736
-0.000289549675988
0.000994725660681
0.000307718319336
0.000523523382587
0.000376135758022
-0.000499149443158
0.000123787560978
3.20122370842e-05
-8.58556216451e-05
0.000182185059907
-0.000137781204991
0.00105019290535
-0.00109459676029
0.00342871342254
-0.000364183593652
0.000364183593622
0.000182867470009
-0.000343457800125
-0.000203593263589
0.000547051063594
0.000293789681762
0.00063724748173
0.000234145872874
-0.0025738363182
0.00233969044561
-0.000407476201635
-0.00125155311894
0.00165902932071
-8.1437252325e-05
-0.00208855296796
0.00216999022053
0.000969423079431
-0.000525491565065
-0.000924778906123
0.000480847391717
-0.000702466214813
0.000907298054214
0.000136796341689
-0.000341628180869
-0.00147105697567
-2.20138502315e-06
0.000770792146105
0.0011418727833
0.000549433425282
-0.000784008154163
0.000768804150147
-0.000676353452501
0.0002392386196
-0.0003316893172
-0.00044021701515
0.000801544963678
0.000853367499599
0.000522651156669
-0.000419084976232
-0.00146903410484
0.000417062105572
-0.00112879909237
-9.61209039208e-05
0.00080583502008
0.000897010183463
-1.54639415101e-05
-0.00088374762695
-0.000141293529564
0.0011563389316
-0.000129794429765
-0.000885250972134
0.000247531730615
-0.0013015690563
0.000112795953233
0.000941241372469
-0.000534797071954
2.71045732054e-05
0.000644488840435
0.000787852947135
-0.000314974224758
-0.000913095737574
0.000906075289453
0.000128606649847
-0.000485248514067
-0.000535707854385
-0.000344938551129
0.000204292953
-0.0025870523261
-0.00101231449934
-0.0012335043109
0.000182116586114
0.00129891945549
0.00136230765617
-0.000534178106152
-0.000188163700922
0.00195955363432
0.000963701753406
-0.0006876483547
0.00214167022041
0.000996624897798
-0.000292181127021
-6.71962890601e-05
-0.00316943862571
0.00395170434747
1.95543971638e-05
-0.000801820119054
-0.00034737891874
0.000271151050177
-0.000347908350506
-0.000535178422636
-0.000305521376091
0.000405725968468
-0.000160623861688
2.05849306442e-05
0.0001271573898
0.00012794086041
-0.000778697822498
0.000921908012193
-0.00105864921822
0.0010586492182
0.000642367230278
0.0002702437427
-0.00197126019123
0.00170101644845
-0.00198044415624
-0.000845392189711
9.06054003884e-05
4.92044543568e-05
-0.000402913364852
0.000245684466793
0.000256090476814
-0.000530086009447
-0.000159531478371
-0.000209933438517
-8.67238761912e-05
8.77431511381e-05
0.00010806637544
0.000620526600013
0.000257863850752
0.000293582753002
0.000646677383738
0.000204429096409
0.000259480020815
-0.00075644273632
-0.000330776427505
-0.000320833706797
0.000234803608346
-0.000219406898204
-0.000266487467402
0.000774555904238
-4.54338009762e-05
-2.30860045345e-06
0.000399921251519
-0.000262479288388
-0.000281605980643
0.000517838411545
0.00013906186595
0.000183310906706
9.34810272844e-05
-9.84900325479e-05
-0.000131032990654
-0.000564078379582
-0.000228596965053
-0.0002738205659
-0.000580747493294
-0.000180786843067
-0.000224410495431
0.000769474713231
0.000233106817337
0.000262779543289
-0.000353951312098
0.000166967572636
0.00016392969423
0.000936860202262
-0.000326318801115
-0.000610541401132
-0.000768796345509
0.00064242478012
0.000126371565392
-8.05636538113e-05
0.00022096626812
-0.000140402614316
-0.000790276870691
0.000260991419149
0.000529285451574
2.24738201389e-05
-0.00037569772636
0.000353223906156
-0.000114346165709
0.000436556057481
-0.000322209891784
-0.000521969127127
0.000407622961411
0.000818732744524
-0.000296365540298
-0.000522367204183
0.000226935626863
-0.00061535786137
0.000388422234522
-0.00082469553141
0.000671228423911
0.000153467107525
-0.000771627544273
-1.86493263864e-05
0.000809229463689
0.000127630738577
-0.000237210232528
0.000156646578713
0.000394349511685
-0.000371875691584
-0.000724397302711
0.00034319475383
0.000381202548844
0.000785368561392
-0.000736133190237
-4.92353711103e-05
0.000569052821698
0.000216315739719
0.00112993115398
-0.000689466798166
-0.000440464355824
0.000803591931465
0.000326339222505
0.00105637367483
-0.000578857443874
-0.000477516230948
0.000366906876663
0.00104894957906
-0.000467382640028
-0.000581566939043
0.00065899523706
0.000389954341988
-0.000719745303924
3.14284650006e-05
0.000688316838927
-0.000946220088325
0.000560369117464
0.000385850970851
-0.000233933052891
0.000460868679775
0.000135194457427
-0.000503509454853
0.000368314997476
0.00040299982868
-0.000793560867858
0.000390561039103
-0.000792421976048
0.000866916804538
-7.44948284645e-05
0.000818431876661
-0.00090680596206
8.8374085392e-05
-0.000361141855227
0.0003537472035
7.39465167548e-06
-0.000185360056006
-0.000539037246731
-0.000124777220262
-0.000490580641104
7.53313812805e-05
-0.000795076685203
-0.000546412449704
-0.000222383895805
-0.000109249488841
-0.000683172487168
0.00060557638595
3.68483941691e-05
-0.000294756910994
-0.000529938620416
0.000652738336884
0.000165994407675
-4.15067775167e-06
0.000663145914803
0.000538034013805
-0.000542184691565
0.000339638854927
-0.000736996164566
0.000397357309637
0.000788037266476
-0.000448398411546
-0.000155576942102
0.000765178315827
-0.000609601373742
0.000648014989358
-0.000433802498667
-0.00030233069153
0.000246735366287
-0.000680537864931
-0.000562081678559
0.000522794738211
3.9286940316e-05
-0.000576775120222
0.000403578531367
0.000173196588862
0.00040859468371
0.000203462647143
-0.000612057330835
-0.00083013576132
9.31395967748e-05
-0.000261082939635
0.000940612014022
-0.000152574747552
0.000361754570156
0.000580301397219
6.32303302606e-05
-0.000643531727463
0.00106288569666
-0.000297707380841
0.000595503056625
0.000833820223374
-0.000295786209579
-0.000428415961734
-0.000148359158481
0.000168663988363
-0.000597079950093
0.000433075590701
0.000158690133686
-0.000591765724366
0.000292833091842
0.000248908377082
-0.000541741468948
-0.000269248586719
0.000607912034644
-0.000199317350916
0.000562341668903
-3.95469307398e-05
0.000561287109173
-0.000157708577798
0.000666152718849
-8.58513216204e-05
0.00061795647056
-0.000184880879843
0.000423407957633
-0.000288213500208
0.000311851096242
-0.000318228974267
-0.000627991114065
0.000205325011446
0.000561268080581
-0.00076659309201
-0.000413833379759
0.000674824798911
-0.000682003688267
0.000385638147989
-0.000248865069959
0.000651864898614
-0.000337233807674
-2.39080475932e-05
0.000204070152356
0.000614361724313
-1.07752643521e-05
0.000416107452378
-0.000742426253493
0.000584145230048
0.000282771574512
-0.00060438779289
-0.000302418169178
-0.000217670537761
-0.000575890330126
-0.000463355047248
9.67679454157e-05
0.000366587101754
-0.000188357092226
0.000748726209685
-0.000416835214822
-0.000255969808558
0.000672805023321
-7.2945173135e-05
-0.000710355067182
0.000783300240281
4.00192330271e-05
0.000682936557593
-0.000722955790572
-8.22649691924e-06
0.000453915903989
-0.000445689407066
-0.000682864010815
0.000920795294635
-0.000237931283804
-2.62945489757e-05
-0.000437060498242
5.51548261134e-05
0.000612351752941
-0.000667506579048
-0.000514983984703
0.00039081386986
-0.000399040366793
0.000605892515918
-0.000400567504464
0.000634505752583
-0.000291310998779
-0.000624164463075
-0.000147463081184
0.000677332966025
0.000131896497661
-0.000456467827343
8.07701009303e-05
0.000416889537407
1.96665200696e-05
0.000412337067084
8.80659859532e-05
-0.000500403053095
-0.000323097888563
9.18113455103e-06
0.000313916754007
0.000664917735385
-0.000455432608637
-0.00020948512679
0.000470039757746
0.000194877977623
0.000266086278759
8.76609247045e-05
0.000220015428107
9.50840008228e-07
0.000595428729896
-0.000183091662839
-0.000532412606253
0.000587567432372
7.43455896175e-05
-0.000757209600404
-0.000726467316291
0.000680612360282
4.58549560055e-05
0.000747930217003
-0.000705682642769
-4.22475742273e-05
-0.000737442507725
-0.000856464116029
0.000696105186564
0.000160358929447
-0.000185954725497
-0.000540512590817
0.000192655877662
0.000555274339339
-0.000281146868065
-0.000575317247971
-0.000232362916859
-0.000579028476566
0.000811391393434
0.00045923067086
0.000461564623796
-0.000430143310467
0.000403848761455
-0.00040857319488
8.54753063148e-05
-0.000228029097979
0.000482415497617
0.000434615804934
-0.000729372715936
-0.000474602175272
-0.000156760030066
0.000631362205348
2.3392045812e-05
0.000629346291135
0.000547896626237
-0.000657146115037
-6.18283129823e-05
0.000392649137476
0.000121030957129
-0.000513680094604
-0.00024046586229
5.60835034044e-05
-0.00053068567867
0.000335252074788
0.000303493065865
-0.000638745140685
-0.000381839510585
-0.000292452696288
0.000674292206819
-0.000660203330248
0.000278363819642
-0.000564259026036
6.20948947966e-05
0.000502164131242
-0.000351167293026
-2.86198637417e-05
0.000379787156763
-0.000284883962168
-3.58399102856e-05
0.000320723872448
-0.000214604799065
-3.98706939964e-05
0.000254475493054
-4.67041003952e-05
-0.000529186229749
-0.00059509954165
4.6243095197e-05
0.000548856446456
-0.000139552517713
-4.06878823449e-05
0.00018024040005
0.00056461268546
0.000205051966571
-0.000769664651961
-0.000564790541417
-3.0309000235e-05
0.000237397023847
-0.000155947517087
-8.14495067722e-05
-0.00032495125547
-0.000489161507395
0.000437663202738
5.14983046579e-05
0.000710954049806
-0.000650831217256
-6.01228324789e-05
-0.000759500453163
0.000429103945965
0.000330396507194
-6.01998479179e-05
-3.86357741257e-05
9.88356220338e-05
0.000687940946447
-0.000505051295165
-0.000182889651289
0.000167008215505
-0.000262642495267
9.56342797598e-05
-2.49942785331e-05
-0.000280745760176
0.000305740038695
0.000159598073699
-0.000158862853131
-7.35220585421e-07
2.19997734149e-05
-3.45610426317e-05
1.25612692097e-05
-0.000121012486458
0.000190026070272
-6.90135838297e-05
5.89588577959e-05
-0.000286062498875
0.000227103641056
0.000253450538447
-0.000194491680659
1.85679426958e-05
-0.000715516146085
0.000696948203412
0.000685690931648
-0.000790185901511
0.00010449496987
-0.000292112465019
0.000771697674071
-0.00047958520905
-0.0002878312952
0.000140869455125
0.000146961840055
4.45263251372e-05
-0.000395693618167
-3.45701964285e-05
-0.000757759433411
0.000792329629885
-0.00051801593084
-0.000349661228183
-0.000409839224986
0.00075874629039
-0.000320838631404
-0.000437907658984
5.40765378041e-05
-0.000338960499977
0.000466633825367
-0.000690470614155
0.000709038556858
-0.000610525508297
0.000259347473651
0.000351178034649
6.05342074796e-05
-0.000275139006549
0.000106958027207
0.000243522410862
-0.000350480438072
-0.000596033130331
0.000425605089793
0.000170428040538
-0.000717742683575
-0.000273715096136
0.000380673123343
0.000186853680317
-0.000140001384289
-4.68522960339e-05
0.000630457541717
-0.000381019906323
-0.000249437635394
0.000403345689708
0.000227111852009
0.000128979105759
3.06189679305e-05
0.000372039440457
-0.000174729041745
-0.000197310398713
0.000695744076183
-0.000620276577888
-7.54674982816e-05
0.000644244058044
5.15000181425e-05
-7.62854860304e-05
0.000128480839101
-5.21953530886e-05
-0.000697838189981
0.000115407541098
0.000582430648875
-0.000277673847792
-0.000332851660498
0.000136303135435
5.1388237323e-05
-0.000187691372759
-0.000310224615261
0.000395090460625
-8.48658453713e-05
6.36926580033e-05
-0.00020324517572
-0.000140567590792
-0.000557270599193
9.06774719058e-05
0.000667657880753
-0.000714361981156
-0.000504850958423
0.000398034872576
0.000106816085851
-3.80298601853e-06
-0.000686667628129
0.00040129651035
-0.000166941946177
-0.00023435456418
-0.000421191781025
0.000119976101974
0.000301215679044
-8.13513826756e-05
-0.000108297617011
0.000189648999668
-3.48594338338e-05
-0.000454302073564
-7.182784759e-05
0.000208130983028
-0.000668443530869
0.000664640544845
0.000258556404263
-0.000167272431378
-9.12839728777e-05
0.000143838963845
0.000257457546501
0.000346512848051
-0.000176757560968
-0.000169755287087
-0.000277352817183
-0.000106664922146
0.000561517482792
-0.000454852560655
6.36185167622e-05
-0.000123818364685
0.000105628129805
-0.000135539237603
2.99111077945e-05
0.000284289609844
-0.000183393358912
-0.000100896250936
0.000162620747568
0.000121668862275
0.000154786760148
0.000191726087898
2.17631088462e-05
0.000165090571471
0.000101486245011
-0.000745901172253
0.00064441492728
-0.00025808332715
7.46899682384e-05
-0.000203268832525
-5.48144946272e-05
0.000547373355651
-0.000735536213124
9.23812417867e-05
0.000643154971262
-0.000192687440623
0.000357871258163
0.000197802813538
-0.000555674071691
-0.000613404535858
-0.000122131677296
0.000217576237446
-0.000215407896372
-2.16834107178e-06
-0.000157636868712
0.00074725160666
-0.000579535012357
-0.000167716594325
-7.22634179283e-05
0.000239271633431
0.00018675823308
-0.000185206634974
-1.55159810833e-06
0.000344573297685
0.000438915615189
-0.000783488912883
-0.000125212387738
-0.000137430107534
0.00040938299631
-0.000512315841425
0.000102932845128
0.000133847070771
0.000782564566336
-0.000691959165921
-0.000736256966184
0.000690823165203
-0.000784172022134
0.00072735524844
5.68167736692e-05
0.000837379041534
-0.000771510284628
-6.58687568662e-05
0.000170149170418
8.33013680165e-05
-0.000250580478591
-3.54820202942e-05
-0.000754103999431
0.000212656953941
0.00054144704549
-0.00050952832702
-0.00024457567242
-0.000320900466491
0.000599264286081
0.000260737393638
0.000535302988598
-0.000796040382251
0.000112184636105
0.000512145250469
-0.000154273992294
0.00028522369659
-0.000372861599335
8.76379027527e-05
0.000221287946253
-0.000415746947921
0.0001944590016
0.000757861574634
-0.000545204620695
-0.000219455492163
1.16681510134e-06
0.000218288677046
0.000262169347055
0.000112938521698
-0.000221236138721
0.000178326562271
0.000391251247997
-0.000106027551401
0.00023517988109
-0.000556080347629
-0.000306106899359
-6.6754699971e-05
-0.000117682124789
-0.000352551558673
4.64446593199e-05
0.000128602993222
-0.000215962664897
9.49501784306e-05
-3.61521056575e-05
-0.000183303386515
0.00015387396461
-0.000685024776696
0.000397191720852
0.000287833055942
-0.000401503115435
0.000127788019301
0.000253807976817
0.000157016367128
0.000127597625487
0.000263653622517
-0.000310174370963
0.000233686112125
7.64882588378e-05
0.00024941366349
-0.000274407942032
-0.000514857008192
8.2994254883e-05
0.000431862753306
-2.50871204148e-05
-0.00013377573273
0.000836229043236
-0.000575491649642
0.000213062087084
-0.000763607092929
0.000550545005905
0.000734895386011
-0.000778855266583
2.10958331773e-05
-0.000717824746523
0.00025161620102
0.000274061674485
-0.000525677875499
0.000333769697505
0.000144856616664
-0.000478626314164
0.000164079979496
0.000207959460961
0.000233363284834
0.000251379045686
-0.000484742330525
0.000856910155976
-0.000693494550298
0.000656075589341
0.000181303452212
6.07931124009e-05
-3.87933389915e-05
0.000417300090742
-0.000738138722142
0.000742898394816
-0.000650517153127
0.00070798350604
-0.000464811038468
-0.00024317246757
0.000202932210873
0.000506909554887
-0.000173139857378
0.000291090625672
0.000385198436385
-0.000676289062057
-0.000229631510426
0.00053533212266
-0.000305700612227
0.000708390716412
0.000644545910038
0.00012674325982
-0.00072220114087
0.000595457880937
-0.000205872916906
-0.000104301454056
-0.000789615454176
0.000757319683237
-0.000114661602255
-0.000674953851862
5.50997231243e-05
0.000631335244208
-0.000686434967325
0.000663507218034
9.38124652726e-05
-0.000420001386964
0.000764574684652
0.000955865296293
0.000679454504511
0.000276410791823
0.000115016141328
0.000143540262937
-0.000301180286924
0.000552796487947
0.000777674772558
-3.65952152918e-06
-0.000131879716076
-0.000678437969045
-5.78189971964e-05
0.000213707913409
-0.000380649859588
-0.000239100278967
-0.000172728330198
0.000441207063483
-0.00026847873328
0.000234038261345
-0.000506955026704
-0.000308750170299
0.000504404535472
0.000324227693838
-0.000553859204264
0.000620077599469
-0.000417199239938
-0.000202878359536
-0.000578854134714
0.000713199968512
-0.000284096022549
2.70015813193e-05
-0.000713669209437
-0.000729210517153
0.000264399478691
-0.000832723276591
0.000673191798221
0.000752018396738
-0.000612956530715
3.86716714938e-05
0.000202080159038
-0.000240751830533
0.000440727052195
-0.000320750950226
2.62603228174e-05
0.00019131591463
2.73574151255e-05
-0.00023062624765
-0.000390554655895
0.000624592917231
-0.000193644787525
0.000751861430057
-0.000691391804425
-6.04696256539e-05
0.000734582978924
-0.000739052533549
4.4695546436e-06
0.000146520948982
-0.000323278509953
0.000658994085818
-0.000532250825954
-0.00035834033194
0.000208376831782
0.000149963500166
-0.0002518172537
-0.000386189834057
-0.000118661124363
0.000384378082336
-0.000376311484546
-8.06659778267e-06
-0.000218036026348
0.000256707697843
-0.000460105774826
0.000287377444633
-2.64026374164e-05
-0.000326148921253
-2.57170834383e-05
0.000737855781405
-0.00071213869796
0.00033126311834
-0.000359882982085
0.000510029863311
-0.000382089002942
-0.000431386168186
0.000293604963224
0.000214115648204
0.00021805854397
-0.000392787585714
-2.02663659919e-05
0.000222346525031
-0.000205473000967
-1.81500994526e-05
0.000707514177801
-0.000689364078337
0.000258259288593
-0.000602341830586
0.000344082541994
0.000626295604716
-0.000212264802221
-0.00058029618618
0.000309141696549
0.000368494673555
5.05430258e-05
0.000684039953157
-0.000408544440557
-0.000106312567637
0.000641012752706
-1.7583046034e-05
-0.000623429706647
0.000250161179117
-0.000334077471008
8.39162918946e-05
0.000262802305018
-0.000298642215308
5.72581119381e-05
-0.000275294138285
-0.00062343044023
-9.87707006801e-05
-0.000230742706451
-0.00021272185226
5.67743351607e-05
-7.34986254963e-05
-0.000652587881115
0.000262033225215
0.000582486982433
0.000729147427555
-0.000754864510987
0.000189736808456
-0.000229607502459
0.000203639207199
0.000237567856288
0.000630867618415
-0.000580324592597
0.000163188700875
0.000456888898587
-8.91597030592e-05
-0.00026086099047
0.000350020693523
-0.000627151230691
-5.09024649707e-05
0.000678053695674
-0.000366353626682
0.000222718970932
0.000143634655748
4.29362200991e-05
0.000774635240408
-0.000388784269561
-1.85110060009e-05
-0.000415797222539
0.000434308228533
0.000846126444388
-0.000533787493984
-0.000312338950404
0.00055533494632
0.000290791498066
0.000538459922371
-0.000476365027573
0.000290944224063
0.000280819398106
-0.000369979101166
1.3861522019e-05
-0.000260939098331
-0.000256164549601
0.000517103647937
0.000439863033588
-0.0006708915305
0.000231028496923
0.000304713560832
-0.000362939024192
5.82254633616e-05
-0.000427463551197
-0.000301746965945
-0.000252587281772
-0.000690041814794
0.000672458768761
0.00042169775117
0.000710997328106
0.000274393024328
0.000345220568543
-4.05070077068e-05
-0.000605999551173
0.000297249380869
0.000456173922621
-0.000449884680306
0.000630298538185
-0.000794051666194
0.000723947025538
-0.000633771923318
0.000810492823132
-0.000176720899874
0.000111979673964
-0.000152667556316
0.000502125102138
-0.000736021033246
0.000233895931115
-0.000148429397942
0.000712083835671
-0.000563654437722
0.000103393718681
-0.000195437202437
-0.000170916424244
-0.000747910575335
0.000599481177399
0.000776865688385
-0.000653568540872
0.000691352658931
0.000343220007885
0.000287078530316
0.000783065421839
-0.000765492819476
4.7531503321e-05
-0.000328277263503
0.000810765546754
-0.00025543060043
0.000538850638117
0.000156099397519
-0.000694950035665
-0.000300037544575
-0.000446084962399
0.000746122506985
0.000895165371371
-0.00044877963355
-0.000446385737828
0.000206427671875
-0.000816969073009
0.000521411493929
-0.000651646591349
0.000130235097425
0.000618630879487
-9.7219385585e-05
0.000201208942663
0.00046233885715
-0.000567385154277
-0.000147340518646
-0.000447324986327
0.000594665504976
-0.000217194797332
0.000462879264124
-0.000173690207615
-0.000493255602084
0.000666945809709
-0.000708880890009
0.000258996209723
0.000923753264215
-0.00046757934162
-0.000726032719075
0.000668213721862
0.000171722210584
-8.28777478223e-05
0.000654806443828
-0.000405588825626
-0.000249217618195
0.000123446779358
-0.000329319696264
-0.00010857363324
0.000389393031342
0.000538393628059
0.000577080372746
0.000233685174007
0.000276268446617
-0.00037982559212
0.000103557145502
-0.000665753936461
0.000482864285168
-0.000120063600936
0.000529446597256
0.000277044511248
0.000377761932582
0.000271301348754
0.000441898619762
0.000329918837872
1.53017306745e-05
0.000357975444923
0.000637665847132
0.000128430989849
-0.000493273686947
-8.45996959527e-05
0.000577873382731
-0.000640596120728
-0.000406958450564
0.000298384817321
0.000579129308592
-0.000116790451498
-0.000488586387296
0.000232421837701
7.43791177133e-06
0.000780561991262
-0.000341646376068
5.58732669302e-05
0.000408333416521
-0.000144679793997
-8.66705775746e-05
0.000199495729526
-0.0004619750179
0.000322098329773
-0.000749561880976
0.000563149705713
-0.000137544615922
0.000300064197772
1.07685584363e-05
-0.000310832756224
-0.000183165449309
-0.00046942243181
-0.000181224989111
-0.00024177552246
0.000424472578436
-0.000182697055969
-4.54554875804e-05
-0.00084079347049
0.00062866621104
0.000212127259482
-0.000389647979142
0.000208422990043
3.76991662213e-06
-0.000230572141413
-0.000371769689167
-0.000704471005846
0.000166557894064
0.000459473867106
7.89860552674e-05
0.000317363925249
-0.000390720141588
7.33562163384e-05
-0.000386472080853
0.000191034878417
0.000456212572339
-1.40860119271e-05
-0.000442126560408
3.06223057279e-05
-6.92580798607e-05
-0.000361009753869
-0.000155663761771
0.000297239893861
-0.000156018709073
-8.79857078063e-05
0.000244004416882
-0.000164796638863
-0.000675996831596
0.000507424959319
-0.000633211358449
0.000548611662434
-0.000651903456327
0.000665764978353
-0.000365649155031
0.000209985393258
0.00062964450975
-0.000459216469211
0.000450912776594
-0.000184274615231
-0.00026663816136
-0.000767675905086
0.000166518069846
0.000601157835239
-0.000350925306494
0.000627969817743
-0.00050503846969
0.000686341921919
0.00038053670732
-0.000914324201315
0.000495659694706
-0.000724256659739
0.000566321675883
-0.000106847808773
-0.000515481199378
0.000773345050133
0.000366210186775
0.000340367256665
-0.000706577443419
0.000149213724137
0.000480430785611
0.000244646654793
0.000151169394189
-0.000395816048982
-0.000718849556729
0.000643319937224
7.55296194541e-05
-0.000582729785436
0.000297148231671
0.000285581553767
0.000562473151487
-0.000797910394741
0.000235437243191
0.000118518686487
0.000540475399285
0.000655090714734
-0.000599990991606
-0.000334331000895
0.000392556464259
-0.000190595532339
-0.000639796333039
0.000806314402883
0.000734030460917
-0.000471997235711
0.000346165750291
7.37832130279e-05
-0.000408114213922
-0.00049168413434
0.000762985483095
0.000266850723786
-0.000598042047373
0.000331191323571
-0.000820497228539
-0.000581902678632
0.000209072802223
0.000372829876455
4.8483711501e-05
0.000659030466305
-0.000261919197186
-0.00032081058825
-0.000112323725745
0.000429687651003
-0.000239661932647
-0.0004791876241
-0.000378352033484
0.000816334289224
-0.000611905192798
0.000860973682033
-0.000265887535199
-0.000595086146846
0.000126171614682
0.0004010201085
-0.000527191723177
0.000361426574209
-0.000304272743578
0.00046508934323
0.000292891356755
-0.000757980699999
3.12316484377e-05
-0.000525278492385
0.000494046843956
-0.000281666084413
0.000374934725848
-5.25207160717e-05
-0.000338199425518
-0.000443562254494
-0.000222191681973
-0.000271773955566
-0.000253903919931
0.000376635748587
-0.000602608174362
0.000225972425784
0.000393693198903
-0.000624265340304
0.000329793594027
-2.97293962582e-05
-0.00021874346893
-0.000167728611922
0.000877859953451
-0.000587068455394
-0.000305281447519
-0.000496690878049
0.000801972325581
-0.000612844503677
-2.0678535017e-05
0.000673634437301
-0.000652955902282
0.000367564446395
-0.00011979788436
-0.000247766562033
-0.000237423135938
-0.0005229412006
0.000305746403261
0.000300976782212
-0.000176830238556
0.000573388315975
-0.000396558077412
0.000746898427062
-0.000281809083837
0.000619814310761
0.000241159371263
-0.000135178937329
0.000352283987969
-0.000464607713701
0.000187717419552
-0.000188452640152
-0.000335939297493
0.000524353971777
-0.00018841467428
-0.000205861259214
0.000825675569972
-0.000845657592255
0.000307341035748
0.000204804214734
-0.000440896300619
0.000127677342581
0.000313218958033
-0.000118038546711
-0.000629872028622
-0.000595023485832
0.000418193247284
0.000507236494407
7.30970399562e-05
0.000581993674787
0.000148820977465
8.94932383056e-05
-0.000621953486412
0.000532460248117
0.000500934605171
-0.00035733531521
-0.000143599289958
-0.000820762646901
0.000422470994312
-0.000271301600126
0.000433952441789
0.00033535052259
-0.000769302964377
0.00016499530768
0.000213724990678
-0.00042562804472
0.000211903054044
-0.000111747137412
0.000226763278742
-0.000717861542449
0.000595729865138
-0.000569362128309
0.000122037141986
0.000154985061681
-0.000620024430984
0.000465039369314
0.000756050771561
-0.00045274312466
0.000476316583444
-2.35734587786e-05
-0.000804023084749
-0.000742100773655
-0.000526753352892
0.000675967077029
0.000440038424151
0.000126283251736
-0.000503278861247
0.000659378258758
0.000469811807106
-0.000546425236166
7.66134290652e-05
-2.0007335652e-06
0.000390102896199
-0.000388102162635
-0.000161431049942
0.000486995679323
-0.000455764030883
-0.000387061780709
-0.000194840897895
0.000708577876326
-0.000372903333541
-0.000335674542776
-0.00031524915816
-8.34780190424e-05
1.19714683792e-05
7.1506550651e-05
-0.000152197847742
0.000504481835725
0.000644713215607
-0.000762751762314
0.00059165736955
0.000255051663137
0.000561282626086
-0.000149061414702
-0.000568800127757
0.000484946595682
-8.63792328263e-05
-0.000398567362848
-8.37790280438e-05
-0.000428536813374
0.000444631652278
-0.000465757430592
2.11257783213e-05
0.000543953612864
-0.000334880810641
-0.000717348885229
0.000680285664652
-0.00056176697815
3.15467103921e-05
0.000484809560781
-8.11147237983e-06
0.000406830910382
-0.000236208755085
-0.000752815773209
0.000572028930144
0.000266745256466
-0.000386543140824
0.000418499847802
-0.000516649258005
9.81494102072e-05
-0.00023692206958
-0.000275280362059
0.000512202431625
-0.000336828392539
0.000536324122083
-6.00889512152e-05
-0.000484994018267
0.000545082969492
0.000380258931413
4.30403489823e-05
-0.000423299280395
-0.000215838503852
0.000844504714915
0.000730632166447
-0.000223395672047
0.000419484117914
6.54624777688e-05
-9.95503212015e-05
0.000303759210428
-0.000410772408925
0.000408771675363
-0.000424005681981
0.000371484965923
-0.000686423853608
0.000640968366021
-0.000594123453421
0.000257295060896
-0.000154633982148
-0.000393537774293
0.000240984168038
0.000152553606239
-0.000208740161987
0.000501442931334
-0.000292702769346
0.000539323467781
-0.000688384882499
0.000372370647261
-0.000480101011187
0.000107730363932
-0.000507554882665
-0.000209794002561
-0.000658532164059
-3.21567334595e-05
0.000690688897522
-0.000686734722063
-0.000259933824675
0.000653627023582
-0.0001352148702
-0.000114076053006
0.000594506838615
-0.00048389033965
-5.85409390807e-05
0.000542431278744
4.54733976635e-05
-0.000456245806588
-0.000649047723824
0.00020607209302
0.00044297563082
0.00054478309954
-4.62733126758e-05
0.000391724464675
-0.000222342166282
-0.000169382298398
-0.00034258514146
-6.43733091041e-05
0.000444861349006
3.14552344434e-05
-5.13038887712e-05
0.000496165237784
0.000177277171322
-6.92107958826e-05
7.0031260652e-05
-0.000201064251301
0.000177177291315
0.00055345487512
-0.000449073652707
0.000532067907588
0.000620542465602
-0.000401753060761
-0.000218789404842
-0.000820694656724
0.0006346850056
0.000186009651177
0.000315613809792
0.000132001886639
0.000297685764358
0.000341521255762
-1.02581374245e-05
-6.11314543906e-05
-0.000213276487649
1.53576029876e-05
-0.000227144169545
-0.000525671603639
0.00038335204695
0.000237190418657
-0.000639390921913
0.000229668975767
0.000424742234699
-1.59705593404e-05
-0.000584879319441
0.000183126258687
-0.00013793477071
-0.000186268615655
-0.000449359757768
0.000635628373442
-0.000611972418252
0.000559027045752
-0.000846985418479
0.000287958372714
0.000724509166108
-0.000431617809378
0.000130310782632
0.000199632338214
-0.000329943120845
0.000399046385731
7.04304578287e-05
-0.000469476843557
-0.000473626577561
-0.000508026456872
0.000447937505665
-0.000298474002816
0.000595622234488
0.00049719579594
-0.000489716002824
0.000706031742548
-0.000365668221949
0.000439451434982
-3.2756119298e-05
-0.000391249562679
-0.000334972183551
-0.000602415210782
0.000317157097661
-0.000290184487108
-9.94634920905e-05
0.000294437388857
-0.000739983546442
0.000445546157593
-0.000261535887656
0.000129060390921
0.000501844961373
-0.000630905352317
-0.000162824336898
-0.00042205498254
0.000201618626809
0.000336843303261
-0.000439061194075
0.000102217890816
0.000277314713586
-0.000514236783175
-0.000261612424207
-0.00031964895112
0.000581261375355
-0.000401449897279
-0.000201158277074
0.000219610197899
0.000204862380541
0.000233429989253
-0.000465937344646
0.000232507355396
0.000245321541987
-0.000360368925595
-8.05273750282e-05
-0.000314248333739
-0.00032927741804
0.000643525751787
0.000357608992306
-1.60877365457e-05
-0.000352240577454
-0.000535194228417
3.68745570077e-05
0.000548488525541
0.000127478551488
-0.000225291615149
-0.000595403041644
0.000320705343169
-0.000173743503114
-0.000675984618468
0.000672199321433
-4.75177547393e-05
-0.000322461346428
-0.000560037631346
0.000501496692276
0.000669010471773
0.000231023913802
-0.00023944830197
8.42438815875e-06
-0.000264706761475
0.000550288315242
0.000451845157041
-0.000305121251808
-0.000146723905242
-0.000336196207248
0.00021076290462
0.000125433302624
0.000652082816853
-0.000658395055813
6.31223894318e-06
-0.000184008354506
0.000195312119632
0.000125393223518
-0.00042263017741
0.000688990926207
-0.000535523818667
-8.93131116063e-05
0.000284625231225
0.000188857582356
-0.000508244065105
0.000319386482755
-0.000315345349462
0.000644841164384
-0.000329495814927
2.82411766116e-06
0.000649258699196
0.00059614186928
0.000229533700688
0.000375430120092
-0.000767132082945
0.000391701962861
-0.000616807354396
0.0002441797679
0.000372627586538
0.000423456453048
-0.000160907106038
0.000404759869095
0.000458652250706
0.000475285752397
-0.00042981235473
0.000790035766744
-0.000464503943428
-0.000325531823307
-0.000617009644355
0.000355397220164
-0.000487985889676
-0.00018290564082
0.000668383858692
0.000330042956367
-0.000512591795866
0.000182548839491
-0.000411709831636
-0.00020509752273
-0.000304557068419
0.00048626344652
-0.000252833457261
-0.000224304661745
-0.000279300975696
0.00050360563744
6.7628424415e-05
-9.18976948842e-06
-0.000374833343148
0.000384023112637
0.000121976504203
-0.000479311819408
0.00046728678944
-0.000169601025084
0.000139617449104
0.000286118719175
-0.000425736168276
-3.44479768438e-05
0.000265471890641
0.000356853971977
0.000280898533605
0.000181980730516
-0.000655708046404
-0.000156271884845
0.000696747284077
0.000164494865203
-0.000619620849033
-6.68030045904e-05
-0.000357096224368
0.000183352721243
9.63838456154e-05
-0.000665115928872
0.0001179139259
0.000254422404341
0.000510179443181
-0.000764601847502
-0.00018699395107
-0.000238634093649
2.50044327082e-05
-0.000239450486988
0.000214446054261
-0.000195069676598
0.000736516722083
3.72888998813e-05
0.000320320092423
-0.000191406257625
-0.000189243601965
0.000452047454775
-0.000334133528876
0.000258992695021
-0.000445986646088
-0.000154567902822
-3.44579858697e-05
0.000189025888681
0.00073589007433
-0.000404698750759
-4.24706144513e-05
5.44420828223e-05
0.00053415091567
-0.000345293333312
0.000531518980337
-0.000201476023993
0.000209985645899
0.000276277800625
-0.000262111311315
0.000180661804534
0.000205516057648
-0.000693501947317
-0.000163588299853
9.02039702236e-06
-0.000516434174229
0.000782316685999
0.000491835565734
-0.000736411238154
0.000166623722037
-0.000217232334412
-3.19154919743e-05
0.000249147826365
0.000200318207047
0.000110630090324
-0.000576448172911
0.00046581808257
-0.000187985813744
0.000428969981783
-0.000657656311814
0.000166924119621
0.00049073219223
0.000391705887908
-0.000400895657396
0.000710786242351
-0.000218950676628
0.000311788630355
-0.000181477847721
-0.000206944649623
-0.000231571781168
-0.000104624426083
0.000486662370536
-0.000732046207621
0.0002453838371
0.000426062159902
0.000310465735022
0.000272967564201
0.00025855141613
1.66521001929e-05
0.000151782804828
0.000160005825527
0.000148235984432
-0.000370578150716
0.000206388908646
0.000364468843405
0.000423167498837
-0.000787636342237
0.000450689389243
6.44681044165e-05
-0.000404296857607
0.000339828753191
-0.000702498596865
-1.18483087266e-05
-0.0004431370268
0.000427166467459
-0.000204542618136
-0.000463358737771
0.000129225208895
-0.000389513035195
9.93285480945e-05
-0.000494881803821
9.63144409693e-05
0.000299728530304
1.07372047145e-05
0.000242800571765
0.000197435712986
-0.000440236284745
6.73928968088e-05
-0.000298258419201
0.00082774369665
-0.000654761397791
-0.000467793525645
-0.000108972052074
0.000576765577721
-0.000489546987967
0.000258402578108
0.000231144409865
0.000337689791696
0.000307151372687
0.000299315002159
-0.000463155599655
0.000163840597499
-0.000115879952046
0.000681744510478
-0.000565864558415
0.000337017430184
-0.00067810223787
0.000418168413209
0.000484130515185
-5.2267761882e-05
0.000551388410241
-0.000278420846054
-0.000719560697072
9.84759019788e-05
-0.000728347930596
9.09736001567e-05
0.000503533238457
1.50271910817e-05
0.000377344245171
2.44291158923e-06
6.12805366778e-05
0.000275736893502
-0.000525380434831
-0.00027911174985
0.000639963953359
-0.000360852203475
-0.00051934577322
-5.93271916242e-06
-5.23783922079e-05
-0.000491032589772
0.000582066207117
-0.000155933878788
-0.000426132328316
0.000358998889052
-8.27972262005e-06
-0.000466186255071
0.000574836846516
-0.00010865059143
0.000450267224548
0.000230018440105
0.000439696711799
-0.000140381709641
0.000131783644388
0.000320061512645
0.000277829496097
-0.000239926160646
0.000383560816394
4.56268459072e-05
-0.000428023504611
0.000439285979414
-1.12624748004e-05
-0.000177536891436
-5.25175747382e-05
1.79565321024e-05
-0.000186877799029
-4.77843643349e-05
-0.000312190649806
8.06188686392e-05
0.00040636270557
7.12960479081e-07
-6.04093373716e-05
-0.000251781312438
-7.90219283389e-05
-0.000429004528527
0.000750082099069
0.000155450046838
0.000650864356041
0.000384788196839
-0.000124422071869
-0.000413233048079
0.000537655119957
-9.85825777773e-05
0.000680576252571
-0.000220368132134
0.000392944336917
-8.2718015895e-05
-0.000310226321026
0.000165209720801
-0.000614569478558
-0.000639184429778
0.000103660611133
-0.000106768731737
-0.000480134411335
0.000401112482998
0.000344948485205
-0.000558092917265
0.000213144432068
0.000105050099538
0.000287894237379
-0.000459839799361
8.59126009577e-05
0.000373927198416
0.000322224742925
-9.5121101878e-05
-3.34590754597e-05
0.000481396581129
-0.00070151249728
0.000401474952719
0.000172668316754
-0.000653214002216
0.000480545685444
0.00061247505169
-0.000424923967968
0.000318896416574
-0.000444352489661
-0.000132095683264
0.000458819807464
9.69733936884e-06
-0.000382740193807
-9.73942175265e-05
-0.000356656989537
-0.000832705315611
0.000336014437569
-0.000304268597082
0.000585167130684
0.000117850150585
0.000321846561211
0.000254118723963
-0.000288566700812
-0.000539259628444
-0.000681503428457
0.000367255094725
0.000287432979513
0.000366194044071
0.000402049609834
0.000344070144303
-0.000746119754131
0.00066543097359
-5.95044395947e-05
-0.000605926533985
0.000766518453239
0.000272527050563
0.000323095183924
-0.000779554035052
0.000190244016917
-0.000591693914187
-0.000577653652464
0.000515716565745
-4.766525706e-05
0.000103562651294
0.00050201373466
-9.31227477758e-05
-0.000266771832832
0.000753434203379
6.08582547274e-05
0.000204613635907
0.000315399260639
0.000405069272148
-5.96611492451e-05
-0.000345408122907
0.00034845331568
0.000305219275552
0.000276042099803
0.000457949898986
-0.000340099748402
0.000235818686958
0.000287720239959
-0.000523538926909
0.000752140519673
-0.00054662446202
0.000459928490115
-0.000678879166742
0.000322351256252
0.000724064530747
0.000531704989659
0.000570920910991
8.59864853048e-05
0.000172652718095
-0.000258639203396
0.000472796643215
-0.000486882655137
-0.000650566097756
0.000583763093151
0.000631515521508
-0.000159867926912
-0.000276365734662
0.000120347025591
-0.000283300773202
0.000264743740394
-0.000325153077765
-0.000498376726986
0.000405253979225
-0.000537830562701
0.000273123801228
0.000444410409441
-4.0216106357e-05
0.000652567859307
1.01625535855e-05
-0.000254162722302
0.000244000168718
8.98428282543e-05
-0.000416057539274
0.00034361986096
7.24376783109e-05
0.000179162937854
-0.000200795806382
2.16328685301e-05
6.89326035535e-05
-0.000504975697769
-1.43700754471e-05
0.00073335506489
4.5007165174e-06
0.000262961665604
0.000240643971831
-0.000567792645902
0.000606550729531
-0.000439626609885
-0.000193285512108
9.66948203844e-05
0.000249470929906
-0.000367979180904
0.000791146679744
-0.000750355492415
0.000609795242031
0.00037408999936
0.000392428453882
-0.000214813296805
0.000180355310929
-0.00025132381959
0.000813796971008
0.000488600837791
-0.000739924657384
-0.000232074665413
0.000583252700063
0.00040104013582
-0.000716014360639
-0.0005132463203
0.000923121939341
-0.000393872844294
-0.000235126607045
-0.000361256508626
-9.42109780624e-05
-0.00022286053512
0.000694238155097
-0.000471377619967
0.00036505060084
0.000106447795254
-0.000471498396102
0.000420075412344
-0.000453534487802
-0.000221491584679
0.000147237086632
7.42544980501e-05
-0.000534286401401
-0.000159215545911
0.000611855944627
-0.00034776227605
-0.000264093668567
0.000423773586625
-0.000617059098735
-0.000507162265678
-0.000456568213098
0.000376040838068
0.000227000581521
0.00016390662364
-0.000390907205155
-0.000279903811685
-0.000250742805776
-0.000534847288922
0.000785590094707
-0.000577574918101
0.000953710676124
-7.94809226685e-06
0.000100352688017
-0.000348119250048
0.000360555681459
0.000416613360325
-0.000424724832701
0.000408546762546
-0.000392325681058
0.00036475583106
2.75698499968e-05
0.000521965402232
0.000159779108255
-0.000615756155515
0.00074212772091
0.000405691965362
-0.000588597606176
0.000335573349273
0.000215815060966
-0.000285443443668
0.000148013336129
-0.000614464920334
0.000451640583443
-8.87561381664e-05
0.000364493031667
-0.000707975589833
0.000173689188436
0.000474241687721
-9.2103458323e-05
0.000431932211516
0.000231253348338
-0.000451929523012
0.000220676174666
-0.000294384491428
-0.000387118937022
5.55014884347e-05
0.000431494190893
0.000403408866113
3.58771133031e-05
0.00045891035455
0.00010840601109
-3.6899460449e-05
-0.000405464035693
-0.000253728301006
0.000237970206577
-0.000227807652991
0.000625214867235
-2.82868731405e-05
-0.000413839687264
-0.000467026505682
-0.000569166926866
0.000594712156542
-0.000170938569931
0.000148225022129
0.000240424477683
0.000148968553657
0.000127337276947
0.000124617708147
-4.8705820099e-05
0.00050810761996
7.30376506521e-05
5.78509575279e-05
-0.000130888608192
0.000512717985616
-0.00073557852073
-0.000195641559752
-6.20267882501e-05
0.000257668348004
-0.000456215942483
-0.000331420399748
0.00028257852659
0.000298741458267
-0.000218122589628
0.0005013977139
0.00036876439566
-4.00856460295e-06
-0.000399987920868
0.000305776942803
-0.000276284470018
-0.000455761737591
0.000240554303175
0.000309734012064
8.36650307096e-05
0.0002766722201
-0.000360337250811
0.000254928513941
-0.000381722319637
0.000126793805696
4.01072717249e-05
-0.000762304567365
0.000215680105352
-3.43226666587e-05
0.000686890525972
2.21550667636e-05
-0.000276317789064
-0.000419637723687
0.000359976574442
4.23286468256e-05
-0.000612266148442
0.000186133820135
-0.000772348790236
0.000582327994305
-0.000366869242907
-0.000215458751393
6.21501443921e-05
-0.000372376465421
0.000422056585838
0.000234565718258
0.000274327137516
-3.0326968796e-05
0.000197845207328
-0.000318782793498
-0.000130704023518
0.00035770460504
-0.00078918717764
-0.000104781639137
0.000348408771103
0.000150359666873
-2.47355235998e-06
-0.000281984609223
-0.000118003311646
0.000402247174182
-0.000147318660243
-0.000272937084256
0.000206884547915
0.000222085433858
3.97887750594e-05
-0.000385196897971
0.000415801486644
0.000432390437105
-0.000265543533917
-0.000166846903191
0.000693836849463
3.95182154317e-05
0.000406707195406
0.000383760610384
-0.000400193112697
1.64325023101e-05
0.00016483370845
-0.000243784345021
-0.000789950930731
0.000255103641815
-0.000149982106326
0.00017766088489
-0.000412015449075
-0.000380571354967
0.000408141204963
0.000426853005434
-0.000721237496857
-0.000544717966856
0.000412622283582
0.000473387156961
5.86807506256e-05
0.000319266748697
-0.000775482691172
-0.000422119068001
0.000210421825964
0.000211697242028
0.000232864875782
-0.000379825734919
-9.9486084485e-05
0.000390868296572
-0.000561806866509
3.52380944419e-05
-0.000287019406879
0.000193468422828
-0.000132825471722
7.90846196321e-05
0.000711325239026
-0.00018925419222
0.000502690712153
0.00028979967237
-0.000792490384511
0.000293233631019
0.000492356463694
7.25606834144e-05
0.000207327484334
0.000498704258218
-0.000382118383573
-0.000570250519898
1.64240303065e-05
0.000553826489599
-7.23467319948e-05
-0.000523524080875
0.000595870812854
0.000795924343176
0.000241213565653
-9.546655227e-05
0.000460517153104
0.0004416751743
0.000455838291095
-0.000651212605585
-0.000385682644052
-0.000397806268832
-0.000604412938536
5.24220048038e-05
-0.00043299335977
-9.50437170022e-05
0.000560861799561
0.000299641787859
-0.000295871871233
0.000408621535476
-0.000386747899208
0.000493195694453
-0.000298187106419
-0.000426440975302
0.00062200916505
-0.000195568189742
-0.000588615378927
-0.00017067924509
0.000411103722772
0.000168224529676
0.000455360852101
2.87696630816e-05
-7.5964406944e-05
0.000345260499922
-8.35595508866e-05
0.000428820050803
0.000530658677465
-0.000592020356436
-6.36876899729e-05
-0.00018930765298
2.3796996381e-05
-0.000254077165945
0.000431738050831
0.000118005110074
-0.000504753009291
-6.80991124379e-05
9.44808299526e-05
-0.000354753661745
0.000260272831786
-0.000153849670288
-0.000237698989814
-0.000387059387507
0.000555283917187
0.000214446979689
0.000118164546054
-0.00033261152575
0.000340568193727
-0.000252930290969
-8.80788944272e-05
0.00029269253033
-1.07330913553e-05
-0.000217074561635
-0.00040935323776
0.000325793686868
0.000530627393651
-0.000923216642725
0.00069792502758
-0.000332587690362
0.000363561676887
-0.000517411347179
-0.000769168230744
0.000687614547691
8.15536830591e-05
0.000164284734066
-0.000435586334194
-0.000485683018799
-0.000367848900345
0.000410996630665
8.21990637804e-05
-0.000281225545636
0.000375706375583
0.000243136244883
0.000550179528052
0.000435583676644
-0.000406550413657
-0.000244662191923
-0.000240265863121
-0.000438613303622
0.000108137558717
-0.000389363104359
-0.000143127331853
-0.000364034933826
-0.000373285446079
0.000365743846347
7.54159962453e-06
1.35794165448e-05
4.08626662692e-05
0.000211183558756
-0.000341887582271
-1.07633884026e-06
0.000439269353497
-0.000438193014659
-0.00020879327813
0.000738641166409
0.000707625784367
-0.000350771812389
-7.0501550881e-05
0.000481498181539
0.000648792260338
-0.000116332012216
0.000483227080254
1.30427548033e-05
-0.000351242180323
0.000800186417013
6.28841320463e-05
0.000126141756625
-0.000565093990868
2.98997624592e-05
-0.000654348022399
0.000435558617567
0.00051778274042
0.000313598432328
3.21487255932e-05
-0.000102348696338
0.000316795676024
-0.000236589115694
7.59544047128e-05
0.000233044027131
-0.000308998431841
-0.000250110322741
-0.000141191332406
-0.000370473648247
-0.000191333218262
0.000293609107036
-0.000133603281508
0.000610835107391
-0.000108821372729
-0.0004179785389
0.00039001560222
-0.00034148811667
-0.000175923230511
-1.54929412567e-05
-0.000271526465624
0.00041286219416
-0.000124967956783
-0.000310394494838
0.000320721822534
0.000504268211093
-0.00038024427964
-0.000259146642277
-0.000285343367291
-3.98097104758e-05
-0.000574270825377
-0.000718177705233
0.000277169666861
-0.000444016570054
-9.3527337409e-05
0.000240764424042
-0.000537386742694
-0.00012499240024
0.00029324865893
-0.000168256258694
-0.000524499588798
9.46872340716e-05
-0.000106885365688
-0.000143268522736
0.000250153888419
-0.00046386663289
0.000255073354757
-0.000248901816636
0.00032485622135
-0.000151392657377
-0.000117572892442
0.00026896554981
5.80992165975e-05
0.000459683523814
0.000610216842259
-0.000627081408213
0.000764796190594
-0.000137714782374
0.000561615126948
-0.000223703746738
0.000116818381048
0.000187598008353
-0.000268260922976
-0.000426484193382
0.000449575963178
0.000643735647377
-0.000760175231105
0.000133093822896
-3.16549746501e-05
0.000168368436871
-0.000136713462222
0.00019089996259
-2.94017456434e-05
-0.000163823559541
0.000187620555912
0.000176180811669
-0.000212779051816
-0.000404280046916
-0.000245978712435
-9.94959493572e-06
0.000642910179891
-0.000645383732246
0.000532821334932
-0.000212099512399
-0.000479399735374
0.000186696966029
7.68092725162e-05
8.02070946111e-05
1.61985877932e-05
-1.54856273211e-05
-0.000345710268261
0.000296032058673
-0.000389319238681
0.000136357673965
-0.000592026452201
0.000389148092663
-0.000300836308547
0.000411318905056
-0.000342573989477
-6.87449155803e-05
0.000383032031918
-0.000337996816896
0.000688204907884
-0.0005897290059
-0.000611808230487
0.0005523037909
0.000424569147067
-0.000229590432827
-0.000246768803299
0.000244600462231
-0.000610697996721
0.000786878808395
0.000434470096372
0.000777807038505
-0.000314404427694
-0.000374931911987
0.00022732036621
-0.00013026413861
0.000204518636662
-0.000422366318864
0.000124550470164
0.000665347008208
-0.000616863296702
-1.07289854072e-05
-0.000260797480218
0.000108802788406
0.000244626566857
-0.000782013309545
0.000358585930922
-1.55312818617e-05
0.000288753569111
-0.000193119289349
-8.89509708147e-05
0.000461102890606
-8.87322433422e-05
-0.000538276177483
-0.000100908252286
-0.000166816838763
0.000148921542104
1.78952966537e-05
6.65742330296e-05
4.183177805e-05
0.000488515067562
-0.000535607524689
-7.89619538534e-05
-0.000392211374943
0.000265557504747
-4.51308735597e-05
-7.38670118519e-06
0.000167109041786
-0.000221404024627
0.000267030870538
-0.000211528897737
-0.000146592060703
0.000563649487098
4.87396881499e-06
-0.000305710277364
8.98209082715e-05
0.000271661533679
-0.000757344552473
0.000218393929294
0.000905464103056
-0.000616806393736
-0.000288657709372
0.000175119637887
6.74313510938e-05
0.000128443075545
-0.000195874426644
0.000212607983021
0.000167162763661
4.69528845398e-05
0.000116329656057
-0.000147984630708
0.000639462125697
0.000415062893412
-0.000681834726236
-0.000608636519949
0.000117603930198
0.000609794412907
-0.000254397192717
-0.000108044483141
0.00017547583423
-0.000339011367007
0.000235515128093
-0.000533773547289
-5.82109340117e-05
-3.09695425247e-05
0.000422675430433
7.56180023105e-05
-7.52301589982e-05
0.00010514126679
0.00031470273648
2.62083219718e-05
-0.000340911058455
-0.000133192681767
-0.000481272238567
-0.000142564774063
-0.000116074429332
-0.000115941824703
0.000343262190909
-5.01481749785e-05
-0.000155324825988
0.000390237269154
-0.000147394563077
-0.000332706448108
0.000319576705294
-0.000536766703357
0.000258345857288
-9.52606711948e-05
-0.000569405326521
2.60468831933e-05
4.72632033435e-05
-9.94582135158e-05
0.000162342345552
0.000546614284154
-0.000239998636581
-0.000352027815622
-2.01688650086e-05
0.000498739815807
-0.000295388283175
-0.000203351532631
0.000563735381301
-0.000289342356974
0.000451619561482
-0.000477241763159
0.000542704240936
0.000365614970765
-0.000566309478458
0.000592356361656
0.000431306232819
-0.000303518213517
0.000355016366569
-0.000328808044598
0.000309087989262
-1.5013584451e-06
-0.000307586630815
0.000292422409696
-0.000270267342931
0.00010982548728
0.00060285957002
-0.000297640294445
-0.000730763251649
0.000357859918115
-1.22497785693e-05
-0.000362583564578
0.000274723009017
2.49187788462e-05
-4.32737619321e-05
0.000106102862586
-6.3057249034e-05
-4.30456135551e-05
-0.000296058424068
-9.04847167541e-05
0.000351007801965
0.000362252325131
0.000158710925437
-8.5673274794e-05
0.000427941605479
0.000404227626956
-0.000832169232397
-0.00011115026079
-0.000314585907484
-3.01467438444e-05
-0.000275563533521
0.000257532610413
0.000377513864697
-7.17369218964e-05
0.000359459711082
-0.000311928207762
0.000393178122308
9.33287617174e-05
-0.000241852731899
1.22192396112e-05
9.38836229724e-05
0.00032116766834
-1.84201116022e-05
-0.000264813356203
0.000373616144611
-0.000504975908815
-0.000321071430082
0.000142520977111
0.000178550452967
0.000183974953702
-0.00016234208517
8.01536495689e-05
4.99955953479e-05
0.000545875217494
-0.000269519241077
0.000221734876747
-4.52818978833e-05
0.00050496542169
0.000141893839205
0.000323747820175
0.000269777412787
0.000436216283653
-0.000417683502947
0.000728636386726
-7.49202739341e-05
-2.89322857703e-05
-0.000667984763384
0.00031672294623
-0.000518198970248
2.53770389448e-05
-0.000602407253357
8.21753076128e-06
-0.000197203255026
-0.000411166906845
0.000498989691799
-8.78227849451e-05
-8.26168601856e-05
-0.000572242197618
0.00018388426928
-0.000651677794924
0.000274711567168
0.000365252386208
0.000325959188743
-0.000277941528761
-7.01777212853e-05
0.000328142422555
-1.90544332917e-05
-1.48228690532e-06
-0.000608627420757
0.000610109707678
-0.000221715364762
-0.00032373674472
0.00054545210948
-0.0003771554127
4.96857851965e-05
-0.000202707438952
-0.00029907400371
0.000309757404137
-0.00016174406801
-0.000875111394144
0.000315225681034
0.000559885713116
0.000212300349267
0.000164141010596
-0.000135160539767
0.000125210944821
0.00027616805557
-0.000112027044973
-6.73495444845e-05
0.000316116811696
-0.000248767267206
0.000710713179992
0.000175688296813
-0.00030851376853
-4.52181577693e-05
7.05951967043e-05
3.41156176608e-05
0.000512498666483
-0.000290921051251
0.000260594082456
-0.000128548895669
0.00014644419232
-0.000220043757162
0.000266851062454
-0.000866950308917
0.000561428932773
0.000223423938426
-0.00012468999471
-9.87339437143e-05
0.000248551206963
-0.000260348323566
-0.0001868616372
-0.000192693593781
0.000448076508585
-0.000255382914812
0.000145951792195
-0.000310674091289
0.000592411062627
-0.000136978044693
0.000539003765421
0.00051524549436
-0.000365656594929
-0.000120040383241
-5.55698225415e-05
0.000499600250457
-0.000444030427907
0.000462729405692
0.000140885437852
0.000166033367701
0.00019868828125
-0.000289972254122
0.000425609130193
-0.000701893600203
-0.000208340282687
0.00051807429475
0.00014441537977
0.000202952983143
-0.000307734622286
-8.4754852643e-05
-0.000222877277081
0.000371845830734
0.000466736729386
-0.000524003901909
5.72671725441e-05
-0.000518996570392
0.000171088219854
-0.000197184892668
0.000633758688494
0.000102111688158
0.000498846114699
-0.00060095780286
-0.000308119352683
0.000566465209943
-0.000513275406517
0.000205156053808
-9.78148730836e-05
0.00014223236976
0.000339201683173
-0.000481434052981
0.000766590219188
-0.000544099452348
0.00017625055201
-0.00025471814144
-0.000347697069326
0.000773395340065
0.000460079915336
-0.000146860957311
0.000111858629401
6.82373773746e-05
3.65810727749e-05
-0.0003583416957
0.000321760622881
-0.000166639780671
0.000418678690267
-0.000252038909602
0.000751591916116
5.45888784191e-05
-6.26376476146e-05
-8.53469830919e-05
-0.000299601190285
-0.000375966600488
-0.000340951712226
-0.000389811539413
2.02620672411e-05
0.000170115981845
-9.74135108633e-05
0.000454284513261
0.000468729530693
-3.25132470459e-05
0.000116638114787
0.000741078511664
-0.000374868324887
0.00057999083515
-0.000275609803989
2.00210866748e-05
-0.000102637946866
-0.000129649016506
-0.000370463614787
0.000500112631292
3.83997091773e-05
0.000502156820041
-5.0200893794e-05
0.000310794976252
5.37108150931e-05
-0.000541032423207
0.000807883485665
0.000562213989081
0.000424657244321
-0.000533629296396
0.000520971685296
0.000641797580711
0.000267386321554
0.000125694896649
-3.15629469418e-05
-9.41319497066e-05
0.000325651796981
0.000472001939327
-9.59611012647e-05
-0.000565715867292
0.000582139897606
-6.93174642878e-05
-0.000152997681032
-0.000188889901235
0.000408299810973
0.000279912495331
-0.00048685714495
0.000216774097826
0.000346875389271
-0.000444227622808
0.000333077362021
0.00040008165681
-0.000508903029542
-0.000411109787242
-0.000356022295695
0.000275698717367
-0.000266001378008
0.000138777570936
0.000563250098807
0.000293144625459
-0.000588667449644
-0.000541664040498
0.000490857910543
5.08061299489e-05
-0.000123023091311
-0.000389568704553
-0.000544308520972
-2.14073463159e-05
0.000295927928407
0.000562560011118
-0.000327044883017
0.000325140982012
-6.08354924289e-05
-0.000344235131806
0.000405070624238
-0.000348092244515
0.0004798758889
0.000172654115951
0.000131905557858
0.000485819946198
-0.000333262876822
-0.000152557069378
0.000563865576483
-0.000627553266456
-0.000345502597812
0.000326448164521
0.000513577390142
2.44758294287e-07
-0.000541908798798
0.000360779206865
-0.000110031545905
-0.000386769538959
0.000496801084862
-0.000660148091325
-0.000214973761123
0.000482360082663
0.000687467062433
-0.000708145597454
-0.000107951083521
0.000526297222183
-0.000336034187424
-0.000190263034759
0.000535866129714
-0.00024443484091
-0.000293504892693
0.000465060144949
-0.000432911419358
-0.000256225596038
-0.000482730640226
0.000478942796996
-2.46582837353e-05
0.000561519918251
-0.000531620155782
-0.000478293056712
0.000341315012018
0.000361839938005
-0.000405766066975
0.000127143416441
-0.000710778794547
0.000612196216773
-0.000366236145353
0.000134005649219
-0.000573632259086
4.38637201277e-05
4.68274826334e-05
0.000256479493964
-0.000509312951219
0.000356170929692
0.000705954440356
-0.000287786027141
0.000280636910797
0.0001752013803
0.000682336945025
-0.000316142900943
0.000357752376381
-3.3447019767e-05
-0.000324305356612
1.72598612944e-05
0.000234079165433
0.000213997343148
0.000184811417927
-0.000611174457898
-0.000399050945018
0.00053997796945
-0.000429372942395
0.000555544557076
3.97879808313e-05
8.10769442518e-05
-0.000166423927341
-0.000415750738984
0.000599635008257
0.00016835233157
-0.000330096399584
-0.000185626335757
0.000353978667324
-0.000201507168762
-0.00022626582689
0.0003516590504
-8.23876848026e-05
-0.000531686807198
0.00016122319241
0.000469603708977
-0.00070473031601
-0.000296275608121
6.44128050952e-06
0.000462288250179
-0.000423307040364
-0.000300949619362
0.000716251544466
-0.000674036476952
-4.22150675175e-05
-0.000331687943686
0.000778728502124
-0.000459749239617
-0.000318979262498
0.000435903157593
-0.000465304903243
-0.000596254200041
-4.47869893414e-05
-0.00034666240225
-0.00031348568907
5.62184525454e-05
4.89228142421e-05
-0.00056312786841
5.81519596014e-05
0.000422530750002
-0.000532441601551
-5.33502358436e-06
0.000537776625126
-0.000621761063288
0.000488568381525
7.4174984647e-05
-3.85416768736e-05
-0.000661134822724
0.000368992787922
0.000292142034812
-0.000490254123186
-0.000525441578302
-0.000613666404383
0.000745562902046
0.000577553304691
8.1204543426e-05
1.99429350679e-05
0.000485022486616
0.000209596554007
0.000565135837456
-0.000106483586738
5.03956552214e-05
-0.000752061499466
0.00027398704095
-0.00049403079813
-0.000277294053321
0.000290515403233
-0.000186219494977
-0.000105784692948
0.000777217694901
-8.97506324687e-05
0.000471129308706
-0.000130939232033
-0.000520738562897
0.000217266677809
0.000293001141543
0.000400841630806
-0.00067528412978
0.000274442498983
-0.00058115689373
0.000236218342584
0.000696892362483
-0.000615595971761
0.000516045650564
7.37192751118e-05
-3.12407841644e-06
-0.000154771575561
-0.000389327876778
-2.7475164853e-05
-0.000397676138261
-0.000135953158139
-0.000570125565006
0.000259362400268
0.000222997682389
0.000564244240359
-0.000681198079252
-0.000528615370296
0.000422706206436
-0.000112713112248
-0.000165113141176
-0.000501609753071
-0.000582850197845
-0.000465513700897
0.000305645773989
0.000529258677516
3.29553115631e-05
9.86527014144e-06
-0.00019518626846
-6.51620551039e-05
-0.000431966661272
-0.000443144732868
0.000178204977671
-0.000220626086843
0.000248586672316
0.000290417093113
5.33725166704e-05
0.000425570280326
0.000440001996992
0.000491463767124
0.000572334492497
-0.000456028328884
-0.000229400455887
-0.000519264148278
-0.00023928836558
0.000186044824615
0.000819558036654
-0.000743642312802
-0.00015482911502
-0.000835577713536
0.000787294779032
-0.000498789786752
0.000474131503015
-8.10594701214e-06
-0.000845319025662
0.000853424972668
-7.8211399903e-05
0.000286444772163
8.71713724493e-05
-0.000473197771959
0.000312154118469
-0.000104010024697
0.000754874380737
-0.000461672327643
0.000379284642842
0.000341033650582
-0.000274190819471
0.000709749437042
0.000204967193449
0.000257762212246
-0.000132436338875
0.000236300305081
0.000336746029476
-0.000759376206883
-0.000301051969393
-8.40040831452e-05
0.000473359743411
-0.000581255768938
-0.000729911729671
0.000442125702539
0.000678939194122
0.000218799729994
-0.000144276059189
0.000154385233646
-0.000755599968438
0.000239165794217
0.000646052986039
0.00031857223933
0.000309935796927
-0.000769685036537
0.000321077124709
-0.000495384286563
-0.000684218468956
0.000325995472796
0.000358222996169
0.000318029832439
-0.000335437844782
-0.00049631411537
-0.000301596279407
0.000174285739698
-0.000530948602817
-0.000421733654508
0.000275009749257
-0.00027778277577
-0.000461421114477
0.000296955506216
0.000164465608256
-0.000260308020685
0.000163971442262
4.37299221376e-05
-0.000378987522228
-0.000238108007831
3.36703328714e-06
0.00047205522035
0.000624626362028
-0.000887857223852
0.000476860043548
0.000601552691292
-0.000273823106126
-0.000123430158252
0.000442326574833
0.00060628352364
8.08379037831e-05
0.000272371186308
0.000406568007814
-0.000327324013377
-0.00018121137096
0.000490366669424
-0.000443103466073
0.000216503676621
0.00011174358159
-0.000328247258205
0.000819663927809
-0.000184978922157
-0.000676898472096
0.000492890117599
4.77906220525e-05
0.000198232114222
0.000447344502445
0.000125732086758
-0.000305806444283
3.48401429102e-06
0.000119881188406
0.000302649561598
-0.000194621911221
0.000161935375264
3.26865359577e-05
-0.00016332108195
0.000248346608457
-0.000462017215434
0.000508750472435
-0.000697127606255
0.000532625710802
-0.000211840198408
0.000438453427736
-0.000835621285115
0.000421787905356
-0.000144068904274
0.000706045460301
-0.000141801219933
0.000105687900403
0.000245971149984
-0.000349288656983
-0.000691721837163
0.000649506769644
0.000311327834712
-0.000540970565377
-8.07904979128e-05
-0.000238802018737
-0.000775248642487
0.000381375798201
-0.000234949530036
0.000570522879305
-0.00105509114906
0.00075051554354
0.000689869498058
-0.000572366650563
0.000605321962124
-2.1528751929e-05
-0.000416664262732
0.000451340739859
-0.000352542436051
0.000116683053357
-0.000389820934047
6.55155774355e-05
-0.000635213118262
0.000286467275797
-0.000779929809957
0.000283615694511
-0.000648739482517
-0.000406351666587
-0.000465910173117
0.000361158355476
0.000184293754006
-0.000515780133983
0.000145708215478
-0.00088780898911
0.000616148793779
0.000266095966279
-0.000593140849289
-0.000165914844458
-0.00041006867389
0.0003534298853
6.70954751343e-05
0.000415051508564
-0.000370525183432
-0.000724070505665
-0.00046362506529
-0.000387324476199
0.000349124659504
-0.000529301989511
0.000180177330001
-0.000179490710795
-0.000378000408678
0.000542724378358
-0.000313364046793
4.73626687701e-05
-0.00014423637875
0.000396540502562
-0.000352190742687
-0.000474354387847
0.00037871343731
-0.000453845398271
7.51319609603e-05
-0.000546089056479
-0.000537187480296
-0.000771616785704
0.000670169121372
-0.000311946125196
0.000185753440915
-4.37109720161e-05
0.000422424409326
-0.000408092398354
0.000335730848627
7.23615497147e-05
-0.00028381704179
0.000506814724173
-0.000218500877185
-0.000632242630439
0.000414998235604
0.000217244394838
0.000380697649651
4.3783301335e-05
0.000629851135966
0.000100269640261
-0.000573441846669
-0.000369117151979
0.000228385389834
0.000768839447337
-0.000563787480743
-8.90490395559e-05
0.000340778959158
9.76744685787e-05
-0.000300916599679
0.00050893832747
-0.000332687775454
-0.00041271511203
6.56470063652e-05
0.000406294536594
0.000311371962601
-0.000623318087789
0.000393800063654
0.000120611407733
-0.000281768886684
0.000732426210826
0.000727985693063
-0.000440152637102
-0.000130589789633
-0.000340908606473
-0.000376050481534
0.000178842361779
0.000268672086161
-0.000422946078446
-0.000341495759819
-0.000357964556184
0.000447066443477
7.73386453692e-05
-0.000524405088845
-0.000275810555209
-0.000198543832632
0.000657524354337
-0.000331176052974
-0.000384865864069
-5.58443402846e-05
-0.000375365380238
-1.27367823977e-05
-0.000658770013615
0.000311072944306
-0.000106259825821
-8.80308857181e-05
-0.000471540473931
-0.000350756229345
0.000587946648006
-0.000105765451845
0.000552831895327
0.000286534937278
0.000772674593719
-0.00035061800788
-0.000458507611174
-0.000468932024615
-0.00045316588882
-4.06709905342e-07
0.000556375323244
-0.000373249064554
-0.000149484662482
0.000119480887326
-2.9196676465e-05
0.000364927525085
-0.000559062940002
-0.000469989693989
0.000104953596828
-0.000502908925695
0.000397955328869
0.000129803497039
-0.000742760027717
-0.000493548605782
0.000160860830335
0.00046118460318
-0.00011986959116
0.000484238239672
-0.000511224461408
-8.46496746197e-06
-0.000311202496854
0.000205619093901
-0.00044507223652
-0.000136183532408
8.42390439592e-05
0.000256770595035
7.86876681908e-05
8.64267946726e-05
0.000648129711941
7.94435503385e-05
-0.000727573262277
-0.000279260322006
0.000682678862971
-0.000395600332652
6.98999312981e-05
-0.000554083046345
0.000167893212291
0.000297646780839
0.000340029432689
-0.000292666763933
-0.000225674622621
-0.000375878068671
0.000395504499113
8.54186555082e-05
-0.000302292344965
0.000749615956953
-0.000398983414151
-2.43158662457e-05
5.82948673683e-05
-0.000528732241658
0.000155483177107
-0.000140118720478
-0.00053169280085
0.00048209993888
-0.000317634330628
-0.000100080166121
-0.000493557561141
-0.000448310469588
-0.00029532544692
-0.000144682769094
0.000582891447895
0.000341183103152
-3.4491326393e-06
-0.000326073706948
-0.000587037690412
-0.000298031340293
-0.000433576314251
0.000361214764536
-0.000507285077906
0.000176590940227
-0.000671791057091
-0.000130776912787
-1.97606942855e-05
0.000601872829485
8.20747756637e-05
-0.00062304534104
-0.000351801900797
7.98617661374e-06
-0.000504962914749
0.000579262039705
2.26107897782e-05
0.000730808907149
-0.000188084528776
-8.18389525474e-05
-5.02735858309e-05
-7.66396790077e-06
-0.000101795917607
0.00055523650058
0.000332385360419
0.00016520794495
0.000120746599942
2.39361691512e-05
0.000747127845558
-0.000488131635814
0.000639032300192
0.000306975208468
0.00027248234165
-0.000392351932815
-0.000442294405147
-0.000119083081666
0.000731279298444
0.000518968708757
0.00027760948571
-0.000779136546338
0.000501527060644
-0.000669466699564
0.000760336372344
-0.000630532875287
-0.000597942441362
-5.57649165585e-05
0.000162393930992
-0.000630299991843
0.000767858741994
-0.000533962810856
-1.41511980654e-05
-0.00065048934678
-3.59456205503e-05
-0.000492075550818
-0.000589478078511
0.000751872009519
-0.000673092936307
-5.44803259742e-05
-0.000233414862726
0.000752383571502
-0.000402953561203
0.000568161506156
0.000535424584622
0.000236078738983
0.000279727106182
-0.000243711961702
0.000462274904343
-0.000781254166827
0.000769250112812
0.000416707676769
0.000749093037191
-0.000712275731668
-0.000371092628512
0.000401277748162
0.000273014458616
0.00064659929013
0.00059797499222
-0.000205325854743
0.000210607800012
-0.000718856694183
0.000508248894185
0.000133354256135
-0.000761345370206
0.000505620874342
0.00030226261133
7.33153043981e-05
0.000450943081672
-0.000524258386057
-3.63820985587e-05
0.00061658202399
-0.00058019992542
6.38899371576e-05
0.000445174794457
-0.000509064731694
-0.00041466720849
0.000625275008508
-0.000506088710165
7.31772908103e-05
0.000411401476093
0.000432638490198
-0.000734234769599
-0.000446950139875
0.000758277974602
0.000167454684347
-0.000183409492106
1.59548077198e-05
0.000166622786661
3.68137397525e-05
-0.000135303772301
5.11778954332e-06
-0.000285731878415
0.000280614088824
-9.64687984833e-05
0.000317100683203
-0.000220631884721
0.000164250511549
0.000679914512579
-0.000307286926026
-0.000505683474737
0.000629398016737
0.000170788400268
0.00014246922384
0.000634748471055
-0.000772320359805
0.000691529861888
0.000710041130811
-0.000800822536797
0.000841635311913
-0.000617420891428
0.000361451082854
0.000674457210422
-0.000185888828898
-0.00047174977147
0.000253945838146
-0.000723368269963
-0.000657716441423
0.000125465615502
0.00057481199668
-0.000342626236802
0.000591843854997
0.000457065691483
0.000807300727748
-0.000429249252174
-0.000877889333358
-0.000801314230101
0.000484964087517
-0.000708279954355
0.000976039763941
-0.000746487014398
0.000654970560383
-0.00018383950368
0.000313520565593
-0.000266309211961
0.000154707670917
-0.000462425990252
-0.000580362399893
-0.000415470860779
0.000394345082457
-0.000483239467961
0.00059559492679
-0.000384302981382
-0.000481451622584
0.000301274292583
-0.000468328409942
-0.000235301629347
-0.000559775055856
-0.000656726599906
0.000451629077196
-0.000607207410293
0.000630846872702
-7.70203830984e-05
0.00063809811168
-0.000713565609913
-0.000284272606152
0.000645124809627
-0.000332970691126
6.85495014819e-05
0.000335299259908
-0.000466516848545
0.000462111483103
-1.365254062e-05
-0.000711964769529
0.000631126865746
0.000120465050365
0.000220906089626
-0.000526652492887
-0.000420877841668
0.000687149763253
-0.000502170841096
-0.000161114249159
-2.69497034685e-05
-0.000146590929919
0.000325453321536
0.000347351701738
-0.00070237085992
0.000705677580802
2.68640393568e-05
-0.00030728616719
0.000355022185709
0.000665067880439
0.000425517319879
-0.00039574662076
0.000649692458898
0.00043183915536
0.00037955223808
0.000763955865473
0.000534200351874
0.000459363371317
0.000858931717421
-0.000463507627292
0.000735641462694
0.000269564000997
-0.000397193493698
0.000227388594479
-0.000235705354103
0.000693693021395
-0.0004192505224
-0.000395741543575
0.000330417379264
-0.000198587801623
0.000640000380107
0.000591618263618
-0.000539000519054
0.000352866698919
0.000366093119028
0.000311582101282
-0.000175865770931
-0.000260730429969
7.28381247199e-05
-0.000105332584412
1.94009742463e-05
0.000272355545858
-0.000252801148747
-1.71941301478e-05
9.83661236877e-05
-3.24904888848e-05
4.22257130327e-05
0.000463185096659
0.000519384286687
0.000580837036299
-0.000487024571002
0.000263420444807
-0.000374868977697
0.000111448532864
-0.000509304348306
0.000372507176654
0.000136797171624
0.000503152605326
-0.000459422683181
0.000572795144104
-0.000356980083154
0.000795107400495
-0.000413596567029
0.000739935789522
-0.000823435792018
-0.000344248538677
0.000681212866123
-0.000631977495013
-0.00024591183835
0.000456528915356
-0.000508211206019
-0.000432966448812
-0.000388971308548
0.000778925650527
-5.33093939632e-05
-0.000475801556186
1.52325268183e-05
-0.000501093432892
-0.000273393192096
0.000478549245889
5.21708484695e-05
0.000148285461709
0.000489812650014
0.000283018086269
-0.000590305012269
-0.000706948460896
-5.96446310974e-05
0.000573802781603
0.000599809468953
0.000635577124225
-2.96669533911e-05
-0.000605910170817
3.7631877969e-05
0.000474074220817
-0.000295394012368
-0.000178680208473
0.000234785855256
-0.000450223127407
-0.000106200690105
-0.000344022437339
0.000496160458375
-0.000261374603148
0.000569728900949
-0.000532097022965
0.000309222705663
0.000167792292581
0.000522896604939
-0.000201619745267
0.000600440452461
-0.000429652052199
-9.97008286251e-05
-0.000486187711084
-2.31166372518e-05
-9.39273447632e-05
-0.000222767266279
3.10536751458e-05
0.000518451304925
0.000276656095564
-0.000438409792634
-0.000430547523621
0.000423427723227
-0.000386579329061
0.000596401787663
9.51280742197e-05
-0.000422990368715
0.000590782661296
0.000462625146116
-0.000664244891372
0.000410512958762
0.000695113655204
-0.00075438627218
-0.000122927817504
-0.000127629492729
-6.53241643404e-05
-0.000138675935052
-0.000283661654494
0.000613579379144
0.000681814849413
0.000445876221833
0.000272123286496
-0.000291761126058
-0.000200603622278
-9.30780592696e-05
-0.000266330904188
0.00021176809879
-0.000294606939681
-1.43082703652e-05
0.000206024486114
0.0002408320905
-0.000115340933978
-0.000331913294731
-0.000231434618859
0.000185560803258
0.000112942697573
9.21272192614e-05
0.000583650147021
-0.000347700550854
-8.12640144913e-05
0.000117342894547
-0.000342638617634
-0.000414754128414
-0.00038021785923
-0.000134215627564
0.000312895836037
-0.000213567287929
0.000319767978034
9.78537702577e-05
-0.000508056400556
0.000177695223184
0.000416314024538
-0.000490670356082
-0.000577780378162
0.00055118511429
-0.000283496494106
0.000170157416751
-0.000879854375676
-0.000746707574057
-0.000630683358372
-0.000271484472985
0.000905501109746
0.000812250652517
-0.00116164143822
0.0010106804684
0.000862651793772
0.000565744035836
0.000584019214747
0.000213417799755
-0.000689341662978
-0.000699241321011
0.000844021986838
-0.000794278519464
)
;

boundaryField
{
    bottomWall
    {
        type            calculated;
        value           uniform 0;
    }
    leftWall
    {
        type            calculated;
        value           uniform 0;
    }
    rightWall
    {
        type            calculated;
        value           uniform 0;
    }
    movingTop
    {
        type            calculated;
        value           uniform 0;
    }
    front
    {
        type            empty;
    }
    back
    {
        type            empty;
    }
}


// ************************************************************************* //
