/*--------------------------------*- C++ -*----------------------------------*\
  =========                 |
  \\      /  F ield         | OpenFOAM: The Open Source CFD Toolbox
   \\    /   O peration     | Website:  https://openfoam.org
    \\  /    A nd           | Version:  14
     \\/     M anipulation  |
\*---------------------------------------------------------------------------*/
FoamFile
{
    format      ascii;
    class       volScalarField;
    location    "2";
    object      p;
}
// * * * * * * * * * * * * * * * * * * * * * * * * * * * * * * * * * * * * * //

dimensions      [0 2 -2 0 0 0 0];

internalField   nonuniform List<scalar> 
2646
(
-1.31619950406e-10
-8.86346412447e-06
-1.52285760818e-06
2.44987808189e-05
-3.11920592933e-05
0.00150839122387
0.000357619537701
0.000640387993273
0.00048077625989
0.000918243610046
0.000208343996635
0.0012268776428
0.000892030009712
0.0010302290896
0.000637284761204
0.00162864061705
0.0012615932416
0.000263796894101
0.0014094684546
0.000135307033756
0.00134331100003
7.53684127917e-05
0.00123017398055
0.00110240795138
0.00149082617471
0.000260234891152
0.00111224917481
0.000588553553199
0.000737278160806
0.00039578574586
0.000500785910031
5.74971010681e-05
4.43924558223e-05
0.00193600153098
0.00178688992672
9.57006100895e-05
0.000357153768374
0.000696508177231
0.00113304030196
0.00155706130478
0.00181618742366
0.00164351682476
0.00202655635617
0.0021422310916
0.00195593935236
0.00185362819475
0.00201187965508
-0.00248919988624
-0.000422480137982
-0.000806777746385
-0.000587175243423
-0.00172986831046
-0.00152246029209
-0.00216914136227
-0.000255162349998
-0.000301112774969
-0.00224425847192
-0.00120435825174
-0.00120838035231
-0.00141692905475
-0.000808311131211
-0.00321786297931
-0.00178712995179
-0.0003069086949
-0.0022408134448
-0.000160131066133
-0.00185917971831
-9.06383767364e-05
-0.00294794432938
-0.000706185154742
-0.000920113407338
-0.00351866628784
-0.000490573699103
-0.000619173202028
-0.00411104669733
-0.00158745454917
-7.37232336044e-05
-5.20223551265e-05
-0.00544115705074
-0.00559461038741
-0.000116602097471
-0.000445429171894
-0.000916977634897
-0.00181683714166
-0.00280185985353
-0.00312852557332
0.00469906018845
0.00263205158252
0.00329945932773
0.00280256838257
0.00356802712747
0.00237195013909
0.00395115113193
0.00392417384073
0.00441313870828
0.0032339245711
0.0100611652646
0.00458568816097
0.00242226576951
0.00694745137759
0.00222103116267
0.00575421456046
0.00215260499815
0.00641253275149
0.00419916594284
0.00179270886523
0.0024033883577
0.00505459448212
0.00308514620362
0.00338566167391
0.00272472604772
0.00304744101565
0.00212035482777
0.00208552612153
-0.0117948513271
0.0021572235662
0.00262864597383
0.00340928425774
0.00521721542444
0.00850998149057
0.00197263351642
0.00351624685988
0.00560944660231
-0.00996185701038
-0.0235150590728
-0.00856995894924
-0.00782511524304
0.0157649873491
-0.00366776327654
0.00110470475667
-0.0128068257192
-0.0104860459919
-0.00906709189116
-0.0048266121019
0.00402746602326
-0.00628733627579
-0.00559817674975
-0.00564582993733
-0.00466732913818
-0.00212832923796
-0.00551533786592
-0.00166386182373
-0.00775808098884
-0.0045517147351
-0.00123642187872
-0.00658033871822
-0.00426533592493
-0.0140262113071
-0.00331503499835
-0.0155153572106
-0.000341580963372
-0.005537524691
-0.00402948693115
-0.00950755296816
-0.0069275822148
-0.0104137194827
0.00130667686573
-0.00942362680273
-0.0170221073483
-0.00493896767485
0.0103817825201
-0.00476996233181
-0.00515506066845
-0.00874239075234
-0.00242372627024
-0.00745095978029
-0.017362610321
0.105215370563
-0.0333718576072
-0.029818396147
0.0445777042025
0.00669961731472
0.00091794971627
0.000974286429185
0.000194034019194
0.000223395156982
0.00130027156826
0.00136959210171
5.88479431601e-05
7.66598473974e-05
0.000429259094077
0.000398773276835
0.000566801806443
0.000527462069842
0.0017005549905
0.00171583350595
0.0018684164605
0.00183572405753
-0.0012369400231
-0.00145056343639
-0.000239846948065
-0.000282386531503
-0.0021385149786
-0.00228031957482
-7.04068637886e-05
-9.70579995629e-05
-0.000529614187575
-0.000485127806556
-0.000735221390318
-0.000657585644306
-0.00310243374135
-0.00395353238363
-0.00520479743251
-0.00490292359448
0.0013176685062
0.000122176944571
9.10454448533e-06
-0.00418036057348
-0.00399334815125
0.00200064667226
0.0020190197739
-0.00297482886279
-0.00408900418588
-0.00350622395754
-0.00365274950305
0.00127151634866
1.74194271215e-05
-0.00421240493202
-0.00382820322656
0.00302088895834
0.00291370372842
0.00239000817682
0.00238218099732
0.00250976124309
0.00245398479587
0.0021599438088
0.00215963132877
0.000148468741281
0.00168113092181
-0.0046993473771
-0.00607776619858
-0.00348066672415
-0.00385101216348
0.00111027206783
-0.0118005593876
-0.00383557929445
-0.00310106101971
0.000212247052548
0.000113332480042
-0.00319784425745
6.98811005217e-05
-0.00384681816403
-0.00327690529338
0.00209676783241
0.00209395461047
0.00269178244358
0.00266693591326
0.00228057184127
0.00230101300268
0.00301507526257
0.00309571775818
0.0050696317887
0.00364387631408
0.00326512480378
0.00279985243235
0.00282845948476
0.00262657031924
0.00255445706511
0.00366857973434
0.00225933655155
0.0022193076774
0.0020641528621
0.00390627206435
0.0039828138918
0.00524213602667
0.00579794412679
0.00641027310399
0.00320608852465
0.00460127351665
0.00356379702312
0.0036828526882
0.0052363782611
-0.00852612594721
0.00203978824496
0.00173470958967
0.000670544966995
-0.00274796753592
-0.00334267810495
-0.00372846951134
-0.0142820204029
0.00103957982141
-0.00336378079339
0.00131264769631
-0.00355349069688
0.0011372814913
-0.00395786650217
-0.010127708217
0.00165546397307
-0.0041189813823
0.00118893540133
-0.00407512176928
-0.00397298806504
0.000828491786611
-0.00823971326604
0.000404613607598
0.000172967617476
-0.00417655468566
0.000651917226413
-0.00392119517996
-0.00368018473166
0.00123301203487
-0.00472066589032
0.00198802843307
-0.0038775482084
4.68561984798e-05
0.00671145213138
0.00392197185259
-0.0177515916895
-1.53149500894e-05
-0.00392967816883
0.000417249271581
-0.0036574748319
0.00118838593947
-0.00406625979392
0.000850139180278
-0.00390587535358
0.000314294816178
-0.00548838249478
0.00154277744477
-0.00371945165545
0.00028347446025
0.00157929079304
0.000559455102744
0.000776265524701
-0.00601417299213
6.46535119611e-05
3.08104478724e-05
-0.00419053237035
-0.00379509234018
-0.00230454003347
-0.00306952682646
-0.00353186285672
-0.00687708694729
-0.00250591044034
-0.00816984601976
-0.0025456746803
-0.00378242311682
-0.00357821680126
-0.00378954925555
-0.00152041705163
-0.000983304892225
-0.000813812082826
-0.000609110609023
-0.00370002856436
-0.00147834710292
-0.00036739102126
-0.00217397438789
-0.00133331020608
0.000404329923918
-0.0032997391727
-0.0014229376118
-0.00371641214578
0.00224818748266
-8.65907645926e-05
-0.00310935997335
0.00103106875458
-0.00155605519567
-0.000103905343181
0.000237718710307
-0.000840868626955
-0.00134857121301
-0.00103237099672
-0.00142492481487
0.00101212876622
-0.000541527298622
-0.00106538880298
-0.000878136119002
-0.00347603762137
-0.00137401364012
0.00227002580502
-0.000466465349679
-0.000724730764102
-0.000493050907912
-0.00135715650383
-0.000409176638389
-0.000540296727092
-0.00156900938301
0.00195879718336
-0.00417711416226
-0.00170693200523
0.000828762133879
0.00207110064524
0.00207947653712
0.000178055062844
-0.00145176397566
-0.00351655838167
-0.00356680008499
-0.000242981097689
-0.00329726028612
-0.000395763798792
0.0010790452722
0.00191770871052
-0.000319471787843
-0.00341510014256
-0.00313728020439
-0.0035037093889
-0.00166821661128
-0.0013345185835
-0.000433573651175
-0.000603940490988
-0.000455397879498
-0.00128877571027
0.00110467460617
-0.0012579712814
0.00133900511657
-0.000469053411146
-0.000258043303689
-0.0005702504436
0.00192939367689
-5.41565424507e-05
0.000793586267701
-5.4349896434e-05
-0.000103436910473
0.00193679379378
-0.000301430866921
0.000939429356058
-0.00176221798036
6.24475794645e-05
0.000106288595558
-0.00312219149889
-0.000929149662212
0.00194179238059
-8.71212575659e-05
-0.000956449214071
0.00122461779113
-0.00050596348158
-0.00082538932974
0.00103209606354
0.00030847156891
-0.000413002551899
0.000833872593237
0.00279005433302
-0.000809210287289
0.00088157258345
-0.00116738564438
-0.00360996573896
0.00365701629387
-0.0010716311369
-0.0012968779829
-0.000652420451642
-0.000636196035932
-0.00373783561662
0.00145530145918
0.000683253804781
-0.000140872931681
0.00211483373796
-0.00467996691297
-0.000707164783193
-0.00106180662004
-0.000567968913762
-0.000771815490269
-0.000728546221767
0.00198247843615
-0.00424486509719
0.00200081534864
-0.00100302952345
0.00213104374857
0.00188745958942
-0.000883524450892
-0.00107338167148
-0.000844346875807
-0.00303667944393
-0.00180286287526
-0.000699297789441
0.000860763730421
0.0020867473627
0.000550765906871
-0.00366434877316
-0.00131331117204
0.00176169871793
-0.00014360624791
0.00141858592772
-0.0022849392196
0.000985883480926
-0.00412924948345
-0.00132033574635
-0.000305480604354
-0.00167681041681
-0.0015666991651
-0.000291176838157
0.000857241643672
-0.00401510409996
0.00370355299014
0.000263704815199
-0.000414696563667
-0.00102462384714
-0.00299122642734
-0.00304336683413
-0.00172636186936
-0.000412714956661
-0.00193396070307
-0.00047780826018
-0.000486330238899
-0.00472760344809
0.000687243751754
-0.00335329362684
0.00340446829296
-0.00377362131247
-0.00154397498916
0.0034206763561
-0.000433809715123
0.000804123330379
0.000765931996978
0.00140766999122
-0.000391939515058
-0.00218296845381
0.000764011937216
-0.00115949195634
-0.00033059318677
0.00135589985055
-0.00160203134201
0.00186095881633
-0.00322081326565
-0.00204349062359
-0.00264538172314
-0.0010526104851
-0.000316808294816
0.00213878872395
-0.00121691689733
-0.00298224614998
0.00131509980139
-0.00193521498447
0.000425611137955
-0.000704135717094
0.00128155395323
0.000230154453267
0.00180101030335
0.00117708725722
-0.00396171915055
0.00532913549352
-0.000149548788063
-0.00202826991396
0.00185643491254
-0.00382604571152
-0.0014280919214
0.00228331638576
0.00047598783748
-0.00171375102632
0.00200567933974
0.000307831656408
-0.000881256683399
-0.00525226813455
-0.013675497166
0.000178469943982
-0.00155414703646
0.000398442570985
0.00034863920192
0.000242851475799
-0.00219622137109
0.00142152262821
0.000824820219317
-0.00214156390659
-0.00021446834149
-0.000406596240807
0.00540134176062
0.00173333065022
0.00394598952269
-0.016992539065
-0.000713598522638
0.000492592788617
-0.00284208002251
0.00176761109223
0.000328721998854
-0.00312808888053
0.00183576059338
-0.00208988491687
0.000281059587485
-0.000512547099799
-0.00174884847266
0.00455569784416
-0.00281223683595
0.000338276394799
0.00390929544144
0.000728266228354
0.000939517391499
-0.00129895882004
-0.00372982618262
0.00167921605517
-0.00112133610613
0.00212172305626
0.00211620175028
-0.00141597696781
0.000542689399683
0.000747004462202
0.00460611925834
-0.00198724095195
-8.4743423972e-05
0.00196814286771
-0.0028704296558
-0.00323735960253
0.00506578370381
-0.00163458654562
0.000274828941275
-0.00210166436471
0.00210596938383
-0.00363612781889
0.00162245454574
-0.00270304467755
-0.00285523566672
0.00109094181432
-0.00144360811067
0.00150202511978
-0.000270329898571
-0.00252537476154
4.51611221078e-05
-0.000192580791235
-0.00419415327229
0.0008654541034
9.24502059117e-05
-0.00517506676423
0.0039500930298
-0.00335490159553
-0.00372246210646
-0.00326049701527
-0.00156121621454
0.00201725931396
-0.00490844578055
-0.000245831513436
0.00225120982982
0.00136565145655
-0.00652016185311
-0.00747134169552
-0.00188320739928
-0.00636749248837
0.00420634487053
1.79954282558e-05
0.000160529057305
-8.16217061466e-06
-0.00276273259107
0.0015952076474
-0.00107923418638
0.00134438985445
-0.00212239782823
-0.00107056395647
0.00252900106888
0.000686909871554
0.00044753328476
4.2320737457e-05
0.00201962157848
0.001923647888
-0.00292604623984
0.00260509134004
0.00251634061727
0.00213498047324
0.00199395283435
0.00243868243349
-0.000138329642787
-0.00512873666844
0.00833127077095
6.93334196758e-05
-0.00314094144251
0.0010680592805
0.00965879527196
-0.00193137000064
0.00499832810955
-0.000451591336418
-0.000449007161594
0.00195746763954
0.00203696362979
-0.000196558481745
-0.0029232814278
0.0018194065981
-5.91570819245e-06
0.00185215194565
-0.00849056541457
0.00192919057446
-0.00119973164941
0.000637131953426
-0.0131119526383
0.00213239990188
0.00157397675794
-0.00241672868793
-0.00202234696718
0.00451741243619
0.00205000955269
-0.00155978755892
-0.00190021776928
0.000852021942873
-0.00235465095025
2.28348866667e-05
0.00247039186254
6.9363732961e-05
0.00120537071041
0.000665703647073
-0.000382917905287
0.0044445879171
0.00444941114965
0.00380350137912
0.000102948573959
0.00189538237122
-0.00185276411226
0.00192251674449
0.00235572629398
0.00343451034632
0.00221581013006
-0.000546335159359
-0.00158654450576
0.000450107383395
-0.000326210137743
0.00191082915212
0.00185930035586
-0.00356123981269
0.0022977392935
0.00431587409071
-0.00564930091038
-0.0042878271199
-0.00143863628394
0.00247614460589
0.00191375346626
0.00187178686492
0.00179768439634
0.000734377243249
0.00228501202241
0.00207380533021
0.00022805873106
-0.00361380050705
-0.00267100851397
0.000240643072663
0.00226130495411
-0.00179993257685
-0.00357476765307
0.00186546535791
0.000584423915067
0.00201339960982
-0.00249706469047
-0.00401734146072
0.0019394992686
-0.00331534629955
0.000280579720976
0.00139727263611
0.00175896216304
-0.00179533341277
-0.00282388866449
-0.000291924390683
0.00257408715867
-0.00213443227789
-0.000208504864509
0.000992184798846
0.00206356447538
0.000460017931232
0.00246227662579
0.00163997318086
0.00109732228544
-0.00166773144262
0.000182210889575
-0.000486524503062
-0.00182154141251
-0.00330059740697
0.0020041643398
0.00189840471134
-0.00132711234258
-0.00222783620009
-2.59646907062e-05
-0.000113335441987
0.00192337002706
0.00196908831268
-0.00013909793314
0.00147843465585
9.25565190257e-05
-0.00193158671749
-0.00332873118871
-0.00159981540401
0.000218085620338
0.000948172615949
-0.00164821927652
-1.59094553355e-05
0.000466804219935
0.00231284913968
-0.0030901210091
-2.56696799171e-05
0.000879361576335
0.00116173580363
-0.000841052491183
0.000100373536852
-0.00187575734332
-0.0030088171238
0.00289890206325
0.00217798420307
-0.00309475064635
0.00185279453518
-0.00173952560753
-0.00455478375393
0.00019012862385
-0.000780544202168
0.00103155165774
0.0002349515451
-0.00225846110283
-0.00261260998608
-0.0015678547309
-0.000234919590317
-0.00204365838628
0.000136803106185
-0.00153753451635
-0.00177104320863
0.000534923747101
-0.000869669400908
-0.00176573072056
0.00342316946521
0.00270015120444
0.00300536291577
-0.00209276230711
0.0019703587507
-0.00227176659351
0.00229339522607
-0.00169285774115
0.00313328399358
-0.00277323067801
0.00243440232807
-0.000724902193437
-0.00148637101192
0.00107174139053
-0.00159922187004
0.00174786121107
-0.000229910803369
0.000462091167731
-0.00130262116301
0.000596434476122
-0.00344131990651
0.00302110923753
0.00010540210087
0.00177491105875
-9.67287040499e-05
-0.0021179822643
-0.00111809129992
-0.000200745692627
-0.000182755435164
-0.00168513132803
-0.000190273376829
-0.000760928191048
-0.0022918562953
0.00196086777232
-0.00332059823968
0.000970985407063
-0.00284229474147
-0.00215765609404
-0.00171095768092
0.00178267982863
0.0030146727045
-0.00137358054134
-0.00207262466769
-0.0016335568479
0.00328386451668
-0.000193233762791
-0.000221285058837
0.00304121225467
0.00280011814351
4.90030644501e-05
-6.94851324292e-05
-0.00339998451576
0.00170315707074
0.00123018163638
0.0041493141228
-0.00318914951064
-0.000124558654903
-0.00196724320038
-0.00098230182868
-0.00130368250273
0.00150062463398
-0.00227118357247
-0.000212475267667
-0.000678004023855
0.00112554851082
-0.00270990616185
-0.000203697646075
-0.000960762722525
-0.00145627208363
0.00120963560284
-0.000752153233091
0.00273025535651
0.00196660109158
0.00203896145623
-0.0034351318897
0.000919601113529
-0.00145379760768
0.00219450603863
0.000422549921153
0.00219536551887
-0.00372954050996
-0.00149467973384
0.00281346311837
0.00291778744814
-0.0020589471024
0.000263399256635
-0.000304925866477
-0.0142105305976
0.00256284628533
-0.0015514651789
-0.000788357925333
0.00131957192782
-0.0019873403862
0.000113089741256
0.00388017077713
-0.00218679763369
0.00252668432109
0.00200905152243
0.000902522679967
-0.00352255477057
-0.000346144633135
-0.000310418826545
-0.00104281796145
-0.00187815316353
0.00322687797517
3.23932382657e-05
0.00186684069122
-0.00629810052399
-0.000976047988463
0.00295470276583
0.00207590846248
0.00243311651899
-0.000187646757685
0.00332744308103
0.00201382533293
-0.000768875996513
0.00209733615577
6.32219091025e-05
0.00184133895183
-0.00134752499876
-4.47519398271e-05
-0.00349194722484
0.00205811547718
-0.00189033514518
-0.00105626951539
-0.00313016704636
-0.00338305360618
-0.000640105994099
0.000743386725146
0.00227975390892
-0.00376392931231
0.00192427984876
-0.00286504007932
-0.00296897276599
-0.0022881133649
-0.00353773455551
0.000895964550296
0.00305565626817
-0.000771779111638
-0.000246282278419
-0.00268202417767
-8.6564096186e-05
-0.000896193903923
0.00346960172068
-0.00249628172956
0.00244129766486
0.000941742977351
-0.00187360045318
0.00292090355958
0.00146079625199
7.46010204387e-05
-0.00182415941165
0.00108694635553
-0.000871965861777
0.002417407628
0.000144906230341
-0.00351156099795
-0.00285288404524
-0.000738697477859
-0.00110607714433
-0.00138265794478
0.00116045061762
0.00220224363856
-0.0023610404697
0.00226172381337
-0.000553506975455
0.00101342104535
0.000114800520502
-0.000745542618867
-0.00115174428666
-0.000294637564598
0.00292371793333
0.000404022903855
0.000991413594084
-0.0023795484145
-0.000657314267141
0.000215652095105
-0.000144384275813
-0.00195488766065
0.000782602568329
-4.79299104647e-06
-0.000787717413132
0.000819937950212
0.000507439564004
-2.98296509852e-05
-0.000522449500398
0.000320818575999
-0.000575554895846
-0.00328834517641
-0.000272242160608
-0.000222356991407
-0.000813106565193
-0.00157026059664
0.000691959653408
-0.00315977521883
0.00141282078903
-0.000661954569156
0.000932836244792
0.00103027805055
-1.23596441819e-05
0.000740170355305
0.000525532158324
-0.000881056996193
0.00454533925136
-0.000479347602898
0.000781277790984
-8.77320877237e-05
-0.000569803631905
0.00264542385702
-0.000264055669719
-0.00134969945061
-0.00132090324468
-0.000972506231064
4.21510043134e-07
9.10015568701e-05
-0.0012776447823
0.00265420590438
-0.0096570154327
0.00305537273454
-0.000976105343292
0.00196628924871
-0.000704814140976
0.000859416233008
0.000654387747706
0.00459892891518
0.00209816360216
0.00202263376442
0.00228029401852
0.000715156328277
0.00058076793683
-0.00105034542226
-0.0022795963418
0.00161475947069
0.00192832237611
0.00169392210853
-0.00202074869609
0.000166636806873
0.00180223188532
-0.000698670639782
-0.00103266895101
-0.00115307043582
-0.001835484516
-0.00259222920264
0.000282507657978
0.000193709823773
-0.00282129610755
0.000643523087913
-0.00015402216855
0.000266583552049
0.000552524108709
-0.00327366743228
0.000726864535863
-0.00144202422868
-0.000794862347655
0.000774209221
0.00113939928738
0.000281073839792
0.000828628257421
0.000375354873105
0.000836002236316
0.00129017734187
0.000101405917767
0.00111362222362
0.000112635227927
0.000129675355049
0.000520602408898
-0.000586181119249
0.00187900495352
-0.00121677213105
0.000616520127003
-0.001592001673
-0.000386006936644
9.94124319498e-05
0.00288082758134
-0.00294721390327
-0.000989371050831
0.000478510445265
0.00248380779961
8.43742793326e-05
0.000548784405439
0.00261895279382
-0.0012843435391
0.000424321697647
-0.000198314256438
-0.00136724440381
-0.000678266112322
-0.000915228645491
0.0023407948636
-0.000810984249538
0.00236745378269
1.70729326725e-05
-0.000320777436126
0.000583977389838
-0.00164573796523
0.000487787912614
0.000114278350432
0.000608293622664
-0.000963712231238
-0.00259482033493
-0.000248802996543
-0.00234431147684
-0.000257931749673
0.000438906476811
-0.000312818628303
0.00221649186208
-0.000414321346137
0.0026885783536
0.000527824417314
-0.000662102723048
0.000103833242141
6.17526338853e-05
-0.00203873920282
-0.00231420220635
0.000742406236605
-0.000944190765276
-0.00105580759797
0.000166993737941
-0.000777152411051
0.000965688891994
-0.00239527921373
0.000652438420783
0.00228582085897
-7.7143674412e-05
-0.000582253505957
0.000156788323962
-0.00174615368514
0.0055496770738
0.00233389322899
0.000582388156276
-0.00243261589291
-0.00101254336129
-0.00223773618723
0.00112577788303
0.00144205290859
-0.000877801371185
-0.00154568164747
0.000186765165371
-0.0024368564196
0.00220905311196
0.000921142787069
0.000388751729812
0.00112441479704
0.000460712062366
0.000499632250539
0.000819639238948
0.000916600003282
0.000491066272639
0.00037139668398
0.000239843761157
-0.00205855048149
-0.00452567120678
-0.00245081487541
-0.00068304142946
0.00060119603969
-0.000309698341476
-0.000804899085593
-0.000336954134989
-0.000735344301022
-0.00487102684835
-0.0050746182172
-0.000490387602823
-0.00356019224487
0.00237490377957
-0.00286259719704
-0.00207888683769
-0.00119902307776
0.000615160936398
-8.78488453786e-05
-0.000731045628315
0.000380166627095
0.000793298716673
-3.10123260946e-05
-0.000223664934132
-0.000591387322924
0.000576291502643
0.00105139175736
0.00181542215075
-0.000680004926738
-0.00271968497223
-0.000127437945905
0.0025201213899
0.000380206964982
0.00105271276621
0.000540435270969
0.00260328327643
0.00278285050796
0.000389566960286
0.000497130843565
8.34590713598e-05
-3.92531478356e-05
0.00540285077169
0.000894676871689
0.00129567338992
-0.00123259221177
0.000600572185476
2.63835384547e-05
-0.0031318954638
-0.00137731546076
-0.000272981106165
-0.000233876816839
-0.0043522063096
0.000231620414446
0.000277943597965
0.00018169553703
-0.000392640832874
-0.000382421852969
0.00203450589208
-0.000737597643292
0.00114664160305
0.000362917347268
-0.00218719959399
0.000327935615581
0.000608032669371
-0.000696275679709
-0.0017875985442
-0.00297023933961
0.00129100326437
-0.000305976017402
2.21282318797e-05
0.000971803792551
0.000501628545402
0.000141239179867
0.000348210930266
-3.55665413821e-05
0.00101258103474
-0.000244135001177
-0.000236709840554
4.29409525727e-05
-7.75259170125e-05
0.000386931573966
0.000568798102183
0.000515300478836
0.000833282681115
0.00213646909731
0.000132244857346
3.1205678725e-06
0.000371786764411
-1.66407470365e-05
0.000319140285957
0.00131717540015
0.000221086593644
0.000962187478022
0.000638307557962
-0.000644086890717
-0.000134804312295
0.000206271363548
-0.000266239692026
-0.000145654964621
0.00117579831218
5.04033845775e-06
-0.00160214729905
0.00157618870578
0.000348870257068
0.000567565727219
7.32360440136e-05
-0.000696319949519
0.000314833182633
-0.000107954468739
0.000691048718172
-0.000101598589267
0.000161517772557
-0.00171737301231
0.000271778973513
2.38878053409e-05
0.00175443464085
-0.000136739979588
0.000241848536357
0.00172709062438
0.00032953256061
0.000763656553436
-6.03243026778e-05
-6.71655359875e-05
-9.37431427685e-05
-0.000371875339713
-0.000354428757093
-0.000188977209799
0.000437973661114
-0.000177743296778
-0.000711901192558
0.00172817815214
-0.000188792958947
-0.000250207160952
-0.00079740209294
-0.000124555543089
8.2571235017e-05
-0.000600672645834
0.000248681099842
-0.00359658722189
0.00137388204143
0.00017593268549
-0.000313394727711
-0.000226205735383
-0.000124976956875
-0.000133143583154
0.000146646245446
0.00279279091801
-0.0140737206738
-0.00305018771701
-0.00103803768276
-0.000182950298218
-0.000864037404963
-0.000834739334433
-0.000349454880738
0.00186431025674
-0.000163350362491
-0.000371227344934
0.000227323794372
2.63516452785e-05
0.000436852654755
-0.00114541131954
-0.000932060793442
0.00173184863928
0.000135809878275
-0.000829472539749
0.000149712101505
-6.7951218459e-05
-1.74481935198e-05
0.00120546605865
1.14550607967e-05
0.00164477205014
-0.00356006572769
-0.000734970621158
-0.000836417888857
4.80821078159e-05
-0.00329994764033
0.000631566622037
-0.000240423160481
-0.00107434244643
-0.000454828940277
-0.000723465881871
0.000565908033587
-0.000581165237511
0.000332408561247
0.000482394092052
-0.000703683909728
0.000193876464586
-4.40912445619e-05
-0.000425893626963
-0.000324910099028
0.00096740772624
0.00176886828657
-0.00106020654289
0.000545850243903
0.00109333886372
-0.000735327697873
4.0851102528e-05
-0.000821392010573
-0.000195970315622
-0.00364423144338
0.000217895863785
-0.000607357905455
0.000278555435448
0.000176846611402
0.00223289793845
-0.000175424200403
0.000122043351264
0.00241663603256
-0.000849347245724
-0.000683672866634
-0.00015578353842
-0.000209297464611
-0.000833299577391
-0.000151990559667
-0.000575263748086
-0.000594707684855
0.000684188214055
-5.30408756778e-05
-0.0172227869732
-0.000153127124667
0.00164712043936
0.00155213284448
-0.000253447480891
-0.00315289197543
0.00234711384183
-0.000961585842429
-0.00165366530626
0.000757242592179
-0.00182678020774
0.0019675785626
-7.65232335298e-05
-0.000694281270058
0.00319003545445
0.000172076759982
0.00121467100606
-0.000947758206816
0.00221823774931
-0.00166309143446
-0.000500519503964
-0.000529902520615
0.00147375858817
0.00215491793834
-0.000707268920547
-0.000593406934825
0.000784294779992
1.25896857415e-05
-0.00132029125532
-0.000862027637188
-0.000594024289405
0.00027137362358
-1.89701133963e-05
0.00221809467019
-3.64949303304e-05
-0.000404513323877
-0.000696388118119
0.00198744788488
-0.00256043514289
0.000206825047991
-6.51218625713e-05
-0.00324384579362
-7.05782521422e-05
0.000842473879971
-0.000117460606699
-0.000332852152483
-0.00189609934475
-0.000284712810054
-0.000181955481545
0.00142103890784
-0.00106468933354
-0.000964374177844
0.0021316737872
4.88673092568e-05
4.40971189973e-05
-0.000878388054675
-0.000176708288932
-0.000373321824483
-0.000225150272267
0.00263474824805
-9.63666875472e-05
-0.00310581723638
-1.39437886e-05
0.00064270267617
0.000109718590795
0.00039785464513
-0.000396449721414
-0.00127564215101
-0.000800481873238
4.56248612492e-05
-0.000587430552337
0.000318884134507
-0.000823290822777
0.000282624222231
-0.000488944918442
-9.97242188364e-05
0.000903272417637
0.000100270376451
-0.000390560533843
-0.00133559171183
-0.000185413885255
-0.000439797828842
-0.00256941541141
0.000325179435737
-0.000613415268848
-0.00194400276023
-0.0020721973581
0.000262169204034
0.000107579716241
0.000123003230412
8.55105182337e-05
0.00040937018009
5.53607834641e-05
0.00107589777963
0.00151597349755
-4.91057567878e-07
0.00276143894597
6.59962320081e-05
-8.71621193604e-05
0.000114337656252
-0.000140319839557
-0.000500051245537
-0.00114811573923
0.000781468583257
-0.000501081663392
0.000682560698079
0.000120915938843
0.000202242785865
-0.0004979265769
0.000396126609881
-0.000166187764765
-0.000338804816584
0.00163844944613
-5.33432954144e-05
-0.0014831492058
-0.00733191084155
0.00127104629659
-0.00101438910604
-0.00212546876342
0.000504873799683
-0.000622169577093
-0.00341822507051
0.000204327801422
-0.000402365878284
-0.000940492217466
0.00289534791819
0.00249052236863
0.000644839658532
0.000355605058999
6.75411029048e-05
0.00141785771337
0.00110760639629
-0.000163216814848
0.00204370236655
0.000339796410142
-0.000917225429517
-0.000112613908272
-0.00508258105908
0.00282548374153
-0.00113570883423
1.2246434195e-05
-4.44172659327e-07
0.000128466834365
0.000353074472634
0.0017490089206
0.000727675075
-0.00288578924275
-0.0025294768415
-3.46931995203e-05
-0.000165323679772
0.00222201344476
0.00084252127262
-0.000827054794926
0.00145052997777
0.000199962658796
0.000610098201352
0.000400084309615
0.00140220328775
0.000731042879196
0.000344043907275
-0.00124736566165
0.00048862376873
-0.0012839542936
-0.0020804120709
0.000492655374218
-0.000104206881241
0.000392160599727
0.00377776812052
-0.000103557535479
-4.96287731206e-05
0.000279277257868
-0.00405743353295
-0.000912164272318
-0.00234127575246
-0.000629736718304
-0.00106165773381
-0.00239218055569
0.000358997844727
-0.00203613473347
-0.00215553908757
9.61414237033e-06
-0.000853985861
0.00380920909693
-0.000332734042464
0.000240606837898
-0.00189329066056
0.000450667032118
0.00128981382543
0.00127871088922
0.000260381352319
0.00186445730872
-0.00234783688649
-0.00270756802047
0.00141877594663
0.00183649697466
0.00126193573549
0.000391803156036
0.00122252870983
0.000335957571832
0.000649053648964
0.000479650516744
-0.00305073298261
0.00122896877742
0.000463229235275
-0.00155017887447
0.000793939170375
-0.000466786863616
0.000571740141499
0.00238844673822
-0.00175931562213
0.000411993116931
0.0026373996998
-0.000645988933629
-4.98441669014e-05
0.00025152356866
0.00175815427458
0.000275303419922
0.00156943611359
-0.00301777599914
7.52453777031e-06
7.84766562969e-05
-0.00134388427228
0.000910430966136
-0.000336498157
0.000328594499028
-0.00104697781881
0.0015796044039
-0.00108421042767
0.00178857541645
-0.0024284451871
-0.00049608888635
-0.00098523514312
-0.0015028631151
0.0018145786734
-0.00231996869964
0.000217220288439
-0.00326381067674
0.00329278352356
-6.44250209312e-05
-0.0034102347017
-0.00180501705328
0.000730133233805
-0.00308638395073
0.000504680214309
0.000323014638659
0.00432343050045
-0.00250498956751
0.000599961860435
0.00121227462719
0.00133794903533
0.00362598983166
-0.00221669413644
-0.00168018406564
-0.000800329259436
0.00130936893583
-0.00205950819151
0.00280812680304
0.0010579963097
0.00105332816874
0.00099912872585
0.000843404500606
-0.000590507950555
-0.000596020448589
0.000892296739481
0.00170078944592
-0.00334840984659
0.00164101037234
-5.89165570451e-05
-0.00107709942365
0.00114829148664
0.000159436768245
-0.00118203754776
0.000556718724822
0.000638638820857
-0.00534569765523
0.000667220452013
-0.00134548553618
0.00129614802609
-0.00201772041778
0.00044101534903
0.00144690897854
-0.00134883704677
-0.00181143067139
-0.00126293158154
-0.000395004919591
0.00040837432337
-4.13179991591e-05
-0.00202489227981
-0.00197715815371
-0.00318503860187
0.00349427830581
0.00073588786332
0.00133051185077
-0.00153190080992
-0.0023984645542
0.000291519038846
-0.00161926962749
-0.000266475010151
-0.00222814018271
0.00161920697159
0.000810374159274
0.00194292507545
6.00648894393e-06
0.000720944300747
-0.00216326088513
-0.00076835275354
-0.00151349340045
-0.00163853233406
0.000324813061118
0.000453098880765
0.000967448721699
-0.0033487253802
-0.00466909129122
-3.06274733555e-05
-0.00113822711886
0.000516960224977
-0.00294570697346
0.00242668219693
-0.00116638539395
0.00141275335884
0.000286352607064
0.000807796834518
2.04204671555e-05
1.9091519785e-05
0.00257992690359
8.36976268606e-05
-0.000285673982895
0.000614189258051
0.000529614300702
0.00064602904106
0.00185906163278
-0.00431583486419
0.00207642308894
0.00183710964289
-0.00147908736407
0.00147720790744
0.000499942104531
-5.58448278286e-05
-0.00263767576959
0.00136740557598
-0.00250463754409
0.000682281211818
0.00144260888497
0.000672713068262
-0.000270099613634
0.00150287423257
-0.00110434706662
0.00126919190446
-0.000361049601152
-0.00117071867894
0.00178868236339
0.000490738949572
0.00176494866737
8.41160732068e-05
0.00159274580853
0.00119713408456
0.000733230695789
0.000654575424807
0.000328934629187
0.000544054855842
-0.00233111302093
0.00167486264477
0.00352690313334
0.00399214890584
0.00149840594879
0.00261405452835
0.00219993739951
-0.00178006464428
0.000616649058974
0.00157354361612
-0.00062536010031
-0.00328839271141
0.000166958203448
0.00157799518125
0.0014055596934
0.00100785370664
0.00207079190581
0.00119673544935
4.09390179629e-05
0.0026290496934
-0.00262052588401
0.00284611635521
-0.000151881180193
0.00122100175926
-0.00325855048804
-0.00226088254179
-0.00274419839911
0.00342043427089
0.00168878305903
-0.0027516410541
-0.0019287427274
-0.00278798313834
0.00116633691856
0.00203887534445
0.000878378543989
0.00201133339377
0.00134047803015
-0.00138233051648
0.00164904834657
-0.000449972107765
0.00179740539392
0.00186594259238
-0.00322851833092
0.00129653639577
-0.00182287205701
-0.000808454791856
0.00214408832645
4.24981164515e-05
-0.00114080275091
-0.00262934932737
0.00165095535749
0.00160940753751
-0.000527365929691
0.00174423988366
0.000457807108373
-0.00183091783972
0.00158586755519
-0.00109020256042
0.00188391986988
0.000885064797064
0.000583291832331
-0.000805220891079
0.000820015842947
0.00147965240565
0.00153346478706
0.00354170702734
-4.90083285327e-06
0.00130104026292
-0.000558807937364
0.00239462657972
0.000978040871975
-0.00172171713192
0.00189285511293
0.00117975875791
-0.00279673436337
-0.00282724643482
0.000446843326373
0.00156090910775
0.000922366526585
0.00183710043518
-0.00228331866828
0.00192258529225
-0.00237642024166
0.00142277662198
-0.000555008302144
0.00222109428457
0.00198261678698
-0.00248488342809
0.00153696120182
0.000710853258764
0.000237894697436
-0.00327610844696
-0.00251200060869
0.00129998523035
0.00330080168166
0.00054484863405
-0.000328295606552
0.0051412947489
0.00114292242055
0.00168298913031
0.00132468429669
0.00202734846123
-0.000952323375049
0.0013376578062
0.00193109862431
-0.00221252205042
-0.000303477261291
-0.00113161781597
-0.000494961029149
0.00169697300073
-0.000101722670915
-0.00226333113019
-0.00250315470537
0.000296996582965
0.000699231487657
0.000338728371231
-0.00246930916353
0.000640205390141
-0.0026762664707
0.00170610870515
-0.00122147314501
0.00137493043126
0.000474946837538
-0.000325899793664
0.00118959656045
-0.00302463439322
0.00104548946456
0.00291809182681
-0.00298490102867
-0.00255847615984
0.00122880199571
0.00199156132957
0.0010288806592
-0.00110498777698
0.00178383754231
0.0028899926213
0.000471480430832
-0.00264405256421
-0.000223255647368
-0.00120249657377
0.000958346617088
-0.0017500017471
-0.000373248819024
0.000523460008468
0.000754374542032
0.00164476479088
0.000590916634246
0.00161480811209
0.0018305332543
0.00505405590806
0.000768180172104
0.00139763642255
0.000892207621248
0.000619109037907
0.00143513097123
-0.00460119328112
-0.000256413852865
0.00217695066797
0.000153295109874
2.89921770748e-05
0.000521407476384
0.000156635043894
-0.00201673628666
0.00251011212677
-0.00123642898805
0.00416313794792
0.00104814187559
-0.00249186859808
-0.00131764708549
0.00282669928731
-0.00177560715002
0.000134031390886
0.00190024524398
0.00146938043223
0.00361526006887
-0.00280275522505
0.000707056183534
7.35147723408e-05
0.000367002848541
0.00312701289623
-0.00310819218078
0.00109919495402
0.00169735664061
-0.00118828181716
0.00123805586526
0.00114226372039
-0.0018189114781
0.00134088581033
0.00189780463279
-0.00207939242907
0.00139759153439
0.000215213586818
0.00255653235362
-0.00123189024948
-0.00215447897303
-0.00258595977757
0.00104347237934
-0.0030166295827
-0.00164406282431
0.00183880937095
0.000709521394311
-0.000891991176489
-0.00381794854434
-0.00488303173279
0.0031783650007
0.00148821761339
0.00167614017511
2.41770486097e-06
-0.000552923570826
0.00162515300835
-0.00117507863988
-0.0027148252808
0.000683553599203
0.0017824580482
0.00130042917093
0.00142392914529
0.00122390155493
-0.00380745839094
-0.00173748867078
0.00123244708185
-0.00210721177445
-0.0032796576393
0.000907332371016
-0.00276036703995
0.00147525959208
0.00245177112641
0.00279501812222
-0.00242611337743
-0.00284303352574
0.00154332088303
0.000661471527477
-0.000483463703389
0.000346418906476
0.00169937189536
0.00174515272055
-0.00291869995965
0.00187898615988
-0.0025783469365
-0.000411214004973
-0.00175697796459
0.000966199975556
-0.00241155712728
0.00162742734903
-0.00439134986488
0.00268292030547
-0.000893882037114
-0.00257130098967
-0.00140468213115
0.00114543563907
-0.000493452426453
-0.00219420268479
0.00146295074122
-0.00139290451089
-0.00231664730976
0.00351033125113
0.000802931366536
-0.000640755725521
0.00143931522969
0.00161955540313
-0.000368727025269
0.00182641868376
0.00122272111939
-0.000275301645722
0.00242091043187
0.00269839013077
-0.00235779365811
-0.000470941787999
0.00217644782758
-0.00115452694937
-0.00239902955434
0.0017872611237
-0.00259579731731
0.00339144910787
0.00113457914986
0.00113331055606
0.00155528376743
-0.0023598978308
-5.4861491245e-05
0.00106596607353
-0.00171284190785
-0.00507149115818
-0.00200933906007
0.00270437949656
-0.000387614232441
0.000284570015787
0.000709720312497
-0.000826542885931
-0.00266638388083
-0.000221740577744
-0.00265672882885
0.00175953916383
0.00226090443239
0.0010561554235
-0.00182957772751
-0.00014117751898
0.000380943199552
-0.00231458289143
-0.00046978698833
0.00157211264778
-0.00200640614301
0.00168366373638
-0.0030347351061
-0.00271455727428
-0.00176532905741
-0.00104953865652
-0.00309975022816
0.00098959649236
0.00114044879223
0.00173268262751
0.000402896207642
0.00148229733675
0.000220000807216
-0.00303256828489
0.00438277268024
0.00253605242363
0.000205639900216
-0.00238995208396
0.00164913548941
0.00151786622769
-0.00130985630943
-0.000582520115296
-0.00272942674695
-0.00151028437765
0.00160869227292
0.000790573902652
-0.000258588116769
-0.00524255639398
0.00262311058318
-0.00340471481775
-0.0024096622751
-0.00259182340415
-0.00357159816034
-0.00127689126318
0.000862526148728
-0.000419899602318
-0.00395437897818
0.00252924117973
0.00176633504523
-0.000979891180196
-0.00353078455343
-0.00052043756863
-0.0032490988001
-0.0032370704401
0.0040565869578
0.00393738231075
-0.00297495545149
-0.00195064051201
0.00155911523267
-0.000678017181146
0.00171964447504
0.00028432475638
-0.00142753401689
-0.00101963681909
0.00243992347529
0.000175190540038
0.00215854436125
0.00170001717086
0.00188417606762
-0.00291756092299
-0.000198463364384
0.0009822573837
0.000261763003963
0.00153258133342
-0.00110119077752
0.00287170404157
-0.004076396419
-0.00239255123791
-0.000927376417608
0.00153936707395
0.000207075001834
5.02843420357e-05
-0.00267078908477
0.00089395156865
0.00360931723125
-0.000570145732035
0.00325462817528
-0.0020605171917
-0.00016238785209
0.00172958761263
0.00354097627444
0.00228511950315
-0.00153443667133
0.00087957712953
-0.00140318301282
-0.00258676219905
0.00154652232896
-0.00226989846391
0.000954553954052
0.00179798696513
-0.00304922711895
0.000137268086101
0.00166067799739
0.00097150966432
-0.000133768120478
-0.00273258220672
-0.000707547895575
-0.000419904558616
0.00126507076375
-8.51328306017e-05
-0.00314870902028
0.00220683323254
-0.000479526974083
0.00138954030618
0.00159034705341
0.002082931441
0.00157123490165
-0.000354239901972
0.00106101151238
0.00185880269262
0.00100293381255
-0.000258253026133
-0.000255218671209
-0.000134206335466
-0.000897096074799
-0.00245928246179
-0.000609082444072
-0.00255094019407
0.00114434491912
0.00141518453677
-8.77287089301e-05
-0.00030671583345
0.00448099176414
0.00221945466862
0.00167164373249
-0.000401292988043
-0.000186836755588
0.000860666848217
-0.00279045044482
-0.000237648486745
0.00123288445923
-0.00106952579675
-0.00111578068814
-0.000385093113684
0.000939692626145
-0.00197961112991
0.00236448101787
0.00129882781138
0.00163757922457
-0.00033710387846
-0.00199278307518
0.00244448976368
-0.00322320076236
-4.85414945751e-05
0.00133308517177
-0.00139076308215
0.000134609159167
-9.63495014882e-05
0.00201178387581
0.00111776166189
0.00276196958973
0.00105347904879
-0.000361191288439
0.00103428241455
-0.000563089137633
-0.000120144515054
-0.00164793851718
-0.000187291595822
-0.00293409855469
0.00291178216932
-0.000731966906738
-0.00195563896871
0.00228081337009
-0.000485819243364
-0.00249788601325
-0.00192629592029
-0.000262291498224
0.000167324801138
0.00105354337073
-0.00163400241386
-0.0011790150935
-0.000871666572772
0.00120596563713
0.00235312270931
0.00232655766519
0.00102194339668
-0.000303315130066
-0.000590321257544
-0.00181315359986
-0.000610229381722
0.00064322296132
-0.000669038568293
-0.000499207354634
-0.00100371984711
-0.000482310086695
0.000839056526496
-0.000397743077614
0.000502815390839
0.00142754290028
0.00213040408509
-0.00202435174105
0.00267823391874
-0.00341679875363
-0.00105878235621
0.00162716464258
0.00114062836718
-8.80691651052e-05
0.0013818903172
-0.0013307814858
-0.00119472289942
-0.00152975284901
0.00110925926363
0.000939501203135
-0.000694290242462
-4.58535814986e-05
0.00302765653058
-0.00128150048381
-0.000138070997308
0.0013270874284
-0.00153792924418
-0.00125532974237
0.00166835680465
0.00146264443802
0.00123359716835
0.00120196012508
-0.00125811558346
0.00129693601997
0.0014979748866
0.00155354975445
-0.00194200679317
-0.0021936491617
0.00157329528316
4.4308190679e-05
-0.000228135798576
0.0003561197264
-0.00046407682457
0.00151534295567
0.000507234066564
-0.000665362641422
0.000576091441569
-0.000865531403996
0.00159596931964
-0.000833864961296
-0.00314363216499
-0.00215242038158
0.000989266461155
0.000750211108397
0.00147466841793
-0.00250615128509
-0.00255476859222
-0.000972524363425
-0.00113507470538
-0.00287431958604
-1.25952492512e-05
-0.00128156753685
-0.00169025583525
0.00079243257338
-0.00213905013575
-0.00250295157451
-0.00115652456599
-0.00163306390463
-0.00176671105605
-0.00200912619682
-0.00135603268598
-0.00165799485818
-4.680293024e-05
-0.00202465268869
-0.00143156443733
-0.00229634923812
-0.00129549028573
-0.00139645781687
-0.00186078334496
-0.00138285822205
-0.0023011313028
-0.00187155618784
-0.00190697728892
-0.0014932962687
-0.0014898053044
-0.0021176496653
-0.00221499130519
-0.00226426567581
-0.0027460851799
-0.001590307
-0.00265418387372
-0.00206889653769
-0.002222245678
-0.00239839617731
-0.0023533595691
-0.00273265689948
-0.00260584779409
-0.0029628939279
-0.00284187089022
-0.00349707390257
-0.00306883583821
-0.00321285985714
-0.00239379476277
-0.00369940425836
-0.00372385246253
-0.00247726830142
0.000963146518278
0.00174493934488
-0.00413848371269
0.000501584887498
0.00336998375603
0.00376305061594
0.00507096457353
0.000974255757394
-0.00214235403545
-0.00232744391889
-0.00471825505446
0.000394340879954
-0.0176392575485
-0.0143248168012
-3.78133737733e-05
-0.00504000257528
0.00203270138858
-2.83698180961e-05
-0.00275007923703
-0.00353044986235
0.00195362483467
0.00152901278991
0.00145002975325
-0.00474685508317
0.00121539843721
0.000472672974093
-0.00382527114921
0.0013904673312
0.00130367194594
0.00188901227295
-0.00435763191306
0.00318993882668
0.00259404262126
0.00269946589258
0.00279683179877
0.00249227097506
0.00294338896947
0.00289363908036
0.00264846804908
0.00327291293272
0.00393986363946
0.00215992218544
0.00228322010123
0.00424447157351
0.0020508394386
0.00236748707281
0.00223249245735
0.00215690046931
0.00209326271548
0.00566034575636
0.00339643954863
0.00345372505637
0.00435932563002
0.00670604911581
0.0078661454731
0.00463315487513
0.00429806059009
0.00306561127134
0.000208370130571
-0.00319283029709
-0.00562690528218
-0.00362442420226
-0.00321577230261
-0.00297870078837
-0.0026930797757
-0.00562259662894
0.000339052215682
-0.00456704424504
-0.00598231784764
0.00174419504546
0.00183600982815
-0.00152687701446
0.000183521984668
0.000144944836438
-0.00218737923986
-0.00446796963982
-0.00377432320395
0.00334599743198
0.00396880321809
0.00560768730241
-0.00346927423957
-0.00508064209696
0.00115687521497
0.000606197796482
-0.00379258462202
0.000418618184562
-0.0135140246765
0.00205498463649
-0.00435215951342
-5.58327063007e-05
0.00167041684469
-0.00294795407636
0.00184747972482
0.00052533582659
0.00106747013344
-0.00348692216335
-0.00575333967241
0.00188349368233
-0.00305919750167
-0.00377245775238
0.000756136274385
-0.011298975606
-0.014420816483
-0.00380953101795
-7.6414913649e-06
0.000909911461143
-0.010564198104
-0.00768363038299
6.78986031753e-05
-0.00421065656185
0.000272742605694
0.0015488623043
-0.00476809657459
0.0012800572933
0.00051144816636
0.000579247904768
0.000677199857789
-0.000931200498023
-0.00476291600686
0.00199850281715
0.00199517338876
-0.00747459110507
-0.0183653338757
-0.0168199581181
-1.22085828683e-05
-3.30856298722e-06
0.00188191823734
0.00153321921247
0.00102754384212
0.00321284058511
-0.00559728473514
0.00310369381129
0.0042141946423
0.00567913880464
-0.00413315143683
0.00129689155028
-0.00257287338615
0.0015344812997
0.00230590111126
0.00236063879623
0.00264076876307
0.00271271823435
0.00312092514067
0.00301716727007
0.00302796676885
0.00244612715391
0.00303723719156
0.00313767043811
0.00232444920161
0.00239664081543
0.00210026106825
0.00214616882731
0.00226474416808
0.00207085790981
0.00210277482189
0.00392630255917
0.00343036147471
0.00421396918509
0.00608470388672
0.00381778308344
0.00454158414194
0.000641041511997
-0.00264736321952
-0.00408950044003
-0.00310176991735
-0.00310333667058
0.00161407160964
-0.0031652303295
0.000693459944011
-0.00295197665754
0.0020113076262
-0.00286623253067
0.00387981817585
0.00353935362078
0.00358901151206
0.00359715600883
0.00521414787749
0.004876944439
-0.00721812817647
-0.00660524544438
-0.00410601526522
-0.00804398954536
0.00175975149279
-0.00393284824738
0.0044538261206
0.000168862120325
0.000431677581909
-0.00234848466883
-0.00370225802063
0.000353222155191
-0.0039749197044
0.00193925883337
0.00326059142907
0.00221585778334
0.00393873372109
0.000529260833856
0.00487692888486
-0.00468442090969
0.00147637809196
-0.00399067111795
0.00109726384565
0.00160261265588
-0.0040249014088
-0.00326092800148
8.41053896819e-05
0.000234850536392
0.00146234505073
0.000965093213967
-0.00368660293869
0.000371298625425
-0.00387637868504
0.00026326723648
0.000754842816476
4.56957497229e-05
0.00137306226656
-0.00375764031735
0.000307787300887
0.00191305787344
0.00314849552307
0.00461042708055
-0.00607620251424
0.00243184274661
0.00898811663494
-0.00370999363822
0.000712139573774
-0.00928685481648
1.78857537116e-05
-0.00390751989458
-0.00305351352802
0.000825787227115
-0.0100293640607
-0.00288968654775
-0.00239146866034
0.000107041776765
0.00144768511365
0.000481600426088
-0.00348510993248
-0.00411991615946
0.000357902108341
-0.0182613672637
-3.37239845077e-05
-0.00488783696111
0.00202639235947
-0.00267873429222
0.000438652164693
0.000898575584369
0.000663807718155
-0.0030600019033
-0.00426859908635
0.00137634746935
0.00195383522352
-0.00533848343798
-0.0176877161782
1.18522669008e-05
0.00181083292169
-0.00228934892751
-0.00176231326537
-0.00229345305802
0.00344050058825
0.00411392909994
0.00925615409238
0.00250649533748
-0.0116323590409
0.00465613872785
-0.00251235692651
-0.00231727842866
0.000456854791824
-0.00934148242344
-0.0116704139558
-0.00855404623497
-0.00925711875857
-0.00616613299259
0.00423142421145
0.00679863824983
0.0037254876004
0.00407371294558
0.00347350440126
0.00454512053555
-0.00397873482414
0.000366760890563
0.00181751222284
-0.0035060798991
-0.00323697555834
0.00195097953198
0.00140832852059
0.00146799736624
0.000936097250133
-0.0171407803558
-6.65771121114e-06
-0.00417675369064
0.00198138469565
-0.00275703064157
-0.00322547646276
-0.00341290017325
-0.00369582823468
-0.00435775109794
0.000410885002908
-0.00290874072525
0.00198383394445
0.00197284486949
0.00179045717128
0.000902456126921
0.00404587450198
0.00442617679311
0.00231231116563
0.00238249971422
0.00563435214519
0.00652898538747
0.00208892954371
0.00213237721483
0.00273180009949
0.00267273171439
0.00305788381382
0.00291232528129
0.00907514527916
0.012082208211
-0.00261334722344
0.000322084702573
-0.00384454608115
-0.00326889155515
-0.00404923760785
-0.00469073624276
-0.00643387043175
-0.0045816952849
-0.0026384611189
-0.00364395205123
-0.00472588719367
-0.00511745841104
-0.00893061272231
-0.00906170332261
-0.0108205663404
-0.0139457915683
-0.0272456780387
-0.0154113773983
)
;

boundaryField
{
    bottomWall
    {
        type            zeroGradient;
    }
    leftWall
    {
        type            zeroGradient;
    }
    rightWall
    {
        type            zeroGradient;
    }
    movingTop
    {
        type            zeroGradient;
    }
    front
    {
        type            empty;
    }
    back
    {
        type            empty;
    }
}


// ************************************************************************* //
