/*--------------------------------*- C++ -*----------------------------------*\
  =========                 |
  \\      /  F ield         | OpenFOAM: The Open Source CFD Toolbox
   \\    /   O peration     | Website:  https://openfoam.org
    \\  /    A nd           | Version:  14
     \\/     M anipulation  |
\*---------------------------------------------------------------------------*/
FoamFile
{
    format      ascii;
    class       surfaceScalarField;
    location    "2";
    object      phi;
}
// * * * * * * * * * * * * * * * * * * * * * * * * * * * * * * * * * * * * * //

dimensions      [0 3 -1 0 0 0 0];

internalField   nonuniform List<scalar> 
4035
(
2.41401837722e-06
3.98904188427e-06
-6.40306021661e-06
2.2869661784e-06
-2.21973012642e-05
2.23243534646e-05
6.27600806295e-06
-2.86003614809e-05
2.86003615279e-05
3.47882037642e-05
-2.78314715612e-07
-3.45098890483e-05
1.77120877594e-05
8.33682058042e-06
-2.60489083399e-05
-2.74325752314e-05
-4.6454764713e-06
3.2078051703e-05
-1.87394912647e-05
1.46086231379e-05
1.72625873322e-05
-1.31317192056e-05
9.20283459788e-06
-3.02537390437e-05
-9.68461097466e-06
3.07355154208e-05
9.99633172509e-06
5.21231992268e-07
-2.49013508176e-05
1.43837870999e-05
-5.29530508242e-06
-1.79847054521e-05
1.64034457806e-05
6.87656475424e-06
2.55661642072e-05
-1.81069975942e-05
1.74366798516e-06
7.38928264778e-07
-1.99756018206e-05
1.9176814427e-05
5.98591290479e-08
5.4644171118e-06
-2.33374573692e-05
1.69963075349e-05
8.76732722373e-07
2.20886296882e-05
8.02863414782e-06
-2.55569953255e-05
-4.56026851186e-06
1.22195888298e-05
-1.54300617327e-05
-2.08483217946e-06
-5.97470270414e-06
-1.87180842621e-05
2.03330045152e-05
4.35978245076e-06
1.04507029864e-05
-1.76626794753e-05
1.03124954842e-05
-3.10051899527e-06
1.69809410291e-05
-1.1109402322e-05
4.124793018e-06
1.54403474399e-05
-2.29743499057e-05
1.82333197514e-05
1.31113649983e-05
3.7117186206e-05
-7.43177594828e-06
-1.58208886728e-05
-2.25392329413e-05
-2.80894764473e-05
1.48144022947e-05
-1.99943749775e-06
-2.08435456578e-05
1.29129358546e-05
-3.07164341312e-05
-3.2514770754e-06
5.36754972535e-06
1.90067272e-06
3.40849916815e-05
-3.25930471126e-05
4.43882257422e-06
-5.93076714442e-06
-8.21715189193e-06
4.23021435733e-05
1.47669056833e-05
4.11470806594e-06
-1.04034588849e-05
4.59831047724e-06
2.29269340401e-07
-8.79448236394e-07
-3.00582573528e-06
1.4968262479e-05
-1.84140459444e-05
-4.77136842724e-06
-2.52917106616e-06
2.52917106384e-06
4.17276811198e-06
4.58032973425e-06
-1.12822689143e-05
6.70193917514e-06
-2.13107782044e-05
-3.25930471198e-05
-7.86169975695e-06
-0.000133168564313
0.000141030264062
-1.23764896979e-05
-2.18698112058e-05
3.42463009021e-05
1.7869692467e-06
-6.01433995824e-05
5.83564303281e-05
3.38896077319e-05
-1.46332362141e-05
-3.11897073201e-05
1.19333358016e-05
-2.11520793758e-05
7.883342324e-05
-1.53179785969e-05
-4.23633652651e-05
-5.78822048442e-05
-2.46881422741e-05
6.14182677361e-05
0.000110738896489
-1.08002205856e-05
-2.11052526693e-05
2.89214225231e-05
-1.42220190158e-05
6.3244115465e-07
-1.53318446609e-05
-1.07636953921e-05
2.73086282174e-05
0.000113256506098
-1.03793093709e-05
-3.56447504916e-05
-5.67365732814e-05
3.44991189233e-05
-4.33733783849e-05
2.17123666972e-05
-1.39837388033e-05
4.91397220183e-05
-5.57820352258e-05
-1.80458290639e-05
2.37426087784e-06
4.1890443524e-05
-3.39621337721e-05
-1.03025706325e-05
0.000120271093151
-0.000125931602586
4.323293633e-05
-3.75724268944e-05
-2.94295399628e-05
3.30264162149e-05
-1.8914854847e-05
2.32822415345e-05
-2.60392222381e-05
-8.00671468595e-06
0.000106293951419
-8.88583682131e-05
-2.82358037939e-05
-1.80641093329e-05
1.01858829039e-05
-6.34379258452e-06
-9.28555492514e-05
-2.12373700505e-05
-9.43478207109e-05
3.63526525888e-05
0.000178266261267
4.65312262864e-05
-1.02673576808e-05
-8.41837774907e-06
0.000159938949449
3.61644563611e-05
-2.34890643595e-05
0.000196291602034
3.25879008601e-05
2.00725462477e-06
-5.99479395598e-06
-3.98131385109e-06
-0.000464493432276
0.000785843171257
-0.000253713508745
-6.76362302475e-05
-8.99355689741e-05
-1.61202776698e-05
-5.92514551342e-06
1.01240839664e-05
-1.03309067906e-05
-9.90131261081e-06
-2.2653183208e-05
-3.0016960541e-05
-0.000136406049045
9.34345223515e-05
-4.69640422821e-05
0.000153206434692
3.14019274755e-05
-0.000184608362095
2.72017996178e-05
1.604773855e-05
-4.3249538164e-05
-8.04126269067e-05
4.68955499558e-06
7.57230719327e-05
-4.25299076828e-05
1.67615310996e-05
3.89849811756e-05
-1.32166045978e-05
6.23448601341e-05
-7.41401589317e-05
-5.96770016866e-05
7.14723005135e-05
1.79377004798e-05
-1.91435993496e-06
-3.41662187194e-05
1.81428781726e-05
1.59675945955e-05
-0.000114040535628
4.15577163306e-05
5.65152247607e-05
5.71059302544e-05
2.56544012629e-05
-2.04154713834e-05
-3.11335960669e-05
-7.10325810083e-05
2.39976028622e-05
7.81685742443e-05
-4.50020599996e-06
-5.55074093224e-05
1.56762751947e-05
4.43313401205e-05
0.000270149324433
-0.000448712985896
0.00022612619919
-4.75625377256e-05
4.80664840265e-05
2.74486029776e-05
-5.95474923835e-05
-1.52931589178e-05
-2.70778509185e-05
1.05991220393e-05
3.17718877905e-05
-2.24282503385e-05
-0.000221746433957
6.29477128856e-05
0.000181226971533
2.08530390765e-05
8.22726900577e-06
-1.11426076066e-05
5.05992325303e-05
-0.000187068018442
2.52874396816e-05
6.37160386679e-05
0.000140089628593
5.19577154529e-05
-0.00020762380639
-3.34116390848e-05
-6.21478534003e-05
1.51177397273e-05
1.40140021076e-05
-4.75912734959e-05
3.09411655142e-05
-3.86370663859e-05
7.57962038893e-06
-1.53560112505e-06
4.7932514676e-06
0.00135458526982
-0.00225854018269
2.33212550805e-05
0.000880633657995
7.03720421167e-06
1.86090863298e-05
1.42472554019e-05
-1.03839408121e-05
1.56125230403e-05
3.35491277773e-05
0.000100360605942
-0.000513640115459
0.000233258133736
0.000789598267828
-0.000509216286097
0.000840945154381
-0.000372531886148
0.000372531886139
0.000205117743918
-0.000406374706407
-0.000171274923667
0.000577649630051
0.000379468464844
0.000785843171219
6.30342118907e-05
-0.0015522961804
0.00148926196865
-6.14629045161e-05
-0.00123179080411
0.00129325370862
-0.000225468216536
-0.00130325501353
0.00152872323009
4.77089765497e-06
0.000141487227361
-1.26162890474e-05
-0.000133641835976
8.74368646175e-05
-7.28679897446e-05
-2.81229440553e-05
1.35540691828e-05
1.58959423657e-05
-0.000143835873669
0.000215376795953
6.90711388071e-06
0.000115468901737
-0.000195244005259
-8.02195094155e-06
-8.55840305192e-05
0.000143092901151
-4.94869197032e-05
-4.72288763898e-05
-2.22559790744e-05
0.000195129047015
-0.000125187721163
7.87645480862e-05
-6.63087652764e-05
3.44015959047e-06
0.000181039541876
1.18692556674e-05
-0.000114144249455
-9.13626641589e-05
-7.87602014085e-05
2.62869918884e-05
-0.00011850203403
-0.0001035872744
8.2306461412e-05
0.000139782847026
0.00023007570501
4.89622703841e-05
-0.000108425108607
-0.000170612866681
4.48922853758e-05
-3.26611527717e-05
-4.03540766695e-05
-5.75438446171e-05
-3.80957413297e-05
4.84107095413e-05
-7.21234327292e-07
3.47312889343e-05
8.14588471929e-05
9.34395695962e-05
-5.14027782068e-05
-0.000127620821919
-0.00153216338968
-0.00108869790297
-0.000325850214141
0.000169949263687
0.000385976655619
0.000153019460231
-0.0002667505966
-0.000138757521575
0.00135854080156
0.000276751901512
-0.000157520653227
0.00152849006538
0.000992926414643
-0.000135825942797
-7.12573006412e-05
-0.00179118764902
0.00225854018227
-2.12106156729e-05
-0.000446141917277
-0.000145258408029
0.000123279071971
-6.0319666513e-05
8.50082807216e-06
-9.68341668179e-05
-0.000118230331034
-6.13052540976e-05
-3.29163096038e-05
-7.69466851159e-05
-1.89899464644e-06
-7.93852378886e-05
0.000204563304542
-0.000873139978418
0.000873139978578
0.00040370424396
3.25630393577e-05
-0.0013094072616
0.0012768442226
-0.000949132920666
-1.89460270653e-05
8.39029471164e-07
2.30787361616e-07
-1.56673698882e-05
4.55796756603e-06
4.66563462686e-06
-1.28980796429e-05
-2.53198208994e-06
-2.58558415883e-06
-9.32528910222e-06
6.07381202699e-06
5.44161658139e-06
1.42712525609e-05
2.99133477127e-06
3.86779367602e-06
1.5391963176e-05
1.60434435871e-06
2.26024397032e-06
-2.04015762409e-05
-5.15541908608e-06
-5.43331376243e-06
1.16281727709e-05
-7.18935019739e-06
-6.7858731736e-06
3.72548107398e-05
-1.55424440413e-05
-1.85272244848e-05
1.77617069875e-05
-7.575824081e-06
-8.27751524984e-06
5.86404755933e-05
-2.56140593718e-05
-3.02178926172e-05
9.086488194e-06
-7.07923356822e-06
-7.03378947519e-06
-2.08070380744e-05
-1.03826692442e-05
-1.06829541073e-05
-2.26505681357e-05
-1.1311565636e-05
-1.07172323336e-05
8.37879315277e-05
-4.05549951957e-05
-5.26181175205e-05
-0.000164174588694
-8.95389200618e-05
-7.07400663458e-05
2.07227657432e-05
-6.45409696608e-06
-1.42686687778e-05
-1.63502812027e-05
1.63072207232e-05
4.30604800105e-08
-4.45930206201e-06
1.12713002691e-05
-6.81199820688e-06
9.55063445525e-05
-3.70623084874e-05
-5.84440360678e-05
-0.000109518056059
6.79521030896e-05
4.15659529411e-05
-1.32279345932e-06
1.1493930964e-05
-1.01711375092e-05
-1.12491588339e-05
9.92636537289e-06
-6.37872885865e-05
3.81542079757e-05
2.56330806023e-05
2.33306180932e-05
7.84695391154e-05
-0.000101800157216
9.15326318884e-05
-3.99941101312e-05
-5.1538521765e-05
7.76132913088e-05
1.78930532208e-05
1.87721800346e-05
1.95058570839e-06
-9.4514593119e-06
4.99215725017e-06
-3.9617010324e-05
-6.99010457513e-05
3.78496261025e-05
-8.58291674208e-05
4.79795413041e-05
4.54871089903e-05
-3.39688817194e-05
-1.15182272796e-05
2.0281866231e-05
2.52052427598e-05
3.14265005983e-05
-1.72608456962e-05
-1.41656549076e-05
1.9395249145e-05
1.20312514493e-05
3.28420565515e-05
-1.45693830853e-05
-1.8272673468e-05
1.55812108537e-05
2.22798892253e-05
-9.68620882462e-06
-1.2593680406e-05
1.33916391009e-05
8.88825012199e-06
-1.72207748767e-05
4.02015814672e-06
1.32006167306e-05
-1.85385339785e-05
1.32095581121e-05
5.32897586559e-06
9.34285599083e-05
-7.00979418239e-05
7.87728484592e-05
3.41253811991e-05
-0.000112898229668
-8.45292309434e-05
4.23180036202e-05
4.22112273009e-05
5.11507067382e-05
-0.000101034291995
4.98835852393e-05
1.88691831117e-05
-2.05556036328e-05
1.68642052108e-06
0.000129295797355
-1.73482172942e-05
-0.000111947580032
7.2188182951e-05
-3.43385568594e-05
-1.01702347926e-05
8.86397738804e-05
-1.59705644666e-06
-1.56237184298e-05
-1.37430930755e-05
-2.60718812701e-06
-3.19441064488e-05
8.30948131665e-05
1.30310203921e-05
3.27620033176e-06
8.02490533839e-05
1.12835784967e-05
-3.16391252779e-05
-3.21481633152e-05
-3.77127111902e-07
1.37687662109e-05
1.14339717141e-05
-1.18110988291e-05
3.50387853762e-06
-2.72020491718e-05
2.36981706296e-05
2.47450598658e-05
-2.12411813327e-05
-1.70497423276e-06
1.69580409436e-05
-1.5253066719e-05
1.76902749099e-05
-7.30716209997e-06
-2.66617196264e-05
2.91454882553e-05
-3.64526503595e-05
-8.69286906346e-05
-4.14203342316e-05
0.000128349024887
-4.61361070148e-05
-1.74561081524e-05
6.35922151713e-05
1.55151846166e-07
3.95666074324e-05
-3.97217592952e-05
-4.04517515626e-05
1.3249702386e-05
-2.0169885333e-05
3.44626251233e-05
-9.71756526469e-06
1.9893242036e-05
6.45473625377e-05
-2.50560721005e-05
-3.94912904605e-05
2.42300906701e-05
-7.27204973108e-06
1.45438818431e-05
1.86600280071e-05
-7.22605629634e-06
-9.6552048469e-05
5.04159414557e-05
-3.86706172509e-05
-5.7881431215e-05
0.000126340934432
-5.47500690368e-05
-7.15908653733e-05
0.000225213251349
-0.000114935069965
-0.000110278181352
0.000138284560717
3.23536105515e-05
-3.21984587168e-05
6.24732632952e-05
-0.000103893597503
3.41361699881e-05
-5.15922781468e-05
4.42449055425e-05
2.03024569832e-05
8.14252954464e-05
4.4915638978e-05
-4.45190364528e-05
0.000123291884918
7.41086917236e-06
-8.52493770279e-06
-1.0013596278e-05
2.34176579325e-06
1.52353791928e-05
-1.75771449857e-05
4.01569416806e-05
-7.72192501607e-05
6.07000217779e-05
-2.25458138049e-05
-5.57004702705e-05
-2.88287606822e-05
-1.71997177127e-05
0.0001464955151
4.46763903747e-06
1.44015440738e-05
2.07059116446e-05
1.14892359865e-05
-1.7943332953e-05
-4.1527574664e-05
-5.9506717343e-05
-1.36357162201e-05
-6.91988741269e-06
7.24213491567e-05
-3.01033455478e-05
3.26023249213e-05
0.00011261488598
-0.000145217210907
-1.36482426654e-06
1.45743823786e-05
-4.77521883758e-05
8.15602359075e-05
-3.38080475545e-05
-1.55241096115e-06
-1.48861432356e-05
1.64385541971e-05
-4.14791058752e-05
-4.65907229775e-05
8.80698288297e-05
4.52942614893e-05
-0.000136851947065
9.15576855688e-05
-1.49170615206e-05
2.1998696142e-05
-7.08163462118e-06
-9.35633512621e-05
0.000126165676168
4.86028133661e-06
1.28316708137e-05
-1.76919521498e-05
-9.7229349287e-06
-8.5893807846e-05
0.000131188069345
1.53334802858e-05
-1.29917144922e-05
-2.46691607809e-05
-6.11600066491e-05
8.30066805392e-05
-5.39338923394e-06
1.51881271812e-05
3.58405285352e-06
-3.90377884228e-05
0.000106989891493
1.24099908513e-05
-9.16059890181e-07
-7.34561682666e-05
8.53445883327e-05
-1.18884200914e-05
-1.08364407162e-05
1.85355646091e-06
8.98288425571e-06
-3.38786229628e-05
-0.000235074840996
0.000268953463939
0.000215626292918
-0.000249504915869
-8.1195053995e-05
6.38468367685e-05
1.06349382862e-05
6.36361983298e-07
-8.58226567434e-06
-6.48739026044e-05
-9.33595454575e-06
1.41962358826e-05
2.79261462749e-06
-1.77096761481e-05
6.92722128308e-05
-3.71100308911e-06
-6.55612097442e-05
1.71610390933e-05
-1.37443323648e-05
-3.41670672842e-06
0.000127553941063
-1.81698033517e-05
1.30902152299e-05
5.07958812216e-06
8.0536191596e-05
-1.1263978773e-05
6.82278199669e-06
1.03382570964e-05
-7.66495006252e-06
-1.05048532891e-05
-2.66819394877e-06
-1.74995121443e-05
2.01677060936e-05
1.20960044499e-05
9.90269169227e-06
5.18081021377e-05
-0.000145371453402
-1.14779549181e-05
6.41514202307e-07
-7.59790285073e-06
4.57275780003e-05
8.64155695735e-06
7.16074964162e-05
5.82728106297e-05
1.65452822172e-05
-7.48180928504e-05
1.5187893225e-05
-4.68270185072e-05
-7.99232004118e-05
4.79790939486e-05
-6.10901275212e-05
-3.6822000989e-05
-2.62236078352e-05
6.30456088149e-05
9.54151683013e-05
1.11541703482e-06
5.71573935942e-05
-6.05728650401e-05
9.15429946834e-05
-3.09701296585e-05
6.60307963665e-05
-8.36409231862e-05
1.76101267941e-05
-2.46385698358e-05
9.06693661913e-05
-1.46494549301e-05
-3.38570656803e-05
4.85065206071e-05
-1.95708573205e-06
-3.82577777277e-05
4.02148634636e-05
2.44655880067e-06
-4.07181745667e-05
3.82716157678e-05
6.76754524944e-06
-4.29416770049e-05
3.6174131757e-05
-8.62219182362e-05
5.61185726798e-05
-1.67782809942e-05
-3.08897954445e-05
4.76680764329e-05
1.10711374218e-05
-4.50385206832e-05
3.39673832641e-05
6.22945775926e-05
-3.29568884678e-05
-2.93376891156e-05
-4.46585498004e-05
2.78802688091e-05
-3.17565948474e-05
6.4482743835e-05
-3.27261489831e-05
-8.52114348812e-05
-9.61494955604e-06
4.68221568498e-05
-3.72072072959e-05
-2.63261947275e-05
5.37573901278e-05
-2.74311954157e-05
-2.49150418278e-05
1.87598737829e-05
6.1551680408e-06
1.54977060151e-05
-4.71060927155e-05
3.16083867011e-05
7.2230622723e-06
6.00277039933e-05
-6.72507662781e-05
3.68420382799e-05
2.77051948262e-05
-6.45472331082e-05
-4.45329781442e-05
5.57104918352e-05
-1.11775136795e-05
-3.46507568034e-05
6.02789986957e-05
-2.56282418827e-05
2.02270638741e-05
-4.91602576587e-05
2.89331937832e-05
5.16752401427e-05
-1.32267315714e-05
-3.84485085624e-05
-4.32867068187e-05
5.76058351704e-05
-1.43191283367e-05
-5.81286826474e-05
1.48419758286e-05
-2.0749096517e-05
-2.55501499864e-05
4.62992465113e-05
1.53980749581e-05
-1.7305385611e-05
1.90731065262e-06
-1.55515495335e-05
2.66109231406e-05
-1.10593736045e-05
6.05713253517e-05
-4.24618697183e-05
-1.81094556238e-05
3.58827551006e-05
-3.78398408332e-05
-5.34900498812e-05
7.97669528911e-05
-2.62769030429e-05
-4.55392503752e-05
-7.0110202042e-06
-1.79040216271e-05
2.58234257928e-05
-1.66138373783e-05
-9.20958841164e-06
3.84760299804e-05
-3.60294711802e-05
1.02718762592e-05
-4.45968897436e-05
2.38477932279e-05
-2.67416461568e-05
2.04700294124e-05
6.27161674945e-06
4.07887456084e-05
-3.40212003594e-05
4.6785734462e-05
-5.39551391209e-05
7.16940466149e-06
-2.26942069918e-05
2.18036953671e-05
8.90511620954e-07
2.96047632722e-05
5.43858347837e-05
-7.60010032228e-06
-2.45478070683e-05
-3.27939679021e-05
5.73417749771e-05
2.42141359537e-05
-2.08465144566e-05
-3.36762150139e-06
2.13885015069e-05
2.82563444512e-06
-6.0782517343e-05
2.61317605451e-05
-4.76045773636e-06
4.98334520066e-05
-4.50729942658e-05
-1.96215193343e-05
5.4198632765e-05
-3.45771134592e-05
-6.44205862167e-05
4.47990668522e-05
3.68305717107e-05
-5.72119606005e-05
2.03813888999e-05
-7.27387998257e-06
7.10287962428e-05
-6.37549162693e-05
-2.12843938103e-05
-5.45725234242e-06
-1.91403281533e-05
5.02801699622e-05
-3.11398418034e-05
-7.83839073791e-06
1.25861214851e-05
-4.74773074864e-06
4.29032304497e-05
-3.18320930271e-05
-6.99074594989e-05
6.26335795101e-05
2.78724380313e-05
-7.64618855536e-05
-9.760032689e-06
7.60333033328e-05
-5.71280731739e-05
-1.89052301577e-05
-2.20776886262e-05
-2.25192011131e-05
3.15300348669e-05
-3.26798631064e-05
1.14982824007e-06
-3.33279535665e-05
3.20423176078e-05
1.28563596093e-06
1.99243246227e-05
3.96578846087e-05
-5.95822092228e-05
3.44680216407e-05
-4.40829711975e-05
-4.91076432984e-05
2.99673151466e-05
-4.27326364053e-05
2.06549477827e-05
3.19719028382e-05
1.56044909058e-05
-4.75763937486e-05
3.24076802983e-05
-8.77645430753e-07
2.98733796506e-05
-3.47776174257e-05
4.90423777695e-06
-9.20273267441e-07
-4.57160011339e-06
1.31249535259e-05
-8.55335341511e-06
4.49104730558e-05
-2.94127670407e-05
-2.25177037472e-05
-2.85960787967e-05
5.11137825522e-05
2.7943973012e-05
-3.66045246226e-05
8.66055161023e-06
3.6700852027e-05
-8.75687901439e-06
3.46924354358e-05
-4.81905578504e-06
-5.66620556882e-05
3.21142486217e-05
-2.40556152077e-05
-2.79353787182e-05
5.19909939269e-05
-2.59560700166e-05
-1.06484546048e-05
-3.64029420952e-05
1.04468720788e-05
-6.26843972322e-05
-3.50352291308e-05
1.45352304582e-05
2.04999986749e-05
-1.3057054863e-06
9.64702197452e-06
5.05832104759e-06
-1.47053430203e-05
-1.86153235956e-05
-1.64199055365e-05
3.48909778694e-05
2.06159381916e-05
-5.55069160642e-05
5.67548963375e-05
3.16121068165e-05
-1.63317721408e-05
-1.52803346739e-05
6.07050785289e-05
-2.38630402438e-05
3.81725933012e-05
-2.35863364356e-05
-1.45862568646e-05
1.31115315365e-05
9.94738796995e-06
-2.3058919506e-05
6.48099061353e-05
-3.71047113052e-05
6.08624466479e-06
-4.81240986142e-05
4.20378539528e-05
1.29967832199e-05
1.63642865948e-05
-1.55252571236e-05
-4.03741026002e-05
2.48316585627e-05
3.67087621209e-05
-6.65927980084e-05
2.98840358627e-05
6.71279670377e-05
-3.82686589069e-05
-2.88593081574e-05
-1.65223064463e-05
-4.16063761974e-05
1.28217253987e-05
4.47841097794e-05
-2.85445220831e-05
1.47567430635e-05
1.37877790211e-05
-1.23075287541e-05
-1.62369933298e-05
8.93642834675e-05
1.30508270066e-06
3.88442323367e-06
1.24761987877e-05
-1.63606220218e-05
3.30533112892e-05
1.52353203758e-05
-5.58829839941e-06
-5.74660436955e-06
-4.15790202686e-05
4.7325624648e-05
-7.88895664392e-05
-3.92014305027e-05
0.00011809099692
2.92609356838e-05
-1.45041926201e-05
1.30476890492e-05
4.28211175949e-05
-5.58688066354e-05
1.4303394387e-05
-1.91648317714e-05
5.88227163854e-05
1.29291635426e-05
3.8880004821e-05
-4.46266092003e-05
0.000117927354862
-2.85630714139e-05
7.42175321453e-06
-4.90007734852e-05
4.40490189076e-05
-4.42501029797e-05
5.16718561968e-05
5.80024831176e-06
1.11402407328e-05
4.05349994141e-05
-4.06847743405e-05
5.37324633956e-05
-5.39115059104e-05
-3.95422104553e-05
8.24691172104e-05
-4.29269067469e-05
5.07816003146e-06
4.93076747511e-05
-6.1626701487e-05
2.77624662142e-05
4.33970150573e-05
-4.51701023476e-06
-3.17638023458e-05
1.89688496256e-05
1.27949527215e-05
-5.56428429936e-05
1.1109864854e-05
-2.14100716988e-05
-2.29342160652e-06
2.37034933005e-05
2.2923408258e-05
3.73555904446e-05
1.69286792053e-05
-1.30442559717e-05
-3.2013148546e-05
-3.30777792393e-05
6.50909277849e-05
1.56288623197e-05
2.17937311562e-05
5.79732217108e-05
-4.40773744701e-05
2.32124992149e-05
3.0442034868e-06
-2.62567026955e-05
5.02241764848e-05
-4.49648627911e-05
-5.25931369486e-06
4.72373204033e-05
-5.19977781348e-05
2.51517688415e-05
1.65887713199e-06
-2.68106459716e-05
1.91569012225e-05
6.45812001524e-05
2.7347768149e-05
3.97801988819e-05
4.68538851834e-05
-2.66268213087e-05
8.34902133728e-06
-2.49628587129e-05
3.71617496282e-05
-2.262651917e-05
1.0273689616e-05
5.73809500394e-05
-6.765463966e-05
7.03013936066e-05
5.39293717494e-06
4.4831239305e-05
1.85001810349e-05
7.37765822858e-06
-2.58778392605e-05
4.75351938121e-05
5.4197780761e-06
-5.2954971891e-05
2.6849202373e-05
2.78476876428e-05
1.28748737985e-05
2.30339454477e-05
-3.59088192359e-05
-1.7161513866e-05
-1.4602288479e-05
7.64504558209e-05
5.30021694035e-05
-1.41558429914e-05
9.06062988122e-05
-2.67861431503e-05
4.86342655941e-05
-2.18481224458e-05
2.84600942479e-05
2.45420751553e-05
-1.05764936017e-05
2.36880251389e-05
2.09005692079e-05
1.657320846e-05
4.32736074818e-06
4.56714931852e-05
-1.36995903417e-05
-4.31249429891e-06
2.75249935168e-05
3.02814290484e-05
-5.37527550605e-05
2.51566762697e-05
-2.31780108249e-05
-1.71960917721e-05
-2.93931609302e-06
-2.97405470111e-05
-3.35031523903e-05
4.75497551091e-05
1.57199402396e-07
-4.77069545035e-05
8.12782972821e-06
-1.28991981545e-05
-9.39256158731e-05
4.69615735831e-05
5.57153797788e-05
-8.1801859756e-06
4.77552616984e-06
5.65228032491e-05
-6.12983294301e-05
-2.55968881074e-05
2.35875677605e-05
-4.82769397967e-06
1.92457159074e-05
-4.17649170187e-05
-1.35480522668e-05
7.09290023067e-05
-1.75523717969e-05
1.50203897067e-05
3.33930030507e-05
-5.90070624174e-05
1.37241784918e-05
2.19148385768e-05
-3.56390170675e-05
3.51399154223e-05
-3.09759781081e-06
5.27783482398e-05
-1.78873703662e-05
-1.24557225357e-05
-2.3947219558e-05
-6.29478813612e-06
1.44226178633e-05
-3.60461174934e-05
-6.28235495764e-05
6.1358822539e-05
1.46472703025e-06
0.000132410643312
-7.66244279445e-05
-5.57862153314e-05
-6.78397141459e-06
-2.79936460103e-05
-3.61937171172e-05
4.90685909347e-05
-3.51627325174e-05
-6.96026088584e-06
4.21229933982e-05
-0.000109941496851
5.63487227861e-05
1.96845805469e-05
4.93748345701e-05
6.64091116207e-06
-5.60157457291e-05
-2.03771235243e-05
3.41013020172e-05
-2.73482979081e-06
5.02845849047e-05
-5.38513214146e-05
9.60121843518e-06
-4.17508349885e-06
1.69692408162e-05
-1.27941573172e-05
-1.52105794685e-07
-3.81056719337e-05
-1.51770522294e-05
1.32780576423e-05
-8.62384885224e-05
0.000319496622224
2.57168707654e-05
4.75553636826e-05
2.27808832792e-06
-1.4169951485e-05
3.60847900633e-05
-3.77562879205e-05
3.28578565628e-06
1.53909476173e-05
-1.86767332725e-05
-4.74716358957e-05
-1.10897596095e-05
5.85613954952e-05
1.43430950463e-05
2.79111106281e-05
-6.32956718512e-05
2.99168806128e-05
3.17531193424e-05
7.08029844415e-05
6.16076588614e-05
-2.35852300203e-05
2.17515831856e-06
7.97506548134e-05
-4.32756985485e-05
-3.6474956271e-05
0.000300455982194
-7.98265582898e-05
-0.000220629423882
-4.58150207548e-06
-3.613667249e-05
1.32620843839e-05
-3.36392079069e-05
6.56034430511e-05
-4.25694975754e-05
8.23428253804e-06
3.52101092626e-05
2.92726345787e-05
-3.48158229587e-05
-1.3881756114e-05
7.58696797684e-06
8.24374388045e-06
1.43190869853e-05
-1.84941704836e-05
-8.9315497812e-06
-3.40101272211e-05
-5.00136504543e-05
5.01708498624e-05
9.27756956015e-05
-2.19727111626e-05
6.41008434553e-05
-5.93253172983e-05
-3.86689950815e-05
7.78499620154e-05
-3.91809669255e-05
-3.34658054216e-05
-3.92736244276e-05
7.27394298469e-05
-2.9436095187e-05
1.60066127224e-05
1.3429482465e-05
1.03605196025e-07
1.54846291194e-05
-1.01556532555e-05
-3.54835536806e-05
-6.47189224679e-06
4.19554459278e-05
2.05450092926e-05
-1.53483594836e-05
-5.19664981019e-06
1.61797749346e-05
4.36523435552e-06
1.24069962194e-05
-4.62640619038e-05
3.22309340097e-05
-8.46772341822e-05
4.6008239097e-05
4.62848493927e-05
5.03014875303e-05
-5.28973297192e-05
2.59584218798e-06
1.12779272531e-05
-1.57586102539e-05
4.48068300243e-06
4.94292959363e-05
1.61406534261e-05
-6.55699493615e-05
5.43877437809e-05
-6.79357960445e-05
6.29799232674e-05
-8.9056261839e-05
4.57805632897e-05
-2.45828677129e-06
1.76048726419e-05
5.57212656012e-05
-1.24057878202e-05
6.18350837531e-05
-3.83287645114e-05
-5.55968513689e-05
1.09243606075e-05
-7.71146373551e-05
4.19141220094e-05
-1.72455264819e-05
2.82534174496e-05
-1.48279671884e-05
1.61447749669e-05
-1.31680777801e-06
-1.33129614537e-05
-3.17255592268e-05
6.99277090942e-05
-3.6855123991e-05
-3.30725851104e-05
4.35566923723e-07
1.81726627696e-05
-1.86082296913e-05
-3.42885523399e-05
-1.43438585557e-05
-1.50922366309e-05
-1.68332043769e-05
1.72687713015e-05
-0.000105037104459
-4.00560666374e-05
6.40536694891e-05
9.09468820319e-05
-4.90327600227e-05
-5.43308931739e-06
3.96015471353e-05
4.63484556313e-05
9.36203620581e-06
1.9657944998e-05
-3.47817006395e-06
2.54189804507e-05
-7.6387978548e-05
5.09689980036e-05
-7.12149552902e-06
-1.25290243977e-05
1.96505199288e-05
2.06683022331e-05
-1.08597111875e-05
-9.8085910513e-06
3.20927675059e-06
-1.74779455288e-05
3.17815222361e-05
8.30061281564e-05
-0.000114787650454
-9.47899590831e-05
0.000126571481326
-4.75620347142e-05
0.000233726621671
-7.60042245925e-06
7.73165910917e-07
-2.08893017019e-05
2.01161357927e-05
-9.13298610419e-06
1.36909536703e-05
-1.29587863866e-07
-1.94661489685e-05
1.95957368352e-05
-3.99107485532e-05
-3.72038888042e-05
1.78337929237e-05
-6.90943231607e-06
-3.86642458259e-05
2.1468154055e-05
-2.99026687966e-05
-1.81642471512e-05
3.20013187525e-05
-1.02750234007e-05
-2.17262953602e-05
1.40102631744e-05
-3.11717770398e-05
-4.28206930905e-05
-4.1856541084e-05
1.80430749064e-05
1.69307264495e-05
2.72721854634e-06
5.16701026043e-05
2.10510058913e-05
-7.27211084885e-05
-7.58418413829e-06
-5.9666582149e-05
-3.80953487031e-05
4.41815933639e-05
2.3450752413e-05
8.55056633306e-06
4.18237231958e-06
1.94051954405e-05
4.68806752656e-05
-5.92864630854e-05
-4.47648684349e-06
1.63362483018e-05
2.77989347622e-06
-0.000167701824299
9.36435525733e-05
7.40582717953e-05
-1.86929830569e-05
5.0518468359e-05
-9.33391614449e-05
6.73412183573e-05
0.000166385403353
-2.72255019051e-06
-5.01747795228e-05
5.63007393337e-05
2.47398055893e-05
-1.47924176174e-05
-2.22266187744e-05
3.62427112529e-05
-4.07597214861e-05
6.78107560319e-05
8.35429222087e-06
-1.59301162999e-05
7.13386097941e-05
-1.69508660221e-05
2.12191801371e-05
5.84515227153e-07
-7.49228898721e-05
2.9569376675e-05
4.53535132044e-05
-6.02600368292e-06
-7.85575243147e-06
0.00021421749366
3.63963560764e-06
3.37350944375e-05
-3.73747300444e-05
-2.02967629622e-05
-1.78720755022e-05
1.5822538721e-05
2.04953678144e-06
8.03587331644e-05
0.000133858760504
5.64818937026e-05
4.44213014829e-05
-5.55110610912e-05
-7.9329691067e-05
3.98823468598e-05
4.91330441385e-05
-3.67260479204e-05
-1.23622823812e-05
5.88570588754e-05
-4.64947764909e-05
-2.87368863403e-05
1.43930277848e-05
-6.05978602064e-05
5.11738671668e-05
9.42399303119e-06
-1.7923800631e-05
-2.91822920832e-05
-5.26455519237e-05
-8.51180181784e-06
1.26265098843e-05
-4.24738831568e-05
1.51834537436e-05
2.72904294139e-05
-8.64725220166e-07
-1.70073502818e-05
2.81959723295e-05
-6.14518512612e-05
0.00015509540388
-3.35796584006e-05
7.9864507794e-05
-1.25759651857e-05
4.06416336817e-06
2.08736448067e-05
-1.99831331867e-05
-2.78526356013e-06
-4.98571936638e-05
5.2642457226e-05
-1.85804957954e-05
9.92531090458e-07
1.75879647015e-05
-7.08792781207e-06
3.05386802161e-05
-1.37395773609e-05
5.35197762283e-05
6.94675242197e-06
-2.22951119102e-05
1.37518383856e-05
-2.41345076287e-05
1.29571224407e-05
3.61759216971e-05
-1.32889396183e-05
1.62802743897e-05
9.89634929673e-06
1.05283393281e-05
-2.04246886218e-05
4.44308727918e-07
2.04293360758e-05
5.32699940555e-05
-8.06383842882e-05
2.7368390236e-05
-1.28685031016e-05
-6.9803455325e-05
8.26719584027e-05
-3.11426175511e-05
4.41571111937e-06
2.67269064226e-05
-0.000121117243786
5.71922304832e-05
6.39250132904e-05
-1.70505534144e-05
-1.91431637433e-05
1.98552691159e-05
-4.6641412269e-05
-5.59245543801e-05
-9.64539497811e-06
-1.64976934622e-06
-1.59129141379e-05
1.6905445227e-05
1.48467059467e-05
-7.25973797245e-06
3.00168758976e-05
-6.97688641094e-05
1.3844309731e-05
-1.74164694577e-05
2.15988417758e-05
9.80206124779e-06
-1.50520327282e-05
5.24997148012e-06
-5.04143397373e-06
6.0041585975e-05
-4.94928840082e-05
-1.05487019842e-05
-2.93058091259e-06
1.83215285307e-05
-2.61640597896e-05
-4.97855777179e-06
4.78693202175e-05
-6.02316026092e-05
-7.58544611385e-05
6.29859580265e-05
-7.09894984297e-06
1.67356816664e-05
-1.51313373078e-05
1.68787184876e-05
-3.69697714002e-06
-1.31817413516e-05
5.75897938926e-05
-5.83107102291e-05
7.20916329642e-07
2.85520768504e-05
-1.19370809476e-05
-5.95582781874e-05
7.83478264487e-05
-1.87895482728e-05
-4.44515232425e-06
-1.71282591001e-05
2.15734114262e-05
-5.00174674113e-06
3.29220859724e-05
4.74622158804e-05
1.13948429895e-05
5.68845970651e-05
-6.44687812125e-05
-2.38088287091e-05
-2.44787398393e-06
8.02984191532e-06
-3.65516615148e-05
2.85218195853e-05
5.82785664639e-05
-1.38572649768e-05
-4.28751224731e-05
-3.20477673978e-05
-1.60332232416e-05
-1.27036630984e-05
1.88069593008e-05
-1.44417249486e-05
-3.26946966402e-06
-1.28099642983e-05
1.60794339625e-05
-3.32519876075e-05
-3.15917619647e-06
1.86569311744e-05
-1.54977549792e-05
2.96079503921e-05
-1.18132324074e-05
-1.7794717985e-05
5.23154804351e-05
-1.44676958747e-05
5.33470977028e-06
1.36804319852e-05
4.16593856566e-05
1.0862649155e-05
-5.25220348128e-05
1.46907662359e-05
-7.42490444279e-05
1.38770477288e-05
3.00167075621e-06
7.43209999517e-05
-1.21583984288e-05
6.00277186424e-05
-6.37274326817e-05
3.80991908073e-05
-2.30633366366e-05
2.32535601197e-05
-1.90223480454e-07
-1.92428656657e-06
1.58013342934e-05
-1.78372007056e-05
8.50736116506e-06
6.72795921264e-06
5.69323836776e-05
4.77333137252e-05
-0.000104665697402
1.01989668852e-06
-1.78531010646e-05
-1.345213691e-05
5.51115225689e-05
-6.11636949087e-05
-3.00025869518e-05
4.9857856066e-05
1.35747271505e-05
-3.31711746875e-05
-1.76654894811e-05
5.08366641612e-05
2.20694360189e-05
-2.34521007395e-05
1.38266472262e-06
-1.65584092824e-05
-1.94638942518e-05
-6.11744900293e-05
-5.51849238635e-05
7.52440544989e-05
-2.00591306394e-05
-9.93900616566e-07
1.34459032115e-05
-2.71666313916e-05
1.37207281804e-05
1.70043298531e-05
2.86671633345e-05
-3.36104177605e-05
1.71905122275e-05
-1.91189456314e-05
-1.77035606904e-06
-3.86121521323e-05
-1.59516939021e-05
5.45638460373e-05
1.6153685929e-05
-3.35897059113e-06
5.73209532526e-05
-5.39619826477e-05
-2.26131192704e-05
5.47894403582e-05
-1.8718599062e-05
1.91629077888e-05
5.20642890423e-05
-3.91071666044e-05
1.26453037508e-06
-7.76525089831e-05
2.12756231924e-05
-1.81194807823e-05
-3.15614240821e-06
-2.85429150754e-05
-5.27227563168e-05
8.12656713978e-05
2.16385064388e-05
1.83659752691e-05
-2.28111275926e-05
1.17802329782e-05
4.82613529895e-05
1.40035009829e-05
5.07378182057e-05
-6.47413191908e-05
-4.76996925793e-05
1.56270338947e-05
-4.95322772721e-05
3.39052433805e-05
4.86329716841e-05
-6.07913701165e-05
1.6575514105e-05
-1.55556174157e-05
1.533534592e-05
2.43751635431e-06
1.42981653121e-05
-1.81143772933e-05
-1.54960404657e-05
-1.38424773632e-06
7.42211173233e-05
-7.28368695949e-05
-4.2261578303e-05
-5.86252030706e-06
6.14354635189e-05
-1.10626355449e-06
-6.03291999554e-05
-6.16639108946e-05
1.21710268936e-05
-2.03683684088e-05
-6.20452018804e-05
4.4994648461e-05
-6.22909469009e-05
5.15112676169e-05
5.80764929311e-05
-5.39322950629e-05
-2.52221456952e-05
-2.82160212896e-05
1.69044556534e-05
1.68269108056e-05
-2.8640143214e-05
4.96268148069e-05
-1.00961089295e-05
-3.9530705886e-05
-8.47953655232e-05
0.000129992866816
-4.51975012906e-05
-9.2640441793e-06
1.76183364024e-05
-6.72395806574e-06
-1.51077219345e-05
2.18316800015e-05
4.49228635518e-05
-4.01789362376e-05
-4.74392731196e-06
-1.68314799511e-06
1.75056867162e-05
1.216600561e-05
-7.33297005257e-05
6.66568387824e-05
-6.80410865169e-05
2.15667756156e-06
8.98930409986e-06
5.83729255624e-05
-8.69158406445e-05
5.93263744635e-05
-1.18641585927e-05
-3.98886776502e-05
1.95919146902e-05
-1.69682626219e-05
7.7042184447e-06
-7.42275513398e-06
6.09006913537e-05
-1.46120969217e-05
-4.6288594422e-05
-6.78739253742e-07
2.49784527077e-05
-2.42997134517e-05
1.42787157243e-05
-3.2393093015e-05
-5.76367308152e-05
3.28469569907e-06
5.43520351098e-05
-1.81206717119e-05
-2.24769669817e-06
7.82695051447e-05
-6.45666197286e-05
-1.37028854243e-05
-1.07700425962e-05
4.41609718426e-05
1.41175946201e-05
3.55595737109e-05
8.74418667824e-07
1.95549174058e-05
-1.05841430703e-05
-4.14911558949e-05
5.20752989707e-05
-2.19223754174e-05
8.02953009842e-05
-1.65314286601e-05
-4.12542575921e-05
5.77856862599e-05
1.05196482013e-05
6.55505752278e-05
2.78210385267e-05
-3.11200528688e-05
3.2990143432e-06
8.71760291501e-05
-3.66575607948e-05
5.03681835689e-06
5.22841349057e-05
-4.76968180698e-05
5.27336364277e-05
1.04702236154e-05
-5.02860703355e-06
4.04235396251e-06
-1.10761434364e-05
7.48448892988e-05
-6.26788836946e-05
-2.20935988049e-05
1.98001771958e-05
2.18581755631e-05
-1.36304252286e-05
-8.22775033517e-06
0.00011488433482
-6.46878767474e-05
-5.01964580744e-05
2.25748208672e-05
-4.71941564354e-05
-1.30374461691e-05
4.04408539461e-05
-4.05929597383e-05
-4.26176518325e-05
5.37275166915e-05
4.72354205978e-05
-1.28789144399e-05
-1.53371068492e-05
1.26534056656e-05
9.20476989725e-06
-7.94597796871e-06
1.16962399929e-06
-5.88761806088e-05
-2.80396600325e-05
-2.20173372618e-05
8.38691203304e-06
1.72163401892e-05
-2.67626490314e-05
-1.22636609184e-05
3.90263099312e-05
-1.51099821608e-05
1.18149785318e-05
-1.65241842911e-05
4.70920575677e-06
1.64287994352e-05
6.19190269997e-05
1.45722803664e-05
1.6878252777e-05
-3.14505331439e-05
4.72466290722e-05
-3.98860799001e-05
-7.36054917613e-06
-1.64579512322e-05
-2.29221554379e-05
1.61981973728e-05
-2.42272542295e-05
2.86429653434e-05
7.71592318431e-06
-1.54672877287e-05
4.06725304797e-05
-6.35835496888e-05
-6.18531442578e-06
4.87677258795e-05
1.05586485784e-05
-1.06922502776e-05
-1.89628302891e-05
1.09561156052e-05
0.000121237563883
-4.08788306558e-05
2.08486258669e-05
-3.17412382362e-05
1.08926123637e-05
1.37065349174e-05
2.08995827532e-05
1.2832091084e-05
-3.37316738325e-05
-7.29315875935e-06
-1.47241785033e-05
-4.46484119404e-05
2.49784960977e-05
-2.11243091695e-05
-3.85418692644e-06
-0.000156164223412
7.13688578891e-05
5.08460534527e-05
1.20102636063e-05
-6.28563170676e-05
-8.86965080697e-06
-2.76820107198e-05
-3.01084613088e-06
3.67459405648e-05
1.30804894364e-05
-2.57397747646e-05
1.26592853283e-05
7.94147574517e-05
9.55337414037e-05
-3.86013577217e-05
-4.67175817204e-06
-2.01777948611e-05
2.48495530373e-05
2.71594571076e-08
4.04136944912e-05
-5.28285979186e-05
-5.82809611385e-05
3.65822540871e-06
1.91990723439e-05
-3.6164557002e-08
-9.8085948719e-07
0.000115865194295
-6.32525829061e-05
4.5143127275e-05
-4.22299367589e-05
2.93991921965e-05
-3.44532728334e-05
8.04615119302e-05
-5.35410196591e-05
1.20498637584e-05
2.22308298849e-05
3.83658998396e-05
6.75855573445e-06
-4.51244555709e-05
-2.30576965064e-06
2.90326760713e-05
-7.00674802278e-05
5.11873374185e-05
1.88801428129e-05
-2.61677096849e-05
3.29423631154e-05
-6.77465342917e-06
-6.55101819169e-05
-6.88735646178e-06
7.23975383647e-05
3.80324173754e-05
-4.36004548026e-05
-1.96521280886e-05
5.64545062238e-05
-7.01632786181e-05
1.86247568432e-05
2.11291230061e-05
-6.47295778025e-05
1.06765740835e-05
-2.43431294482e-05
1.36665553652e-05
-2.17424321733e-05
2.80538581511e-05
-6.31142598658e-06
-7.90962776294e-05
1.35860957096e-05
1.35083945383e-05
2.29293975356e-06
7.16616860522e-05
-2.05961206734e-05
-5.106556538e-05
5.21116115979e-05
-4.94723182828e-05
-2.63929332885e-06
-1.18301343296e-05
-7.24389163859e-05
2.78389309966e-05
9.81372066464e-06
-8.30590084942e-05
6.11366330734e-05
2.06032823583e-05
-1.42045563345e-05
-6.3987260213e-06
6.00210202669e-05
-9.17496681983e-06
-1.22950152292e-05
-3.46359502352e-06
3.51782984781e-05
-0.00017145844492
0.000102959592659
6.84988522515e-05
9.44288256246e-06
4.26687290266e-05
-5.88767987556e-05
2.50588820769e-05
-1.19783926404e-05
4.96536472882e-05
1.34611566673e-05
-6.31148039485e-05
4.68711161206e-05
-7.13588670202e-06
-2.09288372474e-05
2.80647239463e-05
-2.56947454591e-06
-2.08826261914e-05
-6.16577893856e-05
4.86203432229e-05
1.1094265096e-05
1.58992401157e-05
-2.69935052118e-05
4.51315117139e-05
-6.76561186977e-06
7.65676002213e-06
5.23978150274e-06
8.45117216771e-06
-8.26772490745e-07
2.71552174461e-05
-4.62983812335e-05
-4.04975784771e-05
-1.8605400083e-05
-2.12832775684e-05
6.19295131754e-05
-1.67863858961e-05
4.69716450017e-05
-2.56742084381e-05
-7.83406930169e-05
1.23025007967e-05
1.30797126726e-05
-2.53822134673e-05
-1.19491185881e-05
-1.52175128033e-05
2.85173234191e-05
3.91581825816e-05
-6.76755059946e-05
-1.6988596116e-05
3.07763751396e-05
-4.28012142651e-05
4.2828373724e-05
3.11822903046e-06
-3.28587760391e-05
-1.06375676345e-05
-6.77031253814e-05
1.44366509097e-05
-2.63857694976e-05
-3.61554171965e-05
4.73080179981e-05
-1.11526007961e-05
1.74947403596e-05
-1.22447688794e-05
-3.15002896876e-05
-1.80319875797e-05
2.35621699904e-05
-1.28855959065e-05
-0.000102168143472
-6.92903014398e-05
1.18285626305e-05
1.32303194467e-05
3.60605270043e-05
-6.87866759862e-05
2.93909383672e-06
-1.52341090655e-05
1.11324768959e-05
-4.72878940884e-05
-1.379599124e-05
1.83943017172e-05
1.15026209285e-05
-2.77396142557e-05
-4.45301980186e-05
4.16215229433e-05
2.46250064405e-05
-6.62465293746e-05
3.0939267557e-05
2.35316961069e-05
-3.4784510424e-05
1.12528143206e-05
4.81966327182e-05
-6.28087296395e-05
6.26037577225e-05
-4.3418992656e-05
-1.91847650771e-05
1.95665702068e-05
-2.67024569111e-05
2.98739544091e-05
-1.83713334806e-05
3.23166031332e-05
-1.77443227672e-05
-1.1303123855e-05
-3.29268050566e-05
6.75909537186e-06
1.1648040406e-05
-1.99064787826e-05
8.25843837683e-06
-4.56058477204e-05
-2.32134396954e-06
-0.000201315011703
9.91468682169e-05
4.50998601621e-05
1.58110337427e-05
1.65055693907e-05
-4.98782485518e-06
-2.61322280124e-05
3.61683103827e-05
6.50619970453e-06
1.49543280388e-05
-2.14605277412e-05
5.03678365196e-06
-4.2676640168e-05
-2.47649654366e-06
4.51531367141e-05
-3.67696472326e-05
-4.94240903181e-05
6.52896519742e-05
-9.33293120096e-05
1.56409187557e-05
1.70538283331e-05
-8.47569537163e-05
0.000163879330586
-4.26417667142e-05
6.05087089205e-06
-7.88877404841e-05
4.05640961094e-05
-4.28854400776e-05
3.39295542324e-05
-2.57388862663e-06
-3.13556656082e-05
-2.31080548592e-05
-1.25145668175e-05
1.68144853029e-05
-1.59377525804e-05
-9.96172375979e-05
7.91728355956e-05
2.04444020042e-05
-3.16282713025e-05
3.16689981682e-05
-4.07268677419e-08
2.24568963541e-05
5.59696179266e-06
1.45149781219e-05
-2.55627384726e-05
1.1047760351e-05
-7.04553267619e-06
2.19813867881e-05
-1.49358541112e-05
-2.23711815535e-06
-1.70180102176e-05
6.11789820645e-05
1.98904792552e-05
3.81301404255e-06
-9.25096681482e-05
-0.000108805343546
-1.53110723427e-05
-1.71893836507e-06
-1.61341626986e-05
-1.20977847346e-06
2.0764695877e-05
4.29326874928e-05
2.24173828846e-06
3.79731251779e-05
-4.51263254733e-05
4.28892073196e-05
-7.99735861711e-06
9.31538631849e-06
-6.98072051033e-05
6.04918187702e-05
-2.17774039421e-05
4.64914484277e-06
3.45393064442e-06
1.80735597003e-05
2.11393527685e-05
-8.62623296705e-06
-1.25131198008e-05
2.79545382621e-05
1.21375705056e-05
-1.40938200923e-05
2.19082684862e-05
-7.81444839318e-06
-2.53066358213e-05
-3.67385660786e-05
2.59668928397e-05
-1.14519147172e-05
-1.96526279209e-05
-5.04148523029e-05
3.83511854189e-05
-1.49709994536e-05
2.84004819192e-05
-5.99091577406e-05
-2.40475127661e-05
1.85187826119e-05
5.52873015538e-06
-1.53607432969e-05
-2.29684931495e-05
-2.61917645055e-05
-1.23324190256e-05
-5.13905227583e-05
-2.43767248188e-05
-8.55008023507e-06
2.79211759018e-05
-2.04908965313e-05
8.43023302146e-06
-3.28069578408e-05
-7.8000499578e-06
-1.51221054794e-05
2.60543391828e-05
6.69168775586e-07
1.62362764497e-05
1.51733559203e-07
-8.7602978633e-06
-1.41762560085e-05
2.29365538726e-05
2.89831838759e-05
2.08746721805e-05
6.27241972516e-05
2.27873165517e-05
5.23764963417e-06
-2.80249661847e-05
3.05133006479e-05
-4.27769615757e-05
7.08540860981e-05
-5.22293292584e-05
-1.95791350045e-05
-2.39962072736e-05
1.61961573163e-05
5.47627913261e-06
-3.71575591822e-05
3.1681280035e-05
-5.15273088822e-06
2.79400474414e-05
-4.76030464295e-05
4.5794950606e-05
1.80809582441e-06
-5.96899376633e-05
4.5370809328e-05
-6.71589210864e-06
2.29140894823e-05
-1.79254952229e-05
1.0803999696e-05
1.95077347215e-05
-3.12037638616e-05
1.16960291418e-05
3.63637871928e-05
-4.30049559867e-05
-1.62165321098e-06
-1.02994104932e-05
-2.44850999316e-05
2.24090215524e-05
-2.70883467854e-05
-1.50746569636e-05
-8.92155030952e-06
5.90773442466e-05
-1.70739138928e-05
4.26394959473e-06
-1.04993270741e-05
1.5739108577e-05
1.01386493626e-05
1.58282434771e-05
4.05972570573e-05
4.53425465866e-06
6.04132046585e-05
-2.3073592037e-05
1.84018338674e-05
-4.7389091032e-05
6.15066856465e-05
1.66569001225e-05
5.63255263155e-06
-2.22894527518e-05
1.97029976586e-05
-5.50476344858e-06
-1.4198234209e-05
2.31630998281e-05
3.88936233117e-06
2.47536030081e-05
-2.40020060284e-05
3.12851172288e-05
-4.01547680504e-05
-1.46363975385e-05
1.28853582935e-05
-3.16149789896e-05
5.40512495534e-08
1.29769691431e-05
4.81635600459e-05
-1.00160183483e-05
2.16640587545e-05
-4.73318132622e-05
4.05662013947e-05
-4.52906841561e-06
2.12658055504e-05
5.3271266911e-06
-2.65929322411e-05
3.04529799278e-05
-1.1076985048e-05
-5.17793320118e-05
2.4992905501e-05
-1.48542561381e-05
3.17824414704e-05
2.53239360503e-06
-3.43148350796e-05
1.66799628138e-05
-1.37408689762e-05
1.05243204779e-05
-2.88956539553e-05
2.65034551849e-05
-1.17753031779e-06
0.000137005984697
3.39980987139e-05
1.51958093087e-05
1.98601690853e-05
-3.50559783925e-05
-1.10980301891e-05
6.22718973534e-05
-3.80422237247e-05
1.67589461582e-05
1.11723044614e-05
-1.04865293822e-05
-3.03574238889e-05
-1.21164592671e-05
1.25825677572e-05
3.11833584939e-05
-2.27531254707e-05
6.08598835803e-05
-1.26963235411e-05
-3.15519345432e-05
2.92461648882e-05
2.6380013509e-05
-4.71921461109e-06
1.75508854255e-05
1.36380095884e-05
-3.56936643691e-05
2.20556547771e-05
6.80054655209e-06
-2.62719204939e-05
1.71647452418e-05
9.10717525299e-06
2.18888334288e-05
-3.9417412214e-05
1.75285787841e-05
3.49748395413e-05
-1.61457118959e-05
-5.63169204546e-06
1.39638440397e-05
3.00539677661e-06
-1.33648004993e-05
-4.9750003442e-05
-2.59776871284e-05
-5.77042355519e-05
1.42852428887e-05
-2.06794433843e-05
1.23323358677e-05
1.76845400305e-05
-7.31615649525e-06
2.22704845355e-05
-2.9833619196e-05
1.9531048562e-05
1.57490890535e-05
7.41401077648e-06
8.95614518814e-06
3.83518728122e-05
-4.9307496534e-05
-7.18097472636e-05
-0.000107529865044
5.82223685011e-05
-2.2504169763e-05
2.87757865153e-05
-7.08625706674e-05
3.27668293213e-05
-1.19650164821e-05
2.25641385163e-05
5.16025554053e-05
4.07676760424e-05
-4.26554327796e-05
-1.04436770161e-05
-1.60076790296e-06
2.04978176766e-05
-1.88970497709e-05
5.39051320902e-06
2.92381483758e-05
-3.46286615795e-05
1.73485236373e-05
-2.40644157451e-05
-3.79389600327e-05
1.94925697076e-05
1.84463903242e-05
-1.32249260837e-05
-2.00918298091e-06
2.37915367634e-05
-2.08614492725e-05
-2.93008748691e-06
9.32249694884e-06
-3.00019403305e-05
-2.38349548269e-05
6.73919111425e-05
-0.00010599326887
3.60015213832e-05
-5.24014765339e-06
-3.07613737331e-05
-6.47023376645e-05
-3.86507236538e-06
-1.43533595994e-05
1.82184319662e-05
-1.18834159893e-05
2.61306713897e-05
-6.69898912867e-06
1.2654442564e-05
-3.04491605506e-05
1.60713551919e-05
5.51508068343e-05
2.92568609801e-06
-8.64938892237e-07
-2.647782729e-05
1.85188752301e-05
7.95895206069e-06
1.37989516679e-05
8.18243512082e-06
-1.48328666174e-05
1.48759270979e-05
1.08033438287e-05
-1.42669388512e-05
0.000138221915844
-0.000230731583991
3.22017179594e-05
-6.9306429264e-05
-2.0870190541e-05
1.3577031781e-05
4.5103415287e-05
-2.21420796332e-06
-1.47394377053e-05
1.51451162233e-06
-5.80953585023e-05
4.2506352094e-05
2.64678462291e-06
1.66134947906e-07
-2.72535412987e-05
2.70874063508e-05
-3.90798735249e-06
-1.91656046822e-05
-4.24440525723e-06
2.2610380528e-05
2.39421235894e-05
-5.42334097641e-06
1.9697718333e-05
-1.56370028016e-05
4.95422461876e-05
-8.25291697456e-06
1.54170169156e-07
3.69081497979e-05
-2.32701402099e-05
1.49837830478e-05
-5.00347390418e-05
5.94587320686e-05
-1.72823974369e-05
-2.28024889754e-05
3.23350551834e-05
-2.30125582361e-05
-4.20023866151e-05
-8.79987946573e-05
4.61422535761e-05
3.39224591458e-05
9.73203743563e-06
-9.31308204789e-06
1.94542381204e-05
-5.76052716965e-05
2.62061838637e-05
3.13990878418e-05
1.73881337999e-05
-1.89889017016e-05
-2.08580231949e-05
-1.47570783937e-05
3.56151015846e-05
-1.58395877759e-05
-5.62093996365e-06
3.61374190415e-06
2.61077478295e-05
-3.46578280633e-05
1.2814890449e-05
2.65844089507e-05
-8.06553372049e-06
-2.73459269071e-05
1.6902249891e-05
-9.19261125522e-06
-1.07138675273e-05
2.00380192376e-06
2.70288741414e-05
-6.74007231018e-06
2.95621612576e-05
-2.28220889455e-05
2.94795839176e-05
-2.44094303694e-05
-5.07015354538e-06
5.68596810598e-06
-1.60925369401e-05
2.35166796474e-06
2.94765911166e-06
1.46032263143e-05
-1.12310823771e-05
-2.44625819911e-05
-1.9843711869e-05
2.51708385609e-05
1.6050126604e-05
-2.09426615073e-05
8.42954170677e-06
-2.73831070595e-05
2.27176485882e-05
-2.14442678845e-05
-1.27338070103e-06
-6.72095523465e-06
-2.130401095e-05
1.3287125863e-05
1.85619931699e-06
3.45785214031e-05
-1.25228666272e-05
3.47682994395e-05
5.73666775343e-05
7.99706814124e-06
2.80044532368e-05
-1.55465113717e-05
-3.65849580241e-05
2.44432861848e-05
2.20356446908e-05
-4.07350695766e-06
-1.54636113098e-05
-1.18823155968e-05
2.59981810742e-05
3.48140284453e-06
-2.42109559837e-05
-4.75964728302e-05
-1.52122568022e-05
-6.70534118612e-06
-1.98875910551e-05
6.3217682428e-06
2.57627687255e-05
-2.77553211277e-05
1.99255240338e-06
1.65294785625e-05
-2.56563452214e-06
2.86894065779e-05
2.52670528454e-05
-1.85702349495e-05
-6.69681789558e-06
1.28679315432e-05
-3.12023815567e-05
-1.75323294553e-05
3.1789698567e-06
-3.9019991911e-06
3.06616850464e-05
-2.95118568059e-05
-1.73102720169e-05
2.52692240782e-05
1.74901087845e-05
-2.13980961353e-05
-3.32515327399e-05
8.76643280877e-06
2.22723185969e-05
-2.47214140365e-06
4.79934396729e-06
-2.06389317414e-05
-2.75887581829e-05
2.90161689332e-05
-1.42741075114e-06
2.92971954172e-05
-2.3744247725e-05
2.86162153501e-06
7.94280052032e-06
-3.09553587551e-05
-1.02273092618e-05
-2.25796485769e-05
-4.50338508753e-05
-4.40570142343e-05
-4.04652939147e-06
2.40343864991e-05
1.70843723452e-06
1.50687916233e-05
3.98767267572e-06
-1.90564642969e-05
4.75670467408e-06
1.34617272934e-05
-1.6322498864e-06
2.41528698914e-05
1.65196605822e-05
5.19317505428e-05
6.72910131546e-05
-6.15033597433e-05
-5.78765341915e-06
-2.51375957844e-05
-1.3920726945e-05
3.90583227324e-05
1.98254962982e-05
-8.9799404485e-06
-3.15820977759e-05
3.69726109889e-05
2.91823038812e-05
2.90951095412e-05
-2.2095692168e-05
-1.40175675609e-05
-9.04135194471e-06
-1.46853864555e-05
7.8682584288e-06
-2.51785304449e-05
-2.60653011148e-05
3.73181154351e-05
4.18625445955e-05
1.46193491044e-05
2.23158596562e-05
-7.12754952261e-06
3.63656978965e-05
-2.95430441796e-05
-2.04098127416e-05
2.1108499808e-05
-6.98687064318e-07
-1.45780253174e-05
-5.24901052843e-05
-3.55086893717e-05
-2.93676948061e-07
2.37156314822e-05
-3.82515222945e-06
-7.0642272738e-05
3.55781764596e-06
-3.39062493049e-05
3.74640669514e-05
2.05455035884e-05
6.62632741213e-05
-6.70900466212e-05
-1.84433985979e-05
-4.1026830801e-05
-5.45839395165e-07
3.12075244425e-05
2.68762396243e-05
-3.40037891452e-05
-1.57788479822e-05
3.64502747661e-05
-3.38525468465e-05
-2.59772792089e-06
-2.53087322194e-05
-3.44382652451e-05
-2.1928168311e-05
2.16344913649e-05
-4.73370749769e-06
3.66168942994e-05
-3.18831868024e-05
3.74411282549e-05
9.88449639021e-06
4.73773440613e-05
-6.8111426663e-06
1.49384794966e-05
-3.8208619707e-05
-3.55408641162e-05
1.63461481197e-06
3.56426724317e-05
9.88883080866e-05
-9.98691675811e-05
-2.80093521359e-05
6.43251962433e-06
-3.17412518411e-05
-1.49324221158e-05
1.66034086542e-05
-1.67098653722e-06
-8.81837043675e-05
2.70092143412e-05
-1.6651259065e-05
-5.87244195729e-06
7.81000543065e-06
2.85556924672e-05
6.1540679138e-07
3.58348679738e-05
2.74712059603e-05
2.44310201857e-05
9.57737131654e-06
-1.9835119107e-05
-2.26057305914e-06
-1.95141895761e-05
-9.38146437658e-06
3.42552281553e-05
-3.36398213641e-05
-9.86005957822e-06
-1.39748952483e-05
-0.000166091239068
-1.48449815076e-05
0.000180936220657
3.39438463434e-05
-5.19758339196e-05
3.78690192084e-05
-2.98719510679e-05
-5.26911979698e-06
2.50837134707e-05
-1.98145936772e-05
2.1766466187e-07
1.28336438003e-05
2.70882668512e-05
-1.94315068322e-05
-3.10244697446e-05
3.88344751767e-05
1.84111964838e-05
3.24254676685e-05
2.47143157163e-05
-4.61891638548e-05
5.75840068396e-05
1.48166492873e-05
-4.95131437302e-05
3.83605429387e-05
-1.03072645599e-05
-4.79736965757e-05
-2.08134330939e-05
1.25856827582e-05
3.8133063781e-05
8.07462182545e-06
-1.77693565159e-05
-3.8708833481e-05
3.3975125983e-05
2.76434745257e-06
-9.73253781543e-06
3.67932647189e-05
-2.70607269039e-05
-2.90195409421e-05
-2.75712695195e-05
-7.10734425512e-06
-2.38480144967e-05
3.30456870769e-05
-1.65401176864e-05
1.38411936237e-05
-8.64224479895e-07
-4.45677564712e-05
5.94814124501e-06
-5.72956451137e-06
-2.60116873274e-05
9.99730026949e-06
-3.25769488457e-05
2.42739182832e-05
3.66612915959e-06
-2.63355504647e-06
5.02082375557e-06
2.92054380189e-05
5.36248374013e-05
-6.15708153784e-05
-3.10592443849e-05
8.30611891521e-06
-1.51806614903e-05
-9.80533687855e-06
2.60282583066e-05
-2.40357059026e-05
-1.69945907927e-05
3.64871604988e-05
-1.58774944399e-05
-3.87152828858e-05
3.19299209108e-05
6.78536197532e-06
7.84247032738e-05
-1.7288070201e-05
-4.07421495204e-05
8.83513981836e-06
3.19070097017e-05
-2.54233573096e-05
2.56410219723e-05
-3.51780212026e-05
2.54454833848e-05
-4.05208432257e-05
4.95474231938e-05
-9.02657996505e-06
2.77658435508e-05
1.03672202324e-05
2.63462586833e-05
-1.53298163157e-05
1.55203569591e-05
-1.90540642389e-07
1.55991634752e-05
-2.97748568344e-05
-1.09672926863e-05
2.86364644864e-05
-2.98801430677e-05
-9.64146741011e-06
1.82372446184e-05
-7.0340486714e-05
-1.49711587678e-05
-3.58657547217e-07
-1.68525179147e-05
3.99803480685e-05
-2.31278301533e-05
-6.7789125704e-06
-2.59374008645e-05
1.52456851827e-05
-5.62725159811e-05
9.42331641958e-07
-2.16684422602e-05
-8.33349806664e-06
-2.23006947394e-05
-3.86658207231e-05
1.57186658691e-05
-1.97921728261e-05
2.95775790081e-05
-2.455675525e-05
-2.36948124534e-05
-6.04900996974e-07
4.79705791324e-05
-2.02081129151e-05
-5.19094766197e-05
3.14185800914e-05
-1.75488479363e-05
4.52551488485e-05
-1.02403034081e-05
-1.33654349409e-05
-5.11009344141e-06
-5.6188235998e-05
-2.10619441144e-05
-8.31175467038e-06
5.68562716615e-05
-4.85445170021e-05
-5.83464937159e-05
-2.12369252639e-05
1.73599056304e-05
-1.90788439943e-05
-2.059949822e-05
1.50947347722e-05
2.26492682589e-05
-1.87960905807e-05
-3.91023074692e-05
-1.6404608597e-05
-1.59244275026e-05
1.68667591452e-05
1.13442992076e-05
1.62168565581e-05
-2.46887130693e-05
-1.37665477178e-05
4.28482756464e-05
-2.03420997598e-05
3.87884900831e-05
-2.69155260268e-05
-1.24832406022e-06
1.65371477109e-05
-1.94677286226e-05
-1.18006072778e-05
-2.07763415675e-05
-7.17356796485e-06
2.42397678048e-06
-1.83014712194e-05
4.75431357466e-05
-9.3285460373e-05
-2.30807434165e-05
-4.14664896938e-05
-2.24430602477e-05
-6.37908742776e-06
-5.1257643392e-05
1.10721905853e-05
5.97818955063e-05
-2.53940912039e-05
4.03520877632e-05
-1.49579965602e-05
-5.19095409112e-05
3.62725381159e-05
1.21805196507e-05
-1.40970572564e-05
-2.86799043292e-05
-7.31930307722e-07
1.65181663225e-05
2.86730403948e-05
-5.16415335404e-05
2.92429056064e-07
-4.05014429129e-05
-1.94077148325e-05
-2.44789327185e-05
-3.86370220827e-05
2.67574049301e-05
9.76396678668e-06
-3.08259109003e-05
-4.95007836715e-05
3.16085151688e-06
-1.98121105804e-05
4.40554470272e-05
3.25137957298e-05
-1.78133314647e-05
-1.47004642754e-05
4.27362805279e-05
-1.29913749957e-05
4.05992282604e-05
-2.76078532651e-05
1.68609765535e-06
3.84611052624e-05
-1.27442344981e-05
2.49903664639e-05
-4.18428843798e-05
1.79892938697e-05
1.16904814871e-05
-2.17064998352e-05
6.61494321762e-05
-4.80758724823e-05
-5.89482594411e-05
4.97732926104e-05
-4.260584688e-05
2.9614471884e-05
2.78999461982e-06
1.13558607056e-05
-2.38704275231e-05
2.31672278108e-05
-6.8006030791e-06
2.63671732839e-05
-2.5416962828e-06
2.57027336777e-05
2.54110488748e-05
1.96558413915e-05
9.5338862977e-06
-2.91897276877e-05
-5.96178980632e-06
-1.49084007359e-05
-1.77883023116e-05
-1.72676760818e-05
4.74408332389e-05
-4.59255759124e-06
-1.63368613648e-05
-2.14194265552e-05
-6.43828587237e-05
-5.21210394547e-05
5.54057351509e-05
2.94198081787e-05
0.000156329467256
-0.000265134810807
1.08243714254e-05
-1.66153735634e-05
-3.74906275286e-06
5.30796446373e-05
-3.61768112467e-05
-1.33363324798e-05
3.99463632012e-05
-5.8509652532e-05
5.3399559082e-05
-4.80838977783e-06
-2.96050726053e-07
5.29345782927e-05
-5.26385275697e-05
5.3274073651e-06
5.03938582278e-05
1.18320106432e-05
-7.86313770491e-05
1.05902905329e-05
6.4855385637e-06
-2.06214579439e-05
1.68723951921e-05
-5.59862826952e-06
5.49063030148e-05
2.7892002941e-05
-1.83581166428e-05
2.17085131759e-05
1.03107894276e-05
-3.20193026046e-05
2.30675112255e-05
-3.42985936025e-05
4.56754107897e-05
-6.44728022705e-05
5.33958172109e-05
-1.7278613197e-05
6.80164314021e-05
7.57672282161e-06
-2.850556007e-05
-1.19816036203e-05
5.38441482156e-05
1.23306827273e-05
4.43146509203e-05
-2.45059258461e-05
-1.98087250767e-05
-1.85524777022e-05
-1.00876655135e-05
1.98264692207e-05
2.88505021906e-05
-2.81507325347e-05
-2.94545391568e-05
-1.77166559391e-05
-6.44694245358e-05
8.21860804526e-05
-9.52474078933e-06
-1.74687644239e-05
-1.14545924422e-05
-1.93713184573e-05
1.40475944836e-05
2.76711986907e-05
-1.07689487991e-05
-9.79616169845e-06
5.61446173244e-05
5.93652608029e-05
-5.17848410388e-05
-2.78126506576e-05
1.73053850182e-05
2.70092659013e-05
3.96902525754e-05
8.18288291511e-06
-3.33740457269e-05
2.62004777596e-05
1.3920102914e-05
6.92927132877e-06
4.48283734733e-05
-5.17576447964e-05
4.04200072253e-05
-2.28914284418e-05
-1.79656945644e-05
2.41288031714e-05
1.49295195631e-05
-3.74395396186e-05
-1.39509831438e-05
-3.03686596445e-05
4.07358798764e-05
-4.68463914838e-06
-5.5157415952e-05
1.74677379964e-05
8.46581553406e-06
5.95194731179e-05
1.75518001439e-05
4.90297492492e-05
-2.32364362228e-05
-4.37899862238e-06
-0.0002215960632
0.000152305761763
-2.05572538234e-05
2.72439342249e-06
4.77878451375e-05
-9.25218001998e-06
0.000117817213378
-0.000129515737597
1.16985241947e-05
-2.5938799858e-05
-1.59723131007e-05
-8.7684469053e-05
-1.19327685503e-05
-1.17006819915e-05
-5.81065231246e-05
3.04794927525e-05
-1.96840226469e-05
-1.0765137906e-05
3.12554681735e-05
-9.54695499993e-06
3.32843409676e-05
-5.7048896863e-05
2.37645558738e-05
-5.55304204807e-05
5.31822451669e-05
2.3481752996e-06
-4.99997452341e-05
-3.90561757877e-05
-7.23640131319e-06
-7.11298760276e-05
-2.75558325193e-05
-4.17505967387e-05
-2.39082539586e-05
8.88175001181e-06
1.50265039464e-05
1.98214430082e-05
1.86205107911e-05
1.55123029229e-05
-5.41781236392e-05
3.4328419998e-05
-1.57079092082e-05
6.35821863294e-05
-1.79444105503e-05
-4.56377757859e-05
-7.72233732812e-05
-1.03342313858e-05
-3.37227828548e-05
3.40637087439e-05
-5.46209625626e-05
2.68858054683e-05
1.3060557735e-05
-3.33783006531e-05
2.08554340258e-05
-4.22957514821e-05
2.73377549215e-05
-6.52665959533e-05
2.8692891779e-06
1.91551397583e-05
-0.000115989306586
3.71982745374e-05
-1.9219484417e-05
-1.79787901215e-05
4.52266252778e-05
-2.58779369785e-05
-3.9464691518e-05
-6.08054616157e-05
-3.72904913816e-05
9.80959530047e-05
-4.96655518567e-05
-1.93923006949e-05
2.07807028786e-05
-2.43492820752e-06
-6.51441325197e-05
-6.04960567281e-05
-7.87060828205e-05
4.22838220498e-05
-1.02998832491e-05
-9.87670649309e-05
0.000109066948154
-6.49622602473e-05
3.67022425875e-05
5.51096844237e-05
-1.19526279348e-05
-3.56237658194e-05
1.160433047e-05
-2.07969417249e-05
5.9511843117e-08
2.69693622943e-05
-2.27969151647e-06
-7.39110507669e-05
3.73260927445e-05
-4.45931029134e-05
8.01642340109e-05
-3.40219804303e-05
-0.000107517330129
9.72748584532e-05
1.02424716469e-05
4.33831463971e-05
-0.000103702812924
-9.45826794659e-07
4.08877493312e-05
6.37035497698e-05
-6.2163141744e-05
-1.54040803804e-06
-0.00013156633715
-0.00013356847368
0.000169463545296
-0.000301029882482
1.0808292304e-05
1.40320885345e-05
-0.000187370876411
0.000173338787872
1.75612003581e-05
-4.05516931054e-05
3.46792511443e-05
-9.3408211526e-06
-9.62200913423e-06
1.72849159744e-05
-5.07906935784e-05
-5.38750038179e-05
2.9191042446e-05
4.95747489632e-05
-8.91107243974e-05
5.32571017485e-05
3.58536226306e-05
-4.30193991318e-06
1.26781252218e-05
-8.37618531304e-06
1.41775633127e-05
-8.85311021853e-06
-1.92739348365e-05
-2.25689495448e-05
-2.63153974185e-05
0.000166337850292
4.73348214508e-05
-6.46134346486e-05
-5.85100223035e-05
9.58727474223e-06
5.44450976472e-05
1.84465116849e-05
4.14119201515e-05
-3.29461046164e-05
-6.90223222101e-05
2.22541635337e-05
-1.23578142363e-05
4.18153250338e-05
-4.38906732028e-05
-5.43477187157e-05
2.84089188645e-05
2.12676210311e-06
-2.52593585601e-05
2.31325964529e-05
-1.52680919591e-05
1.84471663664e-05
-1.15714455266e-05
3.24268795503e-05
2.00779074642e-05
-1.46167220256e-05
1.74860112038e-05
1.82925544729e-05
8.06129728592e-05
-1.44013726756e-06
1.72523237479e-06
3.54971690959e-05
-0.000111596155197
4.37798606826e-05
-2.19036849816e-05
-2.1876175703e-05
3.17887620109e-05
-6.57256650779e-05
-4.02676037911e-05
6.27577232576e-06
-6.77791320765e-05
2.18736583245e-06
9.0347017313e-06
-3.89066528022e-05
1.82831103908e-05
1.36922516972e-05
-2.49953755522e-05
1.67420556156e-06
2.50831993652e-05
-2.59619923814e-05
1.64372515912e-05
1.13788070822e-05
-1.22430315616e-05
-6.79983152745e-05
4.74021945999e-05
-7.02553299726e-05
4.31669831878e-05
4.38506170788e-05
-8.26167625112e-05
5.86376021058e-05
-6.42692472051e-05
9.27349566209e-05
-8.903926528e-05
-3.69569135316e-06
-3.68221126952e-05
0.000139781705339
6.52600902008e-05
-5.89843178805e-05
2.92649498606e-05
2.32094296106e-05
-1.18535689048e-05
-0.000119600668896
-8.41152281257e-06
-1.91449071277e-05
2.75564299373e-05
5.34467599535e-05
-7.30993878703e-05
4.08234637413e-05
3.45174667948e-05
2.49785961165e-05
-2.71396255533e-05
2.16102943091e-06
-6.60156314241e-05
-1.07441520337e-06
-2.99447537932e-05
2.03977987918e-05
5.39707701939e-05
7.80211106045e-06
8.49328455596e-05
2.29786371801e-05
-4.10146404084e-05
0.000119459894563
-7.84452541683e-05
-1.10775002667e-05
-7.18146538881e-05
-3.9781501297e-05
1.407724604e-05
-1.72364222365e-05
1.7698720553e-05
-7.06487768577e-05
5.42256554716e-05
1.64231213911e-05
-5.70173551987e-05
1.11148115646e-05
-3.34522319766e-05
-8.1084683838e-05
6.33153273231e-05
-1.0102169365e-05
7.91922907706e-05
2.3634301223e-05
-5.18778953966e-06
2.02566786915e-05
-6.82303752775e-05
-1.23818383431e-05
9.94691013584e-06
1.79556504708e-05
-4.62107788644e-05
4.0983267088e-05
-2.31871513793e-05
5.21703352487e-05
-2.93176156093e-05
-4.77168811175e-05
6.20021239989e-05
-5.67069414914e-05
2.00276828719e-05
1.24731601876e-05
-2.4451552828e-05
2.71053582187e-05
1.72869181942e-05
4.38920638675e-05
3.13953285628e-05
-2.30021902218e-06
1.41801691933e-05
4.73265164543e-05
2.23680309716e-05
8.14211297319e-06
-3.05101439462e-05
-3.64794030828e-05
6.23597876283e-05
-9.96502790055e-05
-1.70263260587e-07
-8.17125629894e-06
-1.3215214233e-05
2.0326325837e-05
5.88751852955e-05
-1.28539141245e-06
8.91981681749e-06
1.86549915571e-05
-4.1223941103e-05
-0.000113608956006
2.59244869555e-05
-7.46783804148e-05
3.29277836789e-05
-4.72067224137e-05
-2.74716579935e-05
8.93690019715e-05
4.65452061172e-05
-6.61973342045e-05
-8.00634191162e-06
-2.49129361046e-05
-3.46422458342e-07
6.06095742623e-05
-1.98418982187e-05
-2.19831462018e-05
3.23392490322e-05
9.07267111777e-06
-1.21482639708e-05
-1.1986243657e-05
1.47751012034e-05
-1.67636934433e-05
1.98859223864e-06
0.000139867710138
2.44589873362e-05
-6.77264700392e-05
4.32674826991e-05
-9.92199736426e-05
7.32825727775e-05
-2.24673942528e-05
5.46151027302e-05
5.05611499975e-05
-6.16386502657e-05
4.86896608194e-05
-2.32786119427e-05
6.57780734837e-05
-5.18579705725e-05
2.67106894132e-05
-4.26827615299e-05
2.88003960056e-05
1.38823655266e-05
-1.88193353018e-05
1.28575454953e-05
2.24978963129e-05
-6.3291238005e-05
-2.14778238032e-05
1.16606227912e-05
9.8172010115e-06
5.8178212928e-05
6.26291345602e-05
-1.51328358841e-05
1.87168887373e-05
2.46528427404e-05
1.36307889684e-05
2.96222037949e-05
1.11136760802e-05
5.38603126053e-05
4.76578165371e-05
-3.78440958785e-05
1.11081742957e-05
-2.0663493826e-05
-0.000253939338366
0.000188672742393
-1.13972673355e-05
1.80815533921e-05
8.1228702844e-05
-2.08096999616e-05
1.83018905171e-05
-4.22464447747e-06
2.69647308367e-05
0.000101548933543
-0.000113481702092
1.03238337043e-05
2.87070044737e-05
1.04107092081e-05
-1.86147778063e-05
8.20406859833e-06
4.00968956531e-05
-9.14996738678e-05
1.63018908297e-05
-1.77846295543e-05
1.99413071171e-05
-3.13786665074e-05
-2.32422960504e-05
-3.44469001857e-05
-6.1047929282e-06
-2.31407217135e-05
-9.33729580842e-05
9.19328208185e-05
-1.58581537925e-05
7.35917451284e-05
-0.000113373246424
5.3300139849e-05
-1.72266039526e-05
8.17597545872e-06
7.18611819361e-05
-2.11460336388e-05
-6.14224559701e-05
1.32267380004e-05
1.96885219337e-06
-2.55012052782e-05
1.50146758958e-05
2.10021026293e-05
-2.70954815876e-06
2.59571712416e-05
-3.95152967777e-05
1.36373597992e-05
-1.21112526341e-05
-1.17970013247e-05
-1.72020169052e-05
-3.43665117378e-05
-1.32213522712e-05
-5.19227802507e-05
6.55563971476e-06
1.70786615068e-05
5.14191960146e-05
4.34529251123e-05
-6.83787682259e-05
1.39262515151e-05
-1.07593011309e-05
9.07113199076e-06
-8.44757930996e-05
-5.98456683173e-06
1.68024778005e-05
-3.25278317819e-05
1.30186595549e-06
2.93010447156e-05
4.40726172832e-05
-2.23529810269e-05
1.71651914854e-05
2.46132103308e-06
-1.8555643067e-05
1.6094322033e-05
-1.00303126083e-06
3.27302998497e-05
-6.52982209226e-06
9.35791670932e-05
-5.55244223301e-06
5.68092476451e-07
1.56681839718e-05
-2.48387501056e-05
1.68324081927e-05
2.38771896314e-05
-8.34998801384e-06
2.09356707717e-05
-1.56876785568e-05
-4.92745816929e-05
-9.06395368732e-06
-1.41531127587e-05
7.99125173378e-05
-2.34580111176e-05
-1.03862325167e-05
-6.01942895543e-05
-2.60585338704e-05
-4.40883676013e-05
-2.04103324979e-05
6.43023963631e-05
-7.61701065268e-05
4.68493419612e-05
-4.30497186221e-05
3.0287251176e-05
-1.60571652196e-05
2.26117397977e-06
4.43426130008e-06
2.91257602675e-05
-4.36389025371e-05
-2.4087567506e-05
1.16776699327e-05
6.76104588075e-05
-2.0542372803e-05
1.00092845991e-05
1.05330882038e-05
-5.04663458068e-05
2.21729802489e-05
0.000108172122282
-5.09798918067e-05
-9.71884098957e-05
6.29560007616e-05
6.71122342996e-05
-4.82320914829e-05
-8.82441813768e-06
-3.07804787996e-05
2.62429540227e-06
2.81561834003e-05
4.01992417653e-05
-1.78376526067e-05
-7.69061446753e-05
-1.21435605483e-05
4.65207311809e-06
-3.90581466151e-06
2.8746283483e-05
1.81198926199e-05
-2.34828238982e-05
4.38459497798e-05
-7.22596358854e-05
-2.14401431299e-06
-4.14956407244e-05
3.98739875174e-05
1.7747027618e-05
-1.09550947236e-06
-1.69321454548e-05
-5.92379610699e-05
-8.39616718945e-05
-9.98069965663e-06
-7.46446106468e-06
6.05441057006e-05
7.83367145857e-06
4.22646658096e-06
-1.2060138038e-05
-0.000111219741825
4.65318650801e-05
-1.91004959175e-05
5.71329132933e-05
5.06872657079e-05
2.66022691709e-05
7.70205143957e-06
2.46919671888e-05
3.70358046784e-07
5.48074362872e-05
-4.28923131942e-06
3.09999207312e-05
-2.56548465357e-05
4.21037030283e-05
-1.64488564935e-05
3.48702742735e-05
6.09594489455e-06
-1.21893715436e-05
-3.95867512084e-06
-2.28312180774e-05
1.70962879668e-05
3.72910150727e-05
2.48365289473e-05
9.95489079661e-05
-5.93919662793e-05
-6.08657253423e-05
2.16353646426e-05
3.16647752036e-05
-2.11488133715e-05
-4.50485208291e-05
-8.60549320726e-06
-1.65287581077e-05
1.85173503455e-05
4.09090284636e-06
-1.45816345834e-05
-4.23770071942e-06
7.23009322865e-05
-2.43274995776e-05
7.59300549809e-05
0.000164291574864
-2.60696590205e-05
-3.01560894633e-05
1.50392381201e-05
-2.89132804122e-05
-1.95804283814e-05
1.68708802215e-05
5.42972030837e-06
-2.52443139885e-05
3.29115465795e-05
4.75336823545e-05
-4.50529079541e-05
-2.44700986389e-05
-6.04004530914e-06
-2.22457299131e-05
-4.06859532969e-05
4.12505154802e-05
6.6921606795e-05
-1.56389041205e-05
-1.45171853535e-05
-5.17074309138e-05
-5.58306007534e-05
5.81787760483e-05
6.38785682758e-05
-3.87764303462e-07
5.51772046616e-05
4.37041988616e-05
1.08920288745e-05
-2.27455977791e-05
8.8931032284e-06
-6.36059172767e-05
2.3503090557e-06
-1.59113451219e-06
3.98769664353e-05
-3.99421133475e-06
-2.1721896188e-05
-1.17017814819e-05
5.81906211445e-05
0.000100637673469
2.64445510245e-05
-0.000127082224496
0.000108813648929
5.24720438619e-05
5.65056389177e-05
6.81565756883e-05
-2.49895924949e-05
4.75047136068e-05
4.39341275574e-06
4.84137445341e-05
-3.42123415704e-05
2.69535524262e-05
-2.30770976062e-05
-3.87645482307e-06
-2.30007147944e-05
4.89425039291e-06
-1.89277504185e-05
2.17399335552e-05
-1.12068453513e-05
-3.15098827623e-05
5.68081582155e-06
2.12727366027e-05
7.28086180071e-05
-4.97002948727e-05
-2.310832313e-05
-8.85212693908e-05
-2.48519770344e-05
-7.47387911064e-05
7.53429667626e-05
-5.88495987106e-05
-1.64933680483e-05
-6.93809048504e-05
3.8959710979e-06
1.47609600753e-05
-5.75308483869e-05
-1.99054005028e-06
-1.13537010385e-05
-0.000133718770686
2.63188774211e-05
-5.92757658867e-05
1.31849138292e-05
2.88647895582e-05
-4.02826061248e-06
-0.000107274219665
3.72732132567e-05
-2.59396211587e-06
-2.02240894402e-07
5.65854305774e-05
2.28247442484e-05
1.09034353105e-05
-2.2110280662e-05
2.53077547703e-05
6.70633958546e-05
-1.18421624687e-05
1.72955734521e-05
3.37108542591e-05
-7.66377610097e-05
-2.98139487687e-05
-4.81471280826e-06
-1.11535481437e-05
4.0927789212e-05
7.81566780872e-06
-1.34039662068e-05
-8.65669810301e-05
-2.0077246647e-05
1.59415472993e-05
6.37446596399e-06
-2.23160132652e-05
4.27316638101e-07
-3.46396582102e-05
2.14844549343e-05
-1.22930796507e-05
-2.33471372541e-05
1.81957705425e-05
5.33559026437e-05
2.79097687563e-05
-1.85082181407e-05
8.8862090091e-06
-5.95087990836e-06
2.23937657082e-05
6.14796809667e-05
-1.33710667949e-05
2.25758366918e-05
-6.24187754551e-06
2.21834248439e-05
1.18760254218e-05
2.1399166181e-05
-8.11204031745e-06
-3.69474134063e-05
-2.14312999472e-05
-1.18295503277e-05
1.92122745849e-05
2.29247838993e-05
-1.45378718669e-05
5.16498109805e-05
4.26232310169e-05
2.66232184241e-05
-7.63235132904e-05
-2.32394298043e-05
3.92966037021e-09
7.68755085609e-06
-2.34531274708e-05
1.5765576613e-05
-2.59309233336e-05
-3.30761390798e-05
-4.04271094906e-05
3.7833147375e-05
1.30794988164e-05
-3.13258867972e-06
2.45199590485e-05
-1.17960402632e-05
1.76715930992e-05
-9.17749962533e-06
9.55371710451e-06
-9.56246783395e-06
-3.45258997733e-05
4.08001129298e-05
1.02827570411e-05
3.86271991011e-05
4.27993857135e-05
5.07096437159e-05
-2.54471142148e-05
-2.5262529506e-05
-5.46602312443e-06
3.28440451278e-05
-8.18768051554e-05
3.62052260212e-05
7.33566471021e-05
-1.7007924315e-05
-8.85733968696e-07
-7.19767316285e-05
4.69871391422e-05
1.61050056906e-05
5.61546301948e-05
1.15384796127e-05
4.46808589999e-05
-1.29566727633e-05
2.66540285089e-05
-4.23665379337e-05
3.76226106236e-05
3.34698556174e-05
-2.32248229533e-05
8.6869510858e-06
-3.80768004357e-05
-2.37159738942e-05
3.23859823278e-05
-4.22979892516e-06
6.09644219192e-05
-3.02414862517e-05
-3.94179968625e-05
-3.63921707952e-06
-2.38374440382e-05
-7.58575230238e-05
-5.37229359038e-05
3.01959536591e-06
-1.41622567899e-05
-2.11502782821e-05
9.13441377949e-06
7.65231304539e-05
-5.34148073239e-05
-2.41429564467e-05
2.6763532086e-05
-4.86229570336e-05
-7.45924634067e-06
3.16568848485e-05
1.98904755863e-05
5.23305124357e-06
-1.98146858284e-05
-1.54560053612e-05
-3.501030008e-05
-1.59172270394e-05
1.59187147305e-05
3.97176085404e-06
2.25477307515e-05
3.39579081665e-05
-4.64355463864e-05
-5.15082178066e-06
-2.39376500732e-05
-4.58138257771e-05
2.106804882e-05
-4.81659508972e-05
-1.63380499032e-05
4.49593026275e-05
-2.11218585893e-05
3.3877040371e-05
-7.10809291764e-05
-7.58853343247e-05
-4.27607206376e-05
9.83942156581e-06
-1.29720102451e-05
-6.94514584785e-06
2.79222653943e-05
2.42480698553e-05
5.98387458281e-05
-3.95709096194e-05
-2.73858240152e-05
6.69567336312e-05
-5.05885619241e-05
2.86453705699e-05
-5.45762939032e-05
-5.92403579124e-05
-2.22071647175e-06
-3.05949873413e-05
-1.8761143458e-05
3.25214078184e-05
-6.55939929266e-05
2.49430554055e-05
-4.55980031882e-05
2.37498807473e-05
-6.36584771245e-05
-5.5912845059e-05
2.53178577201e-05
-4.75976739753e-05
2.23351444744e-05
3.63795104696e-05
2.34592353593e-05
5.64326770454e-05
-7.27707269457e-05
6.26983878915e-05
-1.94526572775e-05
-3.85595213607e-05
3.53125638782e-05
7.1664694968e-05
-2.83972122705e-05
2.89039743265e-05
7.64376566801e-05
2.82717057815e-05
-2.70208137382e-05
-8.07437496434e-05
-6.28742563752e-05
8.04843831501e-05
1.6540501068e-05
-8.34089323006e-05
4.65869312919e-05
4.32146697729e-06
-1.63088547264e-05
1.19873877487e-05
5.39398932012e-06
-1.54075855996e-05
1.39459660609e-05
3.54004514323e-06
3.48505817271e-05
9.21643111871e-06
-4.4067012857e-05
-2.96227331706e-05
6.33336383373e-05
-3.3710905179e-05
-7.15247516465e-05
0.000122726558079
-5.12018063771e-05
-1.08886497765e-05
1.52101167538e-05
7.35135149305e-05
-1.01981876097e-05
-5.62254447295e-05
-9.22796526633e-05
4.12997608505e-05
-1.13653523015e-05
1.54562551481e-05
0.000201900442925
-5.11124948186e-05
-0.000150787948034
-0.000122073884635
2.6619216213e-06
-9.74115518866e-06
-9.48230546897e-05
6.79202047287e-05
2.6902849944e-05
-2.50698771255e-06
1.12042875985e-05
-8.69729988987e-06
8.41422181507e-06
-5.65954295052e-05
5.39561361687e-05
4.61100654977e-05
1.34296173085e-05
1.38703197646e-06
5.8232806469e-06
1.24786098702e-05
-2.05842407222e-05
1.63465400024e-05
-7.92518757597e-05
-1.69709754151e-05
1.82099156557e-05
4.35201325637e-05
3.8040103335e-05
1.92299892252e-05
-6.37244373042e-06
-1.1993587912e-05
7.02436642547e-06
-1.48801188589e-05
5.56641425916e-05
-6.59555165261e-06
4.69004454828e-05
-8.0430676073e-06
2.97693629675e-05
1.12726143926e-05
3.0785854398e-05
-1.30844485082e-05
-3.79832168022e-05
-2.53564693903e-05
1.74108976533e-05
-6.33247310135e-05
2.14906342632e-05
-1.81317609215e-05
3.44309363133e-05
-2.75541808168e-06
7.31107179472e-06
-4.60483700228e-06
4.49079199925e-06
-1.15279962109e-05
-0.000131374496956
-6.77032033481e-07
6.10062319889e-05
-7.22502756488e-05
6.54812330721e-05
-0.00017638692121
1.4867322797e-05
0.000112214901699
-9.05634960422e-06
-2.28006455685e-06
-1.3343653873e-05
5.13329283922e-05
-8.66419937379e-06
1.2766290567e-05
-7.1065474003e-05
6.52778205776e-05
-6.35433906189e-05
2.8966277144e-05
2.26288003852e-06
-6.27546988087e-05
5.7202256566e-05
-9.05002295808e-05
-5.48712238255e-05
-1.14831583849e-05
-7.84497941967e-05
8.16466397412e-05
-1.31616537476e-05
1.42571632199e-05
-7.95999094298e-08
7.77180543088e-06
-1.31065152012e-05
5.87092377235e-05
-7.91632559366e-05
3.26313908565e-05
-3.05053281816e-05
2.38423478693e-05
5.11356927108e-05
-7.49780566221e-05
4.11700090508e-05
5.51535192196e-05
1.55591059608e-05
-2.16603185823e-06
-3.40572841666e-05
4.71408166109e-06
1.47294977666e-05
-6.82213690018e-06
-5.46228376417e-06
1.24866501874e-05
8.54405241154e-06
1.16236536825e-05
1.94941429838e-05
-6.11335595917e-05
-0.000176394037429
1.57225570609e-05
4.83334015365e-05
1.64233651982e-05
8.02381160659e-05
-1.95957239742e-05
-6.85959630587e-05
-7.97985299488e-06
1.77955021485e-05
-9.59143355021e-06
9.49246973918e-05
2.85019258439e-05
-7.41379154987e-06
1.45248334362e-05
1.67264875326e-05
-1.71018859692e-05
8.67234426246e-06
-0.00012515342287
3.09183778651e-05
-9.85546081213e-05
-1.07646480904e-05
4.83388094455e-06
-3.1850277026e-06
-0.000104907564936
3.43916791487e-05
-5.56022947667e-05
5.7712934253e-05
9.11993370975e-06
-3.75238398421e-06
3.12513975395e-06
1.02602732957e-05
1.17734074518e-05
4.58633926556e-05
-2.13213175116e-05
0.000443896581343
-8.65878288754e-05
-0.000357308752536
0.000127621639155
0.000257105338328
-0.000384726977537
-5.73019236038e-06
-7.11759523194e-05
-9.53465937277e-05
-0.000135384990259
1.75581979925e-05
-9.03153678916e-06
2.10627882345e-05
-2.6935558418e-05
-1.40838550059e-05
3.30871728456e-05
-2.1568945566e-05
-1.64142712443e-05
1.13543475643e-05
-4.17643528431e-05
-1.08206891297e-05
-7.04890931452e-06
1.59371594333e-05
-2.88937947018e-05
-1.59495363136e-05
-6.58932638472e-05
-1.00015178466e-05
-0.000219257754527
-8.17721280016e-05
-6.48862184434e-05
-4.67686136344e-05
-1.67747770004e-05
1.46662342265e-05
3.9289901935e-05
-1.81611300691e-05
5.83985083575e-07
-5.35907505395e-05
1.21200749284e-05
3.32065489938e-05
3.40942052894e-05
-6.73007543081e-05
5.94525842844e-05
-0.000162474635781
0.000197482473958
-3.50078382604e-05
-0.000246950428906
0.000198784339902
7.05756674615e-05
0.000128208672429
-3.5413496913e-05
-0.000211536932047
7.95611598877e-05
-2.01085756093e-05
8.87396110998e-06
4.98422112769e-05
-6.35450967051e-05
-1.35027548902e-06
1.09559913124e-05
-9.56895933762e-06
9.4107422916e-06
-0.000189225329883
0.000316846968998
-6.36116235741e-05
0.00025467125144
-0.000205624775071
1.29709834225e-05
4.58721456995e-06
2.37535554221e-05
4.36325113671e-05
1.16015173593e-05
-8.32531702716e-06
1.5546568451e-05
7.99971551272e-07
8.91251473841e-05
-3.92829361129e-05
1.22377672822e-05
-1.35880427711e-05
9.17412472046e-06
-5.19751140367e-05
-1.62108640456e-05
-3.92412754702e-06
6.06423920855e-05
0.000123426623239
3.06257025583e-05
2.63070427365e-05
1.37709549737e-05
1.5163698826e-05
1.73272386697e-06
3.71500333462e-05
-3.97309676325e-06
6.60043946792e-06
-6.61601543471e-06
-3.69873602146e-05
8.01925989459e-06
3.77047363161e-05
2.52825332381e-06
5.61868320349e-06
3.61150601805e-06
4.81853650001e-05
-8.76920823261e-06
-7.10320000441e-06
-7.00025312781e-05
-7.04472762364e-05
5.97965345141e-06
1.01806733855e-05
4.85110501139e-05
0.000232908793335
-5.0731550321e-05
2.13718612637e-05
-7.08401259335e-05
3.95145138446e-05
0.000155230621747
-0.000120222783486
7.75810167443e-05
-0.000148156684206
3.90285246621e-05
-2.82722296472e-05
5.22691221415e-06
-5.15905999666e-05
1.62013159489e-05
-1.2477480963e-05
1.20909929446e-05
7.33402202795e-05
2.55111559012e-06
-4.92747795424e-05
-2.09511986608e-05
-0.000115333707686
-1.02329010168e-05
2.49011261656e-05
2.79170688733e-05
-0.000432289515292
0.000729845709979
-8.42602135992e-05
-8.95807185922e-05
-3.88893496175e-05
-4.43544507027e-05
5.1308724239e-05
8.95863889484e-05
-4.40413853503e-05
-0.000265205696627
)
;

boundaryField
{
    bottomWall
    {
        type            calculated;
        value           uniform 0;
    }
    leftWall
    {
        type            calculated;
        value           uniform 0;
    }
    rightWall
    {
        type            calculated;
        value           uniform 0;
    }
    movingTop
    {
        type            calculated;
        value           uniform 0;
    }
    front
    {
        type            empty;
    }
    back
    {
        type            empty;
    }
}


// ************************************************************************* //
